10
19
9
0
APP_0_Input_Layer_0 0.06666666666666667 0.06666666666666667 0.25 1.55 25 29 2.61 1

APP_0_Inner_Layer_0:0 0.06666666666666667 0.06666666666666667 0.25 3.06 39 39 2.54 1
0
APP_0_Inner_Layer_0:1 0.4666666666666667 0.4666666666666667 1.75 2.46 42 20 3.44 1
0
APP_0_Inner_Layer_0:2 0.3333333333333333 0.3333333333333333 1.25 2.6 42 37 3.04 1
0
APP_0_Inner_Layer_1:0 0.2 0.2 0.75 1.73 38 45 1.24 1
1
APP_0_Inner_Layer_1:1 0.06666666666666667 0.06666666666666667 0.25 3.77 39 5 3.03 1
2 3
APP_0_Inner_Layer_1:2 0.5333333333333333 0.5333333333333333 2.0 2.74 5 17 3.56 1
1 2 3
APP_0_Inner_Layer_1:3 0.26666666666666666 0.26666666666666666 1.0 2.86 20 39 1.71 1
1 2
APP_0_Output_Layer_0 0.4 0.4 1.5 2.21 38 38 2.24 1
4 5 6 7
5
0.23737500901279496
APP_1_Input_Layer_0 0.3333333333333333 0.3333333333333333 1.25 2.07 7 23 2.08 1

APP_1_Inner_Layer_0:0 0.06666666666666667 0.06666666666666667 0.25 3.82 36 8 3.48 1
0
APP_1_Inner_Layer_0:1 0.4666666666666667 0.4666666666666667 1.75 1.53 35 9 2.43 1
0
APP_1_Inner_Layer_1:0 0.4 0.4 1.5 1.97 24 26 3.49 1
1 2
APP_1_Output_Layer_0 0.06666666666666667 0.06666666666666667 0.25 2.13 4 35 2.38 1
3
8
0.6590946502584643
APP_2_Input_Layer_0 0.3333333333333333 0.3333333333333333 1.25 1.7 25 48 3.08 1

APP_2_Inner_Layer_0:0 0.2 0.2 0.75 3.38 35 16 2.42 1
0
APP_2_Inner_Layer_0:1 0.6 0.6 2.25 1.17 16 25 3.71 1
0
APP_2_Inner_Layer_1:0 0.4 0.4 1.5 2.13 9 27 2.79 1
2
APP_2_Inner_Layer_1:1 0.4 0.4 1.5 1.64 19 43 1.16 1
1
APP_2_Inner_Layer_1:2 0.26666666666666666 0.26666666666666666 1.0 3.71 42 31 3.68 1
1
APP_2_Inner_Layer_1:3 0.6 0.6 2.25 1.44 13 43 3.51 1
2
APP_2_Output_Layer_0 0.2 0.2 0.75 2.74 39 1 2.84 1
3 4 5 6
8
1.1846660780749116
APP_3_Input_Layer_0 0.4 0.4 1.5 2.52 40 16 1.88 1

APP_3_Inner_Layer_0:0 0.4 0.4 1.5 3.17 41 32 2.66 1
0
APP_3_Inner_Layer_0:1 0.26666666666666666 0.26666666666666666 1.0 1.54 32 40 2.26 1
0
APP_3_Inner_Layer_1:0 0.13333333333333333 0.13333333333333333 0.5 1.72 37 41 3.83 1
1
APP_3_Inner_Layer_1:1 0.3333333333333333 0.3333333333333333 1.25 3.42 6 15 1.15 1
1
APP_3_Inner_Layer_1:2 0.06666666666666667 0.06666666666666667 0.25 1.62 48 16 1.03 1
2
APP_3_Inner_Layer_1:3 0.06666666666666667 0.06666666666666667 0.25 2.25 2 27 2.09 1
1 2
APP_3_Output_Layer_0 0.26666666666666666 0.26666666666666666 1.0 3.74 10 8 3.26 1
3 4 5 6
3
1.5349936055456221
APP_4_Input_Layer_0 0.4666666666666667 0.4666666666666667 1.75 1.06 19 1 1.6 1

APP_4_Inner_Layer_0:0 0.6 0.6 2.25 2.37 21 15 3.24 1
0
APP_4_Output_Layer_0 0.4 0.4 1.5 1.95 26 38 1.2 1
1
6
1.7932441022351868
APP_5_Input_Layer_0 0.5333333333333333 0.5333333333333333 2.0 3.65 47 11 2.15 1

APP_5_Inner_Layer_0:0 0.4 0.4 1.5 2.44 35 11 2.4 1
0
APP_5_Inner_Layer_0:1 0.06666666666666667 0.06666666666666667 0.25 3.72 3 13 2.94 1
0
APP_5_Inner_Layer_0:2 0.4 0.4 1.5 2.68 8 46 3.92 1
0
APP_5_Inner_Layer_0:3 0.06666666666666667 0.06666666666666667 0.25 3.22 25 14 1.89 1
0
APP_5_Output_Layer_0 0.5333333333333333 0.5333333333333333 2.0 1.3 22 35 2.96 1
1 2 3 4
12
2.267497852936541
APP_6_Input_Layer_0 0.26666666666666666 0.26666666666666666 1.0 2.94 31 27 1.78 1

APP_6_Inner_Layer_0:0 0.13333333333333333 0.13333333333333333 0.5 2.48 22 41 1.37 1
0
APP_6_Inner_Layer_0:1 0.4666666666666667 0.4666666666666667 1.75 1.87 47 32 1.49 1
0
APP_6_Inner_Layer_1:0 0.6 0.6 2.25 2.9 27 27 1.31 1
1
APP_6_Inner_Layer_1:1 0.26666666666666666 0.26666666666666666 1.0 2.76 1 5 3.46 1
2
APP_6_Inner_Layer_2:0 0.4 0.4 1.5 2.58 8 22 3.85 1
4
APP_6_Inner_Layer_2:1 0.26666666666666666 0.26666666666666666 1.0 1.84 30 32 3.73 1
3
APP_6_Inner_Layer_2:2 0.4 0.4 1.5 1.74 37 27 3.65 1
3
APP_6_Inner_Layer_3:0 0.26666666666666666 0.26666666666666666 1.0 1.11 27 38 1.43 1
5
APP_6_Inner_Layer_3:1 0.06666666666666667 0.06666666666666667 0.25 3.26 13 26 3.43 1
5 6
APP_6_Inner_Layer_3:2 0.6 0.6 2.25 2.83 31 35 1.48 1
7
APP_6_Output_Layer_0 0.4666666666666667 0.4666666666666667 1.75 2.57 15 9 1.66 1
8 9 10
8
2.6458404669512605
APP_7_Input_Layer_0 0.13333333333333333 0.13333333333333333 0.5 2.27 35 34 3.03 1

APP_7_Inner_Layer_0:0 0.3333333333333333 0.3333333333333333 1.25 2.69 45 28 2.36 1
0
APP_7_Inner_Layer_0:1 0.06666666666666667 0.06666666666666667 0.25 1.51 42 33 2.62 1
0
APP_7_Inner_Layer_0:2 0.06666666666666667 0.06666666666666667 0.25 2.27 25 19 3.99 1
0
APP_7_Inner_Layer_1:0 0.2 0.2 0.75 3.11 36 10 1.04 1
1 2
APP_7_Inner_Layer_1:1 0.13333333333333333 0.13333333333333333 0.5 1.09 39 2 1.58 1
3
APP_7_Inner_Layer_2:0 0.4 0.4 1.5 2.67 34 24 2.38 1
4 5
APP_7_Output_Layer_0 0.13333333333333333 0.13333333333333333 0.5 2.26 16 39 1.47 1
6
8
3.049624336406194
APP_8_Input_Layer_0 0.26666666666666666 0.26666666666666666 1.0 3.71 41 22 3.37 1

APP_8_Inner_Layer_0:0 0.06666666666666667 0.06666666666666667 0.25 3.09 28 29 2.32 1
0
APP_8_Inner_Layer_0:1 0.4 0.4 1.5 1.76 49 29 1.53 1
0
APP_8_Inner_Layer_1:0 0.6 0.6 2.25 2.08 48 39 3.61 1
1
APP_8_Inner_Layer_1:1 0.3333333333333333 0.3333333333333333 1.25 1.78 14 33 3.64 1
1 2
APP_8_Inner_Layer_1:2 0.5333333333333333 0.5333333333333333 2.0 3.79 42 15 3.18 1
1 2
APP_8_Inner_Layer_1:3 0.3333333333333333 0.3333333333333333 1.25 2.88 19 13 1.78 1
1
APP_8_Output_Layer_0 0.4 0.4 1.5 1.64 33 27 2.88 1
3 4 5 6
6
3.320141433095726
APP_9_Input_Layer_0 0.4666666666666667 0.4666666666666667 1.75 3.58 1 44 3.52 1

APP_9_Inner_Layer_0:0 0.3333333333333333 0.3333333333333333 1.25 3.82 19 27 1.33 1
0
APP_9_Inner_Layer_0:1 0.26666666666666666 0.26666666666666666 1.0 2.38 45 1 1.96 1
0
APP_9_Inner_Layer_0:2 0.4 0.4 1.5 1.52 22 38 1.35 1
0
APP_9_Inner_Layer_0:3 0.13333333333333333 0.13333333333333333 0.5 2.85 8 35 2.35 1
0
APP_9_Output_Layer_0 0.26666666666666666 0.26666666666666666 1.0 2.09 41 5 3.74 1
1 2 3 4
6
3.5214728896118066
APP_10_Input_Layer_0 0.3333333333333333 0.3333333333333333 1.25 1.2 46 42 1.89 1

APP_10_Inner_Layer_0:0 0.6 0.6 2.25 3.22 28 11 2.17 1
0
APP_10_Inner_Layer_1:0 0.3333333333333333 0.3333333333333333 1.25 2.43 34 47 2.42 1
1
APP_10_Inner_Layer_2:0 0.3333333333333333 0.3333333333333333 1.25 3.02 45 26 2.35 1
2
APP_10_Inner_Layer_3:0 0.13333333333333333 0.13333333333333333 0.5 2.02 9 20 3.98 1
3
APP_10_Output_Layer_0 0.06666666666666667 0.06666666666666667 0.25 2.44 28 42 3.03 1
4
9
3.784758357864285
APP_11_Input_Layer_0 0.3333333333333333 0.3333333333333333 1.25 2.61 20 29 1.02 1

APP_11_Inner_Layer_0:0 0.5333333333333333 0.5333333333333333 2.0 3.41 48 44 3.16 1
0
APP_11_Inner_Layer_0:1 0.13333333333333333 0.13333333333333333 0.5 3.76 37 25 2.17 1
0
APP_11_Inner_Layer_0:2 0.3333333333333333 0.3333333333333333 1.25 2.58 30 29 2.14 1
0
APP_11_Inner_Layer_1:0 0.2 0.2 0.75 2.14 10 29 1.42 1
1
APP_11_Inner_Layer_1:1 0.13333333333333333 0.13333333333333333 0.5 2.09 32 12 3.14 1
1 2 3
APP_11_Inner_Layer_1:2 0.13333333333333333 0.13333333333333333 0.5 1.64 17 3 1.42 1
2 3
APP_11_Inner_Layer_1:3 0.2 0.2 0.75 3.91 11 48 2.67 1
2
APP_11_Output_Layer_0 0.13333333333333333 0.13333333333333333 0.5 2.95 33 27 2.69 0
4 5 6 7
7
4.171740842989771
APP_12_Input_Layer_0 0.13333333333333333 0.13333333333333333 0.5 1.45 40 22 2.81 0

APP_12_Inner_Layer_0:0 0.3333333333333333 0.3333333333333333 1.25 1.85 29 40 3.61 1
0
APP_12_Inner_Layer_0:1 0.06666666666666667 0.06666666666666667 0.25 1.51 6 14 1.56 1
0
APP_12_Inner_Layer_0:2 0.13333333333333333 0.13333333333333333 0.5 3.15 21 22 1.2 1
0
APP_12_Inner_Layer_0:3 0.06666666666666667 0.06666666666666667 0.25 2.81 27 23 2.34 1
0
APP_12_Inner_Layer_1:0 0.5333333333333333 0.5333333333333333 2.0 2.79 38 9 1.64 1
1 2 3 4
APP_12_Output_Layer_0 0.3333333333333333 0.3333333333333333 1.25 3.26 47 38 3.34 1
5
9
4.672312585509727
APP_13_Input_Layer_0 0.13333333333333333 0.13333333333333333 0.5 2.86 44 41 3.62 0

APP_13_Inner_Layer_0:0 0.5333333333333333 0.5333333333333333 2.0 2.83 47 12 3.84 1
0
APP_13_Inner_Layer_0:1 0.2 0.2 0.75 1.47 11 40 3.53 1
0
APP_13_Inner_Layer_0:2 0.3333333333333333 0.3333333333333333 1.25 3.78 8 29 2.74 1
0
APP_13_Inner_Layer_1:0 0.26666666666666666 0.26666666666666666 1.0 2.45 43 11 2.59 1
1 2 3
APP_13_Inner_Layer_1:1 0.13333333333333333 0.13333333333333333 0.5 1.87 19 48 3.8 1
1 3
APP_13_Inner_Layer_1:2 0.4 0.4 1.5 1.1 2 46 3.69 1
1 3
APP_13_Inner_Layer_2:0 0.3333333333333333 0.3333333333333333 1.25 3.23 18 31 1.27 1
4 5 6
APP_13_Output_Layer_0 0.3333333333333333 0.3333333333333333 1.25 2.23 33 17 1.67 1
7
10
4.897258055760254
APP_14_Input_Layer_0 0.26666666666666666 0.26666666666666666 1.0 3.43 42 13 2.81 1

APP_14_Inner_Layer_0:0 0.2 0.2 0.75 2.16 37 42 3.45 1
0
APP_14_Inner_Layer_0:1 0.26666666666666666 0.26666666666666666 1.0 2.52 8 17 3.13 1
0
APP_14_Inner_Layer_0:2 0.6 0.6 2.25 3.12 42 38 2.26 1
0
APP_14_Inner_Layer_0:3 0.4666666666666667 0.4666666666666667 1.75 3.22 31 11 3.29 1
0
APP_14_Inner_Layer_1:0 0.13333333333333333 0.13333333333333333 0.5 2.86 37 33 2.67 1
3 4
APP_14_Inner_Layer_1:1 0.06666666666666667 0.06666666666666667 0.25 1.02 17 29 3.79 1
1 2 3
APP_14_Inner_Layer_1:2 0.4 0.4 1.5 1.07 34 6 2.04 1
1
APP_14_Inner_Layer_1:3 0.26666666666666666 0.26666666666666666 1.0 2.02 38 21 1.23 1
2 3 4
APP_14_Output_Layer_0 0.6 0.6 2.25 3.57 1 32 1.12 1
5 6 7 8
6
5.098559343856523
APP_15_Input_Layer_0 0.13333333333333333 0.13333333333333333 0.5 3.73 26 32 2.58 0

APP_15_Inner_Layer_0:0 0.4 0.4 1.5 1.17 39 21 2.87 1
0
APP_15_Inner_Layer_0:1 0.6 0.6 2.25 2.99 5 21 2.88 1
0
APP_15_Inner_Layer_0:2 0.3333333333333333 0.3333333333333333 1.25 1.89 18 17 2.02 1
0
APP_15_Inner_Layer_0:3 0.4666666666666667 0.4666666666666667 1.75 1.39 42 21 1.81 1
0
APP_15_Output_Layer_0 0.13333333333333333 0.13333333333333333 0.5 3.88 44 28 3.45 1
1 2 3 4
9
5.532562873637412
APP_16_Input_Layer_0 0.4666666666666667 0.4666666666666667 1.75 3.36 42 3 3.21 1

APP_16_Inner_Layer_0:0 0.4666666666666667 0.4666666666666667 1.75 1.45 18 31 2.53 1
0
APP_16_Inner_Layer_0:1 0.06666666666666667 0.06666666666666667 0.25 1.74 43 1 2.55 1
0
APP_16_Inner_Layer_0:2 0.06666666666666667 0.06666666666666667 0.25 2.87 46 37 1.95 1
0
APP_16_Inner_Layer_1:0 0.6 0.6 2.25 1.02 6 48 2.45 1
1 2 3
APP_16_Inner_Layer_2:0 0.26666666666666666 0.26666666666666666 1.0 2.09 29 49 3.88 1
4
APP_16_Inner_Layer_2:1 0.3333333333333333 0.3333333333333333 1.25 3.68 16 22 2.69 1
4
APP_16_Inner_Layer_2:2 0.5333333333333333 0.5333333333333333 2.0 3.67 6 38 3.07 1
4
APP_16_Output_Layer_0 0.4666666666666667 0.4666666666666667 1.75 2.65 22 49 2.24 1
5 6 7
9
5.884552094281517
APP_17_Input_Layer_0 0.5333333333333333 0.5333333333333333 2.0 2.45 10 44 1.48 0

APP_17_Inner_Layer_0:0 0.2 0.2 0.75 1.96 48 47 2.34 1
0
APP_17_Inner_Layer_0:1 0.4666666666666667 0.4666666666666667 1.75 1.95 27 48 1.41 1
0
APP_17_Inner_Layer_0:2 0.3333333333333333 0.3333333333333333 1.25 1.47 15 23 2.42 1
0
APP_17_Inner_Layer_0:3 0.13333333333333333 0.13333333333333333 0.5 3.96 33 27 2.24 1
0
APP_17_Inner_Layer_1:0 0.26666666666666666 0.26666666666666666 1.0 1.69 14 34 3.46 1
1 4
APP_17_Inner_Layer_1:1 0.06666666666666667 0.06666666666666667 0.25 3.43 30 3 2.14 1
2 3 4
APP_17_Inner_Layer_1:2 0.5333333333333333 0.5333333333333333 2.0 3.44 47 33 1.19 1
1 3
APP_17_Output_Layer_0 0.06666666666666667 0.06666666666666667 0.25 1.77 3 6 2.4 1
5 6 7
9
6.227866347330965
APP_18_Input_Layer_0 0.06666666666666667 0.06666666666666667 0.25 1.85 20 2 2.0 1

APP_18_Inner_Layer_0:0 0.2 0.2 0.75 2.08 6 24 2.41 1
0
APP_18_Inner_Layer_0:1 0.3333333333333333 0.3333333333333333 1.25 3.11 33 12 2.69 1
0
APP_18_Inner_Layer_1:0 0.2 0.2 0.75 3.62 12 4 3.95 1
1
APP_18_Inner_Layer_1:1 0.2 0.2 0.75 1.96 44 45 1.62 1
1
APP_18_Inner_Layer_1:2 0.13333333333333333 0.13333333333333333 0.5 3.64 26 31 2.33 1
1 2
APP_18_Inner_Layer_2:0 0.6 0.6 2.25 3.24 27 21 1.57 1
4
APP_18_Inner_Layer_2:1 0.26666666666666666 0.26666666666666666 1.0 2.51 21 14 1.56 1
3 5
APP_18_Output_Layer_0 0.26666666666666666 0.26666666666666666 1.0 3.37 46 23 3.24 1
6 7
