10
19
4
0
APP_0_Input_Layer_0 0.5333333333333333 0.5333333333333333 2.0 3.56 12 33 1.89 1

APP_0_Inner_Layer_0:0 0.3333333333333333 0.3333333333333333 1.25 2.27 48 8 1.45 1
0
APP_0_Inner_Layer_0:1 0.06666666666666667 0.06666666666666667 0.25 2.02 40 14 1.47 1
0
APP_0_Output_Layer_0 0.2 0.2 0.75 1.63 31 36 3.72 1
1 2
9
0.23266709773664423
APP_1_Input_Layer_0 0.06666666666666667 0.06666666666666667 0.25 3.75 13 35 2.07 1

APP_1_Inner_Layer_0:0 0.5333333333333333 0.5333333333333333 2.0 1.05 23 49 3.75 1
0
APP_1_Inner_Layer_0:1 0.2 0.2 0.75 3.0 1 1 3.48 1
0
APP_1_Inner_Layer_1:0 0.4 0.4 1.5 1.25 14 42 2.32 1
1
APP_1_Inner_Layer_1:1 0.4 0.4 1.5 1.4 19 47 3.56 1
2
APP_1_Inner_Layer_2:0 0.6 0.6 2.25 2.17 35 49 2.75 1
3 4
APP_1_Inner_Layer_3:0 0.2 0.2 0.75 1.07 43 4 1.71 1
5
APP_1_Inner_Layer_3:1 0.3333333333333333 0.3333333333333333 1.25 1.01 44 14 2.03 1
5
APP_1_Output_Layer_0 0.3333333333333333 0.3333333333333333 1.25 3.68 37 17 1.71 1
6 7
8
0.6613657397611863
APP_2_Input_Layer_0 0.26666666666666666 0.26666666666666666 1.0 2.15 16 3 3.32 1

APP_2_Inner_Layer_0:0 0.5333333333333333 0.5333333333333333 2.0 2.48 22 9 3.39 1
0
APP_2_Inner_Layer_0:1 0.4 0.4 1.5 1.67 44 46 3.41 1
0
APP_2_Inner_Layer_1:0 0.5333333333333333 0.5333333333333333 2.0 1.78 37 13 2.2 1
1 2
APP_2_Inner_Layer_1:1 0.13333333333333333 0.13333333333333333 0.5 1.36 40 7 3.4 1
2
APP_2_Inner_Layer_1:2 0.13333333333333333 0.13333333333333333 0.5 3.78 23 35 1.02 1
2
APP_2_Inner_Layer_1:3 0.5333333333333333 0.5333333333333333 2.0 1.57 26 10 2.56 1
2
APP_2_Output_Layer_0 0.4 0.4 1.5 3.52 47 48 2.16 1
3 4 5 6
16
1.0669338855843313
APP_3_Input_Layer_0 0.5333333333333333 0.5333333333333333 2.0 3.57 34 18 1.67 1

APP_3_Inner_Layer_0:0 0.4666666666666667 0.4666666666666667 1.75 2.66 7 16 2.85 1
0
APP_3_Inner_Layer_0:1 0.2 0.2 0.75 3.5 35 29 1.52 1
0
APP_3_Inner_Layer_0:2 0.5333333333333333 0.5333333333333333 2.0 1.98 48 4 1.81 1
0
APP_3_Inner_Layer_0:3 0.5333333333333333 0.5333333333333333 2.0 3.49 16 39 2.32 1
0
APP_3_Inner_Layer_1:0 0.3333333333333333 0.3333333333333333 1.25 2.47 26 1 1.25 1
1
APP_3_Inner_Layer_1:1 0.2 0.2 0.75 3.73 20 46 3.79 1
2 3
APP_3_Inner_Layer_1:2 0.6 0.6 2.25 2.01 7 6 3.28 1
1 2 4
APP_3_Inner_Layer_2:0 0.4666666666666667 0.4666666666666667 1.75 2.18 18 9 2.52 1
5
APP_3_Inner_Layer_2:1 0.3333333333333333 0.3333333333333333 1.25 2.13 25 15 3.33 1
6 7
APP_3_Inner_Layer_2:2 0.5333333333333333 0.5333333333333333 2.0 3.13 4 33 2.78 1
7
APP_3_Inner_Layer_3:0 0.3333333333333333 0.3333333333333333 1.25 1.96 8 34 1.4 1
8 9 10
APP_3_Inner_Layer_3:1 0.3333333333333333 0.3333333333333333 1.25 1.39 38 17 3.18 1
9
APP_3_Inner_Layer_3:2 0.6 0.6 2.25 3.31 2 15 3.34 1
9
APP_3_Inner_Layer_3:3 0.2 0.2 0.75 1.29 24 25 2.54 1
8 10
APP_3_Output_Layer_0 0.4666666666666667 0.4666666666666667 1.75 2.31 31 46 2.6 1
11 12 13 14
5
1.4042242465043038
APP_4_Input_Layer_0 0.06666666666666667 0.06666666666666667 0.25 3.15 9 19 3.15 1

APP_4_Inner_Layer_0:0 0.5333333333333333 0.5333333333333333 2.0 1.9 11 44 1.55 1
0
APP_4_Inner_Layer_0:1 0.06666666666666667 0.06666666666666667 0.25 1.0 37 4 3.01 1
0
APP_4_Inner_Layer_0:2 0.3333333333333333 0.3333333333333333 1.25 1.46 5 1 1.88 1
0
APP_4_Output_Layer_0 0.5333333333333333 0.5333333333333333 2.0 1.75 26 27 1.01 1
1 2 3
7
1.6107194335698798
APP_5_Input_Layer_0 0.5333333333333333 0.5333333333333333 2.0 1.04 16 38 3.41 1

APP_5_Inner_Layer_0:0 0.5333333333333333 0.5333333333333333 2.0 2.25 10 31 1.46 1
0
APP_5_Inner_Layer_1:0 0.6 0.6 2.25 1.03 10 40 1.1 1
1
APP_5_Inner_Layer_1:1 0.6 0.6 2.25 1.75 12 35 2.96 1
1
APP_5_Inner_Layer_1:2 0.06666666666666667 0.06666666666666667 0.25 1.73 49 8 2.06 1
1
APP_5_Inner_Layer_2:0 0.4666666666666667 0.4666666666666667 1.75 2.5 41 30 2.26 1
2 3 4
APP_5_Output_Layer_0 0.3333333333333333 0.3333333333333333 1.25 1.95 30 40 3.44 0
5
7
1.8115031171974842
APP_6_Input_Layer_0 0.2 0.2 0.75 2.12 7 43 3.92 1

APP_6_Inner_Layer_0:0 0.6 0.6 2.25 3.25 7 7 2.03 1
0
APP_6_Inner_Layer_1:0 0.3333333333333333 0.3333333333333333 1.25 1.47 48 5 3.68 1
1
APP_6_Inner_Layer_1:1 0.5333333333333333 0.5333333333333333 2.0 3.12 15 31 2.81 1
1
APP_6_Inner_Layer_1:2 0.26666666666666666 0.26666666666666666 1.0 1.06 4 35 2.59 1
1
APP_6_Inner_Layer_1:3 0.5333333333333333 0.5333333333333333 2.0 2.82 45 34 3.26 1
1
APP_6_Output_Layer_0 0.6 0.6 2.25 1.7 11 45 1.98 1
2 3 4 5
5
2.0424342330487746
APP_7_Input_Layer_0 0.4666666666666667 0.4666666666666667 1.75 1.67 36 22 2.05 1

APP_7_Inner_Layer_0:0 0.13333333333333333 0.13333333333333333 0.5 2.37 23 30 2.12 1
0
APP_7_Inner_Layer_0:1 0.5333333333333333 0.5333333333333333 2.0 3.45 30 30 1.73 1
0
APP_7_Inner_Layer_0:2 0.06666666666666667 0.06666666666666667 0.25 3.36 13 17 1.77 1
0
APP_7_Output_Layer_0 0.06666666666666667 0.06666666666666667 0.25 3.05 44 39 2.94 1
1 2 3
9
2.372061735037422
APP_8_Input_Layer_0 0.2 0.2 0.75 3.64 35 11 2.72 1

APP_8_Inner_Layer_0:0 0.2 0.2 0.75 3.87 21 17 2.55 1
0
APP_8_Inner_Layer_0:1 0.6 0.6 2.25 2.77 2 26 3.39 1
0
APP_8_Inner_Layer_0:2 0.3333333333333333 0.3333333333333333 1.25 3.74 5 26 3.3 1
0
APP_8_Inner_Layer_1:0 0.06666666666666667 0.06666666666666667 0.25 1.4 21 30 3.09 1
2
APP_8_Inner_Layer_1:1 0.06666666666666667 0.06666666666666667 0.25 2.63 48 20 1.36 1
1 2 3
APP_8_Inner_Layer_1:2 0.3333333333333333 0.3333333333333333 1.25 1.94 41 2 2.07 1
1
APP_8_Inner_Layer_1:3 0.5333333333333333 0.5333333333333333 2.0 1.33 24 24 2.73 1
2 3
APP_8_Output_Layer_0 0.06666666666666667 0.06666666666666667 0.25 3.22 40 20 1.23 1
4 5 6 7
11
2.7505877614495278
APP_9_Input_Layer_0 0.13333333333333333 0.13333333333333333 0.5 1.78 24 22 2.25 1

APP_9_Inner_Layer_0:0 0.5333333333333333 0.5333333333333333 2.0 3.08 18 12 2.03 1
0
APP_9_Inner_Layer_0:1 0.4666666666666667 0.4666666666666667 1.75 3.28 1 4 2.81 1
0
APP_9_Inner_Layer_0:2 0.5333333333333333 0.5333333333333333 2.0 3.97 36 3 1.37 1
0
APP_9_Inner_Layer_0:3 0.4 0.4 1.5 3.46 18 19 2.66 1
0
APP_9_Inner_Layer_1:0 0.5333333333333333 0.5333333333333333 2.0 2.45 14 6 3.76 1
3 4
APP_9_Inner_Layer_1:1 0.26666666666666666 0.26666666666666666 1.0 3.47 27 14 3.13 1
1 4
APP_9_Inner_Layer_1:2 0.3333333333333333 0.3333333333333333 1.25 1.98 2 27 3.81 1
1 2 3
APP_9_Inner_Layer_2:0 0.13333333333333333 0.13333333333333333 0.5 3.42 2 2 3.52 1
5 6 7
APP_9_Inner_Layer_3:0 0.06666666666666667 0.06666666666666667 0.25 2.44 49 49 2.92 1
8
APP_9_Output_Layer_0 0.06666666666666667 0.06666666666666667 0.25 3.76 35 47 1.09 0
9
5
2.970457469118066
APP_10_Input_Layer_0 0.26666666666666666 0.26666666666666666 1.0 2.51 1 5 3.96 1

APP_10_Inner_Layer_0:0 0.13333333333333333 0.13333333333333333 0.5 3.23 35 30 2.43 1
0
APP_10_Inner_Layer_0:1 0.6 0.6 2.25 2.5 32 1 2.94 1
0
APP_10_Inner_Layer_0:2 0.06666666666666667 0.06666666666666667 0.25 1.39 26 39 2.18 1
0
APP_10_Output_Layer_0 0.5333333333333333 0.5333333333333333 2.0 2.33 19 25 1.03 1
1 2 3
7
3.1841914485715943
APP_11_Input_Layer_0 0.5333333333333333 0.5333333333333333 2.0 3.59 45 16 3.92 1

APP_11_Inner_Layer_0:0 0.26666666666666666 0.26666666666666666 1.0 2.14 37 19 2.02 1
0
APP_11_Inner_Layer_1:0 0.4 0.4 1.5 1.51 24 31 1.95 1
1
APP_11_Inner_Layer_1:1 0.3333333333333333 0.3333333333333333 1.25 3.62 36 11 3.24 1
1
APP_11_Inner_Layer_1:2 0.13333333333333333 0.13333333333333333 0.5 1.87 40 47 2.84 1
1
APP_11_Inner_Layer_2:0 0.06666666666666667 0.06666666666666667 0.25 3.72 45 30 2.36 1
2 3 4
APP_11_Output_Layer_0 0.4666666666666667 0.4666666666666667 1.75 3.58 46 35 2.13 1
5
6
3.6479854926704562
APP_12_Input_Layer_0 0.26666666666666666 0.26666666666666666 1.0 2.44 3 30 3.16 0

APP_12_Inner_Layer_0:0 0.4666666666666667 0.4666666666666667 1.75 3.85 8 21 3.83 1
0
APP_12_Inner_Layer_0:1 0.4666666666666667 0.4666666666666667 1.75 3.79 28 27 2.05 1
0
APP_12_Inner_Layer_0:2 0.13333333333333333 0.13333333333333333 0.5 3.34 31 25 1.74 1
0
APP_12_Inner_Layer_0:3 0.6 0.6 2.25 2.65 18 30 1.01 1
0
APP_12_Output_Layer_0 0.26666666666666666 0.26666666666666666 1.0 2.11 47 46 1.47 1
1 2 3 4
6
3.903663904760467
APP_13_Input_Layer_0 0.26666666666666666 0.26666666666666666 1.0 2.78 15 23 2.08 1

APP_13_Inner_Layer_0:0 0.6 0.6 2.25 3.65 14 3 2.35 1
0
APP_13_Inner_Layer_0:1 0.3333333333333333 0.3333333333333333 1.25 1.84 10 36 1.01 1
0
APP_13_Inner_Layer_0:2 0.13333333333333333 0.13333333333333333 0.5 3.35 27 14 2.93 1
0
APP_13_Inner_Layer_0:3 0.3333333333333333 0.3333333333333333 1.25 3.14 6 18 2.43 1
0
APP_13_Output_Layer_0 0.26666666666666666 0.26666666666666666 1.0 3.39 42 27 2.68 1
1 2 3 4
8
4.317343005891797
APP_14_Input_Layer_0 0.6 0.6 2.25 2.91 28 17 3.4 1

APP_14_Inner_Layer_0:0 0.06666666666666667 0.06666666666666667 0.25 2.61 22 37 2.02 1
0
APP_14_Inner_Layer_0:1 0.4 0.4 1.5 2.29 44 29 2.28 1
0
APP_14_Inner_Layer_0:2 0.13333333333333333 0.13333333333333333 0.5 2.18 10 41 1.49 1
0
APP_14_Inner_Layer_1:0 0.5333333333333333 0.5333333333333333 2.0 1.05 49 2 1.73 1
1
APP_14_Inner_Layer_1:1 0.4666666666666667 0.4666666666666667 1.75 3.96 35 2 2.12 1
1 2 3
APP_14_Inner_Layer_1:2 0.06666666666666667 0.06666666666666667 0.25 3.83 3 19 2.95 1
2 3
APP_14_Output_Layer_0 0.2 0.2 0.75 1.03 16 43 3.39 1
4 5 6
10
4.678089113225765
APP_15_Input_Layer_0 0.4666666666666667 0.4666666666666667 1.75 3.7 29 2 2.51 1

APP_15_Inner_Layer_0:0 0.26666666666666666 0.26666666666666666 1.0 1.26 11 17 3.71 1
0
APP_15_Inner_Layer_0:1 0.6 0.6 2.25 2.94 11 4 3.3 1
0
APP_15_Inner_Layer_0:2 0.4666666666666667 0.4666666666666667 1.75 3.3 30 13 2.16 1
0
APP_15_Inner_Layer_0:3 0.2 0.2 0.75 3.65 15 36 1.86 1
0
APP_15_Inner_Layer_1:0 0.3333333333333333 0.3333333333333333 1.25 3.54 48 38 3.72 1
1
APP_15_Inner_Layer_1:1 0.4 0.4 1.5 3.94 21 22 1.44 1
1 4
APP_15_Inner_Layer_1:2 0.26666666666666666 0.26666666666666666 1.0 3.01 46 17 1.76 1
2
APP_15_Inner_Layer_1:3 0.5333333333333333 0.5333333333333333 2.0 1.24 24 9 3.36 1
1 2 3
APP_15_Output_Layer_0 0.13333333333333333 0.13333333333333333 0.5 2.47 2 22 1.55 1
5 6 7 8
9
5.01161998490728
APP_16_Input_Layer_0 0.3333333333333333 0.3333333333333333 1.25 2.48 49 36 2.28 0

APP_16_Inner_Layer_0:0 0.5333333333333333 0.5333333333333333 2.0 3.33 17 48 3.7 1
0
APP_16_Inner_Layer_0:1 0.5333333333333333 0.5333333333333333 2.0 3.25 19 13 1.35 1
0
APP_16_Inner_Layer_0:2 0.5333333333333333 0.5333333333333333 2.0 3.91 27 7 2.85 1
0
APP_16_Inner_Layer_1:0 0.6 0.6 2.25 2.45 20 22 1.15 1
1 2 3
APP_16_Inner_Layer_2:0 0.26666666666666666 0.26666666666666666 1.0 1.72 13 37 1.93 1
4
APP_16_Inner_Layer_2:1 0.4666666666666667 0.4666666666666667 1.75 2.44 10 27 1.87 1
4
APP_16_Inner_Layer_2:2 0.6 0.6 2.25 2.4 29 48 2.39 1
4
APP_16_Output_Layer_0 0.3333333333333333 0.3333333333333333 1.25 2.86 42 19 2.87 1
5 6 7
7
5.329042651980013
APP_17_Input_Layer_0 0.4 0.4 1.5 3.0 4 28 1.34 1

APP_17_Inner_Layer_0:0 0.3333333333333333 0.3333333333333333 1.25 2.39 24 39 2.09 1
0
APP_17_Inner_Layer_1:0 0.6 0.6 2.25 3.66 8 1 2.55 1
1
APP_17_Inner_Layer_1:1 0.4 0.4 1.5 2.51 34 15 3.39 1
1
APP_17_Inner_Layer_1:2 0.13333333333333333 0.13333333333333333 0.5 3.71 34 32 3.54 1
1
APP_17_Inner_Layer_2:0 0.06666666666666667 0.06666666666666667 0.25 3.05 30 3 3.45 1
2 3 4
APP_17_Output_Layer_0 0.4666666666666667 0.4666666666666667 1.75 2.98 24 36 1.53 1
5
12
5.739126121998406
APP_18_Input_Layer_0 0.4666666666666667 0.4666666666666667 1.75 2.45 37 10 2.44 1

APP_18_Inner_Layer_0:0 0.13333333333333333 0.13333333333333333 0.5 1.6 31 37 3.0 1
0
APP_18_Inner_Layer_1:0 0.5333333333333333 0.5333333333333333 2.0 2.29 38 4 1.06 1
1
APP_18_Inner_Layer_1:1 0.13333333333333333 0.13333333333333333 0.5 2.29 42 19 2.43 1
1
APP_18_Inner_Layer_1:2 0.13333333333333333 0.13333333333333333 0.5 2.97 7 27 1.01 1
1
APP_18_Inner_Layer_2:0 0.4666666666666667 0.4666666666666667 1.75 1.31 14 45 1.11 1
2 3 4
APP_18_Inner_Layer_2:1 0.06666666666666667 0.06666666666666667 0.25 1.52 43 17 1.12 1
4 2
APP_18_Inner_Layer_3:0 0.4666666666666667 0.4666666666666667 1.75 3.73 25 19 1.18 1
5
APP_18_Inner_Layer_3:1 0.6 0.6 2.25 2.33 17 23 1.75 1
6
APP_18_Inner_Layer_3:2 0.4 0.4 1.5 1.74 17 17 3.59 1
6
APP_18_Inner_Layer_3:3 0.13333333333333333 0.13333333333333333 0.5 3.23 48 43 2.84 1
5 6
APP_18_Output_Layer_0 0.3333333333333333 0.3333333333333333 1.25 2.72 3 46 1.4 1
7 8 9 10
