10
19
6
0
APP_0_Input_Layer_0 0.4 0.4 1.5 3.79 38 2 1.4 1

APP_0_Inner_Layer_0:0 0.26666666666666666 0.26666666666666666 1.0 1.06 10 32 1.3 1
0
APP_0_Inner_Layer_0:1 0.3333333333333333 0.3333333333333333 1.25 3.63 8 22 3.95 1
0
APP_0_Inner_Layer_0:2 0.13333333333333333 0.13333333333333333 0.5 2.44 30 4 2.29 1
0
APP_0_Inner_Layer_0:3 0.5333333333333333 0.5333333333333333 2.0 3.83 19 5 2.14 1
0
APP_0_Output_Layer_0 0.4666666666666667 0.4666666666666667 1.75 3.49 33 15 1.61 1
1 2 3 4
8
0.5213040003230568
APP_1_Input_Layer_0 0.4666666666666667 0.4666666666666667 1.75 2.92 38 23 3.58 1

APP_1_Inner_Layer_0:0 0.4 0.4 1.5 3.07 35 29 3.79 1
0
APP_1_Inner_Layer_0:1 0.13333333333333333 0.13333333333333333 0.5 2.83 42 11 3.91 1
0
APP_1_Inner_Layer_0:2 0.3333333333333333 0.3333333333333333 1.25 2.66 30 34 1.23 1
0
APP_1_Inner_Layer_1:0 0.26666666666666666 0.26666666666666666 1.0 1.05 45 48 1.46 1
3
APP_1_Inner_Layer_1:1 0.13333333333333333 0.13333333333333333 0.5 3.03 1 46 1.85 1
1
APP_1_Inner_Layer_1:2 0.4 0.4 1.5 3.2 26 45 1.25 1
1 2 3
APP_1_Output_Layer_0 0.2 0.2 0.75 1.13 28 34 1.78 0
4 5 6
10
0.9667154680552852
APP_2_Input_Layer_0 0.13333333333333333 0.13333333333333333 0.5 2.63 30 27 3.14 1

APP_2_Inner_Layer_0:0 0.5333333333333333 0.5333333333333333 2.0 1.91 7 43 1.07 1
0
APP_2_Inner_Layer_0:1 0.6 0.6 2.25 4.0 23 4 3.23 1
0
APP_2_Inner_Layer_0:2 0.26666666666666666 0.26666666666666666 1.0 1.8 26 43 3.22 1
0
APP_2_Inner_Layer_0:3 0.26666666666666666 0.26666666666666666 1.0 2.59 13 48 2.82 1
0
APP_2_Inner_Layer_1:0 0.26666666666666666 0.26666666666666666 1.0 3.98 15 34 2.89 1
1 2 3 4
APP_2_Inner_Layer_2:0 0.13333333333333333 0.13333333333333333 0.5 1.28 39 37 3.29 1
5
APP_2_Inner_Layer_2:1 0.6 0.6 2.25 3.76 48 39 2.07 1
5
APP_2_Inner_Layer_2:2 0.4 0.4 1.5 3.11 15 19 2.33 1
5
APP_2_Output_Layer_0 0.4 0.4 1.5 1.87 13 22 1.69 1
6 7 8
7
1.4250032904076075
APP_3_Input_Layer_0 0.26666666666666666 0.26666666666666666 1.0 3.14 21 37 3.49 0

APP_3_Inner_Layer_0:0 0.06666666666666667 0.06666666666666667 0.25 3.21 10 29 1.53 1
0
APP_3_Inner_Layer_0:1 0.3333333333333333 0.3333333333333333 1.25 3.81 44 21 1.77 1
0
APP_3_Inner_Layer_0:2 0.6 0.6 2.25 2.52 38 49 3.91 1
0
APP_3_Inner_Layer_1:0 0.5333333333333333 0.5333333333333333 2.0 3.99 29 45 3.53 1
2 3
APP_3_Inner_Layer_1:1 0.26666666666666666 0.26666666666666666 1.0 2.87 10 11 1.67 1
1
APP_3_Output_Layer_0 0.13333333333333333 0.13333333333333333 0.5 3.07 43 7 1.64 1
4 5
6
1.7912382054295688
APP_4_Input_Layer_0 0.06666666666666667 0.06666666666666667 0.25 2.09 43 34 2.18 1

APP_4_Inner_Layer_0:0 0.3333333333333333 0.3333333333333333 1.25 3.03 13 26 2.89 1
0
APP_4_Inner_Layer_0:1 0.26666666666666666 0.26666666666666666 1.0 2.21 20 37 3.73 1
0
APP_4_Inner_Layer_1:0 0.2 0.2 0.75 3.35 40 22 1.51 1
1 2
APP_4_Inner_Layer_2:0 0.06666666666666667 0.06666666666666667 0.25 1.52 47 49 1.56 1
3
APP_4_Output_Layer_0 0.4666666666666667 0.4666666666666667 1.75 2.99 13 30 2.24 1
4
11
2.079529018791618
APP_5_Input_Layer_0 0.4666666666666667 0.4666666666666667 1.75 3.15 34 42 1.08 1

APP_5_Inner_Layer_0:0 0.4 0.4 1.5 3.46 19 49 3.82 1
0
APP_5_Inner_Layer_0:1 0.6 0.6 2.25 1.96 9 10 3.23 1
0
APP_5_Inner_Layer_1:0 0.06666666666666667 0.06666666666666667 0.25 3.87 42 6 2.31 1
1 2
APP_5_Inner_Layer_2:0 0.2 0.2 0.75 2.49 46 28 1.64 1
3
APP_5_Inner_Layer_2:1 0.5333333333333333 0.5333333333333333 2.0 2.16 40 14 2.33 1
3
APP_5_Inner_Layer_3:0 0.4666666666666667 0.4666666666666667 1.75 3.99 3 45 2.4 1
4 5
APP_5_Inner_Layer_3:1 0.2 0.2 0.75 1.94 3 49 2.18 1
5
APP_5_Inner_Layer_3:2 0.4 0.4 1.5 2.34 26 21 1.39 1
5
APP_5_Inner_Layer_3:3 0.6 0.6 2.25 3.37 12 18 3.37 1
4
APP_5_Output_Layer_0 0.4 0.4 1.5 2.39 21 14 3.95 1
6 7 8 9
5
2.5023886396511954
APP_6_Input_Layer_0 0.4 0.4 1.5 2.28 4 39 3.26 1

APP_6_Inner_Layer_0:0 0.4 0.4 1.5 1.89 32 28 1.19 1
0
APP_6_Inner_Layer_0:1 0.06666666666666667 0.06666666666666667 0.25 2.12 1 39 2.26 1
0
APP_6_Inner_Layer_1:0 0.6 0.6 2.25 1.8 24 30 3.89 1
1 2
APP_6_Output_Layer_0 0.3333333333333333 0.3333333333333333 1.25 3.79 32 35 3.26 1
3
8
2.8146111154938924
APP_7_Input_Layer_0 0.2 0.2 0.75 2.98 24 43 2.37 1

APP_7_Inner_Layer_0:0 0.4666666666666667 0.4666666666666667 1.75 3.69 37 25 1.96 1
0
APP_7_Inner_Layer_0:1 0.13333333333333333 0.13333333333333333 0.5 1.36 49 27 1.71 1
0
APP_7_Inner_Layer_0:2 0.06666666666666667 0.06666666666666667 0.25 2.69 38 41 2.68 1
0
APP_7_Inner_Layer_1:0 0.06666666666666667 0.06666666666666667 0.25 1.72 31 33 1.67 1
1 3
APP_7_Inner_Layer_1:1 0.26666666666666666 0.26666666666666666 1.0 2.41 13 10 3.79 1
2
APP_7_Inner_Layer_2:0 0.6 0.6 2.25 3.02 19 41 1.32 1
4 5
APP_7_Output_Layer_0 0.13333333333333333 0.13333333333333333 0.5 1.53 25 1 2.44 1
6
5
3.2634385303535063
APP_8_Input_Layer_0 0.06666666666666667 0.06666666666666667 0.25 1.9 15 16 3.57 1

APP_8_Inner_Layer_0:0 0.5333333333333333 0.5333333333333333 2.0 3.4 33 27 3.16 1
0
APP_8_Inner_Layer_1:0 0.4666666666666667 0.4666666666666667 1.75 1.15 46 22 1.52 1
1
APP_8_Inner_Layer_1:1 0.4666666666666667 0.4666666666666667 1.75 1.78 45 27 3.53 1
1
APP_8_Output_Layer_0 0.5333333333333333 0.5333333333333333 2.0 2.87 7 44 2.07 1
2 3
9
3.5665808024912855
APP_9_Input_Layer_0 0.4 0.4 1.5 2.32 31 7 1.99 1

APP_9_Inner_Layer_0:0 0.4 0.4 1.5 1.67 9 20 2.96 1
0
APP_9_Inner_Layer_0:1 0.4666666666666667 0.4666666666666667 1.75 1.52 45 12 2.15 1
0
APP_9_Inner_Layer_0:2 0.3333333333333333 0.3333333333333333 1.25 3.52 16 37 1.61 1
0
APP_9_Inner_Layer_0:3 0.13333333333333333 0.13333333333333333 0.5 3.3 3 49 1.17 1
0
APP_9_Inner_Layer_1:0 0.3333333333333333 0.3333333333333333 1.25 3.55 27 15 2.17 1
1 2 4
APP_9_Inner_Layer_1:1 0.13333333333333333 0.13333333333333333 0.5 1.23 3 25 1.95 1
1 3
APP_9_Inner_Layer_1:2 0.4 0.4 1.5 1.78 26 48 1.23 1
2 3
APP_9_Output_Layer_0 0.3333333333333333 0.3333333333333333 1.25 3.09 31 41 3.15 1
5 6 7
6
3.791202088586428
APP_10_Input_Layer_0 0.4666666666666667 0.4666666666666667 1.75 3.99 46 9 2.93 1

APP_10_Inner_Layer_0:0 0.3333333333333333 0.3333333333333333 1.25 1.86 25 42 2.72 1
0
APP_10_Inner_Layer_1:0 0.6 0.6 2.25 1.58 45 3 3.88 1
1
APP_10_Inner_Layer_1:1 0.5333333333333333 0.5333333333333333 2.0 1.91 9 16 2.3 1
1
APP_10_Inner_Layer_2:0 0.3333333333333333 0.3333333333333333 1.25 1.08 43 42 3.22 1
2 3
APP_10_Output_Layer_0 0.06666666666666667 0.06666666666666667 0.25 2.42 9 48 1.61 0
4
10
3.9931079692337144
APP_11_Input_Layer_0 0.4 0.4 1.5 1.77 20 10 1.82 1

APP_11_Inner_Layer_0:0 0.6 0.6 2.25 2.55 49 7 2.48 1
0
APP_11_Inner_Layer_0:1 0.3333333333333333 0.3333333333333333 1.25 1.61 31 31 2.07 1
0
APP_11_Inner_Layer_0:2 0.5333333333333333 0.5333333333333333 2.0 2.97 22 12 1.61 1
0
APP_11_Inner_Layer_0:3 0.4666666666666667 0.4666666666666667 1.75 2.62 47 9 2.22 1
0
APP_11_Inner_Layer_1:0 0.4666666666666667 0.4666666666666667 1.75 2.91 46 30 1.09 1
1
APP_11_Inner_Layer_1:1 0.2 0.2 0.75 1.05 6 25 2.46 1
2 3 4
APP_11_Inner_Layer_2:0 0.5333333333333333 0.5333333333333333 2.0 1.14 18 43 3.68 1
5
APP_11_Inner_Layer_2:1 0.13333333333333333 0.13333333333333333 0.5 2.77 6 9 3.74 1
6
APP_11_Output_Layer_0 0.26666666666666666 0.26666666666666666 1.0 2.76 37 35 1.01 1
7 8
8
4.238833725913982
APP_12_Input_Layer_0 0.5333333333333333 0.5333333333333333 2.0 3.43 41 43 1.92 1

APP_12_Inner_Layer_0:0 0.5333333333333333 0.5333333333333333 2.0 3.89 15 48 1.41 1
0
APP_12_Inner_Layer_1:0 0.13333333333333333 0.13333333333333333 0.5 2.86 22 25 2.66 1
1
APP_12_Inner_Layer_1:1 0.3333333333333333 0.3333333333333333 1.25 2.02 36 1 1.29 1
1
APP_12_Inner_Layer_1:2 0.26666666666666666 0.26666666666666666 1.0 3.29 25 23 3.69 1
1
APP_12_Inner_Layer_2:0 0.5333333333333333 0.5333333333333333 2.0 3.04 46 18 1.52 1
2
APP_12_Inner_Layer_2:1 0.26666666666666666 0.26666666666666666 1.0 2.45 30 18 3.91 1
3 4
APP_12_Output_Layer_0 0.4666666666666667 0.4666666666666667 1.75 1.67 34 43 1.62 0
5 6
12
4.520932619250016
APP_13_Input_Layer_0 0.4666666666666667 0.4666666666666667 1.75 3.59 19 17 3.32 1

APP_13_Inner_Layer_0:0 0.5333333333333333 0.5333333333333333 2.0 1.16 24 48 1.2 1
0
APP_13_Inner_Layer_0:1 0.6 0.6 2.25 2.54 41 18 1.33 1
0
APP_13_Inner_Layer_0:2 0.4 0.4 1.5 1.36 7 22 2.06 1
0
APP_13_Inner_Layer_0:3 0.6 0.6 2.25 3.35 27 23 1.93 1
0
APP_13_Inner_Layer_1:0 0.5333333333333333 0.5333333333333333 2.0 3.69 30 24 3.88 1
1
APP_13_Inner_Layer_1:1 0.4 0.4 1.5 2.91 41 4 3.81 1
2 3 4
APP_13_Inner_Layer_2:0 0.13333333333333333 0.13333333333333333 0.5 2.88 5 11 2.23 1
6
APP_13_Inner_Layer_2:1 0.26666666666666666 0.26666666666666666 1.0 2.84 11 3 4.0 1
5
APP_13_Inner_Layer_2:2 0.06666666666666667 0.06666666666666667 0.25 3.61 33 42 3.93 1
5 6
APP_13_Inner_Layer_2:3 0.06666666666666667 0.06666666666666667 0.25 2.3 21 29 2.0 1
5
APP_13_Output_Layer_0 0.5333333333333333 0.5333333333333333 2.0 3.43 30 20 3.18 1
7 8 9 10
6
4.723485619448832
APP_14_Input_Layer_0 0.13333333333333333 0.13333333333333333 0.5 1.11 13 41 3.2 1

APP_14_Inner_Layer_0:0 0.4666666666666667 0.4666666666666667 1.75 2.17 31 46 2.04 1
0
APP_14_Inner_Layer_0:1 0.5333333333333333 0.5333333333333333 2.0 3.0 13 9 3.22 1
0
APP_14_Inner_Layer_0:2 0.4666666666666667 0.4666666666666667 1.75 2.35 13 25 1.6 1
0
APP_14_Inner_Layer_0:3 0.4666666666666667 0.4666666666666667 1.75 1.37 2 45 3.8 1
0
APP_14_Output_Layer_0 0.3333333333333333 0.3333333333333333 1.25 3.04 35 4 3.9 1
1 2 3 4
11
5.224877406299861
APP_15_Input_Layer_0 0.4666666666666667 0.4666666666666667 1.75 3.05 1 2 2.44 0

APP_15_Inner_Layer_0:0 0.4666666666666667 0.4666666666666667 1.75 2.55 23 22 3.72 1
0
APP_15_Inner_Layer_1:0 0.26666666666666666 0.26666666666666666 1.0 3.16 19 25 1.51 1
1
APP_15_Inner_Layer_2:0 0.4666666666666667 0.4666666666666667 1.75 3.83 4 2 3.04 1
2
APP_15_Inner_Layer_2:1 0.4 0.4 1.5 2.66 30 16 2.77 1
2
APP_15_Inner_Layer_2:2 0.4666666666666667 0.4666666666666667 1.75 2.82 31 48 1.49 1
2
APP_15_Inner_Layer_2:3 0.3333333333333333 0.3333333333333333 1.25 3.55 30 33 3.82 1
2
APP_15_Inner_Layer_3:0 0.5333333333333333 0.5333333333333333 2.0 2.28 13 11 2.48 1
3 4
APP_15_Inner_Layer_3:1 0.2 0.2 0.75 3.9 14 42 1.15 1
5 6
APP_15_Inner_Layer_3:2 0.5333333333333333 0.5333333333333333 2.0 1.21 20 23 3.69 1
3 4
APP_15_Output_Layer_0 0.06666666666666667 0.06666666666666667 0.25 1.01 36 39 3.11 1
7 8 9
10
5.47691145563885
APP_16_Input_Layer_0 0.06666666666666667 0.06666666666666667 0.25 2.56 31 47 2.24 1

APP_16_Inner_Layer_0:0 0.3333333333333333 0.3333333333333333 1.25 1.32 43 21 1.38 1
0
APP_16_Inner_Layer_0:1 0.4 0.4 1.5 2.53 4 3 3.7 1
0
APP_16_Inner_Layer_0:2 0.06666666666666667 0.06666666666666667 0.25 2.41 2 41 3.16 1
0
APP_16_Inner_Layer_1:0 0.4 0.4 1.5 3.72 26 35 2.45 1
1 2
APP_16_Inner_Layer_1:1 0.4666666666666667 0.4666666666666667 1.75 2.4 22 24 2.09 1
1 2 3
APP_16_Inner_Layer_1:2 0.3333333333333333 0.3333333333333333 1.25 2.63 48 26 2.07 1
3
APP_16_Inner_Layer_2:0 0.6 0.6 2.25 1.31 38 33 1.2 1
6
APP_16_Inner_Layer_2:1 0.6 0.6 2.25 3.43 38 18 3.59 1
4 5
APP_16_Output_Layer_0 0.06666666666666667 0.06666666666666667 0.25 3.5 3 18 3.1 1
7 8
5
5.989783151386991
APP_17_Input_Layer_0 0.2 0.2 0.75 3.41 33 2 1.8 1

APP_17_Inner_Layer_0:0 0.13333333333333333 0.13333333333333333 0.5 3.71 19 37 2.3 1
0
APP_17_Inner_Layer_0:1 0.2 0.2 0.75 2.84 5 11 1.72 1
0
APP_17_Inner_Layer_0:2 0.5333333333333333 0.5333333333333333 2.0 1.72 15 26 1.72 1
0
APP_17_Output_Layer_0 0.3333333333333333 0.3333333333333333 1.25 2.69 42 12 1.49 0
1 2 3
10
6.277750610467925
APP_18_Input_Layer_0 0.4666666666666667 0.4666666666666667 1.75 1.84 20 15 3.05 1

APP_18_Inner_Layer_0:0 0.26666666666666666 0.26666666666666666 1.0 1.76 35 2 3.31 1
0
APP_18_Inner_Layer_0:1 0.26666666666666666 0.26666666666666666 1.0 3.4 23 11 3.05 1
0
APP_18_Inner_Layer_1:0 0.13333333333333333 0.13333333333333333 0.5 3.98 49 9 1.69 1
1
APP_18_Inner_Layer_1:1 0.2 0.2 0.75 1.84 28 1 1.98 1
2
APP_18_Inner_Layer_2:0 0.26666666666666666 0.26666666666666666 1.0 3.1 25 28 1.23 1
4
APP_18_Inner_Layer_2:1 0.3333333333333333 0.3333333333333333 1.25 3.12 3 26 1.56 1
3 4
APP_18_Inner_Layer_2:2 0.3333333333333333 0.3333333333333333 1.25 1.78 14 28 3.54 1
4
APP_18_Inner_Layer_2:3 0.4666666666666667 0.4666666666666667 1.75 1.62 36 27 1.74 1
3
APP_18_Output_Layer_0 0.4666666666666667 0.4666666666666667 1.75 2.0 17 1 3.8 0
5 6 7 8
