10
19
4
0
APP_0_Input_Layer_0 0.13333333333333333 0.13333333333333333 0.5 2.38 3 17 2.68 1

APP_0_Inner_Layer_0:0 0.26666666666666666 0.26666666666666666 1.0 3.64 36 22 3.27 1
0
APP_0_Inner_Layer_0:1 0.6 0.6 2.25 3.18 37 15 2.39 1
0
APP_0_Output_Layer_0 0.26666666666666666 0.26666666666666666 1.0 3.48 23 24 2.49 1
1 2
3
0.24023918783714107
APP_1_Input_Layer_0 0.3333333333333333 0.3333333333333333 1.25 2.68 32 35 1.01 1

APP_1_Inner_Layer_0:0 0.4 0.4 1.5 1.03 39 22 1.4 1
0
APP_1_Output_Layer_0 0.3333333333333333 0.3333333333333333 1.25 2.38 1 30 3.41 1
1
5
0.6270101370560434
APP_2_Input_Layer_0 0.06666666666666667 0.06666666666666667 0.25 3.7 35 47 2.52 1

APP_2_Inner_Layer_0:0 0.3333333333333333 0.3333333333333333 1.25 3.52 9 39 1.89 1
0
APP_2_Inner_Layer_0:1 0.26666666666666666 0.26666666666666666 1.0 1.57 10 41 2.35 1
0
APP_2_Inner_Layer_1:0 0.06666666666666667 0.06666666666666667 0.25 3.43 3 26 1.26 1
1 2
APP_2_Output_Layer_0 0.06666666666666667 0.06666666666666667 0.25 2.57 29 21 1.3 1
3
12
0.997041317741824
APP_3_Input_Layer_0 0.3333333333333333 0.3333333333333333 1.25 1.49 22 25 2.71 1

APP_3_Inner_Layer_0:0 0.26666666666666666 0.26666666666666666 1.0 1.46 12 17 3.91 1
0
APP_3_Inner_Layer_0:1 0.3333333333333333 0.3333333333333333 1.25 2.01 22 1 2.93 1
0
APP_3_Inner_Layer_0:2 0.2 0.2 0.75 3.76 5 34 3.17 1
0
APP_3_Inner_Layer_1:0 0.4 0.4 1.5 1.91 34 38 3.61 1
2
APP_3_Inner_Layer_1:1 0.5333333333333333 0.5333333333333333 2.0 3.19 9 28 2.1 1
1 3
APP_3_Inner_Layer_2:0 0.06666666666666667 0.06666666666666667 0.25 2.44 27 15 1.58 1
4
APP_3_Inner_Layer_2:1 0.26666666666666666 0.26666666666666666 1.0 2.02 18 12 3.53 1
4
APP_3_Inner_Layer_2:2 0.2 0.2 0.75 1.91 45 29 3.33 1
4
APP_3_Inner_Layer_2:3 0.5333333333333333 0.5333333333333333 2.0 2.53 39 23 2.74 1
5
APP_3_Inner_Layer_3:0 0.2 0.2 0.75 2.71 13 34 2.44 1
6 7 8 9
APP_3_Output_Layer_0 0.6 0.6 2.25 1.02 5 36 2.34 1
10
17
1.5028752555553306
APP_4_Input_Layer_0 0.4666666666666667 0.4666666666666667 1.75 3.09 39 17 2.85 1

APP_4_Inner_Layer_0:0 0.13333333333333333 0.13333333333333333 0.5 3.76 30 42 2.84 1
0
APP_4_Inner_Layer_0:1 0.06666666666666667 0.06666666666666667 0.25 2.58 18 7 3.52 1
0
APP_4_Inner_Layer_0:2 0.4 0.4 1.5 2.98 19 35 2.85 1
0
APP_4_Inner_Layer_0:3 0.5333333333333333 0.5333333333333333 2.0 2.62 39 6 3.98 1
0
APP_4_Inner_Layer_1:0 0.2 0.2 0.75 1.98 27 22 3.87 1
2 4
APP_4_Inner_Layer_1:1 0.6 0.6 2.25 3.37 3 27 2.76 1
1 2
APP_4_Inner_Layer_1:2 0.26666666666666666 0.26666666666666666 1.0 1.17 4 17 2.24 1
1 3
APP_4_Inner_Layer_1:3 0.2 0.2 0.75 1.74 22 1 2.01 1
1 3
APP_4_Inner_Layer_2:0 0.5333333333333333 0.5333333333333333 2.0 2.76 8 45 3.14 1
7
APP_4_Inner_Layer_2:1 0.3333333333333333 0.3333333333333333 1.25 1.86 5 29 1.44 1
5 6
APP_4_Inner_Layer_2:2 0.4666666666666667 0.4666666666666667 1.75 2.57 28 27 3.16 1
8
APP_4_Inner_Layer_3:0 0.2 0.2 0.75 1.94 47 23 1.16 1
10 11
APP_4_Inner_Layer_3:1 0.6 0.6 2.25 3.96 11 41 1.87 1
10
APP_4_Inner_Layer_3:2 0.4666666666666667 0.4666666666666667 1.75 2.08 19 28 2.36 1
10
APP_4_Inner_Layer_3:3 0.13333333333333333 0.13333333333333333 0.5 2.89 15 39 3.03 1
9
APP_4_Output_Layer_0 0.26666666666666666 0.26666666666666666 1.0 3.07 5 25 1.58 1
12 13 14 15
8
1.7657171147669255
APP_5_Input_Layer_0 0.3333333333333333 0.3333333333333333 1.25 3.83 20 25 1.93 1

APP_5_Inner_Layer_0:0 0.5333333333333333 0.5333333333333333 2.0 3.42 19 36 3.11 1
0
APP_5_Inner_Layer_0:1 0.5333333333333333 0.5333333333333333 2.0 1.8 44 46 3.98 1
0
APP_5_Inner_Layer_0:2 0.6 0.6 2.25 3.26 15 6 2.2 1
0
APP_5_Inner_Layer_1:0 0.4666666666666667 0.4666666666666667 1.75 1.91 24 13 3.34 1
1 2
APP_5_Inner_Layer_1:1 0.26666666666666666 0.26666666666666666 1.0 3.69 42 13 3.56 1
1 2 3
APP_5_Inner_Layer_1:2 0.13333333333333333 0.13333333333333333 0.5 2.86 1 14 3.35 1
1 2
APP_5_Output_Layer_0 0.26666666666666666 0.26666666666666666 1.0 3.44 35 7 3.45 1
4 5 6
12
2.03158544764144
APP_6_Input_Layer_0 0.26666666666666666 0.26666666666666666 1.0 3.93 31 49 2.91 1

APP_6_Inner_Layer_0:0 0.5333333333333333 0.5333333333333333 2.0 2.3 2 49 1.38 1
0
APP_6_Inner_Layer_0:1 0.26666666666666666 0.26666666666666666 1.0 1.66 48 32 1.65 1
0
APP_6_Inner_Layer_0:2 0.13333333333333333 0.13333333333333333 0.5 2.6 8 28 1.38 1
0
APP_6_Inner_Layer_0:3 0.26666666666666666 0.26666666666666666 1.0 1.75 45 23 2.61 1
0
APP_6_Inner_Layer_1:0 0.06666666666666667 0.06666666666666667 0.25 1.84 40 23 1.69 1
3
APP_6_Inner_Layer_1:1 0.3333333333333333 0.3333333333333333 1.25 1.63 35 25 1.85 1
1 2 4
APP_6_Inner_Layer_2:0 0.5333333333333333 0.5333333333333333 2.0 3.26 41 16 2.88 1
6
APP_6_Inner_Layer_2:1 0.2 0.2 0.75 1.0 28 2 1.82 1
5 6
APP_6_Inner_Layer_2:2 0.06666666666666667 0.06666666666666667 0.25 3.24 44 25 3.95 1
6
APP_6_Inner_Layer_2:3 0.26666666666666666 0.26666666666666666 1.0 1.68 12 34 3.8 1
6
APP_6_Output_Layer_0 0.3333333333333333 0.3333333333333333 1.25 3.91 28 5 1.47 1
7 8 9 10
5
2.349484466097775
APP_7_Input_Layer_0 0.13333333333333333 0.13333333333333333 0.5 3.66 23 15 2.67 1

APP_7_Inner_Layer_0:0 0.26666666666666666 0.26666666666666666 1.0 1.83 13 36 1.65 1
0
APP_7_Inner_Layer_0:1 0.06666666666666667 0.06666666666666667 0.25 1.05 36 20 2.18 1
0
APP_7_Inner_Layer_0:2 0.6 0.6 2.25 2.29 29 8 3.28 1
0
APP_7_Output_Layer_0 0.26666666666666666 0.26666666666666666 1.0 3.04 5 36 3.73 1
1 2 3
5
2.802686482760421
APP_8_Input_Layer_0 0.4666666666666667 0.4666666666666667 1.75 1.74 39 7 1.65 0

APP_8_Inner_Layer_0:0 0.06666666666666667 0.06666666666666667 0.25 1.44 46 16 3.34 1
0
APP_8_Inner_Layer_0:1 0.13333333333333333 0.13333333333333333 0.5 2.95 21 40 3.25 1
0
APP_8_Inner_Layer_0:2 0.6 0.6 2.25 1.43 49 20 1.84 1
0
APP_8_Output_Layer_0 0.4666666666666667 0.4666666666666667 1.75 1.42 10 23 2.64 1
1 2 3
6
3.2538367312139993
APP_9_Input_Layer_0 0.4 0.4 1.5 2.35 12 29 3.06 0

APP_9_Inner_Layer_0:0 0.06666666666666667 0.06666666666666667 0.25 2.41 17 49 3.13 1
0
APP_9_Inner_Layer_0:1 0.13333333333333333 0.13333333333333333 0.5 1.79 49 46 2.94 1
0
APP_9_Inner_Layer_0:2 0.5333333333333333 0.5333333333333333 2.0 1.82 13 19 2.93 1
0
APP_9_Inner_Layer_0:3 0.3333333333333333 0.3333333333333333 1.25 3.75 34 38 2.25 1
0
APP_9_Output_Layer_0 0.5333333333333333 0.5333333333333333 2.0 1.75 6 30 3.49 1
1 2 3 4
13
3.590272032920511
APP_10_Input_Layer_0 0.26666666666666666 0.26666666666666666 1.0 2.25 25 29 1.06 1

APP_10_Inner_Layer_0:0 0.5333333333333333 0.5333333333333333 2.0 3.86 11 11 2.77 1
0
APP_10_Inner_Layer_0:1 0.4 0.4 1.5 1.81 24 24 3.35 1
0
APP_10_Inner_Layer_0:2 0.5333333333333333 0.5333333333333333 2.0 2.32 48 39 1.5 1
0
APP_10_Inner_Layer_1:0 0.3333333333333333 0.3333333333333333 1.25 1.01 47 29 2.04 1
1 3
APP_10_Inner_Layer_1:1 0.4666666666666667 0.4666666666666667 1.75 1.71 46 33 3.99 1
1 2
APP_10_Inner_Layer_1:2 0.3333333333333333 0.3333333333333333 1.25 2.87 20 14 2.83 1
3 1
APP_10_Inner_Layer_2:0 0.13333333333333333 0.13333333333333333 0.5 3.0 28 47 2.49 1
4 5 6
APP_10_Inner_Layer_3:0 0.5333333333333333 0.5333333333333333 2.0 2.73 32 30 3.0 1
7
APP_10_Inner_Layer_3:1 0.6 0.6 2.25 3.04 23 38 1.35 1
7
APP_10_Inner_Layer_3:2 0.06666666666666667 0.06666666666666667 0.25 2.15 42 16 1.45 1
7
APP_10_Inner_Layer_3:3 0.2 0.2 0.75 1.66 32 37 1.56 1
7
APP_10_Output_Layer_0 0.4 0.4 1.5 3.99 1 30 1.05 1
8 9 10 11
13
4.050533411944946
APP_11_Input_Layer_0 0.06666666666666667 0.06666666666666667 0.25 3.55 36 27 3.55 1

APP_11_Inner_Layer_0:0 0.13333333333333333 0.13333333333333333 0.5 2.67 30 47 3.49 1
0
APP_11_Inner_Layer_0:1 0.13333333333333333 0.13333333333333333 0.5 2.4 25 29 3.26 1
0
APP_11_Inner_Layer_0:2 0.3333333333333333 0.3333333333333333 1.25 1.68 24 2 2.14 1
0
APP_11_Inner_Layer_1:0 0.6 0.6 2.25 2.88 44 24 3.91 1
1
APP_11_Inner_Layer_1:1 0.5333333333333333 0.5333333333333333 2.0 3.51 45 28 1.76 1
1 2
APP_11_Inner_Layer_1:2 0.26666666666666666 0.26666666666666666 1.0 3.36 20 14 1.97 1
2
APP_11_Inner_Layer_1:3 0.3333333333333333 0.3333333333333333 1.25 2.63 45 13 2.49 1
1 2 3
APP_11_Inner_Layer_2:0 0.4666666666666667 0.4666666666666667 1.75 1.56 43 4 3.25 1
4 5 7
APP_11_Inner_Layer_2:1 0.2 0.2 0.75 1.4 42 33 1.93 1
4 5 6
APP_11_Inner_Layer_2:2 0.13333333333333333 0.13333333333333333 0.5 3.29 10 20 3.12 1
4
APP_11_Inner_Layer_2:3 0.5333333333333333 0.5333333333333333 2.0 3.59 35 34 2.28 1
6
APP_11_Output_Layer_0 0.13333333333333333 0.13333333333333333 0.5 2.51 48 31 1.71 0
8 9 10 11
6
4.315376786673188
APP_12_Input_Layer_0 0.3333333333333333 0.3333333333333333 1.25 2.71 14 22 1.04 0

APP_12_Inner_Layer_0:0 0.4 0.4 1.5 3.86 25 15 1.57 1
0
APP_12_Inner_Layer_0:1 0.13333333333333333 0.13333333333333333 0.5 1.46 39 20 3.28 1
0
APP_12_Inner_Layer_0:2 0.6 0.6 2.25 3.83 20 16 3.39 1
0
APP_12_Inner_Layer_0:3 0.4 0.4 1.5 1.08 27 17 1.74 1
0
APP_12_Output_Layer_0 0.13333333333333333 0.13333333333333333 0.5 2.86 21 12 3.57 1
1 2 3 4
12
4.606816572406107
APP_13_Input_Layer_0 0.3333333333333333 0.3333333333333333 1.25 3.28 42 33 1.98 1

APP_13_Inner_Layer_0:0 0.3333333333333333 0.3333333333333333 1.25 3.42 45 8 1.54 1
0
APP_13_Inner_Layer_0:1 0.4 0.4 1.5 2.56 15 34 3.66 1
0
APP_13_Inner_Layer_1:0 0.06666666666666667 0.06666666666666667 0.25 2.86 20 31 1.11 1
1 2
APP_13_Inner_Layer_2:0 0.6 0.6 2.25 2.66 22 26 3.54 1
3
APP_13_Inner_Layer_2:1 0.13333333333333333 0.13333333333333333 0.5 1.8 21 17 1.51 1
3
APP_13_Inner_Layer_2:2 0.26666666666666666 0.26666666666666666 1.0 3.71 33 9 2.46 1
3
APP_13_Inner_Layer_3:0 0.3333333333333333 0.3333333333333333 1.25 3.29 41 10 2.55 1
4 5
APP_13_Inner_Layer_3:1 0.06666666666666667 0.06666666666666667 0.25 3.23 9 39 3.09 1
6
APP_13_Inner_Layer_3:2 0.4 0.4 1.5 2.67 39 5 2.54 1
5
APP_13_Inner_Layer_3:3 0.5333333333333333 0.5333333333333333 2.0 2.14 24 44 3.81 1
4 6
APP_13_Output_Layer_0 0.3333333333333333 0.3333333333333333 1.25 3.78 6 19 2.49 1
7 8 9 10
11
4.858632365953549
APP_14_Input_Layer_0 0.4666666666666667 0.4666666666666667 1.75 1.42 6 29 1.12 1

APP_14_Inner_Layer_0:0 0.06666666666666667 0.06666666666666667 0.25 1.79 43 31 1.54 1
0
APP_14_Inner_Layer_0:1 0.06666666666666667 0.06666666666666667 0.25 2.42 16 11 1.33 1
0
APP_14_Inner_Layer_1:0 0.13333333333333333 0.13333333333333333 0.5 1.29 10 18 1.97 1
1 2
APP_14_Inner_Layer_1:1 0.2 0.2 0.75 2.61 10 28 2.4 1
2
APP_14_Inner_Layer_2:0 0.5333333333333333 0.5333333333333333 2.0 2.11 46 20 2.87 1
3 4
APP_14_Inner_Layer_3:0 0.26666666666666666 0.26666666666666666 1.0 2.59 9 30 3.25 1
5
APP_14_Inner_Layer_3:1 0.6 0.6 2.25 3.99 49 22 1.03 1
5
APP_14_Inner_Layer_3:2 0.26666666666666666 0.26666666666666666 1.0 3.69 34 15 2.37 1
5
APP_14_Inner_Layer_3:3 0.13333333333333333 0.13333333333333333 0.5 3.3 23 24 1.12 1
5
APP_14_Output_Layer_0 0.4666666666666667 0.4666666666666667 1.75 3.95 33 20 3.26 1
6 7 8 9
16
5.079430336381997
APP_15_Input_Layer_0 0.3333333333333333 0.3333333333333333 1.25 1.85 46 25 2.66 1

APP_15_Inner_Layer_0:0 0.26666666666666666 0.26666666666666666 1.0 1.81 44 32 1.74 1
0
APP_15_Inner_Layer_0:1 0.6 0.6 2.25 3.87 27 27 3.49 1
0
APP_15_Inner_Layer_0:2 0.13333333333333333 0.13333333333333333 0.5 1.21 6 25 1.98 1
0
APP_15_Inner_Layer_1:0 0.26666666666666666 0.26666666666666666 1.0 4.0 29 47 2.85 1
3
APP_15_Inner_Layer_1:1 0.6 0.6 2.25 3.55 42 44 3.03 1
2
APP_15_Inner_Layer_1:2 0.5333333333333333 0.5333333333333333 2.0 2.86 30 33 1.89 1
1
APP_15_Inner_Layer_1:3 0.2 0.2 0.75 1.48 34 45 1.6 1
2
APP_15_Inner_Layer_2:0 0.2 0.2 0.75 2.38 21 12 3.77 1
5 7
APP_15_Inner_Layer_2:1 0.3333333333333333 0.3333333333333333 1.25 2.51 28 37 2.78 1
4 5 6 7
APP_15_Inner_Layer_2:2 0.4666666666666667 0.4666666666666667 1.75 2.22 8 39 1.84 1
6 7
APP_15_Inner_Layer_3:0 0.4666666666666667 0.4666666666666667 1.75 1.26 11 35 1.95 1
8 9
APP_15_Inner_Layer_3:1 0.4666666666666667 0.4666666666666667 1.75 3.56 32 7 2.75 1
8 9 10
APP_15_Inner_Layer_3:2 0.06666666666666667 0.06666666666666667 0.25 3.85 16 12 1.63 1
8
APP_15_Inner_Layer_3:3 0.3333333333333333 0.3333333333333333 1.25 1.5 19 45 1.78 1
8
APP_15_Output_Layer_0 0.3333333333333333 0.3333333333333333 1.25 4.0 27 44 1.68 1
11 12 13 14
14
5.279746460859183
APP_16_Input_Layer_0 0.6 0.6 2.25 1.32 11 26 2.88 1

APP_16_Inner_Layer_0:0 0.26666666666666666 0.26666666666666666 1.0 3.3 28 14 1.31 1
0
APP_16_Inner_Layer_0:1 0.4666666666666667 0.4666666666666667 1.75 3.49 32 2 3.12 1
0
APP_16_Inner_Layer_1:0 0.5333333333333333 0.5333333333333333 2.0 3.06 9 7 2.93 1
1 2
APP_16_Inner_Layer_1:1 0.2 0.2 0.75 3.07 10 36 1.9 1
1
APP_16_Inner_Layer_1:2 0.2 0.2 0.75 2.29 15 42 3.81 1
1
APP_16_Inner_Layer_2:0 0.5333333333333333 0.5333333333333333 2.0 2.37 4 4 3.08 1
4 5
APP_16_Inner_Layer_2:1 0.26666666666666666 0.26666666666666666 1.0 2.81 10 18 2.51 1
3 4
APP_16_Inner_Layer_2:2 0.6 0.6 2.25 3.01 42 5 3.32 1
3 5
APP_16_Inner_Layer_2:3 0.5333333333333333 0.5333333333333333 2.0 3.77 39 1 2.44 1
4
APP_16_Inner_Layer_3:0 0.4 0.4 1.5 3.0 16 18 2.65 1
6 7 8
APP_16_Inner_Layer_3:1 0.5333333333333333 0.5333333333333333 2.0 3.3 47 24 1.04 1
7
APP_16_Inner_Layer_3:2 0.2 0.2 0.75 1.5 18 11 3.3 1
7 8 9
APP_16_Output_Layer_0 0.5333333333333333 0.5333333333333333 2.0 3.31 3 30 2.65 1
10 11 12
10
5.760757547564687
APP_17_Input_Layer_0 0.4 0.4 1.5 1.1 15 38 3.31 0

APP_17_Inner_Layer_0:0 0.3333333333333333 0.3333333333333333 1.25 3.29 26 4 1.45 1
0
APP_17_Inner_Layer_0:1 0.3333333333333333 0.3333333333333333 1.25 3.26 49 19 2.59 1
0
APP_17_Inner_Layer_0:2 0.13333333333333333 0.13333333333333333 0.5 2.51 27 6 1.34 1
0
APP_17_Inner_Layer_0:3 0.4666666666666667 0.4666666666666667 1.75 1.81 21 1 1.74 1
0
APP_17_Inner_Layer_1:0 0.6 0.6 2.25 1.12 8 4 2.14 1
1 4
APP_17_Inner_Layer_1:1 0.3333333333333333 0.3333333333333333 1.25 3.16 28 49 3.75 1
1 2 4
APP_17_Inner_Layer_1:2 0.4 0.4 1.5 2.14 3 43 3.52 1
2 3
APP_17_Inner_Layer_1:3 0.5333333333333333 0.5333333333333333 2.0 2.46 7 15 1.66 1
1 3
APP_17_Output_Layer_0 0.3333333333333333 0.3333333333333333 1.25 2.78 35 39 2.77 1
5 6 7 8
14
5.98476445519392
APP_18_Input_Layer_0 0.4 0.4 1.5 2.27 28 35 2.36 1

APP_18_Inner_Layer_0:0 0.4666666666666667 0.4666666666666667 1.75 2.39 23 31 1.15 1
0
APP_18_Inner_Layer_0:1 0.26666666666666666 0.26666666666666666 1.0 3.54 19 3 2.19 1
0
APP_18_Inner_Layer_0:2 0.4 0.4 1.5 3.2 43 22 3.16 1
0
APP_18_Inner_Layer_0:3 0.26666666666666666 0.26666666666666666 1.0 1.77 34 32 2.97 1
0
APP_18_Inner_Layer_1:0 0.2 0.2 0.75 2.33 25 9 3.46 1
1 2 4
APP_18_Inner_Layer_1:1 0.6 0.6 2.25 1.92 32 29 3.24 1
1 3
APP_18_Inner_Layer_1:2 0.13333333333333333 0.13333333333333333 0.5 2.95 3 8 1.49 1
1 2 4
APP_18_Inner_Layer_1:3 0.13333333333333333 0.13333333333333333 0.5 1.73 11 30 2.08 1
2 4
APP_18_Inner_Layer_2:0 0.06666666666666667 0.06666666666666667 0.25 2.18 21 28 1.52 1
5 6 7
APP_18_Inner_Layer_2:1 0.06666666666666667 0.06666666666666667 0.25 2.86 41 38 2.11 1
7 8 5
APP_18_Inner_Layer_2:2 0.13333333333333333 0.13333333333333333 0.5 2.4 36 36 1.11 1
6 8
APP_18_Inner_Layer_2:3 0.06666666666666667 0.06666666666666667 0.25 1.46 41 31 2.83 1
6 7 8
APP_18_Output_Layer_0 0.13333333333333333 0.13333333333333333 0.5 1.44 3 33 1.85 1
9 10 11 12
