10
19
8
0
APP_0_Input_Layer_0 0.5333333333333333 0.5333333333333333 2.0 1.02 17 8 2.73 1

APP_0_Inner_Layer_0:0 0.4666666666666667 0.4666666666666667 1.75 1.94 15 9 2.95 1
0
APP_0_Inner_Layer_0:1 0.2 0.2 0.75 3.75 18 36 2.08 1
0
APP_0_Inner_Layer_0:2 0.4666666666666667 0.4666666666666667 1.75 2.89 5 41 3.01 1
0
APP_0_Inner_Layer_1:0 0.5333333333333333 0.5333333333333333 2.0 3.36 28 35 1.36 1
3
APP_0_Inner_Layer_1:1 0.4 0.4 1.5 1.21 37 48 1.41 1
2
APP_0_Inner_Layer_1:2 0.13333333333333333 0.13333333333333333 0.5 1.29 27 32 2.0 1
1 2
APP_0_Output_Layer_0 0.6 0.6 2.25 1.3 5 31 3.53 1
4 5 6
3
0.37062678066041504
APP_1_Input_Layer_0 0.5333333333333333 0.5333333333333333 2.0 1.89 43 46 3.13 1

APP_1_Inner_Layer_0:0 0.6 0.6 2.25 3.37 49 40 3.21 1
0
APP_1_Output_Layer_0 0.4666666666666667 0.4666666666666667 1.75 2.86 4 10 2.28 1
1
10
0.8713389233876563
APP_2_Input_Layer_0 0.4 0.4 1.5 2.88 21 24 2.55 1

APP_2_Inner_Layer_0:0 0.2 0.2 0.75 2.02 12 5 1.23 1
0
APP_2_Inner_Layer_0:1 0.13333333333333333 0.13333333333333333 0.5 1.61 38 23 1.77 1
0
APP_2_Inner_Layer_0:2 0.13333333333333333 0.13333333333333333 0.5 3.65 7 43 1.97 1
0
APP_2_Inner_Layer_0:3 0.3333333333333333 0.3333333333333333 1.25 1.41 34 48 2.41 1
0
APP_2_Inner_Layer_1:0 0.3333333333333333 0.3333333333333333 1.25 2.49 7 23 2.76 1
2 3 4
APP_2_Inner_Layer_1:1 0.3333333333333333 0.3333333333333333 1.25 2.42 29 34 3.85 1
2 3 4
APP_2_Inner_Layer_1:2 0.3333333333333333 0.3333333333333333 1.25 1.18 14 15 1.04 1
1
APP_2_Inner_Layer_2:0 0.5333333333333333 0.5333333333333333 2.0 2.23 14 11 2.02 1
5 6 7
APP_2_Output_Layer_0 0.4666666666666667 0.4666666666666667 1.75 1.88 5 48 3.02 1
8
6
1.065317581885576
APP_3_Input_Layer_0 0.4666666666666667 0.4666666666666667 1.75 3.66 19 24 1.46 1

APP_3_Inner_Layer_0:0 0.13333333333333333 0.13333333333333333 0.5 2.37 25 43 3.97 1
0
APP_3_Inner_Layer_0:1 0.2 0.2 0.75 2.67 29 7 2.27 1
0
APP_3_Inner_Layer_0:2 0.2 0.2 0.75 2.13 27 20 1.42 1
0
APP_3_Inner_Layer_1:0 0.26666666666666666 0.26666666666666666 1.0 2.58 28 8 1.38 1
1 2 3
APP_3_Output_Layer_0 0.13333333333333333 0.13333333333333333 0.5 2.2 13 47 1.15 1
4
5
1.2848945740629962
APP_4_Input_Layer_0 0.26666666666666666 0.26666666666666666 1.0 1.77 12 23 2.51 1

APP_4_Inner_Layer_0:0 0.4 0.4 1.5 1.55 40 3 3.95 1
0
APP_4_Inner_Layer_1:0 0.13333333333333333 0.13333333333333333 0.5 3.31 21 10 2.86 1
1
APP_4_Inner_Layer_2:0 0.13333333333333333 0.13333333333333333 0.5 3.98 23 26 1.13 1
2
APP_4_Output_Layer_0 0.5333333333333333 0.5333333333333333 2.0 1.98 36 20 2.13 1
3
13
1.551769805878291
APP_5_Input_Layer_0 0.26666666666666666 0.26666666666666666 1.0 2.36 32 22 3.85 1

APP_5_Inner_Layer_0:0 0.3333333333333333 0.3333333333333333 1.25 1.52 35 32 3.79 1
0
APP_5_Inner_Layer_0:1 0.5333333333333333 0.5333333333333333 2.0 1.19 13 6 1.7 1
0
APP_5_Inner_Layer_0:2 0.5333333333333333 0.5333333333333333 2.0 3.82 45 2 1.08 1
0
APP_5_Inner_Layer_1:0 0.2 0.2 0.75 2.65 25 17 2.57 1
1 2
APP_5_Inner_Layer_1:1 0.06666666666666667 0.06666666666666667 0.25 1.81 13 23 2.95 1
1 2
APP_5_Inner_Layer_1:2 0.5333333333333333 0.5333333333333333 2.0 1.3 24 43 2.53 1
3
APP_5_Inner_Layer_1:3 0.4 0.4 1.5 1.04 44 12 3.81 1
1
APP_5_Inner_Layer_2:0 0.3333333333333333 0.3333333333333333 1.25 3.66 33 17 1.84 1
4 5 6 7
APP_5_Inner_Layer_2:1 0.3333333333333333 0.3333333333333333 1.25 3.69 39 45 1.44 1
4 5 7
APP_5_Inner_Layer_3:0 0.6 0.6 2.25 1.55 6 18 1.52 1
8
APP_5_Inner_Layer_3:1 0.4666666666666667 0.4666666666666667 1.75 2.23 5 30 1.96 1
9
APP_5_Output_Layer_0 0.5333333333333333 0.5333333333333333 2.0 2.47 22 36 1.18 1
10 11
3
1.9000699748140895
APP_6_Input_Layer_0 0.6 0.6 2.25 3.86 32 24 3.57 1

APP_6_Inner_Layer_0:0 0.6 0.6 2.25 2.77 11 16 2.44 1
0
APP_6_Output_Layer_0 0.06666666666666667 0.06666666666666667 0.25 3.28 33 18 3.17 0
1
13
2.158661474411671
APP_7_Input_Layer_0 0.13333333333333333 0.13333333333333333 0.5 1.35 14 47 2.37 1

APP_7_Inner_Layer_0:0 0.06666666666666667 0.06666666666666667 0.25 3.89 20 41 3.58 1
0
APP_7_Inner_Layer_0:1 0.06666666666666667 0.06666666666666667 0.25 2.31 34 24 1.56 1
0
APP_7_Inner_Layer_1:0 0.13333333333333333 0.13333333333333333 0.5 2.64 31 19 3.78 1
2
APP_7_Inner_Layer_1:1 0.06666666666666667 0.06666666666666667 0.25 3.53 43 35 2.28 1
1 2
APP_7_Inner_Layer_1:2 0.4 0.4 1.5 1.82 43 21 2.59 1
2
APP_7_Inner_Layer_2:0 0.13333333333333333 0.13333333333333333 0.5 3.96 28 43 1.39 1
3 4
APP_7_Inner_Layer_2:1 0.13333333333333333 0.13333333333333333 0.5 2.61 15 20 1.1 1
5
APP_7_Inner_Layer_3:0 0.4666666666666667 0.4666666666666667 1.75 2.02 38 44 2.08 1
6
APP_7_Inner_Layer_3:1 0.06666666666666667 0.06666666666666667 0.25 2.9 26 8 1.66 1
7
APP_7_Inner_Layer_3:2 0.3333333333333333 0.3333333333333333 1.25 1.34 2 7 3.68 1
6
APP_7_Inner_Layer_3:3 0.4666666666666667 0.4666666666666667 1.75 3.93 41 10 3.33 1
7
APP_7_Output_Layer_0 0.06666666666666667 0.06666666666666667 0.25 1.64 43 34 3.79 1
8 9 10 11
14
2.4926489740592737
APP_8_Input_Layer_0 0.13333333333333333 0.13333333333333333 0.5 1.84 36 11 1.47 1

APP_8_Inner_Layer_0:0 0.4 0.4 1.5 1.47 31 27 3.34 1
0
APP_8_Inner_Layer_0:1 0.06666666666666667 0.06666666666666667 0.25 3.04 26 7 3.2 1
0
APP_8_Inner_Layer_0:2 0.4666666666666667 0.4666666666666667 1.75 1.82 29 46 1.0 1
0
APP_8_Inner_Layer_0:3 0.06666666666666667 0.06666666666666667 0.25 3.94 48 33 2.48 1
0
APP_8_Inner_Layer_1:0 0.4666666666666667 0.4666666666666667 1.75 1.13 28 10 2.36 1
1 2 3 4
APP_8_Inner_Layer_2:0 0.5333333333333333 0.5333333333333333 2.0 2.11 7 33 1.94 1
5
APP_8_Inner_Layer_2:1 0.6 0.6 2.25 1.39 4 34 1.5 1
5
APP_8_Inner_Layer_2:2 0.2 0.2 0.75 1.02 9 22 3.73 1
5
APP_8_Inner_Layer_3:0 0.6 0.6 2.25 2.97 20 43 1.4 1
6 8
APP_8_Inner_Layer_3:1 0.2 0.2 0.75 2.58 20 36 3.11 1
7 8
APP_8_Inner_Layer_3:2 0.4 0.4 1.5 2.9 10 17 3.07 1
6 7
APP_8_Inner_Layer_3:3 0.4666666666666667 0.4666666666666667 1.75 2.42 15 38 2.14 1
6 8
APP_8_Output_Layer_0 0.13333333333333333 0.13333333333333333 0.5 2.74 47 4 1.85 1
9 10 11 12
9
2.7614223859234417
APP_9_Input_Layer_0 0.2 0.2 0.75 3.79 32 12 2.67 1

APP_9_Inner_Layer_0:0 0.13333333333333333 0.13333333333333333 0.5 3.39 41 7 3.92 1
0
APP_9_Inner_Layer_0:1 0.4666666666666667 0.4666666666666667 1.75 3.78 1 24 1.84 1
0
APP_9_Inner_Layer_0:2 0.06666666666666667 0.06666666666666667 0.25 1.51 33 42 3.49 1
0
APP_9_Inner_Layer_1:0 0.06666666666666667 0.06666666666666667 0.25 2.94 10 48 2.73 1
2 3
APP_9_Inner_Layer_1:1 0.3333333333333333 0.3333333333333333 1.25 1.41 19 39 3.98 1
1 3
APP_9_Inner_Layer_1:2 0.06666666666666667 0.06666666666666667 0.25 3.89 12 33 2.99 1
1 2
APP_9_Inner_Layer_1:3 0.2 0.2 0.75 2.91 35 16 1.25 1
2 3
APP_9_Output_Layer_0 0.3333333333333333 0.3333333333333333 1.25 1.82 48 41 3.46 1
4 5 6 7
12
3.230422375340716
APP_10_Input_Layer_0 0.4 0.4 1.5 1.73 42 8 1.93 0

APP_10_Inner_Layer_0:0 0.4666666666666667 0.4666666666666667 1.75 3.19 19 47 3.63 1
0
APP_10_Inner_Layer_0:1 0.06666666666666667 0.06666666666666667 0.25 1.88 44 10 3.86 1
0
APP_10_Inner_Layer_0:2 0.2 0.2 0.75 2.13 7 15 3.53 1
0
APP_10_Inner_Layer_0:3 0.26666666666666666 0.26666666666666666 1.0 2.46 31 1 3.58 1
0
APP_10_Inner_Layer_1:0 0.4 0.4 1.5 1.02 41 40 3.17 1
1 2 4
APP_10_Inner_Layer_1:1 0.4666666666666667 0.4666666666666667 1.75 2.24 11 7 3.0 1
4
APP_10_Inner_Layer_1:2 0.2 0.2 0.75 1.12 43 21 1.53 1
1 2 3
APP_10_Inner_Layer_2:0 0.26666666666666666 0.26666666666666666 1.0 2.79 47 45 2.89 1
5 6
APP_10_Inner_Layer_2:1 0.4 0.4 1.5 3.5 17 2 3.46 1
7 5
APP_10_Inner_Layer_2:2 0.6 0.6 2.25 1.62 13 25 2.6 1
5 7
APP_10_Output_Layer_0 0.5333333333333333 0.5333333333333333 2.0 1.1 5 26 2.12 0
8 9 10
4
3.516085331734666
APP_11_Input_Layer_0 0.5333333333333333 0.5333333333333333 2.0 3.33 28 23 1.2 1

APP_11_Inner_Layer_0:0 0.4 0.4 1.5 2.61 34 6 2.69 1
0
APP_11_Inner_Layer_0:1 0.4 0.4 1.5 3.43 4 48 2.04 1
0
APP_11_Output_Layer_0 0.06666666666666667 0.06666666666666667 0.25 3.36 2 38 2.63 1
1 2
14
4.019695392741567
APP_12_Input_Layer_0 0.5333333333333333 0.5333333333333333 2.0 2.28 39 30 3.56 1

APP_12_Inner_Layer_0:0 0.6 0.6 2.25 2.78 27 46 1.59 1
0
APP_12_Inner_Layer_0:1 0.2 0.2 0.75 2.89 19 4 2.09 1
0
APP_12_Inner_Layer_0:2 0.13333333333333333 0.13333333333333333 0.5 3.63 27 17 3.1 1
0
APP_12_Inner_Layer_1:0 0.06666666666666667 0.06666666666666667 0.25 3.23 14 6 3.15 1
1 2
APP_12_Inner_Layer_1:1 0.4666666666666667 0.4666666666666667 1.75 3.67 38 11 2.25 1
2 3
APP_12_Inner_Layer_1:2 0.06666666666666667 0.06666666666666667 0.25 3.18 16 27 3.15 1
1 3
APP_12_Inner_Layer_1:3 0.06666666666666667 0.06666666666666667 0.25 3.52 1 41 2.11 1
1 3
APP_12_Inner_Layer_2:0 0.3333333333333333 0.3333333333333333 1.25 1.1 48 35 1.82 1
4 5 6 7
APP_12_Inner_Layer_3:0 0.6 0.6 2.25 3.39 19 26 2.26 1
8
APP_12_Inner_Layer_3:1 0.4 0.4 1.5 1.65 26 42 1.35 1
8
APP_12_Inner_Layer_3:2 0.06666666666666667 0.06666666666666667 0.25 2.68 2 16 1.09 1
8
APP_12_Inner_Layer_3:3 0.2 0.2 0.75 1.72 45 30 3.55 1
8
APP_12_Output_Layer_0 0.06666666666666667 0.06666666666666667 0.25 1.56 43 33 2.12 1
9 10 11 12
7
4.3402861298412745
APP_13_Input_Layer_0 0.5333333333333333 0.5333333333333333 2.0 2.88 23 3 3.38 1

APP_13_Inner_Layer_0:0 0.6 0.6 2.25 2.96 10 48 1.14 1
0
APP_13_Inner_Layer_1:0 0.5333333333333333 0.5333333333333333 2.0 2.76 33 39 3.27 1
1
APP_13_Inner_Layer_1:1 0.6 0.6 2.25 2.08 17 1 2.76 1
1
APP_13_Inner_Layer_1:2 0.6 0.6 2.25 3.77 11 18 1.69 1
1
APP_13_Inner_Layer_1:3 0.13333333333333333 0.13333333333333333 0.5 2.15 47 42 2.59 1
1
APP_13_Output_Layer_0 0.06666666666666667 0.06666666666666667 0.25 3.85 35 15 3.7 1
2 3 4 5
6
4.8372432609198714
APP_14_Input_Layer_0 0.06666666666666667 0.06666666666666667 0.25 3.65 40 4 1.22 1

APP_14_Inner_Layer_0:0 0.13333333333333333 0.13333333333333333 0.5 1.7 34 44 3.98 1
0
APP_14_Inner_Layer_0:1 0.4666666666666667 0.4666666666666667 1.75 2.51 34 9 1.12 1
0
APP_14_Inner_Layer_0:2 0.06666666666666667 0.06666666666666667 0.25 2.25 4 32 1.8 1
0
APP_14_Inner_Layer_0:3 0.6 0.6 2.25 1.2 9 24 1.9 1
0
APP_14_Output_Layer_0 0.4666666666666667 0.4666666666666667 1.75 1.53 20 17 3.78 1
1 2 3 4
6
5.0880467756894845
APP_15_Input_Layer_0 0.06666666666666667 0.06666666666666667 0.25 3.37 40 33 3.62 1

APP_15_Inner_Layer_0:0 0.26666666666666666 0.26666666666666666 1.0 3.72 20 31 3.8 1
0
APP_15_Inner_Layer_0:1 0.06666666666666667 0.06666666666666667 0.25 3.24 49 23 2.78 1
0
APP_15_Inner_Layer_0:2 0.26666666666666666 0.26666666666666666 1.0 1.67 16 46 2.99 1
0
APP_15_Inner_Layer_0:3 0.4 0.4 1.5 3.42 31 25 1.97 1
0
APP_15_Output_Layer_0 0.5333333333333333 0.5333333333333333 2.0 1.96 17 20 3.54 1
1 2 3 4
10
5.514001066939697
APP_16_Input_Layer_0 0.13333333333333333 0.13333333333333333 0.5 2.34 22 36 1.58 1

APP_16_Inner_Layer_0:0 0.06666666666666667 0.06666666666666667 0.25 2.71 22 26 2.76 1
0
APP_16_Inner_Layer_0:1 0.4 0.4 1.5 2.82 17 13 3.54 1
0
APP_16_Inner_Layer_0:2 0.5333333333333333 0.5333333333333333 2.0 1.54 8 21 1.84 1
0
APP_16_Inner_Layer_1:0 0.5333333333333333 0.5333333333333333 2.0 1.26 43 20 3.97 1
1 2 3
APP_16_Inner_Layer_2:0 0.06666666666666667 0.06666666666666667 0.25 2.84 12 40 1.61 1
4
APP_16_Inner_Layer_2:1 0.4666666666666667 0.4666666666666667 1.75 1.91 2 16 3.75 1
4
APP_16_Inner_Layer_2:2 0.4666666666666667 0.4666666666666667 1.75 3.98 47 14 1.2 1
4
APP_16_Inner_Layer_3:0 0.26666666666666666 0.26666666666666666 1.0 3.39 10 27 3.98 1
5 6 7
APP_16_Output_Layer_0 0.6 0.6 2.25 2.35 17 46 1.17 1
8
5
5.872386951509885
APP_17_Input_Layer_0 0.4666666666666667 0.4666666666666667 1.75 3.87 44 25 1.66 1

APP_17_Inner_Layer_0:0 0.06666666666666667 0.06666666666666667 0.25 2.27 18 23 2.73 1
0
APP_17_Inner_Layer_0:1 0.4 0.4 1.5 2.68 40 18 1.75 1
0
APP_17_Inner_Layer_0:2 0.4666666666666667 0.4666666666666667 1.75 3.55 3 33 1.82 1
0
APP_17_Output_Layer_0 0.5333333333333333 0.5333333333333333 2.0 1.41 46 5 2.89 1
1 2 3
3
6.209914655479454
APP_18_Input_Layer_0 0.4 0.4 1.5 3.71 30 23 2.71 1

APP_18_Inner_Layer_0:0 0.3333333333333333 0.3333333333333333 1.25 2.94 43 24 2.35 1
0
APP_18_Output_Layer_0 0.3333333333333333 0.3333333333333333 1.25 2.46 44 26 1.76 1
1
