10
19
3
0
APP_0_Input_Layer_0 0.13333333333333333 0.13333333333333333 0.5 3.6 40 40 1.17 1

APP_0_Inner_Layer_0:0 0.3333333333333333 0.3333333333333333 1.25 1.57 35 37 2.89 1
0
APP_0_Output_Layer_0 0.26666666666666666 0.26666666666666666 1.0 2.84 40 43 2.36 1
1
10
0.21321021872559554
APP_1_Input_Layer_0 0.6 0.6 2.25 1.81 36 22 2.01 1

APP_1_Inner_Layer_0:0 0.26666666666666666 0.26666666666666666 1.0 3.34 33 46 2.96 1
0
APP_1_Inner_Layer_0:1 0.4666666666666667 0.4666666666666667 1.75 2.49 44 25 3.73 1
0
APP_1_Inner_Layer_1:0 0.2 0.2 0.75 1.66 49 39 3.16 1
1
APP_1_Inner_Layer_1:1 0.3333333333333333 0.3333333333333333 1.25 3.59 29 43 3.49 1
2
APP_1_Inner_Layer_2:0 0.26666666666666666 0.26666666666666666 1.0 1.78 28 15 1.3 1
4
APP_1_Inner_Layer_2:1 0.06666666666666667 0.06666666666666667 0.25 1.41 44 4 1.45 1
4
APP_1_Inner_Layer_2:2 0.3333333333333333 0.3333333333333333 1.25 3.26 24 43 3.19 1
4
APP_1_Inner_Layer_2:3 0.5333333333333333 0.5333333333333333 2.0 1.36 10 42 1.89 1
3
APP_1_Output_Layer_0 0.06666666666666667 0.06666666666666667 0.25 3.12 24 47 1.82 1
5 6 7 8
3
0.509581653196488
APP_2_Input_Layer_0 0.6 0.6 2.25 2.47 38 13 1.54 1

APP_2_Inner_Layer_0:0 0.06666666666666667 0.06666666666666667 0.25 1.15 49 7 3.65 1
0
APP_2_Output_Layer_0 0.6 0.6 2.25 3.5 16 28 1.17 0
1
9
0.7348581401090041
APP_3_Input_Layer_0 0.2 0.2 0.75 3.4 33 38 3.98 1

APP_3_Inner_Layer_0:0 0.4666666666666667 0.4666666666666667 1.75 3.26 18 20 3.34 1
0
APP_3_Inner_Layer_0:1 0.4 0.4 1.5 3.38 14 28 3.9 1
0
APP_3_Inner_Layer_0:2 0.06666666666666667 0.06666666666666667 0.25 2.65 18 14 3.74 1
0
APP_3_Inner_Layer_1:0 0.13333333333333333 0.13333333333333333 0.5 1.3 47 31 3.3 1
3
APP_3_Inner_Layer_1:1 0.2 0.2 0.75 1.54 43 7 2.68 1
2
APP_3_Inner_Layer_1:2 0.06666666666666667 0.06666666666666667 0.25 2.08 47 1 1.38 1
1 3
APP_3_Inner_Layer_1:3 0.3333333333333333 0.3333333333333333 1.25 2.71 48 10 2.12 1
1 2 3
APP_3_Output_Layer_0 0.4 0.4 1.5 3.93 11 3 1.57 1
4 5 6 7
14
1.0027078025092186
APP_4_Input_Layer_0 0.4666666666666667 0.4666666666666667 1.75 3.45 22 43 2.25 1

APP_4_Inner_Layer_0:0 0.3333333333333333 0.3333333333333333 1.25 2.46 34 40 1.88 1
0
APP_4_Inner_Layer_0:1 0.26666666666666666 0.26666666666666666 1.0 2.35 28 15 1.6 1
0
APP_4_Inner_Layer_0:2 0.5333333333333333 0.5333333333333333 2.0 1.65 20 45 3.9 1
0
APP_4_Inner_Layer_1:0 0.3333333333333333 0.3333333333333333 1.25 3.18 26 29 3.74 1
1 2
APP_4_Inner_Layer_1:1 0.5333333333333333 0.5333333333333333 2.0 1.25 12 41 3.18 1
1
APP_4_Inner_Layer_1:2 0.06666666666666667 0.06666666666666667 0.25 2.47 7 5 2.04 1
2 3
APP_4_Inner_Layer_2:0 0.6 0.6 2.25 3.59 39 14 1.55 1
5
APP_4_Inner_Layer_2:1 0.4 0.4 1.5 2.81 42 22 3.28 1
4 6
APP_4_Inner_Layer_3:0 0.4 0.4 1.5 1.41 39 38 1.33 1
7 8
APP_4_Inner_Layer_3:1 0.2 0.2 0.75 1.3 14 5 1.37 1
8
APP_4_Inner_Layer_3:2 0.6 0.6 2.25 3.68 41 44 2.84 1
7 8
APP_4_Inner_Layer_3:3 0.6 0.6 2.25 2.8 33 39 3.35 1
8
APP_4_Output_Layer_0 0.13333333333333333 0.13333333333333333 0.5 1.49 9 37 2.34 1
9 10 11 12
7
1.2172412263097854
APP_5_Input_Layer_0 0.4 0.4 1.5 2.95 21 39 2.25 1

APP_5_Inner_Layer_0:0 0.5333333333333333 0.5333333333333333 2.0 3.48 18 13 1.46 1
0
APP_5_Inner_Layer_0:1 0.5333333333333333 0.5333333333333333 2.0 2.86 9 35 1.67 1
0
APP_5_Inner_Layer_0:2 0.13333333333333333 0.13333333333333333 0.5 1.8 27 26 3.82 1
0
APP_5_Inner_Layer_1:0 0.3333333333333333 0.3333333333333333 1.25 2.57 35 24 1.03 1
1 3
APP_5_Inner_Layer_1:1 0.4666666666666667 0.4666666666666667 1.75 2.23 30 21 2.29 1
2
APP_5_Output_Layer_0 0.5333333333333333 0.5333333333333333 2.0 2.23 42 16 3.68 1
4 5
4
1.4971600456676346
APP_6_Input_Layer_0 0.2 0.2 0.75 1.8 30 17 2.4 1

APP_6_Inner_Layer_0:0 0.26666666666666666 0.26666666666666666 1.0 2.47 19 38 2.91 1
0
APP_6_Inner_Layer_0:1 0.4666666666666667 0.4666666666666667 1.75 3.4 18 4 2.28 1
0
APP_6_Output_Layer_0 0.26666666666666666 0.26666666666666666 1.0 3.03 25 3 1.22 1
1 2
11
1.76221798375818
APP_7_Input_Layer_0 0.6 0.6 2.25 3.51 22 1 1.7 1

APP_7_Inner_Layer_0:0 0.6 0.6 2.25 1.57 34 46 2.0 1
0
APP_7_Inner_Layer_1:0 0.5333333333333333 0.5333333333333333 2.0 3.96 33 2 1.56 1
1
APP_7_Inner_Layer_1:1 0.6 0.6 2.25 3.58 48 29 2.12 1
1
APP_7_Inner_Layer_1:2 0.06666666666666667 0.06666666666666667 0.25 2.29 31 49 1.94 1
1
APP_7_Inner_Layer_1:3 0.4 0.4 1.5 3.2 43 19 2.09 1
1
APP_7_Inner_Layer_2:0 0.3333333333333333 0.3333333333333333 1.25 1.5 18 46 2.03 1
3
APP_7_Inner_Layer_2:1 0.4 0.4 1.5 2.4 39 38 3.22 1
2 3
APP_7_Inner_Layer_2:2 0.2 0.2 0.75 2.49 26 34 3.19 1
4 5
APP_7_Inner_Layer_2:3 0.6 0.6 2.25 2.73 23 7 1.71 1
2 3 4
APP_7_Output_Layer_0 0.6 0.6 2.25 3.29 9 35 1.05 1
6 7 8 9
7
2.269836321021483
APP_8_Input_Layer_0 0.2 0.2 0.75 1.17 6 22 2.23 1

APP_8_Inner_Layer_0:0 0.4 0.4 1.5 2.2 7 21 1.89 1
0
APP_8_Inner_Layer_0:1 0.3333333333333333 0.3333333333333333 1.25 1.04 13 32 1.99 1
0
APP_8_Inner_Layer_0:2 0.3333333333333333 0.3333333333333333 1.25 2.48 40 3 1.06 1
0
APP_8_Inner_Layer_1:0 0.06666666666666667 0.06666666666666667 0.25 3.96 32 9 2.91 1
1 3
APP_8_Inner_Layer_1:1 0.2 0.2 0.75 3.7 32 7 1.67 1
2
APP_8_Output_Layer_0 0.6 0.6 2.25 2.67 17 40 2.07 0
4 5
6
2.5525918577209934
APP_9_Input_Layer_0 0.2 0.2 0.75 1.53 5 16 1.73 1

APP_9_Inner_Layer_0:0 0.13333333333333333 0.13333333333333333 0.5 1.73 45 9 3.98 1
0
APP_9_Inner_Layer_0:1 0.06666666666666667 0.06666666666666667 0.25 1.04 35 8 1.83 1
0
APP_9_Inner_Layer_0:2 0.2 0.2 0.75 1.55 7 39 2.73 1
0
APP_9_Inner_Layer_0:3 0.3333333333333333 0.3333333333333333 1.25 2.68 10 12 2.99 1
0
APP_9_Output_Layer_0 0.26666666666666666 0.26666666666666666 1.0 2.63 49 33 3.63 1
1 2 3 4
7
2.8218106707528645
APP_10_Input_Layer_0 0.4666666666666667 0.4666666666666667 1.75 2.22 40 46 3.0 1

APP_10_Inner_Layer_0:0 0.06666666666666667 0.06666666666666667 0.25 1.37 9 9 2.86 1
0
APP_10_Inner_Layer_1:0 0.3333333333333333 0.3333333333333333 1.25 2.22 48 38 1.27 1
1
APP_10_Inner_Layer_1:1 0.26666666666666666 0.26666666666666666 1.0 3.44 16 30 3.35 1
1
APP_10_Inner_Layer_1:2 0.13333333333333333 0.13333333333333333 0.5 2.69 1 47 2.78 1
1
APP_10_Inner_Layer_1:3 0.4666666666666667 0.4666666666666667 1.75 2.88 45 45 3.69 1
1
APP_10_Output_Layer_0 0.3333333333333333 0.3333333333333333 1.25 1.91 26 6 1.07 1
2 3 4 5
13
3.0158178882147655
APP_11_Input_Layer_0 0.2 0.2 0.75 2.16 41 17 2.93 1

APP_11_Inner_Layer_0:0 0.6 0.6 2.25 2.39 43 48 4.0 1
0
APP_11_Inner_Layer_0:1 0.3333333333333333 0.3333333333333333 1.25 2.32 27 9 2.74 1
0
APP_11_Inner_Layer_0:2 0.13333333333333333 0.13333333333333333 0.5 3.74 21 7 2.63 1
0
APP_11_Inner_Layer_1:0 0.2 0.2 0.75 2.14 6 42 3.75 1
1 3
APP_11_Inner_Layer_1:1 0.5333333333333333 0.5333333333333333 2.0 3.9 40 24 2.74 1
1 2 3
APP_11_Inner_Layer_2:0 0.26666666666666666 0.26666666666666666 1.0 1.71 33 20 2.52 1
4
APP_11_Inner_Layer_2:1 0.26666666666666666 0.26666666666666666 1.0 2.3 35 5 2.55 1
4 5
APP_11_Inner_Layer_3:0 0.3333333333333333 0.3333333333333333 1.25 2.93 7 33 3.24 1
7
APP_11_Inner_Layer_3:1 0.26666666666666666 0.26666666666666666 1.0 3.77 36 4 3.76 1
6 7
APP_11_Inner_Layer_3:2 0.26666666666666666 0.26666666666666666 1.0 2.26 15 18 2.52 1
7
APP_11_Inner_Layer_3:3 0.26666666666666666 0.26666666666666666 1.0 3.53 5 41 1.81 1
6
APP_11_Output_Layer_0 0.2 0.2 0.75 2.19 15 7 2.03 0
8 9 10 11
5
3.2246007066249307
APP_12_Input_Layer_0 0.4666666666666667 0.4666666666666667 1.75 1.59 36 8 2.37 1

APP_12_Inner_Layer_0:0 0.06666666666666667 0.06666666666666667 0.25 2.84 7 48 3.13 1
0
APP_12_Inner_Layer_0:1 0.26666666666666666 0.26666666666666666 1.0 2.67 43 45 2.11 1
0
APP_12_Inner_Layer_1:0 0.4666666666666667 0.4666666666666667 1.75 3.26 27 10 3.27 1
1 2
APP_12_Output_Layer_0 0.06666666666666667 0.06666666666666667 0.25 2.24 34 43 3.91 0
3
9
3.69844553004197
APP_13_Input_Layer_0 0.3333333333333333 0.3333333333333333 1.25 3.44 3 15 2.17 0

APP_13_Inner_Layer_0:0 0.2 0.2 0.75 1.99 5 39 2.49 1
0
APP_13_Inner_Layer_0:1 0.2 0.2 0.75 3.6 32 47 1.39 1
0
APP_13_Inner_Layer_0:2 0.26666666666666666 0.26666666666666666 1.0 1.27 29 28 3.62 1
0
APP_13_Inner_Layer_1:0 0.26666666666666666 0.26666666666666666 1.0 2.92 11 26 1.41 1
1 2
APP_13_Inner_Layer_1:1 0.2 0.2 0.75 1.41 8 27 3.32 1
3
APP_13_Inner_Layer_2:0 0.6 0.6 2.25 2.34 39 27 2.65 1
4
APP_13_Inner_Layer_2:1 0.13333333333333333 0.13333333333333333 0.5 1.91 42 10 2.24 1
5
APP_13_Output_Layer_0 0.4666666666666667 0.4666666666666667 1.75 1.86 19 44 3.16 1
6 7
3
4.095336164874709
APP_14_Input_Layer_0 0.3333333333333333 0.3333333333333333 1.25 3.81 29 30 1.51 1

APP_14_Inner_Layer_0:0 0.4666666666666667 0.4666666666666667 1.75 3.83 33 28 1.22 1
0
APP_14_Output_Layer_0 0.13333333333333333 0.13333333333333333 0.5 2.64 23 7 3.19 1
1
5
4.375866964133044
APP_15_Input_Layer_0 0.5333333333333333 0.5333333333333333 2.0 3.38 24 49 2.84 1

APP_15_Inner_Layer_0:0 0.4666666666666667 0.4666666666666667 1.75 2.09 9 15 1.28 1
0
APP_15_Inner_Layer_1:0 0.4 0.4 1.5 3.35 36 27 3.81 1
1
APP_15_Inner_Layer_1:1 0.06666666666666667 0.06666666666666667 0.25 3.29 1 37 3.39 1
1
APP_15_Output_Layer_0 0.5333333333333333 0.5333333333333333 2.0 1.71 47 23 1.72 1
2 3
6
4.588114223656943
APP_16_Input_Layer_0 0.3333333333333333 0.3333333333333333 1.25 2.57 33 29 2.1 1

APP_16_Inner_Layer_0:0 0.4666666666666667 0.4666666666666667 1.75 2.22 16 2 1.35 1
0
APP_16_Inner_Layer_0:1 0.26666666666666666 0.26666666666666666 1.0 1.31 15 2 3.42 1
0
APP_16_Inner_Layer_0:2 0.26666666666666666 0.26666666666666666 1.0 2.08 20 41 2.86 1
0
APP_16_Inner_Layer_1:0 0.13333333333333333 0.13333333333333333 0.5 1.18 48 15 1.77 1
1 2 3
APP_16_Output_Layer_0 0.5333333333333333 0.5333333333333333 2.0 3.48 23 13 1.58 1
4
12
4.830707182190731
APP_17_Input_Layer_0 0.06666666666666667 0.06666666666666667 0.25 3.13 41 17 1.41 1

APP_17_Inner_Layer_0:0 0.26666666666666666 0.26666666666666666 1.0 2.59 46 39 2.0 1
0
APP_17_Inner_Layer_0:1 0.5333333333333333 0.5333333333333333 2.0 3.72 31 28 1.07 1
0
APP_17_Inner_Layer_0:2 0.2 0.2 0.75 2.79 46 30 1.13 1
0
APP_17_Inner_Layer_0:3 0.2 0.2 0.75 3.09 16 26 1.89 1
0
APP_17_Inner_Layer_1:0 0.2 0.2 0.75 2.3 46 39 3.51 1
1 2 4
APP_17_Inner_Layer_1:1 0.4 0.4 1.5 1.92 37 36 2.6 1
4
APP_17_Inner_Layer_1:2 0.06666666666666667 0.06666666666666667 0.25 1.24 36 35 2.03 1
1 2 3
APP_17_Inner_Layer_1:3 0.5333333333333333 0.5333333333333333 2.0 3.7 11 17 3.45 1
1 2 3 4
APP_17_Inner_Layer_2:0 0.26666666666666666 0.26666666666666666 1.0 1.5 15 12 1.88 1
6 7 8
APP_17_Inner_Layer_2:1 0.4666666666666667 0.4666666666666667 1.75 3.45 44 41 1.19 1
5
APP_17_Output_Layer_0 0.4666666666666667 0.4666666666666667 1.75 2.14 46 49 1.96 1
9 10
3
5.125046399562139
APP_18_Input_Layer_0 0.4 0.4 1.5 2.74 38 10 3.89 1

APP_18_Inner_Layer_0:0 0.5333333333333333 0.5333333333333333 2.0 2.41 46 6 2.62 1
0
APP_18_Output_Layer_0 0.4 0.4 1.5 1.72 34 44 1.02 1
1
