10
11
3
0
APP_0_Input_Layer_0 0.06666666666666667 0.06666666666666667 0.25 1.15 46 45 1.42 1

APP_0_Inner_Layer_0:0 0.4666666666666667 0.4666666666666667 1.75 2.68 8 46 3.27 1
0
APP_0_Output_Layer_0 0.2 0.2 0.75 1.81 46 44 3.41 1
1
13
0.6010078793608984
APP_1_Input_Layer_0 0.4666666666666667 0.4666666666666667 1.75 3.11 43 3 1.39 1

APP_1_Inner_Layer_0:0 0.5333333333333333 0.5333333333333333 2.0 1.87 37 28 3.48 1
0
APP_1_Inner_Layer_0:1 0.4666666666666667 0.4666666666666667 1.75 1.82 26 31 2.96 1
0
APP_1_Inner_Layer_0:2 0.2 0.2 0.75 2.88 12 12 1.77 1
0
APP_1_Inner_Layer_1:0 0.26666666666666666 0.26666666666666666 1.0 2.2 46 32 3.07 1
1 2
APP_1_Inner_Layer_1:1 0.06666666666666667 0.06666666666666667 0.25 3.82 30 30 1.22 1
2
APP_1_Inner_Layer_1:2 0.13333333333333333 0.13333333333333333 0.5 3.87 8 43 1.18 1
1 3
APP_1_Inner_Layer_2:0 0.06666666666666667 0.06666666666666667 0.25 1.83 49 44 3.4 1
4 5 6
APP_1_Inner_Layer_3:0 0.06666666666666667 0.06666666666666667 0.25 1.3 35 23 2.81 1
7
APP_1_Inner_Layer_3:1 0.2 0.2 0.75 2.59 41 34 2.47 1
7
APP_1_Inner_Layer_3:2 0.4 0.4 1.5 3.52 44 47 2.06 1
7
APP_1_Inner_Layer_3:3 0.26666666666666666 0.26666666666666666 1.0 2.45 39 35 1.22 1
7
APP_1_Output_Layer_0 0.4 0.4 1.5 3.35 13 1 2.65 1
8 9 10 11
10
1.1506031688958034
APP_2_Input_Layer_0 0.5333333333333333 0.5333333333333333 2.0 2.42 17 18 2.17 1

APP_2_Inner_Layer_0:0 0.2 0.2 0.75 3.96 8 12 1.95 1
0
APP_2_Inner_Layer_0:1 0.06666666666666667 0.06666666666666667 0.25 1.78 41 39 3.36 1
0
APP_2_Inner_Layer_0:2 0.5333333333333333 0.5333333333333333 2.0 2.79 24 38 1.27 1
0
APP_2_Inner_Layer_0:3 0.3333333333333333 0.3333333333333333 1.25 3.23 20 37 1.83 1
0
APP_2_Inner_Layer_1:0 0.4 0.4 1.5 1.09 35 9 1.46 1
2
APP_2_Inner_Layer_1:1 0.4 0.4 1.5 1.75 43 8 3.24 1
1 4
APP_2_Inner_Layer_1:2 0.2 0.2 0.75 3.74 29 36 3.23 1
2 3 4
APP_2_Inner_Layer_1:3 0.5333333333333333 0.5333333333333333 2.0 2.92 23 45 3.49 1
1 3
APP_2_Output_Layer_0 0.2 0.2 0.75 2.02 12 33 3.02 1
5 6 7 8
12
1.6235301279496142
APP_3_Input_Layer_0 0.13333333333333333 0.13333333333333333 0.5 3.82 47 7 1.53 1

APP_3_Inner_Layer_0:0 0.5333333333333333 0.5333333333333333 2.0 1.45 2 26 2.85 1
0
APP_3_Inner_Layer_0:1 0.2 0.2 0.75 2.35 24 12 1.82 1
0
APP_3_Inner_Layer_0:2 0.4 0.4 1.5 2.67 46 30 2.99 1
0
APP_3_Inner_Layer_0:3 0.4666666666666667 0.4666666666666667 1.75 1.73 46 3 2.88 1
0
APP_3_Inner_Layer_1:0 0.4666666666666667 0.4666666666666667 1.75 3.44 43 29 2.14 1
1
APP_3_Inner_Layer_1:1 0.13333333333333333 0.13333333333333333 0.5 3.66 44 36 3.13 1
2 3 4
APP_3_Inner_Layer_2:0 0.6 0.6 2.25 2.39 38 20 3.94 1
6
APP_3_Inner_Layer_2:1 0.26666666666666666 0.26666666666666666 1.0 2.77 37 21 1.37 1
6
APP_3_Inner_Layer_2:2 0.13333333333333333 0.13333333333333333 0.5 3.09 15 47 1.29 1
5
APP_3_Inner_Layer_2:3 0.4666666666666667 0.4666666666666667 1.75 3.09 15 23 3.86 1
6
APP_3_Output_Layer_0 0.06666666666666667 0.06666666666666667 0.25 1.2 21 36 1.06 1
7 8 9 10
3
2.079735191400032
APP_4_Input_Layer_0 0.4666666666666667 0.4666666666666667 1.75 2.04 16 29 1.07 1

APP_4_Inner_Layer_0:0 0.26666666666666666 0.26666666666666666 1.0 2.54 24 25 3.72 1
0
APP_4_Output_Layer_0 0.26666666666666666 0.26666666666666666 1.0 2.52 1 38 2.18 1
1
10
2.418538141390291
APP_5_Input_Layer_0 0.26666666666666666 0.26666666666666666 1.0 3.54 25 18 2.18 1

APP_5_Inner_Layer_0:0 0.6 0.6 2.25 1.91 37 38 3.74 1
0
APP_5_Inner_Layer_1:0 0.5333333333333333 0.5333333333333333 2.0 2.98 25 8 1.86 1
1
APP_5_Inner_Layer_2:0 0.06666666666666667 0.06666666666666667 0.25 1.04 20 29 3.48 1
2
APP_5_Inner_Layer_2:1 0.6 0.6 2.25 3.08 7 3 1.64 1
2
APP_5_Inner_Layer_3:0 0.5333333333333333 0.5333333333333333 2.0 3.18 25 38 1.68 1
3
APP_5_Inner_Layer_3:1 0.6 0.6 2.25 2.92 11 24 3.05 1
4
APP_5_Inner_Layer_3:2 0.5333333333333333 0.5333333333333333 2.0 1.49 23 35 3.04 1
3
APP_5_Inner_Layer_3:3 0.4 0.4 1.5 2.14 46 25 2.2 1
3
APP_5_Output_Layer_0 0.26666666666666666 0.26666666666666666 1.0 3.85 19 21 1.21 1
5 6 7 8
6
3.0925139581341385
APP_6_Input_Layer_0 0.6 0.6 2.25 2.34 10 34 2.59 1

APP_6_Inner_Layer_0:0 0.4 0.4 1.5 2.17 39 17 2.92 1
0
APP_6_Inner_Layer_0:1 0.6 0.6 2.25 1.75 33 5 3.32 1
0
APP_6_Inner_Layer_1:0 0.5333333333333333 0.5333333333333333 2.0 1.68 38 49 3.95 1
2
APP_6_Inner_Layer_1:1 0.4 0.4 1.5 2.07 29 17 2.35 1
1
APP_6_Output_Layer_0 0.6 0.6 2.25 3.29 38 21 1.17 1
3 4
9
3.762191789683301
APP_7_Input_Layer_0 0.6 0.6 2.25 3.63 28 28 3.73 1

APP_7_Inner_Layer_0:0 0.4666666666666667 0.4666666666666667 1.75 2.6 28 48 3.42 1
0
APP_7_Inner_Layer_0:1 0.06666666666666667 0.06666666666666667 0.25 2.77 32 34 2.94 1
0
APP_7_Inner_Layer_0:2 0.13333333333333333 0.13333333333333333 0.5 1.49 9 35 2.12 1
0
APP_7_Inner_Layer_0:3 0.5333333333333333 0.5333333333333333 2.0 1.37 21 23 2.19 1
0
APP_7_Inner_Layer_1:0 0.6 0.6 2.25 3.98 14 37 1.07 1
2 4
APP_7_Inner_Layer_1:1 0.2 0.2 0.75 1.85 13 11 1.81 1
1 3
APP_7_Inner_Layer_1:2 0.06666666666666667 0.06666666666666667 0.25 2.54 39 9 3.92 1
1 3 4
APP_7_Output_Layer_0 0.06666666666666667 0.06666666666666667 0.25 2.15 20 8 2.44 1
5 6 7
15
4.628776769868433
APP_8_Input_Layer_0 0.06666666666666667 0.06666666666666667 0.25 1.33 7 9 1.74 1

APP_8_Inner_Layer_0:0 0.4 0.4 1.5 2.06 26 5 3.01 1
0
APP_8_Inner_Layer_0:1 0.13333333333333333 0.13333333333333333 0.5 3.23 33 25 3.7 1
0
APP_8_Inner_Layer_0:2 0.13333333333333333 0.13333333333333333 0.5 1.8 47 12 1.96 1
0
APP_8_Inner_Layer_0:3 0.3333333333333333 0.3333333333333333 1.25 3.27 3 13 2.12 1
0
APP_8_Inner_Layer_1:0 0.06666666666666667 0.06666666666666667 0.25 1.96 35 17 4.0 1
2 3 4
APP_8_Inner_Layer_1:1 0.2 0.2 0.75 3.51 12 27 3.57 1
4
APP_8_Inner_Layer_1:2 0.3333333333333333 0.3333333333333333 1.25 1.47 39 47 3.54 1
1 2
APP_8_Inner_Layer_1:3 0.4666666666666667 0.4666666666666667 1.75 1.73 14 17 3.14 1
2 3
APP_8_Inner_Layer_2:0 0.06666666666666667 0.06666666666666667 0.25 1.64 18 35 1.14 1
5 6 7 8
APP_8_Inner_Layer_2:1 0.5333333333333333 0.5333333333333333 2.0 3.03 32 32 3.46 1
7 8 5
APP_8_Inner_Layer_3:0 0.06666666666666667 0.06666666666666667 0.25 3.87 23 44 3.37 1
9
APP_8_Inner_Layer_3:1 0.13333333333333333 0.13333333333333333 0.5 3.69 38 22 2.89 1
10
APP_8_Inner_Layer_3:2 0.2 0.2 0.75 3.32 15 45 1.45 1
9
APP_8_Output_Layer_0 0.2 0.2 0.75 3.96 21 4 2.02 1
11 12 13
13
5.506773283440256
APP_9_Input_Layer_0 0.26666666666666666 0.26666666666666666 1.0 1.06 15 14 1.8 1

APP_9_Inner_Layer_0:0 0.5333333333333333 0.5333333333333333 2.0 1.49 36 13 3.79 1
0
APP_9_Inner_Layer_0:1 0.3333333333333333 0.3333333333333333 1.25 3.0 46 40 3.86 1
0
APP_9_Inner_Layer_0:2 0.26666666666666666 0.26666666666666666 1.0 2.36 20 30 1.33 1
0
APP_9_Inner_Layer_0:3 0.06666666666666667 0.06666666666666667 0.25 1.76 38 40 3.1 1
0
APP_9_Inner_Layer_1:0 0.6 0.6 2.25 1.01 28 45 3.32 1
1 2 3 4
APP_9_Inner_Layer_2:0 0.5333333333333333 0.5333333333333333 2.0 3.01 45 18 3.31 1
5
APP_9_Inner_Layer_2:1 0.5333333333333333 0.5333333333333333 2.0 2.01 36 30 1.17 1
5
APP_9_Inner_Layer_2:2 0.26666666666666666 0.26666666666666666 1.0 1.13 24 40 3.47 1
5
APP_9_Inner_Layer_3:0 0.26666666666666666 0.26666666666666666 1.0 2.1 11 2 2.51 1
7
APP_9_Inner_Layer_3:1 0.26666666666666666 0.26666666666666666 1.0 3.28 22 24 2.58 1
8
APP_9_Inner_Layer_3:2 0.5333333333333333 0.5333333333333333 2.0 1.77 45 33 2.99 1
6
APP_9_Output_Layer_0 0.4666666666666667 0.4666666666666667 1.75 1.35 13 37 2.69 1
9 10 11
9
5.993547613461138
APP_10_Input_Layer_0 0.6 0.6 2.25 3.41 14 19 3.34 1

APP_10_Inner_Layer_0:0 0.4 0.4 1.5 2.97 24 9 2.31 1
0
APP_10_Inner_Layer_0:1 0.4 0.4 1.5 2.35 22 1 3.2 1
0
APP_10_Inner_Layer_1:0 0.5333333333333333 0.5333333333333333 2.0 1.37 29 48 3.37 1
1 2
APP_10_Inner_Layer_2:0 0.06666666666666667 0.06666666666666667 0.25 1.41 17 40 3.3 1
3
APP_10_Inner_Layer_3:0 0.3333333333333333 0.3333333333333333 1.25 2.53 46 7 2.11 1
4
APP_10_Inner_Layer_3:1 0.5333333333333333 0.5333333333333333 2.0 2.2 18 42 1.32 1
4
APP_10_Inner_Layer_3:2 0.06666666666666667 0.06666666666666667 0.25 2.3 18 7 3.8 1
4
APP_10_Output_Layer_0 0.06666666666666667 0.06666666666666667 0.25 2.96 31 38 1.03 1
5 6 7
