10
11
3
0
APP_0_Input_Layer_0 0.26666666666666666 0.26666666666666666 1.0 3.72 38 39 3.3 1

APP_0_Inner_Layer_0:0 0.06666666666666667 0.06666666666666667 0.25 3.75 34 17 1.65 1
0
APP_0_Output_Layer_0 0.3333333333333333 0.3333333333333333 1.25 1.85 8 22 2.27 1
1
3
0.45270938920554504
APP_1_Input_Layer_0 0.2 0.2 0.75 1.12 10 46 3.69 1

APP_1_Inner_Layer_0:0 0.4666666666666667 0.4666666666666667 1.75 2.88 22 29 1.33 1
0
APP_1_Output_Layer_0 0.3333333333333333 0.3333333333333333 1.25 2.72 2 47 3.58 1
1
12
0.8271738621126896
APP_2_Input_Layer_0 0.13333333333333333 0.13333333333333333 0.5 3.67 32 14 1.95 1

APP_2_Inner_Layer_0:0 0.06666666666666667 0.06666666666666667 0.25 2.73 46 6 3.7 1
0
APP_2_Inner_Layer_0:1 0.26666666666666666 0.26666666666666666 1.0 2.45 47 42 3.03 1
0
APP_2_Inner_Layer_0:2 0.13333333333333333 0.13333333333333333 0.5 2.47 3 46 2.46 1
0
APP_2_Inner_Layer_0:3 0.2 0.2 0.75 3.93 16 11 2.52 1
0
APP_2_Inner_Layer_1:0 0.4 0.4 1.5 2.7 12 40 3.15 1
1 2
APP_2_Inner_Layer_1:1 0.13333333333333333 0.13333333333333333 0.5 1.5 35 36 2.06 1
3 4
APP_2_Inner_Layer_1:2 0.13333333333333333 0.13333333333333333 0.5 1.82 17 34 1.56 1
1 2
APP_2_Inner_Layer_2:0 0.26666666666666666 0.26666666666666666 1.0 2.76 20 13 1.37 1
5
APP_2_Inner_Layer_2:1 0.2 0.2 0.75 3.97 44 35 3.45 1
6 7
APP_2_Inner_Layer_3:0 0.26666666666666666 0.26666666666666666 1.0 2.66 23 12 2.07 1
8 9
APP_2_Output_Layer_0 0.5333333333333333 0.5333333333333333 2.0 1.71 46 27 1.91 1
10
9
1.2027070868507597
APP_3_Input_Layer_0 0.4666666666666667 0.4666666666666667 1.75 3.35 26 24 2.3 1

APP_3_Inner_Layer_0:0 0.5333333333333333 0.5333333333333333 2.0 2.45 39 31 1.07 1
0
APP_3_Inner_Layer_0:1 0.2 0.2 0.75 1.89 48 44 3.69 1
0
APP_3_Inner_Layer_0:2 0.2 0.2 0.75 1.85 20 19 1.12 1
0
APP_3_Inner_Layer_0:3 0.3333333333333333 0.3333333333333333 1.25 1.83 49 42 1.26 1
0
APP_3_Inner_Layer_1:0 0.6 0.6 2.25 3.71 29 35 3.67 1
1 2 3 4
APP_3_Inner_Layer_1:1 0.2 0.2 0.75 3.54 37 8 3.37 1
3
APP_3_Inner_Layer_1:2 0.3333333333333333 0.3333333333333333 1.25 3.12 37 40 3.89 1
1 2
APP_3_Output_Layer_0 0.26666666666666666 0.26666666666666666 1.0 1.95 8 2 2.71 1
5 6 7
14
1.928426282718518
APP_4_Input_Layer_0 0.4 0.4 1.5 2.03 49 11 2.8 1

APP_4_Inner_Layer_0:0 0.06666666666666667 0.06666666666666667 0.25 2.33 8 28 2.8 1
0
APP_4_Inner_Layer_0:1 0.6 0.6 2.25 1.33 21 34 2.95 1
0
APP_4_Inner_Layer_0:2 0.26666666666666666 0.26666666666666666 1.0 3.91 8 19 2.73 1
0
APP_4_Inner_Layer_0:3 0.13333333333333333 0.13333333333333333 0.5 1.99 12 48 1.86 1
0
APP_4_Inner_Layer_1:0 0.5333333333333333 0.5333333333333333 2.0 1.23 34 21 3.74 1
4
APP_4_Inner_Layer_1:1 0.3333333333333333 0.3333333333333333 1.25 1.13 35 37 2.57 1
4
APP_4_Inner_Layer_1:2 0.3333333333333333 0.3333333333333333 1.25 1.89 7 40 1.58 1
2
APP_4_Inner_Layer_1:3 0.2 0.2 0.75 3.85 42 5 2.82 1
1 2 3 4
APP_4_Inner_Layer_2:0 0.5333333333333333 0.5333333333333333 2.0 3.6 13 39 3.84 1
6 7
APP_4_Inner_Layer_2:1 0.6 0.6 2.25 2.69 32 22 2.74 1
5 8
APP_4_Inner_Layer_2:2 0.2 0.2 0.75 1.04 17 49 1.14 1
6 8
APP_4_Inner_Layer_3:0 0.5333333333333333 0.5333333333333333 2.0 3.92 14 41 1.39 1
9 10 11
APP_4_Output_Layer_0 0.4 0.4 1.5 1.77 13 12 2.78 1
12
6
2.6882729223777506
APP_5_Input_Layer_0 0.13333333333333333 0.13333333333333333 0.5 2.25 7 1 1.42 1

APP_5_Inner_Layer_0:0 0.06666666666666667 0.06666666666666667 0.25 2.22 31 14 2.79 1
0
APP_5_Inner_Layer_0:1 0.06666666666666667 0.06666666666666667 0.25 3.53 15 23 1.05 1
0
APP_5_Inner_Layer_0:2 0.2 0.2 0.75 3.95 47 4 3.85 1
0
APP_5_Inner_Layer_0:3 0.4 0.4 1.5 3.29 43 36 2.82 1
0
APP_5_Output_Layer_0 0.6 0.6 2.25 3.85 28 22 2.27 1
1 2 3 4
9
3.0680121931903477
APP_6_Input_Layer_0 0.4 0.4 1.5 1.83 20 35 2.6 1

APP_6_Inner_Layer_0:0 0.06666666666666667 0.06666666666666667 0.25 3.07 38 20 2.2 1
0
APP_6_Inner_Layer_0:1 0.3333333333333333 0.3333333333333333 1.25 1.1 32 12 3.09 1
0
APP_6_Inner_Layer_0:2 0.5333333333333333 0.5333333333333333 2.0 1.31 12 32 1.99 1
0
APP_6_Inner_Layer_1:0 0.6 0.6 2.25 1.15 43 5 3.02 1
1 2 3
APP_6_Inner_Layer_2:0 0.4 0.4 1.5 2.66 47 44 3.61 1
4
APP_6_Inner_Layer_2:1 0.4 0.4 1.5 1.13 45 1 2.36 1
4
APP_6_Inner_Layer_3:0 0.6 0.6 2.25 2.08 34 10 1.9 1
5 6
APP_6_Output_Layer_0 0.4666666666666667 0.4666666666666667 1.75 1.99 18 6 1.2 1
7
4
3.742822624195303
APP_7_Input_Layer_0 0.13333333333333333 0.13333333333333333 0.5 2.07 24 3 1.91 1

APP_7_Inner_Layer_0:0 0.13333333333333333 0.13333333333333333 0.5 1.81 7 43 2.22 1
0
APP_7_Inner_Layer_0:1 0.4666666666666667 0.4666666666666667 1.75 2.19 33 49 1.01 1
0
APP_7_Output_Layer_0 0.4 0.4 1.5 1.09 26 5 3.59 1
1 2
14
4.454913840539787
APP_8_Input_Layer_0 0.2 0.2 0.75 2.49 20 49 1.58 1

APP_8_Inner_Layer_0:0 0.2 0.2 0.75 3.79 3 16 1.34 1
0
APP_8_Inner_Layer_0:1 0.26666666666666666 0.26666666666666666 1.0 1.89 6 32 1.61 1
0
APP_8_Inner_Layer_0:2 0.13333333333333333 0.13333333333333333 0.5 1.7 26 47 1.42 1
0
APP_8_Inner_Layer_0:3 0.4666666666666667 0.4666666666666667 1.75 2.41 19 15 3.32 1
0
APP_8_Inner_Layer_1:0 0.26666666666666666 0.26666666666666666 1.0 1.21 14 4 1.27 1
2 3
APP_8_Inner_Layer_1:1 0.5333333333333333 0.5333333333333333 2.0 3.19 31 43 2.99 1
1 2 3
APP_8_Inner_Layer_1:2 0.26666666666666666 0.26666666666666666 1.0 1.23 27 19 2.27 1
4
APP_8_Inner_Layer_2:0 0.4666666666666667 0.4666666666666667 1.75 2.87 5 37 3.6 1
5
APP_8_Inner_Layer_2:1 0.4 0.4 1.5 1.42 1 1 1.55 1
6 7
APP_8_Inner_Layer_2:2 0.5333333333333333 0.5333333333333333 2.0 3.43 11 36 3.03 1
5
APP_8_Inner_Layer_3:0 0.6 0.6 2.25 1.49 3 38 2.29 1
10
APP_8_Inner_Layer_3:1 0.4666666666666667 0.4666666666666667 1.75 1.32 39 49 2.77 1
8 9
APP_8_Output_Layer_0 0.4666666666666667 0.4666666666666667 1.75 2.75 1 6 1.27 1
11 12
5
5.020463337149591
APP_9_Input_Layer_0 0.4 0.4 1.5 3.35 15 1 1.12 1

APP_9_Inner_Layer_0:0 0.2 0.2 0.75 1.53 32 48 1.69 1
0
APP_9_Inner_Layer_0:1 0.3333333333333333 0.3333333333333333 1.25 1.53 24 46 3.96 1
0
APP_9_Inner_Layer_0:2 0.13333333333333333 0.13333333333333333 0.5 1.21 26 38 3.36 1
0
APP_9_Output_Layer_0 0.4 0.4 1.5 2.79 32 47 2.39 1
1 2 3
10
5.922687359020463
APP_10_Input_Layer_0 0.2 0.2 0.75 1.5 19 45 2.8 1

APP_10_Inner_Layer_0:0 0.3333333333333333 0.3333333333333333 1.25 3.78 12 13 3.07 1
0
APP_10_Inner_Layer_0:1 0.06666666666666667 0.06666666666666667 0.25 2.55 5 47 2.48 1
0
APP_10_Inner_Layer_0:2 0.2 0.2 0.75 2.64 20 21 3.13 1
0
APP_10_Inner_Layer_1:0 0.3333333333333333 0.3333333333333333 1.25 1.48 28 23 1.71 1
1
APP_10_Inner_Layer_1:1 0.26666666666666666 0.26666666666666666 1.0 3.77 17 36 3.3 1
2
APP_10_Inner_Layer_1:2 0.4666666666666667 0.4666666666666667 1.75 2.81 27 7 3.55 1
1 3
APP_10_Inner_Layer_2:0 0.4 0.4 1.5 3.44 4 26 1.53 1
4 5
APP_10_Inner_Layer_2:1 0.3333333333333333 0.3333333333333333 1.25 2.44 33 37 3.46 1
6
APP_10_Output_Layer_0 0.3333333333333333 0.3333333333333333 1.25 3.25 30 41 2.69 1
7 8
