10
11
7
0
APP_0_Input_Layer_0 0.6 0.6 2.25 3.11 19 33 1.17 1

APP_0_Inner_Layer_0:0 0.26666666666666666 0.26666666666666666 1.0 1.58 18 28 1.8 1
0
APP_0_Inner_Layer_0:1 0.4666666666666667 0.4666666666666667 1.75 1.14 13 32 2.74 1
0
APP_0_Inner_Layer_0:2 0.5333333333333333 0.5333333333333333 2.0 1.91 24 45 3.15 1
0
APP_0_Inner_Layer_0:3 0.26666666666666666 0.26666666666666666 1.0 1.82 27 32 1.95 1
0
APP_0_Inner_Layer_1:0 0.5333333333333333 0.5333333333333333 2.0 3.17 43 19 3.72 1
1 2 3 4
APP_0_Output_Layer_0 0.6 0.6 2.25 2.53 19 4 3.6 1
5
10
0.7256476516536072
APP_1_Input_Layer_0 0.4 0.4 1.5 2.07 37 2 1.18 1

APP_1_Inner_Layer_0:0 0.3333333333333333 0.3333333333333333 1.25 3.05 30 7 1.8 1
0
APP_1_Inner_Layer_0:1 0.13333333333333333 0.13333333333333333 0.5 1.16 38 42 1.12 1
0
APP_1_Inner_Layer_0:2 0.5333333333333333 0.5333333333333333 2.0 3.96 34 14 3.06 1
0
APP_1_Inner_Layer_0:3 0.5333333333333333 0.5333333333333333 2.0 2.67 36 5 3.34 1
0
APP_1_Inner_Layer_1:0 0.2 0.2 0.75 1.42 22 5 2.06 1
2 1
APP_1_Inner_Layer_1:1 0.5333333333333333 0.5333333333333333 2.0 2.18 49 4 3.35 1
3
APP_1_Inner_Layer_1:2 0.5333333333333333 0.5333333333333333 2.0 2.13 18 7 2.85 1
1 2 3
APP_1_Inner_Layer_1:3 0.26666666666666666 0.26666666666666666 1.0 3.16 45 28 3.16 1
2 3 4
APP_1_Output_Layer_0 0.2 0.2 0.75 3.04 6 43 3.58 1
5 6 7 8
4
1.1546659812019477
APP_2_Input_Layer_0 0.13333333333333333 0.13333333333333333 0.5 1.57 33 38 1.76 1

APP_2_Inner_Layer_0:0 0.3333333333333333 0.3333333333333333 1.25 3.28 32 2 3.11 1
0
APP_2_Inner_Layer_0:1 0.2 0.2 0.75 2.33 7 40 1.75 1
0
APP_2_Output_Layer_0 0.6 0.6 2.25 1.91 38 3 1.11 1
1 2
9
1.521340764644822
APP_3_Input_Layer_0 0.13333333333333333 0.13333333333333333 0.5 2.9 43 48 2.2 1

APP_3_Inner_Layer_0:0 0.5333333333333333 0.5333333333333333 2.0 1.43 22 40 2.74 1
0
APP_3_Inner_Layer_0:1 0.2 0.2 0.75 3.39 17 19 1.06 1
0
APP_3_Inner_Layer_1:0 0.26666666666666666 0.26666666666666666 1.0 3.07 34 4 3.56 1
1 2
APP_3_Inner_Layer_1:1 0.4666666666666667 0.4666666666666667 1.75 2.1 18 5 2.9 1
1
APP_3_Inner_Layer_1:2 0.3333333333333333 0.3333333333333333 1.25 2.7 2 39 3.91 1
1 2
APP_3_Inner_Layer_2:0 0.2 0.2 0.75 3.34 4 5 3.29 1
3 4 5
APP_3_Inner_Layer_3:0 0.13333333333333333 0.13333333333333333 0.5 3.88 31 17 2.81 1
6
APP_3_Output_Layer_0 0.4 0.4 1.5 3.78 39 32 3.21 1
7
15
1.9492824134482152
APP_4_Input_Layer_0 0.3333333333333333 0.3333333333333333 1.25 3.92 8 36 3.26 1

APP_4_Inner_Layer_0:0 0.4 0.4 1.5 3.77 30 36 3.93 1
0
APP_4_Inner_Layer_0:1 0.6 0.6 2.25 2.01 38 17 1.87 1
0
APP_4_Inner_Layer_0:2 0.3333333333333333 0.3333333333333333 1.25 3.39 32 28 3.29 1
0
APP_4_Inner_Layer_0:3 0.06666666666666667 0.06666666666666667 0.25 1.83 2 21 1.92 1
0
APP_4_Inner_Layer_1:0 0.4666666666666667 0.4666666666666667 1.75 2.1 45 2 1.15 1
1 2 4
APP_4_Inner_Layer_1:1 0.06666666666666667 0.06666666666666667 0.25 2.31 48 34 2.86 1
4
APP_4_Inner_Layer_1:2 0.06666666666666667 0.06666666666666667 0.25 2.49 5 8 3.54 1
2 3
APP_4_Inner_Layer_2:0 0.4666666666666667 0.4666666666666667 1.75 2.45 1 31 3.18 1
5 6
APP_4_Inner_Layer_2:1 0.06666666666666667 0.06666666666666667 0.25 1.71 1 40 1.56 1
7
APP_4_Inner_Layer_3:0 0.5333333333333333 0.5333333333333333 2.0 1.85 44 10 1.46 1
8 9
APP_4_Inner_Layer_3:1 0.5333333333333333 0.5333333333333333 2.0 1.25 3 5 3.72 1
8
APP_4_Inner_Layer_3:2 0.4666666666666667 0.4666666666666667 1.75 1.34 8 47 1.04 1
8
APP_4_Inner_Layer_3:3 0.4 0.4 1.5 1.26 29 5 1.75 1
9
APP_4_Output_Layer_0 0.3333333333333333 0.3333333333333333 1.25 2.85 21 15 3.66 1
10 11 12 13
15
2.680714785574434
APP_5_Input_Layer_0 0.4 0.4 1.5 2.88 35 6 1.32 1

APP_5_Inner_Layer_0:0 0.6 0.6 2.25 1.71 49 33 3.3 1
0
APP_5_Inner_Layer_0:1 0.26666666666666666 0.26666666666666666 1.0 3.31 23 18 2.22 1
0
APP_5_Inner_Layer_0:2 0.6 0.6 2.25 3.02 49 37 3.33 1
0
APP_5_Inner_Layer_0:3 0.5333333333333333 0.5333333333333333 2.0 2.19 47 29 3.87 1
0
APP_5_Inner_Layer_1:0 0.5333333333333333 0.5333333333333333 2.0 1.64 32 49 1.47 1
4
APP_5_Inner_Layer_1:1 0.4 0.4 1.5 1.99 16 3 2.54 1
4
APP_5_Inner_Layer_1:2 0.4 0.4 1.5 2.55 46 20 2.19 1
3 4
APP_5_Inner_Layer_1:3 0.4666666666666667 0.4666666666666667 1.75 3.59 44 48 2.44 1
1 2
APP_5_Inner_Layer_2:0 0.2 0.2 0.75 1.92 15 39 3.45 1
5 6 7 8
APP_5_Inner_Layer_3:0 0.26666666666666666 0.26666666666666666 1.0 3.2 10 27 2.48 1
9
APP_5_Inner_Layer_3:1 0.5333333333333333 0.5333333333333333 2.0 2.59 46 4 3.01 1
9
APP_5_Inner_Layer_3:2 0.2 0.2 0.75 1.1 34 49 3.71 1
9
APP_5_Inner_Layer_3:3 0.26666666666666666 0.26666666666666666 1.0 1.05 15 22 2.15 1
9
APP_5_Output_Layer_0 0.2 0.2 0.75 2.21 24 44 1.39 1
10 11 12 13
10
3.023598148953651
APP_6_Input_Layer_0 0.4666666666666667 0.4666666666666667 1.75 2.77 1 10 3.97 1

APP_6_Inner_Layer_0:0 0.2 0.2 0.75 1.38 48 38 2.69 1
0
APP_6_Inner_Layer_0:1 0.4 0.4 1.5 2.49 16 49 1.47 1
0
APP_6_Inner_Layer_0:2 0.3333333333333333 0.3333333333333333 1.25 1.75 24 14 3.61 1
0
APP_6_Inner_Layer_0:3 0.06666666666666667 0.06666666666666667 0.25 3.96 37 44 1.87 1
0
APP_6_Inner_Layer_1:0 0.5333333333333333 0.5333333333333333 2.0 2.38 46 42 2.67 1
1 2 3 4
APP_6_Inner_Layer_2:0 0.4666666666666667 0.4666666666666667 1.75 2.65 48 15 2.76 1
5
APP_6_Inner_Layer_2:1 0.2 0.2 0.75 3.72 25 11 2.51 1
5
APP_6_Inner_Layer_3:0 0.3333333333333333 0.3333333333333333 1.25 3.09 46 32 2.25 1
6 7
APP_6_Output_Layer_0 0.5333333333333333 0.5333333333333333 2.0 3.33 4 21 2.16 0
8
8
3.7717108026858934
APP_7_Input_Layer_0 0.6 0.6 2.25 3.24 49 28 3.02 1

APP_7_Inner_Layer_0:0 0.3333333333333333 0.3333333333333333 1.25 1.08 45 6 3.85 1
0
APP_7_Inner_Layer_1:0 0.4 0.4 1.5 3.88 28 42 3.64 1
1
APP_7_Inner_Layer_1:1 0.5333333333333333 0.5333333333333333 2.0 2.23 20 13 1.51 1
1
APP_7_Inner_Layer_2:0 0.3333333333333333 0.3333333333333333 1.25 1.02 43 20 1.35 1
2 3
APP_7_Inner_Layer_3:0 0.06666666666666667 0.06666666666666667 0.25 1.21 38 37 3.74 1
4
APP_7_Inner_Layer_3:1 0.5333333333333333 0.5333333333333333 2.0 1.19 22 7 1.73 1
4
APP_7_Output_Layer_0 0.13333333333333333 0.13333333333333333 0.5 2.01 3 19 2.72 1
5 6
6
4.475274690245292
APP_8_Input_Layer_0 0.4 0.4 1.5 1.78 5 35 2.14 1

APP_8_Inner_Layer_0:0 0.6 0.6 2.25 2.16 42 29 3.48 1
0
APP_8_Inner_Layer_0:1 0.13333333333333333 0.13333333333333333 0.5 2.79 45 23 3.31 1
0
APP_8_Inner_Layer_0:2 0.26666666666666666 0.26666666666666666 1.0 2.36 24 32 1.62 1
0
APP_8_Inner_Layer_0:3 0.5333333333333333 0.5333333333333333 2.0 2.61 9 5 1.87 1
0
APP_8_Output_Layer_0 0.4 0.4 1.5 2.05 29 47 2.0 1
1 2 3 4
9
5.104726929942641
APP_9_Input_Layer_0 0.26666666666666666 0.26666666666666666 1.0 1.98 28 13 2.7 1

APP_9_Inner_Layer_0:0 0.06666666666666667 0.06666666666666667 0.25 2.39 39 37 3.19 1
0
APP_9_Inner_Layer_0:1 0.13333333333333333 0.13333333333333333 0.5 1.26 39 27 1.49 1
0
APP_9_Inner_Layer_0:2 0.2 0.2 0.75 3.33 43 37 2.85 1
0
APP_9_Inner_Layer_1:0 0.26666666666666666 0.26666666666666666 1.0 3.92 14 27 1.09 1
2 3
APP_9_Inner_Layer_1:1 0.4 0.4 1.5 1.22 17 49 3.37 1
2 3
APP_9_Inner_Layer_1:2 0.2 0.2 0.75 1.97 40 11 1.19 1
1 2
APP_9_Inner_Layer_1:3 0.06666666666666667 0.06666666666666667 0.25 2.48 1 36 3.06 1
1
APP_9_Output_Layer_0 0.4 0.4 1.5 1.42 16 40 2.17 1
4 5 6 7
13
5.955430917995496
APP_10_Input_Layer_0 0.26666666666666666 0.26666666666666666 1.0 3.76 25 28 1.22 1

APP_10_Inner_Layer_0:0 0.4666666666666667 0.4666666666666667 1.75 2.78 48 40 3.45 1
0
APP_10_Inner_Layer_1:0 0.4666666666666667 0.4666666666666667 1.75 1.81 4 19 2.46 1
1
APP_10_Inner_Layer_1:1 0.4666666666666667 0.4666666666666667 1.75 2.13 45 38 2.39 1
1
APP_10_Inner_Layer_2:0 0.4666666666666667 0.4666666666666667 1.75 2.78 47 29 2.78 1
2
APP_10_Inner_Layer_2:1 0.3333333333333333 0.3333333333333333 1.25 1.5 19 46 2.48 1
2 3
APP_10_Inner_Layer_2:2 0.06666666666666667 0.06666666666666667 0.25 1.95 34 6 3.76 1
2 3
APP_10_Inner_Layer_2:3 0.26666666666666666 0.26666666666666666 1.0 1.54 2 41 2.08 1
2
APP_10_Inner_Layer_3:0 0.26666666666666666 0.26666666666666666 1.0 2.26 29 29 3.15 1
4 6 7
APP_10_Inner_Layer_3:1 0.4 0.4 1.5 2.49 48 11 1.54 1
4
APP_10_Inner_Layer_3:2 0.6 0.6 2.25 3.82 30 30 1.09 1
6 7
APP_10_Inner_Layer_3:3 0.4 0.4 1.5 1.63 25 31 1.24 1
5 6
APP_10_Output_Layer_0 0.4 0.4 1.5 1.0 28 16 1.22 1
8 9 10 11
