10
11
8
0
APP_0_Input_Layer_0 0.2 0.2 0.75 1.45 2 27 3.19 1

APP_0_Inner_Layer_0:0 0.6 0.6 2.25 2.14 49 25 1.56 1
0
APP_0_Inner_Layer_1:0 0.13333333333333333 0.13333333333333333 0.5 1.85 26 21 2.41 1
1
APP_0_Inner_Layer_1:1 0.4 0.4 1.5 2.68 11 26 1.25 1
1
APP_0_Inner_Layer_1:2 0.6 0.6 2.25 2.2 15 36 2.92 1
1
APP_0_Inner_Layer_2:0 0.26666666666666666 0.26666666666666666 1.0 3.53 28 20 3.21 1
2 4
APP_0_Inner_Layer_2:1 0.06666666666666667 0.06666666666666667 0.25 1.78 42 29 2.44 1
3
APP_0_Output_Layer_0 0.5333333333333333 0.5333333333333333 2.0 1.31 23 14 2.19 1
5 6
5
0.4693741882288356
APP_1_Input_Layer_0 0.06666666666666667 0.06666666666666667 0.25 2.85 18 34 3.57 1

APP_1_Inner_Layer_0:0 0.6 0.6 2.25 3.55 23 27 1.39 1
0
APP_1_Inner_Layer_0:1 0.2 0.2 0.75 2.18 32 19 2.5 1
0
APP_1_Inner_Layer_0:2 0.6 0.6 2.25 2.77 28 47 3.74 1
0
APP_1_Output_Layer_0 0.4 0.4 1.5 3.03 43 36 2.68 1
1 2 3
12
1.0057132087579586
APP_2_Input_Layer_0 0.13333333333333333 0.13333333333333333 0.5 1.18 29 15 1.13 1

APP_2_Inner_Layer_0:0 0.2 0.2 0.75 3.11 19 2 3.93 1
0
APP_2_Inner_Layer_0:1 0.06666666666666667 0.06666666666666667 0.25 1.04 42 18 2.67 1
0
APP_2_Inner_Layer_0:2 0.06666666666666667 0.06666666666666667 0.25 1.83 41 48 1.97 1
0
APP_2_Inner_Layer_1:0 0.3333333333333333 0.3333333333333333 1.25 2.6 24 15 3.6 1
3
APP_2_Inner_Layer_1:1 0.4 0.4 1.5 3.66 44 4 3.24 1
2
APP_2_Inner_Layer_1:2 0.13333333333333333 0.13333333333333333 0.5 1.61 32 2 1.75 1
1 2
APP_2_Inner_Layer_2:0 0.06666666666666667 0.06666666666666667 0.25 3.26 28 48 2.17 1
4 5
APP_2_Inner_Layer_2:1 0.4 0.4 1.5 2.33 32 16 3.46 1
4
APP_2_Inner_Layer_2:2 0.5333333333333333 0.5333333333333333 2.0 1.52 42 16 3.75 1
6
APP_2_Inner_Layer_2:3 0.26666666666666666 0.26666666666666666 1.0 3.75 48 18 2.06 1
6
APP_2_Output_Layer_0 0.4666666666666667 0.4666666666666667 1.75 1.5 41 38 3.42 1
7 8 9 10
3
1.8900577278100934
APP_3_Input_Layer_0 0.06666666666666667 0.06666666666666667 0.25 1.56 27 22 3.37 1

APP_3_Inner_Layer_0:0 0.13333333333333333 0.13333333333333333 0.5 3.91 46 12 3.66 1
0
APP_3_Output_Layer_0 0.4666666666666667 0.4666666666666667 1.75 1.97 30 4 3.65 1
1
11
2.277480266565602
APP_4_Input_Layer_0 0.13333333333333333 0.13333333333333333 0.5 1.3 45 31 2.94 1

APP_4_Inner_Layer_0:0 0.4 0.4 1.5 1.4 28 16 1.26 1
0
APP_4_Inner_Layer_0:1 0.4 0.4 1.5 3.04 48 38 3.66 1
0
APP_4_Inner_Layer_0:2 0.6 0.6 2.25 2.36 37 47 3.82 1
0
APP_4_Inner_Layer_1:0 0.4666666666666667 0.4666666666666667 1.75 3.64 39 44 2.42 1
1 2 3
APP_4_Inner_Layer_2:0 0.3333333333333333 0.3333333333333333 1.25 2.1 15 23 1.43 1
4
APP_4_Inner_Layer_2:1 0.4666666666666667 0.4666666666666667 1.75 2.94 23 2 2.99 1
4
APP_4_Inner_Layer_2:2 0.4 0.4 1.5 2.58 42 10 1.63 1
4
APP_4_Inner_Layer_2:3 0.4 0.4 1.5 1.23 48 34 2.94 1
4
APP_4_Inner_Layer_3:0 0.06666666666666667 0.06666666666666667 0.25 2.05 39 19 1.81 1
5 6 7 8
APP_4_Output_Layer_0 0.6 0.6 2.25 2.01 22 26 3.81 1
9
9
2.8049016711691404
APP_5_Input_Layer_0 0.6 0.6 2.25 1.78 42 48 2.37 0

APP_5_Inner_Layer_0:0 0.4666666666666667 0.4666666666666667 1.75 2.01 35 1 1.35 1
0
APP_5_Inner_Layer_0:1 0.2 0.2 0.75 2.37 1 24 1.06 1
0
APP_5_Inner_Layer_0:2 0.13333333333333333 0.13333333333333333 0.5 1.92 47 43 2.06 1
0
APP_5_Inner_Layer_1:0 0.6 0.6 2.25 2.56 13 47 3.05 1
2 3
APP_5_Inner_Layer_1:1 0.4 0.4 1.5 2.33 33 5 2.08 1
1 3
APP_5_Inner_Layer_1:2 0.5333333333333333 0.5333333333333333 2.0 2.71 47 14 1.6 1
2
APP_5_Inner_Layer_1:3 0.6 0.6 2.25 3.88 46 18 1.35 1
2
APP_5_Output_Layer_0 0.3333333333333333 0.3333333333333333 1.25 2.08 27 34 3.76 1
4 5 6 7
11
3.5442302679666384
APP_6_Input_Layer_0 0.26666666666666666 0.26666666666666666 1.0 1.15 8 4 1.46 0

APP_6_Inner_Layer_0:0 0.3333333333333333 0.3333333333333333 1.25 2.18 24 37 2.15 1
0
APP_6_Inner_Layer_0:1 0.2 0.2 0.75 2.57 32 8 3.38 1
0
APP_6_Inner_Layer_0:2 0.2 0.2 0.75 3.96 43 46 1.97 1
0
APP_6_Inner_Layer_0:3 0.13333333333333333 0.13333333333333333 0.5 2.56 37 20 2.16 1
0
APP_6_Inner_Layer_1:0 0.06666666666666667 0.06666666666666667 0.25 1.64 39 46 1.29 1
3
APP_6_Inner_Layer_1:1 0.2 0.2 0.75 3.78 15 48 3.66 1
1 2 4
APP_6_Inner_Layer_2:0 0.26666666666666666 0.26666666666666666 1.0 2.19 35 22 2.6 1
5
APP_6_Inner_Layer_2:1 0.4 0.4 1.5 3.64 41 11 2.14 1
5
APP_6_Inner_Layer_2:2 0.26666666666666666 0.26666666666666666 1.0 3.36 17 7 1.84 1
5 6
APP_6_Output_Layer_0 0.4666666666666667 0.4666666666666667 1.75 2.6 15 8 2.78 1
7 8 9
6
4.0516541248327
APP_7_Input_Layer_0 0.4666666666666667 0.4666666666666667 1.75 2.04 38 29 3.8 1

APP_7_Inner_Layer_0:0 0.06666666666666667 0.06666666666666667 0.25 2.96 48 31 1.6 1
0
APP_7_Inner_Layer_0:1 0.13333333333333333 0.13333333333333333 0.5 3.54 17 28 2.82 1
0
APP_7_Inner_Layer_1:0 0.4 0.4 1.5 1.26 31 15 2.7 1
2
APP_7_Inner_Layer_1:1 0.3333333333333333 0.3333333333333333 1.25 1.93 1 39 2.55 1
1 2
APP_7_Output_Layer_0 0.2 0.2 0.75 1.26 2 10 3.74 1
3 4
4
4.930769720428977
APP_8_Input_Layer_0 0.4 0.4 1.5 1.25 20 9 2.81 1

APP_8_Inner_Layer_0:0 0.4 0.4 1.5 3.68 48 20 1.52 1
0
APP_8_Inner_Layer_0:1 0.4666666666666667 0.4666666666666667 1.75 3.19 41 39 2.75 1
0
APP_8_Output_Layer_0 0.13333333333333333 0.13333333333333333 0.5 1.19 27 18 2.24 1
1 2
7
5.2760801511143836
APP_9_Input_Layer_0 0.26666666666666666 0.26666666666666666 1.0 1.51 37 43 2.89 1

APP_9_Inner_Layer_0:0 0.2 0.2 0.75 2.24 46 30 1.01 1
0
APP_9_Inner_Layer_0:1 0.26666666666666666 0.26666666666666666 1.0 2.31 46 35 2.58 1
0
APP_9_Inner_Layer_0:2 0.4 0.4 1.5 2.27 41 4 3.71 1
0
APP_9_Inner_Layer_1:0 0.3333333333333333 0.3333333333333333 1.25 1.86 19 5 3.95 1
1 2 3
APP_9_Inner_Layer_1:1 0.3333333333333333 0.3333333333333333 1.25 3.28 49 30 2.35 1
2 3
APP_9_Output_Layer_0 0.4666666666666667 0.4666666666666667 1.75 2.1 20 1 1.03 0
4 5
12
5.709814581035019
APP_10_Input_Layer_0 0.5333333333333333 0.5333333333333333 2.0 1.18 3 20 3.23 1

APP_10_Inner_Layer_0:0 0.4 0.4 1.5 1.91 19 46 2.16 1
0
APP_10_Inner_Layer_0:1 0.4666666666666667 0.4666666666666667 1.75 3.04 26 1 3.62 1
0
APP_10_Inner_Layer_0:2 0.26666666666666666 0.26666666666666666 1.0 2.03 30 45 3.23 1
0
APP_10_Inner_Layer_0:3 0.26666666666666666 0.26666666666666666 1.0 1.46 36 23 3.85 1
0
APP_10_Inner_Layer_1:0 0.3333333333333333 0.3333333333333333 1.25 2.34 33 36 2.39 1
1 3 4
APP_10_Inner_Layer_1:1 0.2 0.2 0.75 3.5 26 19 1.17 1
2
APP_10_Inner_Layer_2:0 0.2 0.2 0.75 3.64 44 22 1.17 1
6
APP_10_Inner_Layer_2:1 0.13333333333333333 0.13333333333333333 0.5 3.97 29 9 2.34 1
6
APP_10_Inner_Layer_2:2 0.4666666666666667 0.4666666666666667 1.75 3.59 2 33 1.15 1
5
APP_10_Inner_Layer_2:3 0.5333333333333333 0.5333333333333333 2.0 2.53 18 44 1.13 1
5 6
APP_10_Output_Layer_0 0.3333333333333333 0.3333333333333333 1.25 1.79 15 18 2.82 1
7 8 9 10
