10
11
4
0
APP_0_Input_Layer_0 0.3333333333333333 0.3333333333333333 1.25 3.56 44 30 2.7 1

APP_0_Inner_Layer_0:0 0.2 0.2 0.75 2.45 31 38 2.28 1
0
APP_0_Inner_Layer_1:0 0.3333333333333333 0.3333333333333333 1.25 2.35 1 6 3.23 1
1
APP_0_Output_Layer_0 0.3333333333333333 0.3333333333333333 1.25 2.04 4 47 2.7 1
2
12
0.5468066513892672
APP_1_Input_Layer_0 0.3333333333333333 0.3333333333333333 1.25 2.35 35 46 2.01 1

APP_1_Inner_Layer_0:0 0.06666666666666667 0.06666666666666667 0.25 1.87 22 37 2.13 1
0
APP_1_Inner_Layer_0:1 0.2 0.2 0.75 3.86 32 35 1.93 1
0
APP_1_Inner_Layer_1:0 0.2 0.2 0.75 2.09 12 17 3.7 1
2
APP_1_Inner_Layer_1:1 0.5333333333333333 0.5333333333333333 2.0 3.26 46 38 3.85 1
1
APP_1_Inner_Layer_2:0 0.4666666666666667 0.4666666666666667 1.75 3.42 15 29 1.3 1
3
APP_1_Inner_Layer_2:1 0.13333333333333333 0.13333333333333333 0.5 1.67 42 36 2.71 1
3
APP_1_Inner_Layer_2:2 0.6 0.6 2.25 1.78 15 39 2.48 1
4
APP_1_Inner_Layer_2:3 0.6 0.6 2.25 1.96 20 7 1.84 1
3 4
APP_1_Inner_Layer_3:0 0.4666666666666667 0.4666666666666667 1.75 3.63 2 8 1.96 1
5
APP_1_Inner_Layer_3:1 0.4 0.4 1.5 3.07 49 35 2.12 1
6 7 8
APP_1_Output_Layer_0 0.26666666666666666 0.26666666666666666 1.0 2.94 23 3 2.05 1
9 10
8
1.2625264972322636
APP_2_Input_Layer_0 0.5333333333333333 0.5333333333333333 2.0 3.2 42 5 3.89 1

APP_2_Inner_Layer_0:0 0.3333333333333333 0.3333333333333333 1.25 1.94 24 31 3.34 1
0
APP_2_Inner_Layer_0:1 0.26666666666666666 0.26666666666666666 1.0 2.03 48 35 1.36 1
0
APP_2_Inner_Layer_0:2 0.26666666666666666 0.26666666666666666 1.0 2.7 42 26 3.81 1
0
APP_2_Inner_Layer_0:3 0.6 0.6 2.25 3.6 20 17 2.92 1
0
APP_2_Inner_Layer_1:0 0.13333333333333333 0.13333333333333333 0.5 3.0 8 30 2.55 1
3 4
APP_2_Inner_Layer_1:1 0.3333333333333333 0.3333333333333333 1.25 1.4 29 31 3.56 1
1 2
APP_2_Output_Layer_0 0.06666666666666667 0.06666666666666667 0.25 2.51 22 19 3.87 1
5 6
5
2.1045472616898415
APP_3_Input_Layer_0 0.4666666666666667 0.4666666666666667 1.75 3.82 3 24 2.24 0

APP_3_Inner_Layer_0:0 0.6 0.6 2.25 2.14 23 48 3.71 1
0
APP_3_Inner_Layer_1:0 0.06666666666666667 0.06666666666666667 0.25 3.74 30 43 2.53 1
1
APP_3_Inner_Layer_1:1 0.06666666666666667 0.06666666666666667 0.25 1.05 46 2 2.32 1
1
APP_3_Output_Layer_0 0.06666666666666667 0.06666666666666667 0.25 2.37 1 17 1.16 1
2 3
16
2.797656979979764
APP_4_Input_Layer_0 0.13333333333333333 0.13333333333333333 0.5 1.27 30 28 3.79 0

APP_4_Inner_Layer_0:0 0.4666666666666667 0.4666666666666667 1.75 2.45 3 26 1.66 1
0
APP_4_Inner_Layer_0:1 0.13333333333333333 0.13333333333333333 0.5 3.05 8 18 2.88 1
0
APP_4_Inner_Layer_0:2 0.26666666666666666 0.26666666666666666 1.0 2.98 36 24 1.71 1
0
APP_4_Inner_Layer_0:3 0.4 0.4 1.5 1.38 36 19 3.54 1
0
APP_4_Inner_Layer_1:0 0.2 0.2 0.75 3.56 43 2 3.57 1
4
APP_4_Inner_Layer_1:1 0.6 0.6 2.25 2.04 40 46 1.81 1
1 2 3
APP_4_Inner_Layer_2:0 0.3333333333333333 0.3333333333333333 1.25 3.65 28 20 1.49 1
5 6
APP_4_Inner_Layer_2:1 0.13333333333333333 0.13333333333333333 0.5 3.37 14 24 3.08 1
5
APP_4_Inner_Layer_2:2 0.06666666666666667 0.06666666666666667 0.25 3.26 24 42 3.14 1
6
APP_4_Inner_Layer_2:3 0.4666666666666667 0.4666666666666667 1.75 3.09 1 19 1.43 1
6
APP_4_Inner_Layer_3:0 0.5333333333333333 0.5333333333333333 2.0 3.21 13 49 3.21 1
10
APP_4_Inner_Layer_3:1 0.06666666666666667 0.06666666666666667 0.25 1.97 39 38 2.31 1
9 10
APP_4_Inner_Layer_3:2 0.5333333333333333 0.5333333333333333 2.0 1.48 22 7 1.91 1
7
APP_4_Inner_Layer_3:3 0.26666666666666666 0.26666666666666666 1.0 2.37 33 17 3.38 1
7 8 9 10
APP_4_Output_Layer_0 0.26666666666666666 0.26666666666666666 1.0 1.47 41 11 1.89 1
11 12 13 14
4
3.520132133611163
APP_5_Input_Layer_0 0.3333333333333333 0.3333333333333333 1.25 3.17 39 24 3.99 1

APP_5_Inner_Layer_0:0 0.26666666666666666 0.26666666666666666 1.0 1.84 13 23 2.1 1
0
APP_5_Inner_Layer_0:1 0.2 0.2 0.75 2.61 12 21 1.45 1
0
APP_5_Output_Layer_0 0.26666666666666666 0.26666666666666666 1.0 1.03 41 5 1.38 1
1 2
11
4.14262453631437
APP_6_Input_Layer_0 0.3333333333333333 0.3333333333333333 1.25 3.79 29 24 2.73 1

APP_6_Inner_Layer_0:0 0.06666666666666667 0.06666666666666667 0.25 3.54 1 29 1.25 1
0
APP_6_Inner_Layer_1:0 0.4666666666666667 0.4666666666666667 1.75 2.01 25 23 2.01 1
1
APP_6_Inner_Layer_1:1 0.26666666666666666 0.26666666666666666 1.0 2.83 11 26 1.53 1
1
APP_6_Inner_Layer_1:2 0.6 0.6 2.25 2.84 20 25 2.35 1
1
APP_6_Inner_Layer_1:3 0.6 0.6 2.25 1.67 39 16 1.5 1
1
APP_6_Inner_Layer_2:0 0.06666666666666667 0.06666666666666667 0.25 2.38 10 28 2.21 1
2 5
APP_6_Inner_Layer_2:1 0.5333333333333333 0.5333333333333333 2.0 3.44 26 26 3.73 1
3 4
APP_6_Inner_Layer_2:2 0.5333333333333333 0.5333333333333333 2.0 3.36 21 13 3.6 1
5 3 2
APP_6_Inner_Layer_2:3 0.2 0.2 0.75 1.57 22 1 2.69 1
2 4
APP_6_Output_Layer_0 0.5333333333333333 0.5333333333333333 2.0 2.97 38 6 1.31 1
6 7 8 9
8
4.497863246801644
APP_7_Input_Layer_0 0.06666666666666667 0.06666666666666667 0.25 1.95 44 36 3.43 1

APP_7_Inner_Layer_0:0 0.13333333333333333 0.13333333333333333 0.5 2.41 42 29 2.54 1
0
APP_7_Inner_Layer_0:1 0.6 0.6 2.25 2.41 17 37 2.4 1
0
APP_7_Inner_Layer_1:0 0.5333333333333333 0.5333333333333333 2.0 1.47 1 40 1.52 1
2
APP_7_Inner_Layer_1:1 0.13333333333333333 0.13333333333333333 0.5 4.0 15 20 2.82 1
1 2
APP_7_Inner_Layer_1:2 0.4666666666666667 0.4666666666666667 1.75 2.39 27 24 3.98 1
2
APP_7_Inner_Layer_2:0 0.6 0.6 2.25 2.55 14 47 2.22 1
3 4 5
APP_7_Output_Layer_0 0.13333333333333333 0.13333333333333333 0.5 2.82 30 9 2.31 1
6
15
4.843057606110453
APP_8_Input_Layer_0 0.6 0.6 2.25 1.61 44 18 1.81 1

APP_8_Inner_Layer_0:0 0.3333333333333333 0.3333333333333333 1.25 2.09 23 1 3.19 1
0
APP_8_Inner_Layer_0:1 0.3333333333333333 0.3333333333333333 1.25 2.08 17 25 2.5 1
0
APP_8_Inner_Layer_0:2 0.4 0.4 1.5 3.8 8 16 1.98 1
0
APP_8_Inner_Layer_0:3 0.4 0.4 1.5 1.08 43 22 2.53 1
0
APP_8_Inner_Layer_1:0 0.3333333333333333 0.3333333333333333 1.25 2.42 28 13 1.48 1
2
APP_8_Inner_Layer_1:1 0.4666666666666667 0.4666666666666667 1.75 2.04 16 34 2.7 1
1 4
APP_8_Inner_Layer_1:2 0.6 0.6 2.25 2.73 47 43 3.6 1
3 4
APP_8_Inner_Layer_1:3 0.26666666666666666 0.26666666666666666 1.0 1.7 47 36 1.85 1
2
APP_8_Inner_Layer_2:0 0.3333333333333333 0.3333333333333333 1.25 3.57 49 19 3.96 1
5 8
APP_8_Inner_Layer_2:1 0.13333333333333333 0.13333333333333333 0.5 2.41 11 11 1.99 1
6
APP_8_Inner_Layer_2:2 0.4666666666666667 0.4666666666666667 1.75 1.76 44 10 2.86 1
8
APP_8_Inner_Layer_2:3 0.6 0.6 2.25 2.17 12 26 3.82 1
7
APP_8_Inner_Layer_3:0 0.6 0.6 2.25 3.96 41 41 3.52 1
9 10 11 12
APP_8_Output_Layer_0 0.06666666666666667 0.06666666666666667 0.25 3.09 14 23 3.65 1
13
8
5.523690142340989
APP_9_Input_Layer_0 0.06666666666666667 0.06666666666666667 0.25 2.49 7 37 2.83 1

APP_9_Inner_Layer_0:0 0.13333333333333333 0.13333333333333333 0.5 3.22 11 15 2.16 1
0
APP_9_Inner_Layer_0:1 0.2 0.2 0.75 2.59 6 12 3.02 1
0
APP_9_Inner_Layer_1:0 0.4666666666666667 0.4666666666666667 1.75 3.49 47 44 1.17 1
1
APP_9_Inner_Layer_1:1 0.6 0.6 2.25 1.75 45 43 3.97 1
2
APP_9_Inner_Layer_1:2 0.2 0.2 0.75 1.31 7 8 3.24 1
2
APP_9_Inner_Layer_1:3 0.5333333333333333 0.5333333333333333 2.0 1.24 4 19 3.5 1
2
APP_9_Output_Layer_0 0.4 0.4 1.5 3.88 31 9 1.35 1
3 4 5 6
7
5.951366165068146
APP_10_Input_Layer_0 0.3333333333333333 0.3333333333333333 1.25 1.57 35 42 2.59 1

APP_10_Inner_Layer_0:0 0.6 0.6 2.25 2.68 27 12 1.68 1
0
APP_10_Inner_Layer_0:1 0.4666666666666667 0.4666666666666667 1.75 3.01 31 18 1.53 1
0
APP_10_Inner_Layer_0:2 0.13333333333333333 0.13333333333333333 0.5 3.51 39 4 2.27 1
0
APP_10_Inner_Layer_0:3 0.6 0.6 2.25 1.54 21 42 1.38 1
0
APP_10_Inner_Layer_1:0 0.5333333333333333 0.5333333333333333 2.0 3.08 33 18 1.54 1
1 2 3 4
APP_10_Output_Layer_0 0.06666666666666667 0.06666666666666667 0.25 2.67 27 31 3.05 1
5
