10
11
5
0
APP_0_Input_Layer_0 0.4666666666666667 0.4666666666666667 1.75 1.95 41 42 1.11 1

APP_0_Inner_Layer_0:0 0.4666666666666667 0.4666666666666667 1.75 1.22 47 16 2.46 1
0
APP_0_Inner_Layer_0:1 0.2 0.2 0.75 1.25 31 10 2.43 1
0
APP_0_Inner_Layer_0:2 0.4666666666666667 0.4666666666666667 1.75 2.47 29 15 1.9 1
0
APP_0_Output_Layer_0 0.2 0.2 0.75 3.34 27 25 1.32 1
1 2 3
8
0.46018280582707727
APP_1_Input_Layer_0 0.5333333333333333 0.5333333333333333 2.0 1.47 25 26 3.07 1

APP_1_Inner_Layer_0:0 0.13333333333333333 0.13333333333333333 0.5 2.15 19 20 3.55 1
0
APP_1_Inner_Layer_0:1 0.26666666666666666 0.26666666666666666 1.0 1.37 6 10 1.1 1
0
APP_1_Inner_Layer_0:2 0.4 0.4 1.5 3.64 27 15 1.99 1
0
APP_1_Inner_Layer_1:0 0.26666666666666666 0.26666666666666666 1.0 1.78 7 44 2.86 1
1 2 3
APP_1_Inner_Layer_1:1 0.6 0.6 2.25 2.64 15 45 3.58 1
1 3
APP_1_Inner_Layer_1:2 0.3333333333333333 0.3333333333333333 1.25 3.89 3 23 3.57 1
2 1
APP_1_Output_Layer_0 0.5333333333333333 0.5333333333333333 2.0 2.55 47 43 2.72 1
4 5 6
6
1.1156781383175094
APP_2_Input_Layer_0 0.6 0.6 2.25 1.57 1 16 3.63 1

APP_2_Inner_Layer_0:0 0.5333333333333333 0.5333333333333333 2.0 2.88 15 49 1.64 1
0
APP_2_Inner_Layer_1:0 0.06666666666666667 0.06666666666666667 0.25 3.76 7 9 1.59 1
1
APP_2_Inner_Layer_2:0 0.5333333333333333 0.5333333333333333 2.0 1.48 11 37 1.42 1
2
APP_2_Inner_Layer_2:1 0.2 0.2 0.75 2.63 32 45 1.95 1
2
APP_2_Output_Layer_0 0.06666666666666667 0.06666666666666667 0.25 2.48 49 35 1.01 1
3 4
4
1.671345165726845
APP_3_Input_Layer_0 0.6 0.6 2.25 3.28 5 33 1.25 1

APP_3_Inner_Layer_0:0 0.4 0.4 1.5 1.18 29 18 3.64 1
0
APP_3_Inner_Layer_0:1 0.3333333333333333 0.3333333333333333 1.25 2.47 7 44 1.4 1
0
APP_3_Output_Layer_0 0.26666666666666666 0.26666666666666666 1.0 1.29 1 20 1.88 1
1 2
9
2.3855280643689003
APP_4_Input_Layer_0 0.4 0.4 1.5 1.92 34 44 3.06 1

APP_4_Inner_Layer_0:0 0.6 0.6 2.25 2.58 32 1 1.45 1
0
APP_4_Inner_Layer_1:0 0.5333333333333333 0.5333333333333333 2.0 1.6 48 26 1.66 1
1
APP_4_Inner_Layer_1:1 0.13333333333333333 0.13333333333333333 0.5 1.95 49 4 3.65 1
1
APP_4_Inner_Layer_1:2 0.4666666666666667 0.4666666666666667 1.75 3.99 10 32 2.41 1
1
APP_4_Inner_Layer_2:0 0.4 0.4 1.5 2.68 14 7 1.32 1
4
APP_4_Inner_Layer_2:1 0.2 0.2 0.75 1.37 46 2 2.59 1
3 4
APP_4_Inner_Layer_2:2 0.2 0.2 0.75 1.74 44 48 1.4 1
2 3 4
APP_4_Output_Layer_0 0.4666666666666667 0.4666666666666667 1.75 3.15 9 23 1.94 1
5 6 7
3
2.760643773866991
APP_5_Input_Layer_0 0.3333333333333333 0.3333333333333333 1.25 2.67 20 48 2.97 1

APP_5_Inner_Layer_0:0 0.06666666666666667 0.06666666666666667 0.25 2.48 46 48 1.42 1
0
APP_5_Output_Layer_0 0.2 0.2 0.75 1.52 40 1 3.7 1
1
6
3.1206407888585974
APP_6_Input_Layer_0 0.5333333333333333 0.5333333333333333 2.0 1.44 13 25 1.25 1

APP_6_Inner_Layer_0:0 0.13333333333333333 0.13333333333333333 0.5 2.07 4 26 3.55 1
0
APP_6_Inner_Layer_0:1 0.6 0.6 2.25 1.42 27 35 1.41 1
0
APP_6_Inner_Layer_0:2 0.26666666666666666 0.26666666666666666 1.0 2.68 9 18 1.71 1
0
APP_6_Inner_Layer_0:3 0.13333333333333333 0.13333333333333333 0.5 1.68 8 18 1.64 1
0
APP_6_Output_Layer_0 0.2 0.2 0.75 2.21 48 49 2.94 1
1 2 3 4
11
3.9795160806692413
APP_7_Input_Layer_0 0.13333333333333333 0.13333333333333333 0.5 3.2 17 18 3.75 1

APP_7_Inner_Layer_0:0 0.2 0.2 0.75 3.26 19 36 3.05 1
0
APP_7_Inner_Layer_0:1 0.26666666666666666 0.26666666666666666 1.0 3.46 9 37 2.32 1
0
APP_7_Inner_Layer_0:2 0.06666666666666667 0.06666666666666667 0.25 3.93 32 47 1.52 1
0
APP_7_Inner_Layer_1:0 0.3333333333333333 0.3333333333333333 1.25 1.74 40 37 2.35 1
1 2 3
APP_7_Inner_Layer_2:0 0.13333333333333333 0.13333333333333333 0.5 2.56 3 34 2.85 1
4
APP_7_Inner_Layer_3:0 0.26666666666666666 0.26666666666666666 1.0 3.94 5 44 1.75 1
5
APP_7_Inner_Layer_3:1 0.06666666666666667 0.06666666666666667 0.25 1.36 17 9 3.38 1
5
APP_7_Inner_Layer_3:2 0.4 0.4 1.5 1.62 33 36 1.59 1
5
APP_7_Inner_Layer_3:3 0.6 0.6 2.25 3.09 4 24 3.23 1
5
APP_7_Output_Layer_0 0.5333333333333333 0.5333333333333333 2.0 3.98 10 3 3.17 1
6 7 8 9
3
4.6918881221873185
APP_8_Input_Layer_0 0.5333333333333333 0.5333333333333333 2.0 3.91 42 7 2.4 1

APP_8_Inner_Layer_0:0 0.06666666666666667 0.06666666666666667 0.25 1.32 8 27 3.49 1
0
APP_8_Output_Layer_0 0.06666666666666667 0.06666666666666667 0.25 1.69 38 31 3.9 1
1
8
5.036736840322047
APP_9_Input_Layer_0 0.13333333333333333 0.13333333333333333 0.5 1.96 18 10 3.33 1

APP_9_Inner_Layer_0:0 0.06666666666666667 0.06666666666666667 0.25 3.79 48 12 1.53 1
0
APP_9_Inner_Layer_1:0 0.06666666666666667 0.06666666666666667 0.25 1.6 36 38 1.09 1
1
APP_9_Inner_Layer_1:1 0.06666666666666667 0.06666666666666667 0.25 1.56 38 10 1.55 1
1
APP_9_Inner_Layer_1:2 0.06666666666666667 0.06666666666666667 0.25 2.59 9 40 2.02 1
1
APP_9_Inner_Layer_1:3 0.26666666666666666 0.26666666666666666 1.0 2.45 18 31 1.11 1
1
APP_9_Inner_Layer_2:0 0.13333333333333333 0.13333333333333333 0.5 3.26 6 25 1.67 1
2 3 4 5
APP_9_Output_Layer_0 0.06666666666666667 0.06666666666666667 0.25 3.91 9 30 2.13 1
6
4
5.820624116729753
APP_10_Input_Layer_0 0.26666666666666666 0.26666666666666666 1.0 3.28 46 11 3.96 1

APP_10_Inner_Layer_0:0 0.4 0.4 1.5 1.01 47 35 1.62 1
0
APP_10_Inner_Layer_0:1 0.3333333333333333 0.3333333333333333 1.25 2.33 15 48 1.36 1
0
APP_10_Output_Layer_0 0.4 0.4 1.5 2.51 10 12 1.18 1
1 2
