10
19
3
0
APP_0_Input_Layer_0 0.13333333333333333 0.13333333333333333 0.5 3.88 17 24 2.38 0

APP_0_Inner_Layer_0:0 0.13333333333333333 0.13333333333333333 0.5 3.62 19 11 3.53 0
0
APP_0_Output_Layer_0 0.5333333333333333 0.5333333333333333 2.0 1.64 37 26 2.03 1
1
4
0.3767270361012117
APP_1_Input_Layer_0 0.4 0.4 1.5 3.8 40 40 3.7 1

APP_1_Inner_Layer_0:0 0.4666666666666667 0.4666666666666667 1.75 3.13 28 2 3.11 1
0
APP_1_Inner_Layer_0:1 0.26666666666666666 0.26666666666666666 1.0 3.08 34 30 1.35 1
0
APP_1_Output_Layer_0 0.4 0.4 1.5 2.02 38 28 2.33 1
1 2
9
0.7793121465735268
APP_2_Input_Layer_0 0.4666666666666667 0.4666666666666667 1.75 2.32 8 24 2.92 1

APP_2_Inner_Layer_0:0 0.13333333333333333 0.13333333333333333 0.5 1.62 29 40 3.37 1
0
APP_2_Inner_Layer_1:0 0.26666666666666666 0.26666666666666666 1.0 1.32 17 20 3.13 1
1
APP_2_Inner_Layer_2:0 0.4 0.4 1.5 2.91 7 20 3.56 1
2
APP_2_Inner_Layer_3:0 0.26666666666666666 0.26666666666666666 1.0 3.33 8 24 2.44 0
3
APP_2_Inner_Layer_3:1 0.26666666666666666 0.26666666666666666 1.0 2.56 10 35 2.95 1
3
APP_2_Inner_Layer_3:2 0.13333333333333333 0.13333333333333333 0.5 3.75 7 26 3.66 1
3
APP_2_Inner_Layer_3:3 0.4 0.4 1.5 3.11 27 42 2.86 1
3
APP_2_Output_Layer_0 0.06666666666666667 0.06666666666666667 0.25 2.18 37 25 1.29 1
4 5 6 7
7
1.1423333719710875
APP_3_Input_Layer_0 0.06666666666666667 0.06666666666666667 0.25 3.41 38 46 2.1 1

APP_3_Inner_Layer_0:0 0.2 0.2 0.75 1.07 26 43 1.34 1
0
APP_3_Inner_Layer_0:1 0.6 0.6 2.25 2.0 6 8 2.81 1
0
APP_3_Inner_Layer_1:0 0.2 0.2 0.75 3.34 10 2 2.44 1
2
APP_3_Inner_Layer_1:1 0.6 0.6 2.25 2.54 5 29 3.48 1
1
APP_3_Inner_Layer_1:2 0.5333333333333333 0.5333333333333333 2.0 3.08 13 24 1.71 1
2
APP_3_Output_Layer_0 0.13333333333333333 0.13333333333333333 0.5 1.15 21 9 2.48 1
3 4 5
11
1.6376463305822695
APP_4_Input_Layer_0 0.6 0.6 2.25 3.71 1 17 3.86 1

APP_4_Inner_Layer_0:0 0.06666666666666667 0.06666666666666667 0.25 2.72 25 35 2.25 1
0
APP_4_Inner_Layer_0:1 0.4 0.4 1.5 3.34 13 35 3.66 1
0
APP_4_Inner_Layer_1:0 0.3333333333333333 0.3333333333333333 1.25 3.43 40 39 3.42 1
2
APP_4_Inner_Layer_1:1 0.4666666666666667 0.4666666666666667 1.75 2.83 29 26 1.97 0
1
APP_4_Inner_Layer_1:2 0.06666666666666667 0.06666666666666667 0.25 2.36 43 48 1.41 1
1 2
APP_4_Inner_Layer_2:0 0.5333333333333333 0.5333333333333333 2.0 3.46 1 47 2.59 1
3 4
APP_4_Inner_Layer_2:1 0.5333333333333333 0.5333333333333333 2.0 3.85 37 27 3.8 1
5
APP_4_Inner_Layer_2:2 0.5333333333333333 0.5333333333333333 2.0 1.15 37 38 3.37 1
3
APP_4_Inner_Layer_3:0 0.2 0.2 0.75 2.84 49 24 1.17 1
6 7 8
APP_4_Output_Layer_0 0.4666666666666667 0.4666666666666667 1.75 3.36 46 9 1.73 1
9
6
1.9151894227723953
APP_5_Input_Layer_0 0.3333333333333333 0.3333333333333333 1.25 1.3 3 26 2.31 1

APP_5_Inner_Layer_0:0 0.5333333333333333 0.5333333333333333 2.0 3.46 15 19 2.09 1
0
APP_5_Inner_Layer_0:1 0.06666666666666667 0.06666666666666667 0.25 1.66 4 28 2.73 1
0
APP_5_Inner_Layer_0:2 0.4 0.4 1.5 3.26 5 45 2.52 1
0
APP_5_Inner_Layer_0:3 0.4 0.4 1.5 1.68 4 37 2.42 0
0
APP_5_Output_Layer_0 0.3333333333333333 0.3333333333333333 1.25 3.84 40 18 1.11 1
1 2 3 4
14
2.1832627861616496
APP_6_Input_Layer_0 0.26666666666666666 0.26666666666666666 1.0 2.65 42 37 3.39 1

APP_6_Inner_Layer_0:0 0.2 0.2 0.75 3.54 17 8 3.08 1
0
APP_6_Inner_Layer_0:1 0.4666666666666667 0.4666666666666667 1.75 1.53 44 48 1.37 1
0
APP_6_Inner_Layer_0:2 0.2 0.2 0.75 1.06 19 19 3.26 1
0
APP_6_Inner_Layer_0:3 0.26666666666666666 0.26666666666666666 1.0 3.77 9 30 2.55 1
0
APP_6_Inner_Layer_1:0 0.3333333333333333 0.3333333333333333 1.25 3.97 27 22 2.23 1
1 2 3 4
APP_6_Inner_Layer_1:1 0.13333333333333333 0.13333333333333333 0.5 1.26 21 6 1.35 1
2 3
APP_6_Inner_Layer_1:2 0.5333333333333333 0.5333333333333333 2.0 3.23 48 21 3.58 1
1 2 4
APP_6_Inner_Layer_1:3 0.13333333333333333 0.13333333333333333 0.5 3.15 9 44 3.6 1
4
APP_6_Inner_Layer_2:0 0.5333333333333333 0.5333333333333333 2.0 3.66 19 10 3.34 1
5 8
APP_6_Inner_Layer_2:1 0.13333333333333333 0.13333333333333333 0.5 1.25 15 29 1.27 1
5 7 8
APP_6_Inner_Layer_2:2 0.2 0.2 0.75 1.1 41 4 3.36 1
5
APP_6_Inner_Layer_2:3 0.4666666666666667 0.4666666666666667 1.75 3.15 44 16 2.52 1
6 7
APP_6_Output_Layer_0 0.3333333333333333 0.3333333333333333 1.25 3.13 4 9 2.24 0
9 10 11 12
7
2.426596588282807
APP_7_Input_Layer_0 0.3333333333333333 0.3333333333333333 1.25 2.62 37 42 2.95 1

APP_7_Inner_Layer_0:0 0.4666666666666667 0.4666666666666667 1.75 2.52 24 13 2.52 1
0
APP_7_Inner_Layer_1:0 0.13333333333333333 0.13333333333333333 0.5 1.82 4 7 3.31 1
1
APP_7_Inner_Layer_1:1 0.06666666666666667 0.06666666666666667 0.25 2.5 30 7 3.86 1
1
APP_7_Inner_Layer_2:0 0.4 0.4 1.5 2.23 12 35 1.33 0
2
APP_7_Inner_Layer_2:1 0.6 0.6 2.25 1.35 19 12 4.0 1
2 3
APP_7_Output_Layer_0 0.4 0.4 1.5 3.69 24 30 3.58 1
4 5
11
2.6469189220061127
APP_8_Input_Layer_0 0.4 0.4 1.5 1.6 13 48 2.3 1

APP_8_Inner_Layer_0:0 0.4 0.4 1.5 1.44 26 22 3.86 1
0
APP_8_Inner_Layer_0:1 0.3333333333333333 0.3333333333333333 1.25 1.95 24 33 3.98 0
0
APP_8_Inner_Layer_0:2 0.06666666666666667 0.06666666666666667 0.25 3.51 27 27 3.03 1
0
APP_8_Inner_Layer_0:3 0.2 0.2 0.75 3.43 22 3 1.21 1
0
APP_8_Inner_Layer_1:0 0.4 0.4 1.5 3.18 1 40 1.11 1
1 3
APP_8_Inner_Layer_1:1 0.4666666666666667 0.4666666666666667 1.75 2.26 47 40 1.04 1
1 2
APP_8_Inner_Layer_1:2 0.2 0.2 0.75 1.92 28 4 1.8 1
3 4
APP_8_Inner_Layer_2:0 0.06666666666666667 0.06666666666666667 0.25 3.64 37 28 1.34 1
5 6 7
APP_8_Inner_Layer_2:1 0.06666666666666667 0.06666666666666667 0.25 1.24 28 40 2.55 1
7 6
APP_8_Output_Layer_0 0.26666666666666666 0.26666666666666666 1.0 1.91 36 24 2.91 1
8 9
4
2.8645844086914627
APP_9_Input_Layer_0 0.3333333333333333 0.3333333333333333 1.25 3.88 11 15 3.54 1

APP_9_Inner_Layer_0:0 0.6 0.6 2.25 3.24 19 28 3.04 1
0
APP_9_Inner_Layer_0:1 0.6 0.6 2.25 2.55 45 14 1.23 1
0
APP_9_Output_Layer_0 0.3333333333333333 0.3333333333333333 1.25 3.7 29 43 2.81 1
1 2
9
3.070284828508946
APP_10_Input_Layer_0 0.6 0.6 2.25 1.95 2 35 2.11 1

APP_10_Inner_Layer_0:0 0.13333333333333333 0.13333333333333333 0.5 1.35 7 27 2.4 1
0
APP_10_Inner_Layer_0:1 0.6 0.6 2.25 2.44 26 28 1.64 1
0
APP_10_Inner_Layer_0:2 0.3333333333333333 0.3333333333333333 1.25 3.18 12 6 2.03 1
0
APP_10_Inner_Layer_0:3 0.3333333333333333 0.3333333333333333 1.25 1.04 23 13 3.96 1
0
APP_10_Inner_Layer_1:0 0.13333333333333333 0.13333333333333333 0.5 2.67 13 13 1.6 0
1 2 3 4
APP_10_Inner_Layer_2:0 0.6 0.6 2.25 2.18 16 43 3.01 1
5
APP_10_Inner_Layer_2:1 0.26666666666666666 0.26666666666666666 1.0 3.97 40 1 1.54 1
5
APP_10_Output_Layer_0 0.3333333333333333 0.3333333333333333 1.25 2.21 19 6 1.29 1
6 7
8
3.4910051282393537
APP_11_Input_Layer_0 0.6 0.6 2.25 1.07 36 19 1.32 1

APP_11_Inner_Layer_0:0 0.4 0.4 1.5 2.72 24 13 3.84 1
0
APP_11_Inner_Layer_0:1 0.6 0.6 2.25 2.25 36 25 3.15 1
0
APP_11_Inner_Layer_1:0 0.4 0.4 1.5 2.6 37 20 2.7 1
2
APP_11_Inner_Layer_1:1 0.4 0.4 1.5 1.62 4 4 2.12 1
1
APP_11_Inner_Layer_2:0 0.4666666666666667 0.4666666666666667 1.75 1.37 22 23 2.66 1
4
APP_11_Inner_Layer_2:1 0.4 0.4 1.5 3.09 3 48 1.46 1
3 4
APP_11_Output_Layer_0 0.06666666666666667 0.06666666666666667 0.25 2.96 46 26 1.74 1
5 6
11
3.923980991542032
APP_12_Input_Layer_0 0.4666666666666667 0.4666666666666667 1.75 1.46 17 14 1.34 1

APP_12_Inner_Layer_0:0 0.2 0.2 0.75 1.82 9 20 1.09 1
0
APP_12_Inner_Layer_1:0 0.13333333333333333 0.13333333333333333 0.5 2.79 18 40 3.13 0
1
APP_12_Inner_Layer_1:1 0.3333333333333333 0.3333333333333333 1.25 2.38 29 43 1.98 1
1
APP_12_Inner_Layer_2:0 0.06666666666666667 0.06666666666666667 0.25 2.48 28 3 2.78 1
2
APP_12_Inner_Layer_2:1 0.4666666666666667 0.4666666666666667 1.75 3.14 33 4 1.03 1
3
APP_12_Inner_Layer_2:2 0.13333333333333333 0.13333333333333333 0.5 2.21 31 43 1.39 1
2 3
APP_12_Inner_Layer_3:0 0.26666666666666666 0.26666666666666666 1.0 2.66 46 5 1.93 1
5 6
APP_12_Inner_Layer_3:1 0.13333333333333333 0.13333333333333333 0.5 3.65 40 24 1.83 1
4 6
APP_12_Inner_Layer_3:2 0.26666666666666666 0.26666666666666666 1.0 3.29 27 4 1.55 1
4 5
APP_12_Output_Layer_0 0.06666666666666667 0.06666666666666667 0.25 1.3 46 27 2.45 1
7 8 9
15
4.189051047405538
APP_13_Input_Layer_0 0.5333333333333333 0.5333333333333333 2.0 1.55 48 10 1.18 1

APP_13_Inner_Layer_0:0 0.6 0.6 2.25 3.02 17 31 2.17 1
0
APP_13_Inner_Layer_0:1 0.4 0.4 1.5 3.12 16 14 2.94 1
0
APP_13_Inner_Layer_0:2 0.06666666666666667 0.06666666666666667 0.25 1.26 7 18 1.74 1
0
APP_13_Inner_Layer_0:3 0.06666666666666667 0.06666666666666667 0.25 1.59 12 36 1.07 1
0
APP_13_Inner_Layer_1:0 0.5333333333333333 0.5333333333333333 2.0 3.03 23 1 2.12 0
1 4
APP_13_Inner_Layer_1:1 0.2 0.2 0.75 3.23 45 33 2.21 1
1 2 3
APP_13_Inner_Layer_1:2 0.26666666666666666 0.26666666666666666 1.0 1.74 10 43 2.72 1
3
APP_13_Inner_Layer_2:0 0.5333333333333333 0.5333333333333333 2.0 1.66 48 26 1.58 1
7
APP_13_Inner_Layer_2:1 0.4 0.4 1.5 2.38 6 10 2.15 1
6 7
APP_13_Inner_Layer_2:2 0.4666666666666667 0.4666666666666667 1.75 3.15 5 17 1.31 1
5 7
APP_13_Inner_Layer_2:3 0.26666666666666666 0.26666666666666666 1.0 1.31 24 5 3.16 1
6 5
APP_13_Inner_Layer_3:0 0.4 0.4 1.5 1.58 18 38 1.21 1
8 9 11
APP_13_Inner_Layer_3:1 0.3333333333333333 0.3333333333333333 1.25 3.17 48 25 3.42 1
8 9 10 11
APP_13_Output_Layer_0 0.2 0.2 0.75 3.22 10 32 2.8 1
12 13
8
4.400110165233646
APP_14_Input_Layer_0 0.13333333333333333 0.13333333333333333 0.5 2.42 20 46 1.5 1

APP_14_Inner_Layer_0:0 0.26666666666666666 0.26666666666666666 1.0 2.15 33 45 3.83 1
0
APP_14_Inner_Layer_0:1 0.6 0.6 2.25 3.16 11 13 2.77 1
0
APP_14_Inner_Layer_0:2 0.06666666666666667 0.06666666666666667 0.25 1.11 23 14 2.81 0
0
APP_14_Inner_Layer_1:0 0.3333333333333333 0.3333333333333333 1.25 1.15 44 35 2.2 1
1 2 3
APP_14_Inner_Layer_1:1 0.26666666666666666 0.26666666666666666 1.0 2.98 12 12 2.23 1
1 2
APP_14_Inner_Layer_1:2 0.06666666666666667 0.06666666666666667 0.25 2.43 42 40 1.68 0
3
APP_14_Output_Layer_0 0.13333333333333333 0.13333333333333333 0.5 1.67 28 30 2.82 1
4 5 6
9
4.597310063092013
APP_15_Input_Layer_0 0.5333333333333333 0.5333333333333333 2.0 1.1 19 46 3.99 1

APP_15_Inner_Layer_0:0 0.4 0.4 1.5 3.45 33 9 2.84 1
0
APP_15_Inner_Layer_1:0 0.6 0.6 2.25 1.35 15 18 3.21 1
1
APP_15_Inner_Layer_1:1 0.4 0.4 1.5 2.5 38 43 2.82 1
1
APP_15_Inner_Layer_2:0 0.6 0.6 2.25 3.47 39 26 1.74 1
2 3
APP_15_Inner_Layer_3:0 0.13333333333333333 0.13333333333333333 0.5 3.26 6 39 2.6 1
4
APP_15_Inner_Layer_3:1 0.2 0.2 0.75 3.77 3 38 1.38 1
4
APP_15_Inner_Layer_3:2 0.4666666666666667 0.4666666666666667 1.75 1.36 42 9 2.81 1
4
APP_15_Output_Layer_0 0.13333333333333333 0.13333333333333333 0.5 1.62 6 1 1.75 1
5 6 7
12
4.876611445378193
APP_16_Input_Layer_0 0.06666666666666667 0.06666666666666667 0.25 1.88 21 45 3.1 0

APP_16_Inner_Layer_0:0 0.4 0.4 1.5 1.12 36 5 2.74 1
0
APP_16_Inner_Layer_0:1 0.3333333333333333 0.3333333333333333 1.25 4.0 37 37 3.39 1
0
APP_16_Inner_Layer_1:0 0.4666666666666667 0.4666666666666667 1.75 3.7 19 4 1.14 1
1 2
APP_16_Inner_Layer_1:1 0.13333333333333333 0.13333333333333333 0.5 3.86 34 29 3.36 1
1
APP_16_Inner_Layer_1:2 0.4666666666666667 0.4666666666666667 1.75 2.14 37 46 2.19 1
2
APP_16_Inner_Layer_1:3 0.13333333333333333 0.13333333333333333 0.5 3.45 19 32 3.07 1
1
APP_16_Inner_Layer_2:0 0.4 0.4 1.5 3.86 4 32 2.69 1
3 4
APP_16_Inner_Layer_2:1 0.6 0.6 2.25 3.74 13 38 1.68 1
4 5
APP_16_Inner_Layer_2:2 0.06666666666666667 0.06666666666666667 0.25 2.62 41 22 3.14 1
6
APP_16_Inner_Layer_3:0 0.26666666666666666 0.26666666666666666 1.0 2.74 3 4 1.9 1
7 8 9
APP_16_Output_Layer_0 0.5333333333333333 0.5333333333333333 2.0 2.53 35 33 2.78 1
10
12
5.2732513969103785
APP_17_Input_Layer_0 0.6 0.6 2.25 1.65 28 7 2.42 1

APP_17_Inner_Layer_0:0 0.26666666666666666 0.26666666666666666 1.0 2.99 18 29 2.63 1
0
APP_17_Inner_Layer_0:1 0.06666666666666667 0.06666666666666667 0.25 2.05 42 32 3.83 1
0
APP_17_Inner_Layer_0:2 0.5333333333333333 0.5333333333333333 2.0 2.33 1 1 3.79 1
0
APP_17_Inner_Layer_1:0 0.26666666666666666 0.26666666666666666 1.0 1.24 21 20 3.59 1
1
APP_17_Inner_Layer_1:1 0.4 0.4 1.5 3.52 19 12 2.93 0
1
APP_17_Inner_Layer_1:2 0.13333333333333333 0.13333333333333333 0.5 1.53 38 8 3.01 1
3
APP_17_Inner_Layer_1:3 0.5333333333333333 0.5333333333333333 2.0 2.04 4 22 1.33 1
2 3
APP_17_Inner_Layer_2:0 0.13333333333333333 0.13333333333333333 0.5 3.95 26 11 3.19 1
6 4 7
APP_17_Inner_Layer_2:1 0.26666666666666666 0.26666666666666666 1.0 3.22 42 19 1.16 1
4 5 6 7
APP_17_Inner_Layer_2:2 0.5333333333333333 0.5333333333333333 2.0 1.67 40 20 2.43 1
4
APP_17_Output_Layer_0 0.3333333333333333 0.3333333333333333 1.25 2.31 41 38 3.37 1
8 9 10
6
5.547996032269355
APP_18_Input_Layer_0 0.3333333333333333 0.3333333333333333 1.25 1.71 42 24 2.96 1

APP_18_Inner_Layer_0:0 0.13333333333333333 0.13333333333333333 0.5 3.32 37 32 3.35 1
0
APP_18_Inner_Layer_1:0 0.6 0.6 2.25 1.75 28 25 3.29 1
1
APP_18_Inner_Layer_1:1 0.06666666666666667 0.06666666666666667 0.25 1.91 30 22 3.11 1
1
APP_18_Inner_Layer_2:0 0.3333333333333333 0.3333333333333333 1.25 1.48 12 3 1.03 1
2 3
APP_18_Output_Layer_0 0.4 0.4 1.5 3.79 34 18 1.83 1
4
