10
19
7
0
APP_0_Input_Layer_0 0.06666666666666667 0.06666666666666667 0.25 2.73 19 25 2.46 0

APP_0_Inner_Layer_0:0 0.26666666666666666 0.26666666666666666 1.0 3.21 35 26 1.45 1
0
APP_0_Inner_Layer_0:1 0.3333333333333333 0.3333333333333333 1.25 1.41 10 46 3.13 1
0
APP_0_Inner_Layer_0:2 0.6 0.6 2.25 1.89 2 36 3.77 1
0
APP_0_Inner_Layer_1:0 0.5333333333333333 0.5333333333333333 2.0 1.09 30 26 3.41 1
1
APP_0_Inner_Layer_1:1 0.2 0.2 0.75 3.57 12 16 2.69 1
2 3
APP_0_Output_Layer_0 0.6 0.6 2.25 1.84 17 22 1.77 1
4 5
5
0.2683831274131831
APP_1_Input_Layer_0 0.4 0.4 1.5 1.35 36 9 3.84 1

APP_1_Inner_Layer_0:0 0.6 0.6 2.25 1.16 18 19 1.44 1
0
APP_1_Inner_Layer_0:1 0.2 0.2 0.75 3.26 17 16 2.87 1
0
APP_1_Inner_Layer_0:2 0.2 0.2 0.75 3.74 43 11 3.77 1
0
APP_1_Output_Layer_0 0.4 0.4 1.5 3.41 9 13 2.0 1
1 2 3
6
0.7318051716509095
APP_2_Input_Layer_0 0.26666666666666666 0.26666666666666666 1.0 1.99 1 4 3.65 1

APP_2_Inner_Layer_0:0 0.13333333333333333 0.13333333333333333 0.5 1.31 7 42 2.82 1
0
APP_2_Inner_Layer_0:1 0.4 0.4 1.5 1.76 5 27 1.83 1
0
APP_2_Inner_Layer_0:2 0.26666666666666666 0.26666666666666666 1.0 1.42 35 29 1.38 1
0
APP_2_Inner_Layer_0:3 0.2 0.2 0.75 2.08 7 15 2.21 1
0
APP_2_Output_Layer_0 0.4666666666666667 0.4666666666666667 1.75 1.87 33 40 2.52 1
1 2 3 4
6
0.9319839618049858
APP_3_Input_Layer_0 0.26666666666666666 0.26666666666666666 1.0 1.01 26 7 2.57 1

APP_3_Inner_Layer_0:0 0.3333333333333333 0.3333333333333333 1.25 1.08 8 26 2.0 1
0
APP_3_Inner_Layer_0:1 0.4 0.4 1.5 1.48 27 21 1.49 1
0
APP_3_Inner_Layer_0:2 0.06666666666666667 0.06666666666666667 0.25 1.66 41 26 1.91 1
0
APP_3_Inner_Layer_0:3 0.4 0.4 1.5 3.79 21 47 1.91 1
0
APP_3_Output_Layer_0 0.26666666666666666 0.26666666666666666 1.0 3.73 26 44 2.37 1
1 2 3 4
11
1.2771385969320381
APP_4_Input_Layer_0 0.5333333333333333 0.5333333333333333 2.0 3.79 14 15 1.86 1

APP_4_Inner_Layer_0:0 0.26666666666666666 0.26666666666666666 1.0 3.74 37 46 3.88 1
0
APP_4_Inner_Layer_0:1 0.26666666666666666 0.26666666666666666 1.0 2.59 21 34 3.32 1
0
APP_4_Inner_Layer_0:2 0.6 0.6 2.25 2.11 46 8 3.25 1
0
APP_4_Inner_Layer_0:3 0.26666666666666666 0.26666666666666666 1.0 2.39 7 31 3.44 1
0
APP_4_Inner_Layer_1:0 0.5333333333333333 0.5333333333333333 2.0 3.17 36 29 2.79 1
1 2
APP_4_Inner_Layer_1:1 0.4 0.4 1.5 2.71 19 42 3.11 1
2 4
APP_4_Inner_Layer_1:2 0.4666666666666667 0.4666666666666667 1.75 2.99 31 23 1.09 1
4
APP_4_Inner_Layer_1:3 0.2 0.2 0.75 3.91 47 18 2.21 1
2 3
APP_4_Inner_Layer_2:0 0.4 0.4 1.5 3.98 48 25 2.51 1
5 6 7 8
APP_4_Output_Layer_0 0.5333333333333333 0.5333333333333333 2.0 2.96 17 22 3.94 1
9
10
1.629473784421786
APP_5_Input_Layer_0 0.4 0.4 1.5 2.11 34 17 3.79 1

APP_5_Inner_Layer_0:0 0.26666666666666666 0.26666666666666666 1.0 3.61 40 19 2.03 1
0
APP_5_Inner_Layer_0:1 0.26666666666666666 0.26666666666666666 1.0 3.67 15 2 1.95 1
0
APP_5_Inner_Layer_0:2 0.6 0.6 2.25 2.45 42 38 1.04 1
0
APP_5_Inner_Layer_0:3 0.06666666666666667 0.06666666666666667 0.25 2.69 30 25 3.86 1
0
APP_5_Inner_Layer_1:0 0.4 0.4 1.5 2.37 10 47 2.28 1
1 2 3 4
APP_5_Inner_Layer_2:0 0.26666666666666666 0.26666666666666666 1.0 1.47 18 46 1.1 0
5
APP_5_Inner_Layer_2:1 0.5333333333333333 0.5333333333333333 2.0 2.15 35 44 2.32 1
5
APP_5_Inner_Layer_3:0 0.4 0.4 1.5 1.76 23 14 2.93 1
6 7
APP_5_Output_Layer_0 0.4 0.4 1.5 3.48 41 34 3.63 1
8
5
1.867611208609292
APP_6_Input_Layer_0 0.06666666666666667 0.06666666666666667 0.25 1.64 1 7 1.29 1

APP_6_Inner_Layer_0:0 0.26666666666666666 0.26666666666666666 1.0 3.27 4 37 2.29 1
0
APP_6_Inner_Layer_0:1 0.4 0.4 1.5 2.87 11 34 3.55 1
0
APP_6_Inner_Layer_0:2 0.4666666666666667 0.4666666666666667 1.75 2.48 27 11 2.93 1
0
APP_6_Output_Layer_0 0.4 0.4 1.5 2.94 2 13 3.91 1
1 2 3
9
2.2486212381739397
APP_7_Input_Layer_0 0.4666666666666667 0.4666666666666667 1.75 1.22 47 47 3.09 1

APP_7_Inner_Layer_0:0 0.5333333333333333 0.5333333333333333 2.0 1.46 40 3 3.62 1
0
APP_7_Inner_Layer_0:1 0.6 0.6 2.25 1.77 26 25 2.53 1
0
APP_7_Inner_Layer_1:0 0.6 0.6 2.25 3.39 1 5 2.85 1
2
APP_7_Inner_Layer_1:1 0.06666666666666667 0.06666666666666667 0.25 2.31 23 1 2.37 1
1 2
APP_7_Inner_Layer_2:0 0.2 0.2 0.75 1.22 22 22 1.51 1
3 4
APP_7_Inner_Layer_3:0 0.06666666666666667 0.06666666666666667 0.25 2.4 18 8 1.1 1
5
APP_7_Inner_Layer_3:1 0.4666666666666667 0.4666666666666667 1.75 3.89 17 44 1.81 1
5
APP_7_Output_Layer_0 0.4666666666666667 0.4666666666666667 1.75 3.99 42 37 2.66 1
6 7
12
2.7416508303711837
APP_8_Input_Layer_0 0.26666666666666666 0.26666666666666666 1.0 3.94 14 33 2.17 1

APP_8_Inner_Layer_0:0 0.26666666666666666 0.26666666666666666 1.0 1.39 9 6 2.08 1
0
APP_8_Inner_Layer_1:0 0.26666666666666666 0.26666666666666666 1.0 3.69 37 27 1.35 1
1
APP_8_Inner_Layer_1:1 0.4666666666666667 0.4666666666666667 1.75 3.74 27 35 3.41 1
1
APP_8_Inner_Layer_1:2 0.4 0.4 1.5 3.67 9 17 2.5 1
1
APP_8_Inner_Layer_2:0 0.4 0.4 1.5 2.58 23 41 3.45 1
2 4
APP_8_Inner_Layer_2:1 0.3333333333333333 0.3333333333333333 1.25 3.97 30 15 1.57 1
3
APP_8_Inner_Layer_2:2 0.06666666666666667 0.06666666666666667 0.25 3.91 34 46 2.68 1
4
APP_8_Inner_Layer_3:0 0.13333333333333333 0.13333333333333333 0.5 3.63 6 25 1.03 1
6 7
APP_8_Inner_Layer_3:1 0.4 0.4 1.5 1.25 5 31 1.69 1
5
APP_8_Inner_Layer_3:2 0.2 0.2 0.75 2.22 36 13 3.95 1
5 7
APP_8_Output_Layer_0 0.6 0.6 2.25 2.08 4 12 3.38 1
8 9 10
11
3.112658990408915
APP_9_Input_Layer_0 0.4 0.4 1.5 1.61 12 9 2.22 1

APP_9_Inner_Layer_0:0 0.2 0.2 0.75 2.66 6 26 3.8 1
0
APP_9_Inner_Layer_0:1 0.3333333333333333 0.3333333333333333 1.25 2.15 44 19 2.55 0
0
APP_9_Inner_Layer_1:0 0.4 0.4 1.5 1.21 24 10 1.43 1
2
APP_9_Inner_Layer_1:1 0.2 0.2 0.75 1.73 11 18 3.39 1
2
APP_9_Inner_Layer_1:2 0.13333333333333333 0.13333333333333333 0.5 3.07 41 49 1.74 1
1
APP_9_Inner_Layer_2:0 0.2 0.2 0.75 3.64 26 19 3.69 1
4 5
APP_9_Inner_Layer_2:1 0.06666666666666667 0.06666666666666667 0.25 3.2 45 31 1.6 1
3
APP_9_Inner_Layer_3:0 0.4 0.4 1.5 2.51 17 21 1.95 1
6
APP_9_Inner_Layer_3:1 0.2 0.2 0.75 3.08 7 46 1.32 1
6 7
APP_9_Output_Layer_0 0.6 0.6 2.25 2.79 18 40 1.36 1
8 9
11
3.316692138934026
APP_10_Input_Layer_0 0.5333333333333333 0.5333333333333333 2.0 2.67 37 37 2.54 1

APP_10_Inner_Layer_0:0 0.5333333333333333 0.5333333333333333 2.0 1.48 36 39 1.23 1
0
APP_10_Inner_Layer_0:1 0.5333333333333333 0.5333333333333333 2.0 3.04 10 13 3.32 1
0
APP_10_Inner_Layer_0:2 0.13333333333333333 0.13333333333333333 0.5 1.42 24 35 2.48 1
0
APP_10_Inner_Layer_0:3 0.3333333333333333 0.3333333333333333 1.25 3.42 13 38 2.1 1
0
APP_10_Inner_Layer_1:0 0.4666666666666667 0.4666666666666667 1.75 3.07 27 3 3.57 1
2
APP_10_Inner_Layer_1:1 0.2 0.2 0.75 3.82 24 23 3.38 1
1 3 4
APP_10_Inner_Layer_2:0 0.13333333333333333 0.13333333333333333 0.5 1.94 6 36 3.57 1
5
APP_10_Inner_Layer_2:1 0.13333333333333333 0.13333333333333333 0.5 2.19 20 34 1.5 1
5
APP_10_Inner_Layer_2:2 0.13333333333333333 0.13333333333333333 0.5 2.54 22 26 3.87 1
5 6
APP_10_Output_Layer_0 0.4666666666666667 0.4666666666666667 1.75 3.44 9 3 1.81 1
7 8 9
10
3.717470070526108
APP_11_Input_Layer_0 0.5333333333333333 0.5333333333333333 2.0 1.91 37 32 1.4 1

APP_11_Inner_Layer_0:0 0.2 0.2 0.75 2.83 11 35 1.25 1
0
APP_11_Inner_Layer_0:1 0.06666666666666667 0.06666666666666667 0.25 2.78 26 48 2.02 1
0
APP_11_Inner_Layer_1:0 0.26666666666666666 0.26666666666666666 1.0 3.94 7 34 3.99 1
1 2
APP_11_Inner_Layer_1:1 0.4666666666666667 0.4666666666666667 1.75 3.1 7 38 2.81 1
1
APP_11_Inner_Layer_1:2 0.06666666666666667 0.06666666666666667 0.25 1.06 33 8 1.31 1
1
APP_11_Inner_Layer_1:3 0.4666666666666667 0.4666666666666667 1.75 1.31 21 9 1.0 1
1
APP_11_Inner_Layer_2:0 0.06666666666666667 0.06666666666666667 0.25 2.54 19 15 2.28 1
5
APP_11_Inner_Layer_2:1 0.13333333333333333 0.13333333333333333 0.5 1.27 43 17 3.9 1
3 4 6
APP_11_Output_Layer_0 0.5333333333333333 0.5333333333333333 2.0 2.35 4 42 1.12 0
7 8
7
4.0092309584602726
APP_12_Input_Layer_0 0.13333333333333333 0.13333333333333333 0.5 1.63 47 48 2.69 1

APP_12_Inner_Layer_0:0 0.6 0.6 2.25 3.08 42 15 2.53 1
0
APP_12_Inner_Layer_0:1 0.5333333333333333 0.5333333333333333 2.0 1.82 3 23 1.4 1
0
APP_12_Inner_Layer_0:2 0.2 0.2 0.75 1.12 16 12 1.1 1
0
APP_12_Inner_Layer_1:0 0.6 0.6 2.25 1.89 17 44 1.49 1
1 2
APP_12_Inner_Layer_1:1 0.26666666666666666 0.26666666666666666 1.0 2.85 37 3 2.07 1
3
APP_12_Output_Layer_0 0.4 0.4 1.5 2.7 24 38 2.99 1
4 5
10
4.3515391934637995
APP_13_Input_Layer_0 0.4 0.4 1.5 3.59 4 46 1.41 1

APP_13_Inner_Layer_0:0 0.13333333333333333 0.13333333333333333 0.5 2.88 10 45 1.13 1
0
APP_13_Inner_Layer_0:1 0.4666666666666667 0.4666666666666667 1.75 2.97 24 11 3.87 1
0
APP_13_Inner_Layer_0:2 0.4 0.4 1.5 2.61 32 44 2.12 1
0
APP_13_Inner_Layer_0:3 0.06666666666666667 0.06666666666666667 0.25 2.15 43 8 1.01 1
0
APP_13_Inner_Layer_1:0 0.4 0.4 1.5 2.7 2 35 3.35 1
2 3
APP_13_Inner_Layer_1:1 0.3333333333333333 0.3333333333333333 1.25 3.29 19 42 2.81 1
1 4
APP_13_Inner_Layer_1:2 0.5333333333333333 0.5333333333333333 2.0 1.23 27 19 3.08 1
4 2
APP_13_Inner_Layer_1:3 0.26666666666666666 0.26666666666666666 1.0 2.97 19 23 1.46 1
3 4
APP_13_Output_Layer_0 0.4 0.4 1.5 2.45 20 13 2.61 1
5 6 7 8
17
4.573457756219703
APP_14_Input_Layer_0 0.4 0.4 1.5 3.42 30 8 2.65 1

APP_14_Inner_Layer_0:0 0.5333333333333333 0.5333333333333333 2.0 1.51 16 49 3.82 1
0
APP_14_Inner_Layer_0:1 0.26666666666666666 0.26666666666666666 1.0 2.22 10 13 1.2 1
0
APP_14_Inner_Layer_0:2 0.4666666666666667 0.4666666666666667 1.75 3.83 47 31 1.66 1
0
APP_14_Inner_Layer_0:3 0.2 0.2 0.75 1.94 47 1 1.12 0
0
APP_14_Inner_Layer_1:0 0.6 0.6 2.25 1.72 25 47 3.35 1
3 4
APP_14_Inner_Layer_1:1 0.4666666666666667 0.4666666666666667 1.75 2.3 10 13 1.78 1
1 2 3
APP_14_Inner_Layer_1:2 0.5333333333333333 0.5333333333333333 2.0 3.27 49 4 2.9 1
1 4
APP_14_Inner_Layer_1:3 0.26666666666666666 0.26666666666666666 1.0 2.68 23 28 3.07 1
2
APP_14_Inner_Layer_2:0 0.5333333333333333 0.5333333333333333 2.0 2.56 30 17 1.58 1
6 7 8
APP_14_Inner_Layer_2:1 0.26666666666666666 0.26666666666666666 1.0 1.01 34 34 3.55 1
6
APP_14_Inner_Layer_2:2 0.06666666666666667 0.06666666666666667 0.25 3.0 37 22 3.89 1
7 8
APP_14_Inner_Layer_2:3 0.3333333333333333 0.3333333333333333 1.25 2.05 21 31 1.97 1
5 7 8
APP_14_Inner_Layer_3:0 0.5333333333333333 0.5333333333333333 2.0 1.34 41 3 1.74 1
10 11 12
APP_14_Inner_Layer_3:1 0.3333333333333333 0.3333333333333333 1.25 3.08 34 16 1.19 1
9 11
APP_14_Inner_Layer_3:2 0.4666666666666667 0.4666666666666667 1.75 2.55 43 1 1.05 1
9 10 12
APP_14_Output_Layer_0 0.5333333333333333 0.5333333333333333 2.0 1.84 24 16 1.14 1
13 14 15
8
4.951667467564696
APP_15_Input_Layer_0 0.26666666666666666 0.26666666666666666 1.0 1.46 26 37 2.94 1

APP_15_Inner_Layer_0:0 0.2 0.2 0.75 3.35 35 5 2.88 1
0
APP_15_Inner_Layer_0:1 0.13333333333333333 0.13333333333333333 0.5 1.67 47 10 1.75 1
0
APP_15_Inner_Layer_1:0 0.26666666666666666 0.26666666666666666 1.0 3.58 1 41 2.19 1
2
APP_15_Inner_Layer_1:1 0.5333333333333333 0.5333333333333333 2.0 3.83 41 11 1.92 1
1
APP_15_Inner_Layer_2:0 0.13333333333333333 0.13333333333333333 0.5 2.62 38 39 3.84 1
3 4
APP_15_Inner_Layer_3:0 0.5333333333333333 0.5333333333333333 2.0 2.89 19 44 2.44 1
5
APP_15_Output_Layer_0 0.4 0.4 1.5 1.96 42 32 3.11 1
6
5
5.211694738568917
APP_16_Input_Layer_0 0.13333333333333333 0.13333333333333333 0.5 1.93 41 35 1.68 1

APP_16_Inner_Layer_0:0 0.6 0.6 2.25 2.68 26 18 3.42 1
0
APP_16_Inner_Layer_0:1 0.26666666666666666 0.26666666666666666 1.0 1.59 30 5 3.41 1
0
APP_16_Inner_Layer_0:2 0.26666666666666666 0.26666666666666666 1.0 1.56 23 49 1.32 1
0
APP_16_Output_Layer_0 0.13333333333333333 0.13333333333333333 0.5 3.28 48 45 3.35 1
1 2 3
11
5.510246234020737
APP_17_Input_Layer_0 0.4666666666666667 0.4666666666666667 1.75 3.69 17 7 1.02 1

APP_17_Inner_Layer_0:0 0.4666666666666667 0.4666666666666667 1.75 1.41 13 35 1.39 1
0
APP_17_Inner_Layer_0:1 0.2 0.2 0.75 3.83 2 15 2.91 1
0
APP_17_Inner_Layer_0:2 0.5333333333333333 0.5333333333333333 2.0 1.66 35 27 1.1 1
0
APP_17_Inner_Layer_0:3 0.26666666666666666 0.26666666666666666 1.0 1.14 49 41 1.48 1
0
APP_17_Inner_Layer_1:0 0.4 0.4 1.5 2.37 33 31 3.77 1
4
APP_17_Inner_Layer_1:1 0.26666666666666666 0.26666666666666666 1.0 2.39 42 49 2.77 1
3 4
APP_17_Inner_Layer_1:2 0.4666666666666667 0.4666666666666667 1.75 1.13 12 49 1.37 1
1 3
APP_17_Inner_Layer_1:3 0.4 0.4 1.5 2.94 31 18 2.57 1
2
APP_17_Inner_Layer_2:0 0.06666666666666667 0.06666666666666667 0.25 3.46 48 16 1.17 0
5 6 7 8
APP_17_Output_Layer_0 0.5333333333333333 0.5333333333333333 2.0 1.48 17 31 1.6 1
9
8
5.8800542368933275
APP_18_Input_Layer_0 0.13333333333333333 0.13333333333333333 0.5 3.75 42 23 2.26 0

APP_18_Inner_Layer_0:0 0.3333333333333333 0.3333333333333333 1.25 2.7 23 9 2.59 1
0
APP_18_Inner_Layer_0:1 0.26666666666666666 0.26666666666666666 1.0 2.61 24 14 1.89 1
0
APP_18_Inner_Layer_0:2 0.5333333333333333 0.5333333333333333 2.0 2.93 14 42 1.44 1
0
APP_18_Inner_Layer_1:0 0.5333333333333333 0.5333333333333333 2.0 1.53 49 20 3.2 1
1 2 3
APP_18_Inner_Layer_1:1 0.2 0.2 0.75 2.13 7 23 2.15 1
3 1
APP_18_Inner_Layer_1:2 0.4666666666666667 0.4666666666666667 1.75 3.18 13 26 2.94 1
2 3
APP_18_Output_Layer_0 0.2 0.2 0.75 2.12 24 47 1.06 1
4 5 6
