10
19
13
0
APP_0_Input_Layer_0 0.4666666666666667 0.4666666666666667 1.75 2.47 46 6 3.6 1

APP_0_Inner_Layer_0:0 0.4 0.4 1.5 3.33 45 23 2.06 1
0
APP_0_Inner_Layer_0:1 0.13333333333333333 0.13333333333333333 0.5 1.3 45 2 3.39 0
0
APP_0_Inner_Layer_0:2 0.06666666666666667 0.06666666666666667 0.25 2.3 6 38 1.46 1
0
APP_0_Inner_Layer_0:3 0.06666666666666667 0.06666666666666667 0.25 3.93 38 27 4.0 1
0
APP_0_Inner_Layer_1:0 0.06666666666666667 0.06666666666666667 0.25 3.71 5 30 2.18 0
1 2
APP_0_Inner_Layer_1:1 0.26666666666666666 0.26666666666666666 1.0 2.6 2 19 3.79 1
4
APP_0_Inner_Layer_1:2 0.13333333333333333 0.13333333333333333 0.5 2.92 1 15 3.32 1
1 2
APP_0_Inner_Layer_1:3 0.06666666666666667 0.06666666666666667 0.25 1.11 22 29 1.14 1
2 3
APP_0_Inner_Layer_2:0 0.26666666666666666 0.26666666666666666 1.0 1.89 25 36 2.77 1
6 8
APP_0_Inner_Layer_2:1 0.4 0.4 1.5 2.75 7 36 2.86 1
5 7
APP_0_Inner_Layer_2:2 0.3333333333333333 0.3333333333333333 1.25 3.98 26 4 3.93 1
5 6 7
APP_0_Output_Layer_0 0.06666666666666667 0.06666666666666667 0.25 2.66 11 27 2.39 1
9 10 11
16
0.4949106250511404
APP_1_Input_Layer_0 0.4 0.4 1.5 1.24 36 15 2.13 1

APP_1_Inner_Layer_0:0 0.26666666666666666 0.26666666666666666 1.0 2.82 25 11 3.13 1
0
APP_1_Inner_Layer_0:1 0.13333333333333333 0.13333333333333333 0.5 1.86 4 29 3.59 1
0
APP_1_Inner_Layer_0:2 0.26666666666666666 0.26666666666666666 1.0 3.89 25 27 3.71 1
0
APP_1_Inner_Layer_0:3 0.2 0.2 0.75 2.1 20 2 3.69 0
0
APP_1_Inner_Layer_1:0 0.5333333333333333 0.5333333333333333 2.0 2.17 1 2 1.25 0
1 3
APP_1_Inner_Layer_1:1 0.2 0.2 0.75 1.33 48 45 1.97 1
1 2 4
APP_1_Inner_Layer_1:2 0.6 0.6 2.25 2.42 47 49 1.44 1
1
APP_1_Inner_Layer_1:3 0.06666666666666667 0.06666666666666667 0.25 1.43 32 30 1.17 1
2
APP_1_Inner_Layer_2:0 0.5333333333333333 0.5333333333333333 2.0 1.43 24 35 2.76 1
5 8 6
APP_1_Inner_Layer_2:1 0.13333333333333333 0.13333333333333333 0.5 1.35 33 34 1.9 1
5 6 7
APP_1_Inner_Layer_2:2 0.13333333333333333 0.13333333333333333 0.5 2.06 46 14 1.21 0
5 6 7 8
APP_1_Inner_Layer_3:0 0.5333333333333333 0.5333333333333333 2.0 3.22 2 31 2.83 1
9 11
APP_1_Inner_Layer_3:1 0.4666666666666667 0.4666666666666667 1.75 2.69 27 44 3.7 1
10
APP_1_Inner_Layer_3:2 0.3333333333333333 0.3333333333333333 1.25 2.94 36 2 3.03 1
11
APP_1_Output_Layer_0 0.3333333333333333 0.3333333333333333 1.25 3.79 10 17 1.2 1
12 13 14
10
0.9693332236509721
APP_2_Input_Layer_0 0.5333333333333333 0.5333333333333333 2.0 1.95 25 30 2.01 1

APP_2_Inner_Layer_0:0 0.06666666666666667 0.06666666666666667 0.25 1.16 26 15 1.03 1
0
APP_2_Inner_Layer_1:0 0.26666666666666666 0.26666666666666666 1.0 3.74 33 18 2.42 0
1
APP_2_Inner_Layer_1:1 0.13333333333333333 0.13333333333333333 0.5 2.69 30 22 3.06 1
1
APP_2_Inner_Layer_1:2 0.26666666666666666 0.26666666666666666 1.0 1.42 28 2 3.63 1
1
APP_2_Inner_Layer_1:3 0.6 0.6 2.25 3.78 35 12 1.33 1
1
APP_2_Inner_Layer_2:0 0.4 0.4 1.5 1.69 48 5 1.29 1
2 4 5
APP_2_Inner_Layer_2:1 0.5333333333333333 0.5333333333333333 2.0 1.82 23 3 2.87 1
2 3 4
APP_2_Inner_Layer_2:2 0.6 0.6 2.25 1.03 11 13 3.6 0
4 5 2
APP_2_Output_Layer_0 0.4 0.4 1.5 3.95 43 27 1.45 1
6 7 8
5
1.1700410378541186
APP_3_Input_Layer_0 0.2 0.2 0.75 1.14 4 8 2.54 1

APP_3_Inner_Layer_0:0 0.13333333333333333 0.13333333333333333 0.5 3.83 10 30 3.29 1
0
APP_3_Inner_Layer_0:1 0.6 0.6 2.25 2.73 34 13 2.95 0
0
APP_3_Inner_Layer_0:2 0.13333333333333333 0.13333333333333333 0.5 3.47 18 18 3.23 1
0
APP_3_Output_Layer_0 0.4 0.4 1.5 2.76 45 47 3.55 1
1 2 3
8
1.5878766339302692
APP_4_Input_Layer_0 0.5333333333333333 0.5333333333333333 2.0 2.45 33 36 2.68 1

APP_4_Inner_Layer_0:0 0.2 0.2 0.75 3.0 1 5 2.41 1
0
APP_4_Inner_Layer_0:1 0.4 0.4 1.5 3.81 26 31 2.21 1
0
APP_4_Inner_Layer_0:2 0.4666666666666667 0.4666666666666667 1.75 2.06 14 13 1.9 0
0
APP_4_Inner_Layer_1:0 0.4 0.4 1.5 3.43 17 6 2.2 1
1 3
APP_4_Inner_Layer_1:1 0.13333333333333333 0.13333333333333333 0.5 2.18 6 12 2.64 1
3 1
APP_4_Inner_Layer_1:2 0.5333333333333333 0.5333333333333333 2.0 1.16 2 21 3.29 1
2 3
APP_4_Output_Layer_0 0.4666666666666667 0.4666666666666667 1.75 1.51 17 46 3.51 1
4 5 6
12
1.7978809539783258
APP_5_Input_Layer_0 0.06666666666666667 0.06666666666666667 0.25 3.93 38 38 3.78 1

APP_5_Inner_Layer_0:0 0.2 0.2 0.75 3.42 21 1 2.07 1
0
APP_5_Inner_Layer_0:1 0.6 0.6 2.25 3.28 9 42 2.98 1
0
APP_5_Inner_Layer_0:2 0.4 0.4 1.5 3.67 2 48 3.41 1
0
APP_5_Inner_Layer_1:0 0.06666666666666667 0.06666666666666667 0.25 1.22 31 38 1.68 1
1 2 3
APP_5_Inner_Layer_2:0 0.4666666666666667 0.4666666666666667 1.75 1.92 4 12 3.78 0
4
APP_5_Inner_Layer_2:1 0.4666666666666667 0.4666666666666667 1.75 2.57 12 43 2.2 1
4
APP_5_Inner_Layer_2:2 0.26666666666666666 0.26666666666666666 1.0 3.12 12 5 2.9 0
4
APP_5_Inner_Layer_2:3 0.4666666666666667 0.4666666666666667 1.75 2.17 1 10 2.14 1
4
APP_5_Inner_Layer_3:0 0.13333333333333333 0.13333333333333333 0.5 1.37 13 33 2.55 1
5 6 7
APP_5_Inner_Layer_3:1 0.06666666666666667 0.06666666666666667 0.25 1.08 47 22 3.94 1
8
APP_5_Output_Layer_0 0.26666666666666666 0.26666666666666666 1.0 3.74 37 3 1.58 1
9 10
5
2.055594206653592
APP_6_Input_Layer_0 0.13333333333333333 0.13333333333333333 0.5 2.56 12 32 2.27 0

APP_6_Inner_Layer_0:0 0.4 0.4 1.5 3.0 16 14 1.41 1
0
APP_6_Inner_Layer_0:1 0.6 0.6 2.25 1.21 26 26 2.65 1
0
APP_6_Inner_Layer_0:2 0.26666666666666666 0.26666666666666666 1.0 1.69 1 33 2.3 1
0
APP_6_Output_Layer_0 0.6 0.6 2.25 3.51 47 11 1.79 1
1 2 3
12
2.267760861762005
APP_7_Input_Layer_0 0.5333333333333333 0.5333333333333333 2.0 1.07 48 4 3.14 1

APP_7_Inner_Layer_0:0 0.26666666666666666 0.26666666666666666 1.0 3.18 43 27 2.86 1
0
APP_7_Inner_Layer_0:1 0.5333333333333333 0.5333333333333333 2.0 3.3 47 33 2.54 1
0
APP_7_Inner_Layer_0:2 0.2 0.2 0.75 2.88 38 21 3.26 1
0
APP_7_Inner_Layer_0:3 0.2 0.2 0.75 3.4 43 23 3.73 1
0
APP_7_Inner_Layer_1:0 0.4 0.4 1.5 3.23 31 12 3.54 1
3 4
APP_7_Inner_Layer_1:1 0.3333333333333333 0.3333333333333333 1.25 1.64 49 24 1.09 1
1 2 4
APP_7_Inner_Layer_1:2 0.3333333333333333 0.3333333333333333 1.25 2.07 6 13 3.63 1
1 4
APP_7_Inner_Layer_1:3 0.4 0.4 1.5 1.92 13 16 1.64 0
1
APP_7_Inner_Layer_2:0 0.2 0.2 0.75 1.74 39 49 2.37 1
5 6 7
APP_7_Inner_Layer_2:1 0.4 0.4 1.5 1.83 18 18 3.22 1
8
APP_7_Output_Layer_0 0.13333333333333333 0.13333333333333333 0.5 2.32 44 14 2.82 1
9 10
12
2.678915040818853
APP_8_Input_Layer_0 0.4666666666666667 0.4666666666666667 1.75 3.85 31 43 2.71 1

APP_8_Inner_Layer_0:0 0.3333333333333333 0.3333333333333333 1.25 1.31 1 40 2.22 1
0
APP_8_Inner_Layer_0:1 0.2 0.2 0.75 3.35 39 6 3.87 1
0
APP_8_Inner_Layer_0:2 0.6 0.6 2.25 3.55 13 18 1.11 1
0
APP_8_Inner_Layer_0:3 0.5333333333333333 0.5333333333333333 2.0 2.88 43 36 3.15 1
0
APP_8_Inner_Layer_1:0 0.13333333333333333 0.13333333333333333 0.5 3.66 22 46 2.37 1
3
APP_8_Inner_Layer_1:1 0.06666666666666667 0.06666666666666667 0.25 2.51 20 28 2.84 1
1 2 4
APP_8_Inner_Layer_2:0 0.6 0.6 2.25 3.76 40 30 3.2 1
5
APP_8_Inner_Layer_2:1 0.26666666666666666 0.26666666666666666 1.0 1.18 3 44 3.03 1
6
APP_8_Inner_Layer_2:2 0.26666666666666666 0.26666666666666666 1.0 3.34 39 43 3.07 1
5 6
APP_8_Inner_Layer_2:3 0.13333333333333333 0.13333333333333333 0.5 2.5 10 8 2.3 0
6
APP_8_Output_Layer_0 0.3333333333333333 0.3333333333333333 1.25 1.14 16 48 3.71 1
7 8 9 10
5
3.0299556353139
APP_9_Input_Layer_0 0.4 0.4 1.5 3.89 31 31 1.97 1

APP_9_Inner_Layer_0:0 0.6 0.6 2.25 1.89 39 7 2.7 1
0
APP_9_Inner_Layer_0:1 0.2 0.2 0.75 2.23 26 44 3.16 0
0
APP_9_Inner_Layer_1:0 0.4666666666666667 0.4666666666666667 1.75 3.26 47 33 3.13 1
1 2
APP_9_Output_Layer_0 0.26666666666666666 0.26666666666666666 1.0 1.18 34 13 1.76 1
3
3
3.2375362165414696
APP_10_Input_Layer_0 0.2 0.2 0.75 2.58 47 18 3.91 1

APP_10_Inner_Layer_0:0 0.4666666666666667 0.4666666666666667 1.75 3.56 30 38 1.01 1
0
APP_10_Output_Layer_0 0.06666666666666667 0.06666666666666667 0.25 3.25 5 18 3.63 1
1
4
3.5927510623982952
APP_11_Input_Layer_0 0.6 0.6 2.25 1.18 41 14 3.11 1

APP_11_Inner_Layer_0:0 0.13333333333333333 0.13333333333333333 0.5 3.13 40 45 1.57 1
0
APP_11_Inner_Layer_1:0 0.06666666666666667 0.06666666666666667 0.25 1.83 42 41 1.43 1
1
APP_11_Output_Layer_0 0.2 0.2 0.75 3.36 28 26 2.43 1
2
11
3.8690945697595547
APP_12_Input_Layer_0 0.26666666666666666 0.26666666666666666 1.0 1.76 44 36 2.98 1

APP_12_Inner_Layer_0:0 0.5333333333333333 0.5333333333333333 2.0 2.89 23 19 3.11 1
0
APP_12_Inner_Layer_0:1 0.2 0.2 0.75 1.94 43 28 2.4 1
0
APP_12_Inner_Layer_0:2 0.26666666666666666 0.26666666666666666 1.0 2.14 33 48 3.23 1
0
APP_12_Inner_Layer_1:0 0.4 0.4 1.5 1.89 35 32 2.68 1
2 3
APP_12_Inner_Layer_1:1 0.2 0.2 0.75 2.01 12 24 1.92 1
1
APP_12_Inner_Layer_2:0 0.3333333333333333 0.3333333333333333 1.25 1.96 16 16 2.89 1
5
APP_12_Inner_Layer_2:1 0.26666666666666666 0.26666666666666666 1.0 1.83 16 17 1.03 1
4 5
APP_12_Inner_Layer_2:2 0.06666666666666667 0.06666666666666667 0.25 3.83 4 32 1.5 1
4
APP_12_Inner_Layer_3:0 0.26666666666666666 0.26666666666666666 1.0 2.75 1 11 1.28 1
6 7 8
APP_12_Output_Layer_0 0.2 0.2 0.75 3.65 4 4 2.23 1
9
3
4.1653491359185315
APP_13_Input_Layer_0 0.2 0.2 0.75 2.77 44 14 3.88 1

APP_13_Inner_Layer_0:0 0.26666666666666666 0.26666666666666666 1.0 1.9 18 47 1.13 1
0
APP_13_Output_Layer_0 0.06666666666666667 0.06666666666666667 0.25 2.4 28 11 3.39 1
1
7
4.425726585620415
APP_14_Input_Layer_0 0.4 0.4 1.5 2.19 37 7 2.03 1

APP_14_Inner_Layer_0:0 0.4 0.4 1.5 3.62 36 32 3.43 1
0
APP_14_Inner_Layer_0:1 0.3333333333333333 0.3333333333333333 1.25 1.73 4 32 1.58 1
0
APP_14_Inner_Layer_0:2 0.5333333333333333 0.5333333333333333 2.0 2.41 39 25 3.29 1
0
APP_14_Inner_Layer_0:3 0.2 0.2 0.75 2.04 16 46 2.07 1
0
APP_14_Inner_Layer_1:0 0.26666666666666666 0.26666666666666666 1.0 2.97 23 38 3.38 1
1 2 3 4
APP_14_Output_Layer_0 0.6 0.6 2.25 2.27 34 3 3.75 1
5
11
4.647185310026411
APP_15_Input_Layer_0 0.13333333333333333 0.13333333333333333 0.5 3.46 11 45 2.46 1

APP_15_Inner_Layer_0:0 0.5333333333333333 0.5333333333333333 2.0 2.48 13 4 2.27 1
0
APP_15_Inner_Layer_0:1 0.06666666666666667 0.06666666666666667 0.25 1.51 9 46 2.16 1
0
APP_15_Inner_Layer_0:2 0.2 0.2 0.75 2.14 18 10 1.09 1
0
APP_15_Inner_Layer_1:0 0.4666666666666667 0.4666666666666667 1.75 1.1 38 17 2.51 1
1 2 3
APP_15_Inner_Layer_1:1 0.26666666666666666 0.26666666666666666 1.0 1.43 28 37 2.52 1
3
APP_15_Inner_Layer_1:2 0.26666666666666666 0.26666666666666666 1.0 2.34 43 2 2.29 1
1
APP_15_Inner_Layer_2:0 0.4666666666666667 0.4666666666666667 1.75 2.43 20 12 1.86 1
4 5 6
APP_15_Inner_Layer_3:0 0.13333333333333333 0.13333333333333333 0.5 2.32 34 11 1.63 1
7
APP_15_Inner_Layer_3:1 0.13333333333333333 0.13333333333333333 0.5 3.04 21 45 3.94 1
7
APP_15_Output_Layer_0 0.26666666666666666 0.26666666666666666 1.0 1.17 7 38 1.99 1
8 9
12
4.864562441362693
APP_16_Input_Layer_0 0.5333333333333333 0.5333333333333333 2.0 2.68 39 18 3.86 1

APP_16_Inner_Layer_0:0 0.4 0.4 1.5 2.53 4 17 3.12 1
0
APP_16_Inner_Layer_0:1 0.6 0.6 2.25 2.55 27 16 2.37 1
0
APP_16_Inner_Layer_0:2 0.4666666666666667 0.4666666666666667 1.75 1.31 30 24 2.75 1
0
APP_16_Inner_Layer_1:0 0.2 0.2 0.75 1.74 10 36 1.8 1
1 2
APP_16_Inner_Layer_1:1 0.13333333333333333 0.13333333333333333 0.5 2.11 16 42 2.54 1
1 2 3
APP_16_Inner_Layer_1:2 0.5333333333333333 0.5333333333333333 2.0 2.69 33 40 3.13 1
2
APP_16_Inner_Layer_1:3 0.2 0.2 0.75 1.26 31 6 1.67 1
1
APP_16_Inner_Layer_2:0 0.4666666666666667 0.4666666666666667 1.75 3.05 36 36 1.55 1
5
APP_16_Inner_Layer_2:1 0.26666666666666666 0.26666666666666666 1.0 1.68 6 3 1.72 1
4 5 7
APP_16_Inner_Layer_2:2 0.5333333333333333 0.5333333333333333 2.0 1.51 13 27 1.24 0
6
APP_16_Output_Layer_0 0.13333333333333333 0.13333333333333333 0.5 1.6 19 33 3.98 1
8 9 10
13
5.074011303694549
APP_17_Input_Layer_0 0.6 0.6 2.25 1.27 25 38 1.75 0

APP_17_Inner_Layer_0:0 0.3333333333333333 0.3333333333333333 1.25 3.34 20 15 2.1 1
0
APP_17_Inner_Layer_0:1 0.13333333333333333 0.13333333333333333 0.5 1.69 36 21 1.87 1
0
APP_17_Inner_Layer_0:2 0.06666666666666667 0.06666666666666667 0.25 2.22 22 40 1.74 1
0
APP_17_Inner_Layer_1:0 0.5333333333333333 0.5333333333333333 2.0 3.86 21 45 3.16 1
1 3
APP_17_Inner_Layer_1:1 0.06666666666666667 0.06666666666666667 0.25 3.48 8 28 2.94 1
1 2
APP_17_Inner_Layer_1:2 0.3333333333333333 0.3333333333333333 1.25 3.44 29 21 1.46 1
2 3
APP_17_Inner_Layer_1:3 0.13333333333333333 0.13333333333333333 0.5 3.15 8 33 3.34 0
2
APP_17_Inner_Layer_2:0 0.13333333333333333 0.13333333333333333 0.5 3.04 12 23 1.33 1
4 6
APP_17_Inner_Layer_2:1 0.2 0.2 0.75 1.28 43 31 3.63 1
5 7
APP_17_Inner_Layer_2:2 0.06666666666666667 0.06666666666666667 0.25 3.2 22 27 3.21 1
6 7
APP_17_Inner_Layer_2:3 0.26666666666666666 0.26666666666666666 1.0 2.75 13 20 2.13 1
5 7
APP_17_Output_Layer_0 0.4666666666666667 0.4666666666666667 1.75 1.96 38 5 3.95 1
8 9 10 11
7
5.396258008631481
APP_18_Input_Layer_0 0.13333333333333333 0.13333333333333333 0.5 3.89 4 30 1.96 1

APP_18_Inner_Layer_0:0 0.2 0.2 0.75 2.87 7 41 1.79 1
0
APP_18_Inner_Layer_0:1 0.5333333333333333 0.5333333333333333 2.0 2.25 17 10 1.74 1
0
APP_18_Inner_Layer_0:2 0.13333333333333333 0.13333333333333333 0.5 1.93 6 24 1.22 1
0
APP_18_Inner_Layer_0:3 0.26666666666666666 0.26666666666666666 1.0 3.74 15 32 1.91 1
0
APP_18_Inner_Layer_1:0 0.5333333333333333 0.5333333333333333 2.0 3.13 16 34 1.14 0
1 2 3 4
APP_18_Output_Layer_0 0.6 0.6 2.25 2.31 28 46 3.67 0
5
