10
19
4
0
APP_0_Input_Layer_0 0.4 0.4 1.5 1.79 38 17 3.63 1

APP_0_Inner_Layer_0:0 0.5333333333333333 0.5333333333333333 2.0 1.7 38 29 2.78 0
0
APP_0_Inner_Layer_0:1 0.26666666666666666 0.26666666666666666 1.0 3.54 22 13 1.27 1
0
APP_0_Output_Layer_0 0.2 0.2 0.75 2.82 11 46 1.64 1
1 2
13
0.28756735078594264
APP_1_Input_Layer_0 0.13333333333333333 0.13333333333333333 0.5 2.6 2 47 1.28 1

APP_1_Inner_Layer_0:0 0.26666666666666666 0.26666666666666666 1.0 3.33 36 11 2.73 1
0
APP_1_Inner_Layer_0:1 0.6 0.6 2.25 2.22 15 9 2.69 1
0
APP_1_Inner_Layer_1:0 0.26666666666666666 0.26666666666666666 1.0 2.03 22 26 2.46 1
2
APP_1_Inner_Layer_1:1 0.4666666666666667 0.4666666666666667 1.75 3.74 12 35 1.64 1
1
APP_1_Inner_Layer_2:0 0.5333333333333333 0.5333333333333333 2.0 2.04 23 45 3.79 0
3 4
APP_1_Inner_Layer_2:1 0.26666666666666666 0.26666666666666666 1.0 3.72 1 19 2.67 1
4
APP_1_Inner_Layer_2:2 0.4666666666666667 0.4666666666666667 1.75 2.09 7 45 1.09 1
3
APP_1_Inner_Layer_2:3 0.5333333333333333 0.5333333333333333 2.0 1.09 40 3 1.46 1
4
APP_1_Inner_Layer_3:0 0.13333333333333333 0.13333333333333333 0.5 2.15 48 19 1.4 0
5 8
APP_1_Inner_Layer_3:1 0.4666666666666667 0.4666666666666667 1.75 2.08 7 22 2.2 1
6 7
APP_1_Inner_Layer_3:2 0.13333333333333333 0.13333333333333333 0.5 1.11 38 7 3.27 0
7
APP_1_Output_Layer_0 0.06666666666666667 0.06666666666666667 0.25 2.05 25 21 2.74 1
9 10 11
12
0.5592929704759129
APP_2_Input_Layer_0 0.06666666666666667 0.06666666666666667 0.25 2.58 22 1 2.87 1

APP_2_Inner_Layer_0:0 0.13333333333333333 0.13333333333333333 0.5 1.59 23 37 2.7 1
0
APP_2_Inner_Layer_0:1 0.5333333333333333 0.5333333333333333 2.0 1.84 36 19 2.15 0
0
APP_2_Inner_Layer_1:0 0.3333333333333333 0.3333333333333333 1.25 2.38 32 13 1.09 1
1 2
APP_2_Inner_Layer_1:1 0.06666666666666667 0.06666666666666667 0.25 1.8 18 15 3.76 1
2
APP_2_Inner_Layer_1:2 0.13333333333333333 0.13333333333333333 0.5 3.19 16 20 1.46 1
1
APP_2_Inner_Layer_1:3 0.6 0.6 2.25 3.09 40 29 1.73 1
1
APP_2_Inner_Layer_2:0 0.4666666666666667 0.4666666666666667 1.75 1.45 21 40 3.16 1
3
APP_2_Inner_Layer_2:1 0.06666666666666667 0.06666666666666667 0.25 3.79 28 25 2.31 1
4 5 6
APP_2_Inner_Layer_3:0 0.26666666666666666 0.26666666666666666 1.0 3.51 3 31 2.36 1
8
APP_2_Inner_Layer_3:1 0.4 0.4 1.5 2.05 35 41 2.02 1
7 8
APP_2_Output_Layer_0 0.3333333333333333 0.3333333333333333 1.25 3.62 46 19 3.45 1
9 10
3
0.8020884879174691
APP_3_Input_Layer_0 0.3333333333333333 0.3333333333333333 1.25 2.88 1 34 2.0 1

APP_3_Inner_Layer_0:0 0.5333333333333333 0.5333333333333333 2.0 3.82 26 22 2.72 1
0
APP_3_Output_Layer_0 0.4666666666666667 0.4666666666666667 1.75 1.01 4 20 1.04 0
1
5
1.0227690476053302
APP_4_Input_Layer_0 0.5333333333333333 0.5333333333333333 2.0 1.8 10 30 1.26 0

APP_4_Inner_Layer_0:0 0.06666666666666667 0.06666666666666667 0.25 1.49 17 24 3.38 1
0
APP_4_Inner_Layer_0:1 0.06666666666666667 0.06666666666666667 0.25 1.98 28 49 3.66 1
0
APP_4_Inner_Layer_0:2 0.3333333333333333 0.3333333333333333 1.25 1.62 33 46 1.26 1
0
APP_4_Output_Layer_0 0.6 0.6 2.25 2.85 39 26 3.89 0
1 2 3
6
1.538922831370994
APP_5_Input_Layer_0 0.2 0.2 0.75 3.69 29 24 1.62 1

APP_5_Inner_Layer_0:0 0.4 0.4 1.5 2.39 18 15 3.2 1
0
APP_5_Inner_Layer_0:1 0.2 0.2 0.75 1.61 43 1 2.71 1
0
APP_5_Inner_Layer_0:2 0.5333333333333333 0.5333333333333333 2.0 1.86 3 3 2.46 0
0
APP_5_Inner_Layer_0:3 0.26666666666666666 0.26666666666666666 1.0 2.25 46 6 3.51 1
0
APP_5_Output_Layer_0 0.3333333333333333 0.3333333333333333 1.25 3.13 39 9 2.97 1
1 2 3 4
6
1.851062939328897
APP_6_Input_Layer_0 0.13333333333333333 0.13333333333333333 0.5 2.23 44 8 2.22 0

APP_6_Inner_Layer_0:0 0.4666666666666667 0.4666666666666667 1.75 3.21 7 38 2.29 1
0
APP_6_Inner_Layer_0:1 0.4 0.4 1.5 3.89 17 23 1.17 1
0
APP_6_Inner_Layer_1:0 0.5333333333333333 0.5333333333333333 2.0 2.4 34 35 3.41 1
1
APP_6_Inner_Layer_1:1 0.13333333333333333 0.13333333333333333 0.5 1.77 40 47 2.22 1
2
APP_6_Output_Layer_0 0.13333333333333333 0.13333333333333333 0.5 2.86 44 31 1.47 1
3 4
12
2.2413914681067517
APP_7_Input_Layer_0 0.26666666666666666 0.26666666666666666 1.0 1.86 27 46 2.99 1

APP_7_Inner_Layer_0:0 0.6 0.6 2.25 1.04 25 3 1.88 1
0
APP_7_Inner_Layer_0:1 0.13333333333333333 0.13333333333333333 0.5 2.35 28 5 3.0 1
0
APP_7_Inner_Layer_1:0 0.2 0.2 0.75 1.49 5 39 2.26 1
1
APP_7_Inner_Layer_1:1 0.13333333333333333 0.13333333333333333 0.5 3.0 12 21 1.52 1
1
APP_7_Inner_Layer_1:2 0.06666666666666667 0.06666666666666667 0.25 2.09 30 38 3.04 1
2
APP_7_Inner_Layer_2:0 0.26666666666666666 0.26666666666666666 1.0 2.73 29 43 3.04 1
5
APP_7_Inner_Layer_2:1 0.6 0.6 2.25 3.24 36 18 2.69 1
3 4
APP_7_Inner_Layer_2:2 0.26666666666666666 0.26666666666666666 1.0 1.51 21 26 2.59 1
3 4 5
APP_7_Inner_Layer_3:0 0.13333333333333333 0.13333333333333333 0.5 3.91 35 7 2.65 1
6 7 8
APP_7_Inner_Layer_3:1 0.26666666666666666 0.26666666666666666 1.0 2.2 4 34 3.47 1
8 6
APP_7_Output_Layer_0 0.4 0.4 1.5 3.9 44 2 1.51 1
9 10
5
2.4455200429361335
APP_8_Input_Layer_0 0.4666666666666667 0.4666666666666667 1.75 1.09 31 32 2.12 1

APP_8_Inner_Layer_0:0 0.2 0.2 0.75 1.08 48 9 3.53 1
0
APP_8_Inner_Layer_0:1 0.4666666666666667 0.4666666666666667 1.75 3.59 39 43 2.75 0
0
APP_8_Inner_Layer_0:2 0.4666666666666667 0.4666666666666667 1.75 2.26 22 37 3.87 0
0
APP_8_Output_Layer_0 0.2 0.2 0.75 3.74 14 12 3.72 1
1 2 3
14
2.7523185419524205
APP_9_Input_Layer_0 0.6 0.6 2.25 3.29 16 16 1.29 1

APP_9_Inner_Layer_0:0 0.5333333333333333 0.5333333333333333 2.0 3.79 19 46 1.2 0
0
APP_9_Inner_Layer_0:1 0.2 0.2 0.75 1.65 31 10 2.57 1
0
APP_9_Inner_Layer_0:2 0.6 0.6 2.25 1.47 12 21 3.73 1
0
APP_9_Inner_Layer_0:3 0.06666666666666667 0.06666666666666667 0.25 2.78 45 33 2.18 0
0
APP_9_Inner_Layer_1:0 0.06666666666666667 0.06666666666666667 0.25 2.02 9 48 2.98 0
2 3
APP_9_Inner_Layer_1:1 0.26666666666666666 0.26666666666666666 1.0 3.99 28 21 2.08 1
1 3 4
APP_9_Inner_Layer_1:2 0.26666666666666666 0.26666666666666666 1.0 1.12 6 18 2.09 1
1 2
APP_9_Inner_Layer_1:3 0.2 0.2 0.75 3.11 26 7 1.53 1
3 4
APP_9_Inner_Layer_2:0 0.26666666666666666 0.26666666666666666 1.0 2.32 45 43 1.12 1
7 8
APP_9_Inner_Layer_2:1 0.4 0.4 1.5 3.34 15 31 2.12 1
5 6 8
APP_9_Inner_Layer_2:2 0.2 0.2 0.75 1.22 19 24 1.37 1
5 6 7
APP_9_Inner_Layer_2:3 0.5333333333333333 0.5333333333333333 2.0 1.16 4 22 1.45 1
6
APP_9_Output_Layer_0 0.5333333333333333 0.5333333333333333 2.0 1.69 8 35 1.28 1
9 10 11 12
11
3.2280072414284793
APP_10_Input_Layer_0 0.2 0.2 0.75 1.68 28 14 2.51 0

APP_10_Inner_Layer_0:0 0.6 0.6 2.25 2.59 23 33 2.63 1
0
APP_10_Inner_Layer_0:1 0.13333333333333333 0.13333333333333333 0.5 2.44 39 27 2.97 1
0
APP_10_Inner_Layer_0:2 0.13333333333333333 0.13333333333333333 0.5 1.37 46 35 3.78 1
0
APP_10_Inner_Layer_1:0 0.4 0.4 1.5 1.44 36 5 1.21 1
1 3
APP_10_Inner_Layer_1:1 0.4 0.4 1.5 2.73 11 6 1.79 1
1 2 3
APP_10_Inner_Layer_2:0 0.5333333333333333 0.5333333333333333 2.0 2.21 11 26 1.69 1
5
APP_10_Inner_Layer_2:1 0.2 0.2 0.75 2.9 45 20 2.16 1
4
APP_10_Inner_Layer_2:2 0.26666666666666666 0.26666666666666666 1.0 3.29 29 13 3.96 1
5
APP_10_Inner_Layer_2:3 0.4666666666666667 0.4666666666666667 1.75 2.77 26 39 2.94 1
5
APP_10_Output_Layer_0 0.06666666666666667 0.06666666666666667 0.25 2.8 26 12 3.13 1
6 7 8 9
6
3.7493699067956623
APP_11_Input_Layer_0 0.13333333333333333 0.13333333333333333 0.5 1.47 14 6 1.81 1

APP_11_Inner_Layer_0:0 0.2 0.2 0.75 2.26 16 22 2.24 1
0
APP_11_Inner_Layer_0:1 0.13333333333333333 0.13333333333333333 0.5 1.67 33 45 1.93 1
0
APP_11_Inner_Layer_0:2 0.4 0.4 1.5 2.01 30 13 1.67 1
0
APP_11_Inner_Layer_0:3 0.5333333333333333 0.5333333333333333 2.0 2.07 20 31 3.71 1
0
APP_11_Output_Layer_0 0.26666666666666666 0.26666666666666666 1.0 3.66 4 23 2.52 0
1 2 3 4
10
4.212015181364421
APP_12_Input_Layer_0 0.2 0.2 0.75 3.28 38 6 1.85 1

APP_12_Inner_Layer_0:0 0.26666666666666666 0.26666666666666666 1.0 2.88 35 42 2.93 1
0
APP_12_Inner_Layer_0:1 0.06666666666666667 0.06666666666666667 0.25 3.64 6 43 2.79 1
0
APP_12_Inner_Layer_0:2 0.3333333333333333 0.3333333333333333 1.25 3.53 40 44 2.69 1
0
APP_12_Inner_Layer_1:0 0.2 0.2 0.75 2.24 34 41 3.15 1
1 2 3
APP_12_Inner_Layer_2:0 0.13333333333333333 0.13333333333333333 0.5 2.8 49 13 1.93 1
4
APP_12_Inner_Layer_2:1 0.5333333333333333 0.5333333333333333 2.0 3.97 11 11 2.16 1
4
APP_12_Inner_Layer_2:2 0.2 0.2 0.75 2.78 5 40 3.55 1
4
APP_12_Inner_Layer_2:3 0.6 0.6 2.25 1.09 30 3 1.09 0
4
APP_12_Output_Layer_0 0.6 0.6 2.25 1.29 20 23 2.16 1
5 6 7 8
9
4.487831957674621
APP_13_Input_Layer_0 0.06666666666666667 0.06666666666666667 0.25 3.6 4 7 2.51 1

APP_13_Inner_Layer_0:0 0.06666666666666667 0.06666666666666667 0.25 1.9 34 4 1.22 1
0
APP_13_Inner_Layer_0:1 0.6 0.6 2.25 3.56 4 42 1.07 1
0
APP_13_Inner_Layer_0:2 0.26666666666666666 0.26666666666666666 1.0 3.44 4 30 3.7 1
0
APP_13_Inner_Layer_1:0 0.06666666666666667 0.06666666666666667 0.25 2.88 33 37 2.4 0
1 2
APP_13_Inner_Layer_1:1 0.5333333333333333 0.5333333333333333 2.0 3.1 49 28 2.12 1
1 3
APP_13_Inner_Layer_1:2 0.6 0.6 2.25 2.89 10 16 2.68 1
3
APP_13_Inner_Layer_1:3 0.4666666666666667 0.4666666666666667 1.75 1.51 29 47 3.93 1
1
APP_13_Output_Layer_0 0.2 0.2 0.75 3.67 41 21 1.74 1
4 5 6 7
5
4.7486172600182535
APP_14_Input_Layer_0 0.3333333333333333 0.3333333333333333 1.25 1.61 5 7 2.8 0

APP_14_Inner_Layer_0:0 0.13333333333333333 0.13333333333333333 0.5 3.17 9 16 1.52 1
0
APP_14_Inner_Layer_0:1 0.4666666666666667 0.4666666666666667 1.75 3.0 23 6 3.94 1
0
APP_14_Inner_Layer_0:2 0.13333333333333333 0.13333333333333333 0.5 3.84 16 11 1.35 1
0
APP_14_Output_Layer_0 0.6 0.6 2.25 1.43 5 40 1.51 1
1 2 3
11
5.016260339582391
APP_15_Input_Layer_0 0.3333333333333333 0.3333333333333333 1.25 3.76 3 33 2.69 1

APP_15_Inner_Layer_0:0 0.4666666666666667 0.4666666666666667 1.75 3.95 23 14 2.76 1
0
APP_15_Inner_Layer_0:1 0.5333333333333333 0.5333333333333333 2.0 3.14 31 39 3.31 1
0
APP_15_Inner_Layer_0:2 0.13333333333333333 0.13333333333333333 0.5 1.7 2 36 3.13 1
0
APP_15_Inner_Layer_1:0 0.4 0.4 1.5 3.59 49 40 3.52 1
1
APP_15_Inner_Layer_1:1 0.06666666666666667 0.06666666666666667 0.25 3.6 48 41 2.59 1
2 3
APP_15_Inner_Layer_2:0 0.4666666666666667 0.4666666666666667 1.75 3.96 34 16 3.49 1
4
APP_15_Inner_Layer_2:1 0.3333333333333333 0.3333333333333333 1.25 2.53 38 2 3.57 1
4
APP_15_Inner_Layer_2:2 0.4 0.4 1.5 1.11 15 14 1.78 1
4 5
APP_15_Inner_Layer_2:3 0.4666666666666667 0.4666666666666667 1.75 3.88 36 32 2.49 1
4 5
APP_15_Output_Layer_0 0.4 0.4 1.5 2.73 7 27 3.7 1
6 7 8 9
9
5.409587710243364
APP_16_Input_Layer_0 0.3333333333333333 0.3333333333333333 1.25 1.65 16 13 3.85 1

APP_16_Inner_Layer_0:0 0.06666666666666667 0.06666666666666667 0.25 1.88 15 37 1.19 0
0
APP_16_Inner_Layer_0:1 0.06666666666666667 0.06666666666666667 0.25 1.05 39 24 3.97 1
0
APP_16_Inner_Layer_0:2 0.3333333333333333 0.3333333333333333 1.25 1.94 1 20 3.8 1
0
APP_16_Inner_Layer_0:3 0.2 0.2 0.75 3.04 20 20 3.33 0
0
APP_16_Inner_Layer_1:0 0.4666666666666667 0.4666666666666667 1.75 3.0 11 18 3.69 0
1 2 4
APP_16_Inner_Layer_1:1 0.4 0.4 1.5 1.73 44 49 2.43 0
1
APP_16_Inner_Layer_1:2 0.06666666666666667 0.06666666666666667 0.25 2.93 18 14 2.11 1
3
APP_16_Output_Layer_0 0.5333333333333333 0.5333333333333333 2.0 1.43 26 19 3.92 0
5 6 7
12
5.931544922506963
APP_17_Input_Layer_0 0.13333333333333333 0.13333333333333333 0.5 3.9 26 34 3.85 1

APP_17_Inner_Layer_0:0 0.26666666666666666 0.26666666666666666 1.0 3.22 1 39 3.11 1
0
APP_17_Inner_Layer_0:1 0.4 0.4 1.5 2.91 20 19 3.94 1
0
APP_17_Inner_Layer_1:0 0.06666666666666667 0.06666666666666667 0.25 3.8 3 24 3.53 1
2
APP_17_Inner_Layer_1:1 0.2 0.2 0.75 3.91 48 44 3.4 0
1
APP_17_Inner_Layer_1:2 0.13333333333333333 0.13333333333333333 0.5 1.91 10 9 2.43 1
2
APP_17_Inner_Layer_1:3 0.06666666666666667 0.06666666666666667 0.25 2.95 33 38 2.32 1
2
APP_17_Inner_Layer_2:0 0.06666666666666667 0.06666666666666667 0.25 1.88 37 23 3.89 1
3 4 5
APP_17_Inner_Layer_2:1 0.3333333333333333 0.3333333333333333 1.25 2.06 4 32 2.53 1
5 6
APP_17_Inner_Layer_2:2 0.13333333333333333 0.13333333333333333 0.5 2.51 10 38 1.58 1
4 5 6
APP_17_Inner_Layer_2:3 0.5333333333333333 0.5333333333333333 2.0 3.35 46 28 2.43 0
6
APP_17_Output_Layer_0 0.5333333333333333 0.5333333333333333 2.0 3.32 37 11 3.54 1
7 8 9 10
10
6.450825413982965
APP_18_Input_Layer_0 0.4 0.4 1.5 2.13 36 25 1.9 1

APP_18_Inner_Layer_0:0 0.4666666666666667 0.4666666666666667 1.75 1.93 14 5 1.01 1
0
APP_18_Inner_Layer_0:1 0.4 0.4 1.5 2.1 34 35 3.34 1
0
APP_18_Inner_Layer_1:0 0.3333333333333333 0.3333333333333333 1.25 3.71 35 44 3.96 1
2
APP_18_Inner_Layer_1:1 0.5333333333333333 0.5333333333333333 2.0 1.33 2 29 3.71 1
1
APP_18_Inner_Layer_1:2 0.06666666666666667 0.06666666666666667 0.25 2.4 5 37 2.36 1
2
APP_18_Inner_Layer_1:3 0.3333333333333333 0.3333333333333333 1.25 1.99 12 10 1.68 1
1 2
APP_18_Inner_Layer_2:0 0.6 0.6 2.25 1.67 31 21 3.45 1
3 5
APP_18_Inner_Layer_2:1 0.5333333333333333 0.5333333333333333 2.0 1.87 49 18 2.27 1
4 6
APP_18_Output_Layer_0 0.2 0.2 0.75 3.66 27 13 2.42 1
7 8
