10
19
4
0
APP_0_Input_Layer_0 0.5333333333333333 0.5333333333333333 2.0 3.15 41 30 2.11 1

APP_0_Inner_Layer_0:0 0.13333333333333333 0.13333333333333333 0.5 2.03 6 19 1.21 1
0
APP_0_Inner_Layer_1:0 0.4 0.4 1.5 2.27 24 2 1.05 1
1
APP_0_Output_Layer_0 0.5333333333333333 0.5333333333333333 2.0 1.42 42 26 2.77 1
2
5
0.19974629369114372
APP_1_Input_Layer_0 0.13333333333333333 0.13333333333333333 0.5 3.38 37 40 1.0 0

APP_1_Inner_Layer_0:0 0.26666666666666666 0.26666666666666666 1.0 1.49 18 13 3.0 1
0
APP_1_Inner_Layer_0:1 0.5333333333333333 0.5333333333333333 2.0 3.5 21 23 3.67 1
0
APP_1_Inner_Layer_0:2 0.2 0.2 0.75 2.62 13 22 3.38 1
0
APP_1_Output_Layer_0 0.2 0.2 0.75 2.43 9 23 3.02 1
1 2 3
12
0.49021941443531
APP_2_Input_Layer_0 0.26666666666666666 0.26666666666666666 1.0 2.63 12 43 2.48 0

APP_2_Inner_Layer_0:0 0.13333333333333333 0.13333333333333333 0.5 2.34 36 2 1.03 1
0
APP_2_Inner_Layer_0:1 0.26666666666666666 0.26666666666666666 1.0 2.06 47 36 1.08 1
0
APP_2_Inner_Layer_0:2 0.3333333333333333 0.3333333333333333 1.25 3.65 40 48 1.18 1
0
APP_2_Inner_Layer_1:0 0.06666666666666667 0.06666666666666667 0.25 1.85 13 43 2.43 1
1 2 3
APP_2_Inner_Layer_1:1 0.13333333333333333 0.13333333333333333 0.5 2.42 16 6 4.0 1
1
APP_2_Inner_Layer_1:2 0.13333333333333333 0.13333333333333333 0.5 2.73 12 21 1.56 0
3
APP_2_Inner_Layer_1:3 0.4 0.4 1.5 3.61 46 38 3.43 1
1 2 3
APP_2_Inner_Layer_2:0 0.26666666666666666 0.26666666666666666 1.0 1.68 2 16 2.24 1
4 5 6 7
APP_2_Inner_Layer_2:1 0.6 0.6 2.25 1.01 49 8 2.8 1
4 6 7
APP_2_Inner_Layer_2:2 0.6 0.6 2.25 2.2 49 19 3.09 1
5
APP_2_Output_Layer_0 0.26666666666666666 0.26666666666666666 1.0 1.47 37 16 3.25 0
8 9 10
5
0.7784021809681245
APP_3_Input_Layer_0 0.6 0.6 2.25 1.66 19 10 1.31 1

APP_3_Inner_Layer_0:0 0.5333333333333333 0.5333333333333333 2.0 1.39 11 40 3.46 1
0
APP_3_Inner_Layer_0:1 0.2 0.2 0.75 2.4 28 28 2.23 1
0
APP_3_Inner_Layer_0:2 0.3333333333333333 0.3333333333333333 1.25 2.13 23 30 2.77 1
0
APP_3_Output_Layer_0 0.6 0.6 2.25 2.52 10 16 3.3 0
1 2 3
5
1.2541656125550162
APP_4_Input_Layer_0 0.4 0.4 1.5 2.44 22 44 1.27 1

APP_4_Inner_Layer_0:0 0.6 0.6 2.25 3.86 15 18 1.55 1
0
APP_4_Inner_Layer_0:1 0.26666666666666666 0.26666666666666666 1.0 3.98 38 11 1.16 0
0
APP_4_Inner_Layer_0:2 0.5333333333333333 0.5333333333333333 2.0 3.95 14 18 1.21 1
0
APP_4_Output_Layer_0 0.6 0.6 2.25 3.32 11 18 2.04 1
1 2 3
6
1.6182189162944516
APP_5_Input_Layer_0 0.06666666666666667 0.06666666666666667 0.25 2.39 23 14 3.53 1

APP_5_Inner_Layer_0:0 0.4 0.4 1.5 1.19 23 42 2.64 0
0
APP_5_Inner_Layer_0:1 0.26666666666666666 0.26666666666666666 1.0 2.87 41 32 3.8 1
0
APP_5_Inner_Layer_1:0 0.2 0.2 0.75 1.39 49 37 3.09 1
2
APP_5_Inner_Layer_1:1 0.5333333333333333 0.5333333333333333 2.0 2.81 14 40 1.68 1
1 2
APP_5_Output_Layer_0 0.13333333333333333 0.13333333333333333 0.5 2.0 2 36 3.92 1
3 4
7
1.8219483358272957
APP_6_Input_Layer_0 0.4 0.4 1.5 1.21 22 14 3.88 1

APP_6_Inner_Layer_0:0 0.5333333333333333 0.5333333333333333 2.0 3.44 28 47 2.93 1
0
APP_6_Inner_Layer_0:1 0.4 0.4 1.5 1.43 49 23 3.4 1
0
APP_6_Inner_Layer_0:2 0.5333333333333333 0.5333333333333333 2.0 2.33 13 40 1.66 1
0
APP_6_Inner_Layer_1:0 0.4 0.4 1.5 2.57 9 27 3.95 1
2
APP_6_Inner_Layer_1:1 0.4666666666666667 0.4666666666666667 1.75 1.27 22 37 2.59 0
1 3
APP_6_Output_Layer_0 0.3333333333333333 0.3333333333333333 1.25 2.8 43 37 3.28 1
4 5
10
2.076401274220319
APP_7_Input_Layer_0 0.3333333333333333 0.3333333333333333 1.25 3.34 21 26 2.05 0

APP_7_Inner_Layer_0:0 0.13333333333333333 0.13333333333333333 0.5 3.09 48 49 2.26 1
0
APP_7_Inner_Layer_1:0 0.4666666666666667 0.4666666666666667 1.75 2.26 41 37 2.5 1
1
APP_7_Inner_Layer_1:1 0.06666666666666667 0.06666666666666667 0.25 2.05 15 38 2.22 1
1
APP_7_Inner_Layer_1:2 0.26666666666666666 0.26666666666666666 1.0 1.47 32 14 3.58 1
1
APP_7_Inner_Layer_2:0 0.3333333333333333 0.3333333333333333 1.25 3.72 21 19 3.44 1
2 3 4
APP_7_Inner_Layer_3:0 0.06666666666666667 0.06666666666666667 0.25 3.53 33 49 2.14 1
5
APP_7_Inner_Layer_3:1 0.6 0.6 2.25 3.46 35 5 1.34 1
5
APP_7_Inner_Layer_3:2 0.6 0.6 2.25 1.27 29 25 2.85 1
5
APP_7_Output_Layer_0 0.5333333333333333 0.5333333333333333 2.0 1.85 30 31 3.44 1
6 7 8
6
2.327560682601698
APP_8_Input_Layer_0 0.2 0.2 0.75 2.46 48 18 3.28 1

APP_8_Inner_Layer_0:0 0.06666666666666667 0.06666666666666667 0.25 2.13 44 36 1.25 1
0
APP_8_Inner_Layer_0:1 0.13333333333333333 0.13333333333333333 0.5 1.74 44 9 2.64 1
0
APP_8_Inner_Layer_0:2 0.6 0.6 2.25 2.08 25 38 1.37 1
0
APP_8_Inner_Layer_0:3 0.06666666666666667 0.06666666666666667 0.25 3.98 49 11 2.72 1
0
APP_8_Output_Layer_0 0.3333333333333333 0.3333333333333333 1.25 3.55 26 44 1.33 1
1 2 3 4
3
2.798308181135504
APP_9_Input_Layer_0 0.06666666666666667 0.06666666666666667 0.25 2.18 15 38 2.68 1

APP_9_Inner_Layer_0:0 0.2 0.2 0.75 3.94 6 38 3.66 1
0
APP_9_Output_Layer_0 0.13333333333333333 0.13333333333333333 0.5 3.76 39 9 3.16 1
1
5
3.029922093118324
APP_10_Input_Layer_0 0.2 0.2 0.75 3.7 14 47 3.55 1

APP_10_Inner_Layer_0:0 0.06666666666666667 0.06666666666666667 0.25 3.95 34 16 2.05 0
0
APP_10_Inner_Layer_0:1 0.4 0.4 1.5 1.79 33 17 2.67 1
0
APP_10_Inner_Layer_1:0 0.4 0.4 1.5 2.33 25 16 1.3 1
1 2
APP_10_Output_Layer_0 0.4666666666666667 0.4666666666666667 1.75 1.2 3 35 3.07 1
3
10
3.2571023630292064
APP_11_Input_Layer_0 0.6 0.6 2.25 1.58 46 4 1.26 1

APP_11_Inner_Layer_0:0 0.06666666666666667 0.06666666666666667 0.25 2.52 13 27 1.81 1
0
APP_11_Inner_Layer_0:1 0.26666666666666666 0.26666666666666666 1.0 2.75 13 10 3.15 1
0
APP_11_Inner_Layer_0:2 0.13333333333333333 0.13333333333333333 0.5 2.11 14 19 3.71 1
0
APP_11_Inner_Layer_1:0 0.4666666666666667 0.4666666666666667 1.75 2.82 28 20 3.57 1
3
APP_11_Inner_Layer_1:1 0.4666666666666667 0.4666666666666667 1.75 3.13 4 29 3.82 1
1 2
APP_11_Inner_Layer_2:0 0.3333333333333333 0.3333333333333333 1.25 1.99 17 26 3.46 1
4
APP_11_Inner_Layer_2:1 0.5333333333333333 0.5333333333333333 2.0 3.02 14 19 2.67 1
5
APP_11_Inner_Layer_3:0 0.2 0.2 0.75 3.19 16 3 1.89 1
6 7
APP_11_Output_Layer_0 0.13333333333333333 0.13333333333333333 0.5 3.45 43 9 2.51 1
8
14
3.6375161394879036
APP_12_Input_Layer_0 0.26666666666666666 0.26666666666666666 1.0 1.32 41 7 1.6 0

APP_12_Inner_Layer_0:0 0.5333333333333333 0.5333333333333333 2.0 3.79 35 6 2.86 1
0
APP_12_Inner_Layer_0:1 0.4 0.4 1.5 3.05 17 19 2.29 1
0
APP_12_Inner_Layer_0:2 0.5333333333333333 0.5333333333333333 2.0 1.26 31 38 2.82 1
0
APP_12_Inner_Layer_1:0 0.26666666666666666 0.26666666666666666 1.0 1.41 39 2 2.98 1
3
APP_12_Inner_Layer_1:1 0.06666666666666667 0.06666666666666667 0.25 3.37 14 12 1.22 1
2 3
APP_12_Inner_Layer_1:2 0.26666666666666666 0.26666666666666666 1.0 1.25 20 26 1.7 1
1 2
APP_12_Inner_Layer_1:3 0.13333333333333333 0.13333333333333333 0.5 2.16 33 47 2.26 1
1 2 3
APP_12_Inner_Layer_2:0 0.06666666666666667 0.06666666666666667 0.25 3.97 23 29 3.67 1
5
APP_12_Inner_Layer_2:1 0.3333333333333333 0.3333333333333333 1.25 2.0 33 43 2.5 1
4 6 7
APP_12_Inner_Layer_3:0 0.13333333333333333 0.13333333333333333 0.5 1.37 31 21 2.71 1
9
APP_12_Inner_Layer_3:1 0.4 0.4 1.5 1.05 48 5 1.81 1
8
APP_12_Inner_Layer_3:2 0.06666666666666667 0.06666666666666667 0.25 3.2 12 6 1.21 1
9
APP_12_Output_Layer_0 0.4666666666666667 0.4666666666666667 1.75 3.43 36 11 2.89 1
10 11 12
10
3.845109271994371
APP_13_Input_Layer_0 0.6 0.6 2.25 2.06 19 46 1.59 1

APP_13_Inner_Layer_0:0 0.06666666666666667 0.06666666666666667 0.25 1.17 37 2 2.09 1
0
APP_13_Inner_Layer_0:1 0.06666666666666667 0.06666666666666667 0.25 3.54 20 2 3.81 0
0
APP_13_Inner_Layer_1:0 0.26666666666666666 0.26666666666666666 1.0 3.36 37 49 3.15 0
2
APP_13_Inner_Layer_1:1 0.6 0.6 2.25 3.18 28 26 3.33 1
2
APP_13_Inner_Layer_1:2 0.4666666666666667 0.4666666666666667 1.75 2.53 27 45 3.22 1
1
APP_13_Inner_Layer_2:0 0.13333333333333333 0.13333333333333333 0.5 3.43 3 2 2.77 1
3 5
APP_13_Inner_Layer_2:1 0.26666666666666666 0.26666666666666666 1.0 1.75 38 4 3.46 1
3 5
APP_13_Inner_Layer_2:2 0.6 0.6 2.25 3.12 14 6 2.54 1
3 4
APP_13_Output_Layer_0 0.13333333333333333 0.13333333333333333 0.5 2.14 1 26 1.23 1
6 7 8
5
4.241028395798705
APP_14_Input_Layer_0 0.13333333333333333 0.13333333333333333 0.5 3.37 11 10 1.61 0

APP_14_Inner_Layer_0:0 0.5333333333333333 0.5333333333333333 2.0 1.09 35 9 3.65 1
0
APP_14_Inner_Layer_0:1 0.4 0.4 1.5 3.74 2 45 3.85 0
0
APP_14_Inner_Layer_0:2 0.4666666666666667 0.4666666666666667 1.75 3.34 33 37 3.46 0
0
APP_14_Output_Layer_0 0.5333333333333333 0.5333333333333333 2.0 1.84 43 2 1.93 1
1 2 3
11
4.730352494733164
APP_15_Input_Layer_0 0.2 0.2 0.75 3.46 8 15 1.34 1

APP_15_Inner_Layer_0:0 0.6 0.6 2.25 2.8 49 26 3.02 1
0
APP_15_Inner_Layer_0:1 0.6 0.6 2.25 2.6 8 30 2.71 1
0
APP_15_Inner_Layer_1:0 0.4666666666666667 0.4666666666666667 1.75 3.78 43 12 2.77 0
1
APP_15_Inner_Layer_1:1 0.3333333333333333 0.3333333333333333 1.25 2.56 21 3 3.61 0
1 2
APP_15_Inner_Layer_1:2 0.4666666666666667 0.4666666666666667 1.75 2.64 42 49 1.16 1
2
APP_15_Inner_Layer_2:0 0.13333333333333333 0.13333333333333333 0.5 1.43 10 33 2.42 1
5
APP_15_Inner_Layer_2:1 0.3333333333333333 0.3333333333333333 1.25 1.89 7 6 1.98 0
3 4
APP_15_Inner_Layer_3:0 0.26666666666666666 0.26666666666666666 1.0 1.24 37 46 1.76 0
7
APP_15_Inner_Layer_3:1 0.6 0.6 2.25 2.74 12 41 3.15 1
6
APP_15_Output_Layer_0 0.06666666666666667 0.06666666666666667 0.25 2.36 3 14 2.16 1
8 9
13
4.986734423705009
APP_16_Input_Layer_0 0.06666666666666667 0.06666666666666667 0.25 2.33 30 14 3.42 1

APP_16_Inner_Layer_0:0 0.4 0.4 1.5 3.16 1 45 3.08 1
0
APP_16_Inner_Layer_0:1 0.13333333333333333 0.13333333333333333 0.5 3.35 10 11 2.38 1
0
APP_16_Inner_Layer_0:2 0.4666666666666667 0.4666666666666667 1.75 3.6 38 12 2.38 1
0
APP_16_Inner_Layer_0:3 0.4 0.4 1.5 1.36 46 12 3.94 1
0
APP_16_Inner_Layer_1:0 0.4 0.4 1.5 2.71 29 9 3.07 0
1 2 3 4
APP_16_Inner_Layer_2:0 0.06666666666666667 0.06666666666666667 0.25 3.16 19 45 3.02 1
5
APP_16_Inner_Layer_2:1 0.13333333333333333 0.13333333333333333 0.5 2.86 7 29 1.65 0
5
APP_16_Inner_Layer_2:2 0.4666666666666667 0.4666666666666667 1.75 3.61 46 28 2.9 1
5
APP_16_Inner_Layer_3:0 0.4 0.4 1.5 3.49 1 20 2.26 1
8
APP_16_Inner_Layer_3:1 0.13333333333333333 0.13333333333333333 0.5 3.37 20 2 2.41 1
6 7 8
APP_16_Inner_Layer_3:2 0.13333333333333333 0.13333333333333333 0.5 2.74 9 28 2.75 1
6
APP_16_Output_Layer_0 0.06666666666666667 0.06666666666666667 0.25 2.73 19 41 3.91 1
9 10 11
9
5.4347781005569
APP_17_Input_Layer_0 0.5333333333333333 0.5333333333333333 2.0 2.35 25 15 2.38 1

APP_17_Inner_Layer_0:0 0.6 0.6 2.25 3.88 20 44 2.43 1
0
APP_17_Inner_Layer_1:0 0.2 0.2 0.75 2.71 33 22 3.86 1
1
APP_17_Inner_Layer_1:1 0.4666666666666667 0.4666666666666667 1.75 1.67 40 18 3.97 1
1
APP_17_Inner_Layer_1:2 0.06666666666666667 0.06666666666666667 0.25 2.58 22 30 3.81 0
1
APP_17_Inner_Layer_1:3 0.5333333333333333 0.5333333333333333 2.0 2.71 31 35 2.4 1
1
APP_17_Inner_Layer_2:0 0.6 0.6 2.25 1.3 3 42 1.58 1
2 5
APP_17_Inner_Layer_2:1 0.2 0.2 0.75 2.08 9 38 3.89 1
3 4
APP_17_Output_Layer_0 0.4666666666666667 0.4666666666666667 1.75 3.81 29 31 3.77 1
6 7
6
5.862754223495256
APP_18_Input_Layer_0 0.26666666666666666 0.26666666666666666 1.0 2.91 25 5 3.49 1

APP_18_Inner_Layer_0:0 0.5333333333333333 0.5333333333333333 2.0 1.89 30 5 2.74 1
0
APP_18_Inner_Layer_0:1 0.3333333333333333 0.3333333333333333 1.25 1.01 44 32 3.07 1
0
APP_18_Inner_Layer_1:0 0.2 0.2 0.75 3.71 4 32 2.66 0
1 2
APP_18_Inner_Layer_1:1 0.6 0.6 2.25 3.69 16 22 1.69 1
1
APP_18_Output_Layer_0 0.2 0.2 0.75 3.59 41 26 1.7 1
3 4
