10
19
9
0
APP_0_Input_Layer_0 0.4 0.4 1.5 1.6 35 35 2.26 1

APP_0_Inner_Layer_0:0 0.06666666666666667 0.06666666666666667 0.25 1.04 8 1 2.63 1
0
APP_0_Inner_Layer_0:1 0.3333333333333333 0.3333333333333333 1.25 1.54 18 49 1.56 1
0
APP_0_Inner_Layer_0:2 0.2 0.2 0.75 1.9 6 13 3.75 1
0
APP_0_Inner_Layer_0:3 0.3333333333333333 0.3333333333333333 1.25 2.09 23 12 3.43 1
0
APP_0_Inner_Layer_1:0 0.13333333333333333 0.13333333333333333 0.5 3.38 30 48 2.88 1
1 2 3
APP_0_Inner_Layer_1:1 0.4666666666666667 0.4666666666666667 1.75 3.59 1 33 2.29 1
4
APP_0_Inner_Layer_1:2 0.26666666666666666 0.26666666666666666 1.0 1.95 37 15 1.61 1
1 2 3
APP_0_Output_Layer_0 0.13333333333333333 0.13333333333333333 0.5 3.39 32 8 2.49 1
5 6 7
5
0.20307082105992677
APP_1_Input_Layer_0 0.4666666666666667 0.4666666666666667 1.75 1.67 15 19 2.57 1

APP_1_Inner_Layer_0:0 0.6 0.6 2.25 3.34 37 30 3.62 1
0
APP_1_Inner_Layer_0:1 0.26666666666666666 0.26666666666666666 1.0 2.91 14 17 2.9 1
0
APP_1_Inner_Layer_1:0 0.4666666666666667 0.4666666666666667 1.75 2.98 25 34 3.19 0
1 2
APP_1_Output_Layer_0 0.4666666666666667 0.4666666666666667 1.75 2.65 3 30 3.53 1
3
14
0.4341688923941628
APP_2_Input_Layer_0 0.4 0.4 1.5 3.76 20 9 2.49 1

APP_2_Inner_Layer_0:0 0.6 0.6 2.25 2.82 21 17 1.1 1
0
APP_2_Inner_Layer_0:1 0.4666666666666667 0.4666666666666667 1.75 2.65 9 26 3.6 1
0
APP_2_Inner_Layer_0:2 0.6 0.6 2.25 2.35 46 2 3.12 1
0
APP_2_Inner_Layer_0:3 0.06666666666666667 0.06666666666666667 0.25 3.77 27 24 2.83 1
0
APP_2_Inner_Layer_1:0 0.26666666666666666 0.26666666666666666 1.0 3.77 10 43 3.5 1
2 3
APP_2_Inner_Layer_1:1 0.3333333333333333 0.3333333333333333 1.25 2.05 49 49 1.51 1
1 2 3 4
APP_2_Inner_Layer_1:2 0.4 0.4 1.5 2.73 9 12 3.6 1
1 2 3
APP_2_Inner_Layer_1:3 0.2 0.2 0.75 3.05 13 48 3.49 1
1
APP_2_Inner_Layer_2:0 0.06666666666666667 0.06666666666666667 0.25 2.78 33 39 3.1 1
5 6 8
APP_2_Inner_Layer_2:1 0.26666666666666666 0.26666666666666666 1.0 1.27 26 48 3.02 1
7
APP_2_Inner_Layer_2:2 0.06666666666666667 0.06666666666666667 0.25 1.48 9 9 2.94 1
5 7
APP_2_Inner_Layer_2:3 0.3333333333333333 0.3333333333333333 1.25 3.41 44 23 2.2 1
5 6 7
APP_2_Output_Layer_0 0.6 0.6 2.25 1.58 10 17 3.32 1
9 10 11 12
8
0.6673593129110922
APP_3_Input_Layer_0 0.26666666666666666 0.26666666666666666 1.0 2.98 13 8 1.04 1

APP_3_Inner_Layer_0:0 0.2 0.2 0.75 1.92 38 13 3.77 0
0
APP_3_Inner_Layer_1:0 0.4 0.4 1.5 3.32 48 40 1.71 1
1
APP_3_Inner_Layer_1:1 0.5333333333333333 0.5333333333333333 2.0 1.0 39 38 1.02 1
1
APP_3_Inner_Layer_1:2 0.5333333333333333 0.5333333333333333 2.0 3.62 6 40 2.15 1
1
APP_3_Inner_Layer_2:0 0.13333333333333333 0.13333333333333333 0.5 1.8 46 28 2.37 1
3
APP_3_Inner_Layer_2:1 0.06666666666666667 0.06666666666666667 0.25 1.35 8 17 2.71 0
2 4
APP_3_Output_Layer_0 0.3333333333333333 0.3333333333333333 1.25 3.9 7 28 3.17 1
5 6
8
1.095374904256343
APP_4_Input_Layer_0 0.5333333333333333 0.5333333333333333 2.0 2.16 29 39 1.28 1

APP_4_Inner_Layer_0:0 0.4 0.4 1.5 3.67 25 49 2.26 1
0
APP_4_Inner_Layer_0:1 0.5333333333333333 0.5333333333333333 2.0 1.5 36 17 2.03 0
0
APP_4_Inner_Layer_1:0 0.3333333333333333 0.3333333333333333 1.25 3.53 30 8 2.61 1
2
APP_4_Inner_Layer_1:1 0.6 0.6 2.25 2.98 2 34 1.57 1
1
APP_4_Inner_Layer_1:2 0.06666666666666667 0.06666666666666667 0.25 2.29 17 3 2.58 1
2
APP_4_Inner_Layer_1:3 0.06666666666666667 0.06666666666666667 0.25 3.37 32 7 3.16 1
1 2
APP_4_Output_Layer_0 0.5333333333333333 0.5333333333333333 2.0 3.68 1 3 1.97 1
3 4 5 6
7
1.4238428263095058
APP_5_Input_Layer_0 0.6 0.6 2.25 3.57 11 8 2.12 1

APP_5_Inner_Layer_0:0 0.5333333333333333 0.5333333333333333 2.0 1.37 17 49 3.6 0
0
APP_5_Inner_Layer_0:1 0.26666666666666666 0.26666666666666666 1.0 2.29 30 46 1.74 1
0
APP_5_Inner_Layer_0:2 0.4 0.4 1.5 1.98 17 18 3.78 1
0
APP_5_Inner_Layer_0:3 0.13333333333333333 0.13333333333333333 0.5 2.73 9 25 2.87 1
0
APP_5_Inner_Layer_1:0 0.26666666666666666 0.26666666666666666 1.0 3.63 43 4 2.27 1
1 2 3 4
APP_5_Output_Layer_0 0.3333333333333333 0.3333333333333333 1.25 1.65 21 3 3.56 1
5
3
1.761749038487968
APP_6_Input_Layer_0 0.6 0.6 2.25 1.8 12 46 1.49 1

APP_6_Inner_Layer_0:0 0.26666666666666666 0.26666666666666666 1.0 2.21 13 47 2.46 1
0
APP_6_Output_Layer_0 0.4666666666666667 0.4666666666666667 1.75 2.34 39 31 2.94 1
1
9
2.1714201300110343
APP_7_Input_Layer_0 0.4666666666666667 0.4666666666666667 1.75 3.62 31 26 3.9 1

APP_7_Inner_Layer_0:0 0.2 0.2 0.75 1.1 16 12 3.95 1
0
APP_7_Inner_Layer_1:0 0.2 0.2 0.75 2.84 19 1 3.37 1
1
APP_7_Inner_Layer_1:1 0.2 0.2 0.75 2.21 43 30 1.35 1
1
APP_7_Inner_Layer_2:0 0.06666666666666667 0.06666666666666667 0.25 1.87 40 23 1.24 1
2 3
APP_7_Inner_Layer_3:0 0.2 0.2 0.75 3.32 28 32 3.73 1
4
APP_7_Inner_Layer_3:1 0.4666666666666667 0.4666666666666667 1.75 1.58 36 32 3.63 1
4
APP_7_Inner_Layer_3:2 0.3333333333333333 0.3333333333333333 1.25 3.81 24 15 3.68 1
4
APP_7_Output_Layer_0 0.2 0.2 0.75 2.64 43 12 2.68 1
5 6 7
11
2.3903587036250276
APP_8_Input_Layer_0 0.5333333333333333 0.5333333333333333 2.0 2.42 2 43 3.5 1

APP_8_Inner_Layer_0:0 0.06666666666666667 0.06666666666666667 0.25 2.65 38 32 2.18 1
0
APP_8_Inner_Layer_0:1 0.5333333333333333 0.5333333333333333 2.0 1.4 21 5 2.56 1
0
APP_8_Inner_Layer_0:2 0.5333333333333333 0.5333333333333333 2.0 3.88 24 32 2.95 1
0
APP_8_Inner_Layer_1:0 0.13333333333333333 0.13333333333333333 0.5 3.49 4 37 1.78 1
1 2 3
APP_8_Inner_Layer_1:1 0.5333333333333333 0.5333333333333333 2.0 1.06 43 30 3.86 1
3 1
APP_8_Inner_Layer_1:2 0.5333333333333333 0.5333333333333333 2.0 1.18 47 18 3.8 1
1
APP_8_Inner_Layer_1:3 0.26666666666666666 0.26666666666666666 1.0 3.56 7 16 1.71 1
1 3
APP_8_Inner_Layer_2:0 0.6 0.6 2.25 1.69 16 6 3.44 0
4 5 6 7
APP_8_Inner_Layer_2:1 0.4 0.4 1.5 3.53 23 32 1.02 1
4 7
APP_8_Output_Layer_0 0.4 0.4 1.5 2.08 3 8 2.54 1
8 9
9
2.895605375854118
APP_9_Input_Layer_0 0.4 0.4 1.5 3.83 20 5 3.94 1

APP_9_Inner_Layer_0:0 0.26666666666666666 0.26666666666666666 1.0 1.57 20 39 3.76 1
0
APP_9_Inner_Layer_0:1 0.06666666666666667 0.06666666666666667 0.25 3.09 27 18 2.88 1
0
APP_9_Inner_Layer_0:2 0.4 0.4 1.5 2.34 42 4 2.19 1
0
APP_9_Inner_Layer_0:3 0.5333333333333333 0.5333333333333333 2.0 3.8 19 14 2.95 0
0
APP_9_Inner_Layer_1:0 0.4666666666666667 0.4666666666666667 1.75 3.64 11 7 3.22 1
1 3
APP_9_Inner_Layer_1:1 0.4 0.4 1.5 2.76 33 14 1.08 1
2 3 4
APP_9_Inner_Layer_1:2 0.13333333333333333 0.13333333333333333 0.5 1.35 30 43 3.38 1
2
APP_9_Output_Layer_0 0.4 0.4 1.5 3.11 47 33 3.92 1
5 6 7
4
3.1838806509842636
APP_10_Input_Layer_0 0.6 0.6 2.25 1.75 28 19 2.66 1

APP_10_Inner_Layer_0:0 0.3333333333333333 0.3333333333333333 1.25 3.25 42 39 1.34 1
0
APP_10_Inner_Layer_0:1 0.26666666666666666 0.26666666666666666 1.0 2.83 18 33 2.12 1
0
APP_10_Output_Layer_0 0.3333333333333333 0.3333333333333333 1.25 1.59 44 24 1.77 1
1 2
8
3.4551015237825604
APP_11_Input_Layer_0 0.4 0.4 1.5 3.21 18 14 3.22 1

APP_11_Inner_Layer_0:0 0.4 0.4 1.5 1.09 29 27 3.27 1
0
APP_11_Inner_Layer_1:0 0.4 0.4 1.5 2.03 15 13 2.52 1
1
APP_11_Inner_Layer_1:1 0.3333333333333333 0.3333333333333333 1.25 2.97 17 16 2.69 1
1
APP_11_Inner_Layer_1:2 0.06666666666666667 0.06666666666666667 0.25 1.35 19 28 2.03 0
1
APP_11_Inner_Layer_2:0 0.4666666666666667 0.4666666666666667 1.75 2.4 16 33 3.52 1
2 3
APP_11_Inner_Layer_2:1 0.2 0.2 0.75 2.04 38 40 1.09 1
4
APP_11_Output_Layer_0 0.5333333333333333 0.5333333333333333 2.0 2.02 12 42 2.58 1
5 6
8
3.7022471793490173
APP_12_Input_Layer_0 0.06666666666666667 0.06666666666666667 0.25 3.42 32 9 3.17 1

APP_12_Inner_Layer_0:0 0.13333333333333333 0.13333333333333333 0.5 3.63 4 6 3.78 0
0
APP_12_Inner_Layer_0:1 0.6 0.6 2.25 3.02 35 13 1.49 1
0
APP_12_Inner_Layer_0:2 0.13333333333333333 0.13333333333333333 0.5 2.11 3 39 3.76 1
0
APP_12_Inner_Layer_0:3 0.26666666666666666 0.26666666666666666 1.0 2.33 8 20 1.09 1
0
APP_12_Inner_Layer_1:0 0.13333333333333333 0.13333333333333333 0.5 3.49 16 2 3.42 1
1
APP_12_Inner_Layer_1:1 0.6 0.6 2.25 1.75 1 33 1.2 1
2 3 4
APP_12_Output_Layer_0 0.13333333333333333 0.13333333333333333 0.5 1.18 33 9 3.06 1
5 6
4
3.9186475391687523
APP_13_Input_Layer_0 0.26666666666666666 0.26666666666666666 1.0 1.6 11 25 1.57 0

APP_13_Inner_Layer_0:0 0.6 0.6 2.25 2.94 34 18 1.73 1
0
APP_13_Inner_Layer_0:1 0.3333333333333333 0.3333333333333333 1.25 1.88 31 49 3.58 0
0
APP_13_Output_Layer_0 0.3333333333333333 0.3333333333333333 1.25 1.02 23 13 2.65 0
1 2
9
4.120851170708992
APP_14_Input_Layer_0 0.13333333333333333 0.13333333333333333 0.5 2.86 16 23 2.46 1

APP_14_Inner_Layer_0:0 0.3333333333333333 0.3333333333333333 1.25 3.95 22 2 1.47 1
0
APP_14_Inner_Layer_1:0 0.13333333333333333 0.13333333333333333 0.5 3.49 6 37 3.87 0
1
APP_14_Inner_Layer_1:1 0.6 0.6 2.25 2.08 16 33 1.06 1
1
APP_14_Inner_Layer_2:0 0.06666666666666667 0.06666666666666667 0.25 3.51 9 37 3.21 1
2
APP_14_Inner_Layer_2:1 0.5333333333333333 0.5333333333333333 2.0 3.66 24 39 2.78 1
3
APP_14_Inner_Layer_2:2 0.4 0.4 1.5 2.87 21 17 1.52 0
3
APP_14_Inner_Layer_3:0 0.5333333333333333 0.5333333333333333 2.0 3.07 7 41 1.78 1
4 5 6
APP_14_Output_Layer_0 0.4 0.4 1.5 2.64 20 41 2.87 1
7
9
4.565098907566928
APP_15_Input_Layer_0 0.4 0.4 1.5 3.45 45 10 2.15 1

APP_15_Inner_Layer_0:0 0.4666666666666667 0.4666666666666667 1.75 1.72 14 8 1.11 0
0
APP_15_Inner_Layer_1:0 0.06666666666666667 0.06666666666666667 0.25 1.21 44 10 1.29 1
1
APP_15_Inner_Layer_1:1 0.06666666666666667 0.06666666666666667 0.25 1.47 36 40 3.58 1
1
APP_15_Inner_Layer_1:2 0.6 0.6 2.25 3.04 44 34 1.82 1
1
APP_15_Inner_Layer_2:0 0.4 0.4 1.5 3.55 8 42 2.76 1
2 3 4
APP_15_Inner_Layer_3:0 0.06666666666666667 0.06666666666666667 0.25 2.38 29 16 3.94 1
5
APP_15_Inner_Layer_3:1 0.6 0.6 2.25 2.38 33 44 3.06 0
5
APP_15_Output_Layer_0 0.2 0.2 0.75 1.62 31 29 1.99 1
6 7
13
4.86509608652936
APP_16_Input_Layer_0 0.13333333333333333 0.13333333333333333 0.5 3.47 45 5 2.46 1

APP_16_Inner_Layer_0:0 0.4 0.4 1.5 1.02 20 41 1.83 1
0
APP_16_Inner_Layer_0:1 0.2 0.2 0.75 1.22 11 14 3.68 1
0
APP_16_Inner_Layer_0:2 0.06666666666666667 0.06666666666666667 0.25 2.49 35 25 2.93 1
0
APP_16_Inner_Layer_0:3 0.2 0.2 0.75 3.19 32 41 1.92 1
0
APP_16_Inner_Layer_1:0 0.3333333333333333 0.3333333333333333 1.25 2.11 41 32 1.98 1
1 2 4
APP_16_Inner_Layer_1:1 0.6 0.6 2.25 1.86 35 48 1.52 1
2 3
APP_16_Inner_Layer_1:2 0.4666666666666667 0.4666666666666667 1.75 2.99 46 40 1.15 1
1
APP_16_Inner_Layer_2:0 0.6 0.6 2.25 3.3 18 8 1.57 1
7
APP_16_Inner_Layer_2:1 0.3333333333333333 0.3333333333333333 1.25 3.47 39 14 3.1 1
5
APP_16_Inner_Layer_2:2 0.2 0.2 0.75 2.13 40 13 2.64 1
6 7
APP_16_Inner_Layer_2:3 0.6 0.6 2.25 2.31 43 32 2.46 1
6 7
APP_16_Output_Layer_0 0.26666666666666666 0.26666666666666666 1.0 2.26 1 24 3.43 1
8 9 10 11
8
5.205102080446052
APP_17_Input_Layer_0 0.6 0.6 2.25 3.17 40 13 2.72 1

APP_17_Inner_Layer_0:0 0.13333333333333333 0.13333333333333333 0.5 1.08 31 5 3.63 1
0
APP_17_Inner_Layer_1:0 0.4 0.4 1.5 1.05 47 35 3.11 1
1
APP_17_Inner_Layer_2:0 0.2 0.2 0.75 3.18 9 46 2.32 1
2
APP_17_Inner_Layer_2:1 0.26666666666666666 0.26666666666666666 1.0 1.32 41 17 2.88 1
2
APP_17_Inner_Layer_2:2 0.26666666666666666 0.26666666666666666 1.0 3.34 49 22 1.21 0
2
APP_17_Inner_Layer_2:3 0.5333333333333333 0.5333333333333333 2.0 1.91 21 13 1.9 1
2
APP_17_Output_Layer_0 0.2 0.2 0.75 1.36 37 16 2.45 1
3 4 5 6
6
5.704390565808065
APP_18_Input_Layer_0 0.13333333333333333 0.13333333333333333 0.5 2.53 42 23 3.36 1

APP_18_Inner_Layer_0:0 0.06666666666666667 0.06666666666666667 0.25 1.4 45 13 2.23 1
0
APP_18_Inner_Layer_0:1 0.4666666666666667 0.4666666666666667 1.75 1.06 36 9 1.62 1
0
APP_18_Inner_Layer_0:2 0.2 0.2 0.75 2.63 34 44 2.5 1
0
APP_18_Inner_Layer_0:3 0.3333333333333333 0.3333333333333333 1.25 2.18 9 7 1.87 1
0
APP_18_Output_Layer_0 0.5333333333333333 0.5333333333333333 2.0 1.36 23 15 2.41 1
1 2 3 4
