10
19
13
0
APP_0_Input_Layer_0 0.4 0.4 1.5 1.62 39 2 2.06 1

APP_0_Inner_Layer_0:0 0.3333333333333333 0.3333333333333333 1.25 3.29 7 49 2.48 1
0
APP_0_Inner_Layer_0:1 0.4666666666666667 0.4666666666666667 1.75 3.51 25 26 1.01 1
0
APP_0_Inner_Layer_1:0 0.13333333333333333 0.13333333333333333 0.5 1.87 36 38 1.43 1
2
APP_0_Inner_Layer_1:1 0.4666666666666667 0.4666666666666667 1.75 1.9 46 46 3.08 1
2
APP_0_Inner_Layer_1:2 0.26666666666666666 0.26666666666666666 1.0 1.09 15 16 1.88 1
1 2
APP_0_Inner_Layer_2:0 0.06666666666666667 0.06666666666666667 0.25 3.69 29 1 1.04 1
4 5
APP_0_Inner_Layer_2:1 0.5333333333333333 0.5333333333333333 2.0 2.17 37 24 3.93 1
3
APP_0_Inner_Layer_3:0 0.4 0.4 1.5 1.21 20 22 3.4 1
7
APP_0_Inner_Layer_3:1 0.06666666666666667 0.06666666666666667 0.25 1.31 19 1 1.84 1
6
APP_0_Inner_Layer_3:2 0.3333333333333333 0.3333333333333333 1.25 2.72 48 46 2.3 1
6
APP_0_Inner_Layer_3:3 0.06666666666666667 0.06666666666666667 0.25 1.06 9 3 3.37 1
6
APP_0_Output_Layer_0 0.3333333333333333 0.3333333333333333 1.25 2.01 44 49 3.1 1
8 9 10 11
4
0.4849340363184392
APP_1_Input_Layer_0 0.6 0.6 2.25 1.69 49 6 1.74 1

APP_1_Inner_Layer_0:0 0.4 0.4 1.5 1.21 43 30 2.23 1
0
APP_1_Inner_Layer_1:0 0.26666666666666666 0.26666666666666666 1.0 3.11 16 28 1.41 1
1
APP_1_Output_Layer_0 0.2 0.2 0.75 2.48 8 1 3.51 1
2
13
0.8360618900244892
APP_2_Input_Layer_0 0.6 0.6 2.25 3.7 12 22 3.78 1

APP_2_Inner_Layer_0:0 0.13333333333333333 0.13333333333333333 0.5 2.56 23 8 3.21 1
0
APP_2_Inner_Layer_0:1 0.3333333333333333 0.3333333333333333 1.25 1.46 39 19 3.88 0
0
APP_2_Inner_Layer_0:2 0.4 0.4 1.5 2.83 4 8 3.29 1
0
APP_2_Inner_Layer_1:0 0.6 0.6 2.25 3.79 12 5 1.73 1
2 3
APP_2_Inner_Layer_1:1 0.5333333333333333 0.5333333333333333 2.0 1.32 40 13 1.62 1
1
APP_2_Inner_Layer_2:0 0.2 0.2 0.75 3.89 3 7 3.68 1
4 5
APP_2_Inner_Layer_2:1 0.3333333333333333 0.3333333333333333 1.25 3.74 28 9 1.2 1
4
APP_2_Inner_Layer_3:0 0.3333333333333333 0.3333333333333333 1.25 2.73 17 5 1.2 1
6
APP_2_Inner_Layer_3:1 0.06666666666666667 0.06666666666666667 0.25 3.96 30 12 3.88 1
6
APP_2_Inner_Layer_3:2 0.3333333333333333 0.3333333333333333 1.25 2.08 20 11 3.64 1
7
APP_2_Inner_Layer_3:3 0.3333333333333333 0.3333333333333333 1.25 2.43 35 31 2.29 1
6
APP_2_Output_Layer_0 0.4 0.4 1.5 1.66 22 41 2.29 1
8 9 10 11
6
1.1003548899729345
APP_3_Input_Layer_0 0.6 0.6 2.25 1.54 24 42 2.85 1

APP_3_Inner_Layer_0:0 0.4 0.4 1.5 1.38 16 32 2.88 1
0
APP_3_Inner_Layer_0:1 0.6 0.6 2.25 2.13 35 21 1.75 1
0
APP_3_Inner_Layer_0:2 0.26666666666666666 0.26666666666666666 1.0 3.52 39 9 1.15 1
0
APP_3_Inner_Layer_0:3 0.2 0.2 0.75 2.92 40 1 2.16 0
0
APP_3_Output_Layer_0 0.06666666666666667 0.06666666666666667 0.25 1.18 25 41 3.97 1
1 2 3 4
9
1.429042998622856
APP_4_Input_Layer_0 0.5333333333333333 0.5333333333333333 2.0 2.76 49 24 2.5 1

APP_4_Inner_Layer_0:0 0.26666666666666666 0.26666666666666666 1.0 2.03 6 39 2.95 0
0
APP_4_Inner_Layer_0:1 0.6 0.6 2.25 2.49 49 24 2.96 1
0
APP_4_Inner_Layer_0:2 0.13333333333333333 0.13333333333333333 0.5 3.74 36 37 3.24 0
0
APP_4_Inner_Layer_0:3 0.26666666666666666 0.26666666666666666 1.0 3.4 30 14 1.32 1
0
APP_4_Inner_Layer_1:0 0.2 0.2 0.75 3.28 39 3 3.57 1
1 2 4
APP_4_Inner_Layer_1:1 0.26666666666666666 0.26666666666666666 1.0 1.35 41 33 1.82 1
1 4
APP_4_Inner_Layer_1:2 0.2 0.2 0.75 3.64 4 30 3.65 1
1 2 3
APP_4_Output_Layer_0 0.4666666666666667 0.4666666666666667 1.75 3.6 43 3 3.98 1
5 6 7
10
1.9151693367542524
APP_5_Input_Layer_0 0.06666666666666667 0.06666666666666667 0.25 2.03 19 4 2.12 1

APP_5_Inner_Layer_0:0 0.13333333333333333 0.13333333333333333 0.5 2.59 35 19 2.72 1
0
APP_5_Inner_Layer_1:0 0.6 0.6 2.25 3.25 49 35 1.08 0
1
APP_5_Inner_Layer_1:1 0.3333333333333333 0.3333333333333333 1.25 2.72 7 49 3.62 1
1
APP_5_Inner_Layer_1:2 0.4 0.4 1.5 2.46 35 23 2.4 1
1
APP_5_Inner_Layer_2:0 0.6 0.6 2.25 2.57 48 25 3.88 1
2 3
APP_5_Inner_Layer_2:1 0.4 0.4 1.5 2.97 47 35 1.31 1
2 3 4
APP_5_Inner_Layer_2:2 0.3333333333333333 0.3333333333333333 1.25 3.0 4 26 1.29 1
2
APP_5_Inner_Layer_2:3 0.2 0.2 0.75 2.34 44 43 2.58 1
4
APP_5_Output_Layer_0 0.4 0.4 1.5 2.67 36 45 3.24 1
5 6 7 8
12
2.1514356888454986
APP_6_Input_Layer_0 0.3333333333333333 0.3333333333333333 1.25 2.09 2 39 1.24 1

APP_6_Inner_Layer_0:0 0.4 0.4 1.5 2.78 9 37 3.25 1
0
APP_6_Inner_Layer_0:1 0.5333333333333333 0.5333333333333333 2.0 3.12 2 5 3.25 1
0
APP_6_Inner_Layer_0:2 0.2 0.2 0.75 3.52 13 24 3.37 1
0
APP_6_Inner_Layer_0:3 0.5333333333333333 0.5333333333333333 2.0 3.01 48 19 3.9 0
0
APP_6_Inner_Layer_1:0 0.4 0.4 1.5 2.77 33 33 3.08 1
3
APP_6_Inner_Layer_1:1 0.26666666666666666 0.26666666666666666 1.0 1.77 34 47 1.42 0
1
APP_6_Inner_Layer_1:2 0.06666666666666667 0.06666666666666667 0.25 1.4 34 24 2.91 1
2 3 4
APP_6_Inner_Layer_2:0 0.4 0.4 1.5 2.86 44 45 1.18 1
5
APP_6_Inner_Layer_2:1 0.4 0.4 1.5 1.87 4 40 3.05 1
5 7
APP_6_Inner_Layer_2:2 0.4 0.4 1.5 3.71 35 29 3.35 1
6
APP_6_Output_Layer_0 0.13333333333333333 0.13333333333333333 0.5 3.98 24 6 3.17 1
8 9 10
13
2.587024662358264
APP_7_Input_Layer_0 0.2 0.2 0.75 2.81 5 42 1.58 1

APP_7_Inner_Layer_0:0 0.3333333333333333 0.3333333333333333 1.25 2.3 39 28 1.44 1
0
APP_7_Inner_Layer_0:1 0.5333333333333333 0.5333333333333333 2.0 2.51 44 46 1.48 1
0
APP_7_Inner_Layer_0:2 0.4 0.4 1.5 1.01 20 34 1.27 1
0
APP_7_Inner_Layer_1:0 0.6 0.6 2.25 3.83 16 26 3.26 1
1 3
APP_7_Inner_Layer_1:1 0.6 0.6 2.25 1.69 29 6 1.55 1
2
APP_7_Inner_Layer_2:0 0.06666666666666667 0.06666666666666667 0.25 2.65 39 49 1.37 1
4
APP_7_Inner_Layer_2:1 0.4666666666666667 0.4666666666666667 1.75 1.13 24 41 3.08 1
4
APP_7_Inner_Layer_2:2 0.3333333333333333 0.3333333333333333 1.25 1.1 6 14 3.64 1
5
APP_7_Inner_Layer_3:0 0.5333333333333333 0.5333333333333333 2.0 3.63 32 38 1.17 0
7 8
APP_7_Inner_Layer_3:1 0.4666666666666667 0.4666666666666667 1.75 1.3 3 15 1.78 1
6 8
APP_7_Inner_Layer_3:2 0.26666666666666666 0.26666666666666666 1.0 3.32 17 33 2.95 1
6 7
APP_7_Output_Layer_0 0.4666666666666667 0.4666666666666667 1.75 1.01 36 46 3.29 0
9 10 11
8
2.8592414712926297
APP_8_Input_Layer_0 0.6 0.6 2.25 3.05 40 48 3.51 1

APP_8_Inner_Layer_0:0 0.26666666666666666 0.26666666666666666 1.0 3.18 10 26 2.85 1
0
APP_8_Inner_Layer_0:1 0.06666666666666667 0.06666666666666667 0.25 2.58 27 31 2.55 1
0
APP_8_Inner_Layer_0:2 0.3333333333333333 0.3333333333333333 1.25 1.08 41 23 1.1 1
0
APP_8_Inner_Layer_0:3 0.06666666666666667 0.06666666666666667 0.25 2.55 15 48 1.97 1
0
APP_8_Inner_Layer_1:0 0.6 0.6 2.25 2.51 24 1 1.6 1
3 4
APP_8_Inner_Layer_1:1 0.6 0.6 2.25 3.92 20 6 1.09 1
1 2
APP_8_Output_Layer_0 0.4666666666666667 0.4666666666666667 1.75 2.01 3 36 1.81 0
5 6
7
3.084755419230439
APP_9_Input_Layer_0 0.2 0.2 0.75 1.01 10 35 3.55 1

APP_9_Inner_Layer_0:0 0.3333333333333333 0.3333333333333333 1.25 3.25 17 26 1.13 1
0
APP_9_Inner_Layer_0:1 0.26666666666666666 0.26666666666666666 1.0 2.8 44 28 1.87 1
0
APP_9_Inner_Layer_1:0 0.2 0.2 0.75 1.53 34 43 2.92 1
1
APP_9_Inner_Layer_1:1 0.26666666666666666 0.26666666666666666 1.0 2.07 15 16 3.16 1
2
APP_9_Inner_Layer_1:2 0.4 0.4 1.5 2.0 10 33 3.81 1
2
APP_9_Output_Layer_0 0.4 0.4 1.5 2.26 41 30 1.42 1
3 4 5
11
3.53067289760982
APP_10_Input_Layer_0 0.6 0.6 2.25 3.33 34 39 1.6 1

APP_10_Inner_Layer_0:0 0.4 0.4 1.5 2.01 29 39 1.16 1
0
APP_10_Inner_Layer_1:0 0.2 0.2 0.75 1.09 21 32 1.21 1
1
APP_10_Inner_Layer_1:1 0.4666666666666667 0.4666666666666667 1.75 2.59 2 43 3.26 1
1
APP_10_Inner_Layer_1:2 0.06666666666666667 0.06666666666666667 0.25 2.79 5 30 3.66 1
1
APP_10_Inner_Layer_2:0 0.5333333333333333 0.5333333333333333 2.0 2.4 9 30 2.54 1
2 3 4
APP_10_Inner_Layer_3:0 0.06666666666666667 0.06666666666666667 0.25 2.02 45 11 2.83 1
5
APP_10_Inner_Layer_3:1 0.4666666666666667 0.4666666666666667 1.75 1.34 12 40 2.42 0
5
APP_10_Inner_Layer_3:2 0.2 0.2 0.75 1.79 23 43 1.9 1
5
APP_10_Inner_Layer_3:3 0.2 0.2 0.75 3.82 20 49 1.64 1
5
APP_10_Output_Layer_0 0.26666666666666666 0.26666666666666666 1.0 1.38 2 46 1.92 1
6 7 8 9
5
3.725259806596045
APP_11_Input_Layer_0 0.3333333333333333 0.3333333333333333 1.25 1.15 20 10 2.98 1

APP_11_Inner_Layer_0:0 0.4666666666666667 0.4666666666666667 1.75 1.52 20 18 2.37 1
0
APP_11_Inner_Layer_0:1 0.13333333333333333 0.13333333333333333 0.5 3.16 3 30 1.36 1
0
APP_11_Inner_Layer_0:2 0.2 0.2 0.75 2.99 38 6 3.68 1
0
APP_11_Output_Layer_0 0.4666666666666667 0.4666666666666667 1.75 1.15 12 45 2.19 1
1 2 3
3
3.9893445109419736
APP_12_Input_Layer_0 0.3333333333333333 0.3333333333333333 1.25 2.62 47 31 3.87 1

APP_12_Inner_Layer_0:0 0.2 0.2 0.75 1.91 33 14 1.29 0
0
APP_12_Output_Layer_0 0.3333333333333333 0.3333333333333333 1.25 1.26 2 15 1.36 1
1
9
4.407311103569397
APP_13_Input_Layer_0 0.5333333333333333 0.5333333333333333 2.0 3.5 38 12 1.06 1

APP_13_Inner_Layer_0:0 0.3333333333333333 0.3333333333333333 1.25 2.94 10 34 2.11 1
0
APP_13_Inner_Layer_0:1 0.06666666666666667 0.06666666666666667 0.25 3.07 40 22 2.86 1
0
APP_13_Inner_Layer_1:0 0.26666666666666666 0.26666666666666666 1.0 1.81 42 17 3.73 1
1
APP_13_Inner_Layer_1:1 0.4666666666666667 0.4666666666666667 1.75 3.44 28 31 2.98 1
2
APP_13_Inner_Layer_2:0 0.13333333333333333 0.13333333333333333 0.5 3.04 8 27 1.4 1
4
APP_13_Inner_Layer_2:1 0.4666666666666667 0.4666666666666667 1.75 1.96 26 34 2.96 1
3
APP_13_Inner_Layer_2:2 0.3333333333333333 0.3333333333333333 1.25 3.79 8 45 2.42 1
3
APP_13_Output_Layer_0 0.5333333333333333 0.5333333333333333 2.0 3.27 32 2 1.74 1
5 6 7
7
4.714383060038632
APP_14_Input_Layer_0 0.5333333333333333 0.5333333333333333 2.0 2.64 31 44 3.3 1

APP_14_Inner_Layer_0:0 0.6 0.6 2.25 3.45 8 21 3.49 1
0
APP_14_Inner_Layer_0:1 0.26666666666666666 0.26666666666666666 1.0 3.41 47 26 2.65 1
0
APP_14_Inner_Layer_0:2 0.4666666666666667 0.4666666666666667 1.75 3.32 23 41 3.11 1
0
APP_14_Inner_Layer_1:0 0.06666666666666667 0.06666666666666667 0.25 3.84 18 26 2.18 1
3
APP_14_Inner_Layer_1:1 0.26666666666666666 0.26666666666666666 1.0 1.17 31 16 1.26 1
1 2
APP_14_Output_Layer_0 0.06666666666666667 0.06666666666666667 0.25 1.29 34 21 3.74 1
4 5
14
4.934262479271116
APP_15_Input_Layer_0 0.13333333333333333 0.13333333333333333 0.5 2.21 44 11 2.44 1

APP_15_Inner_Layer_0:0 0.2 0.2 0.75 2.75 9 5 3.68 1
0
APP_15_Inner_Layer_0:1 0.5333333333333333 0.5333333333333333 2.0 3.79 34 37 1.81 1
0
APP_15_Inner_Layer_0:2 0.2 0.2 0.75 1.38 17 38 1.09 1
0
APP_15_Inner_Layer_0:3 0.26666666666666666 0.26666666666666666 1.0 1.36 47 26 3.68 1
0
APP_15_Inner_Layer_1:0 0.4 0.4 1.5 3.35 16 3 3.76 0
1 2 4
APP_15_Inner_Layer_1:1 0.4 0.4 1.5 1.89 9 31 2.25 1
1 3
APP_15_Inner_Layer_1:2 0.5333333333333333 0.5333333333333333 2.0 3.24 26 20 3.9 1
2 3
APP_15_Inner_Layer_1:3 0.6 0.6 2.25 2.0 36 32 1.11 1
2
APP_15_Inner_Layer_2:0 0.3333333333333333 0.3333333333333333 1.25 3.73 16 2 2.23 1
5
APP_15_Inner_Layer_2:1 0.6 0.6 2.25 3.08 10 26 1.75 1
7 5
APP_15_Inner_Layer_2:2 0.26666666666666666 0.26666666666666666 1.0 3.8 46 41 3.98 1
5 6 8
APP_15_Inner_Layer_2:3 0.3333333333333333 0.3333333333333333 1.25 2.32 10 46 1.13 1
7
APP_15_Output_Layer_0 0.6 0.6 2.25 1.65 18 8 1.42 1
9 10 11 12
8
5.347454258527834
APP_16_Input_Layer_0 0.2 0.2 0.75 3.65 31 43 3.25 1

APP_16_Inner_Layer_0:0 0.2 0.2 0.75 1.42 14 43 2.1 1
0
APP_16_Inner_Layer_0:1 0.4 0.4 1.5 2.0 25 49 3.25 1
0
APP_16_Inner_Layer_0:2 0.6 0.6 2.25 3.47 22 31 1.31 1
0
APP_16_Inner_Layer_1:0 0.26666666666666666 0.26666666666666666 1.0 2.42 28 3 1.02 1
3
APP_16_Inner_Layer_1:1 0.2 0.2 0.75 3.61 30 13 3.77 1
1 2 3
APP_16_Inner_Layer_1:2 0.2 0.2 0.75 2.38 30 25 1.2 1
1 2
APP_16_Output_Layer_0 0.3333333333333333 0.3333333333333333 1.25 1.82 39 14 3.34 1
4 5 6
6
5.670680174052774
APP_17_Input_Layer_0 0.26666666666666666 0.26666666666666666 1.0 2.23 32 22 2.64 1

APP_17_Inner_Layer_0:0 0.5333333333333333 0.5333333333333333 2.0 2.26 6 39 3.46 1
0
APP_17_Inner_Layer_1:0 0.06666666666666667 0.06666666666666667 0.25 2.89 34 5 3.88 1
1
APP_17_Inner_Layer_1:1 0.26666666666666666 0.26666666666666666 1.0 1.95 18 34 2.94 1
1
APP_17_Inner_Layer_1:2 0.2 0.2 0.75 1.76 26 42 2.81 1
1
APP_17_Output_Layer_0 0.26666666666666666 0.26666666666666666 1.0 3.44 34 34 1.43 0
2 3 4
6
5.940754692703342
APP_18_Input_Layer_0 0.4666666666666667 0.4666666666666667 1.75 3.19 16 44 1.53 1

APP_18_Inner_Layer_0:0 0.5333333333333333 0.5333333333333333 2.0 1.12 7 42 1.58 1
0
APP_18_Inner_Layer_1:0 0.06666666666666667 0.06666666666666667 0.25 3.51 14 48 2.25 1
1
APP_18_Inner_Layer_2:0 0.13333333333333333 0.13333333333333333 0.5 1.9 43 33 2.7 1
2
APP_18_Inner_Layer_2:1 0.2 0.2 0.75 2.78 37 37 3.97 1
2
APP_18_Output_Layer_0 0.26666666666666666 0.26666666666666666 1.0 3.56 32 5 3.08 1
3 4
