10
11
3
0
APP_0_Input_Layer_0 0.26666666666666666 0.26666666666666666 1.0 1.51 27 12 3.01 1

APP_0_Inner_Layer_0:0 0.3333333333333333 0.3333333333333333 1.25 1.46 9 29 3.06 1
0
APP_0_Output_Layer_0 0.5333333333333333 0.5333333333333333 2.0 2.07 11 19 1.58 0
1
7
0.7393012049944044
APP_1_Input_Layer_0 0.06666666666666667 0.06666666666666667 0.25 2.45 12 20 3.28 1

APP_1_Inner_Layer_0:0 0.3333333333333333 0.3333333333333333 1.25 3.37 47 48 2.53 1
0
APP_1_Inner_Layer_0:1 0.13333333333333333 0.13333333333333333 0.5 3.38 12 14 3.78 1
0
APP_1_Inner_Layer_0:2 0.4 0.4 1.5 3.26 9 18 3.53 1
0
APP_1_Inner_Layer_1:0 0.4 0.4 1.5 2.69 29 17 1.14 1
2
APP_1_Inner_Layer_1:1 0.13333333333333333 0.13333333333333333 0.5 2.15 42 47 3.35 0
1 3
APP_1_Output_Layer_0 0.3333333333333333 0.3333333333333333 1.25 1.45 15 7 3.81 1
4 5
4
1.1336688765923815
APP_2_Input_Layer_0 0.13333333333333333 0.13333333333333333 0.5 3.47 28 7 2.41 0

APP_2_Inner_Layer_0:0 0.6 0.6 2.25 2.45 4 25 1.98 1
0
APP_2_Inner_Layer_0:1 0.26666666666666666 0.26666666666666666 1.0 2.24 17 43 1.93 1
0
APP_2_Output_Layer_0 0.3333333333333333 0.3333333333333333 1.25 3.98 17 22 1.78 1
1 2
14
1.6954165162954695
APP_3_Input_Layer_0 0.06666666666666667 0.06666666666666667 0.25 3.99 46 2 3.62 1

APP_3_Inner_Layer_0:0 0.13333333333333333 0.13333333333333333 0.5 3.51 41 13 1.52 0
0
APP_3_Inner_Layer_0:1 0.5333333333333333 0.5333333333333333 2.0 3.06 1 10 1.58 1
0
APP_3_Inner_Layer_1:0 0.26666666666666666 0.26666666666666666 1.0 1.73 6 35 3.37 1
2
APP_3_Inner_Layer_1:1 0.5333333333333333 0.5333333333333333 2.0 3.96 13 12 1.99 1
1 2
APP_3_Inner_Layer_1:2 0.3333333333333333 0.3333333333333333 1.25 2.62 20 49 2.29 1
2
APP_3_Inner_Layer_1:3 0.6 0.6 2.25 2.51 10 33 1.97 1
2
APP_3_Inner_Layer_2:0 0.5333333333333333 0.5333333333333333 2.0 2.9 12 8 3.75 1
5
APP_3_Inner_Layer_2:1 0.4 0.4 1.5 2.01 4 18 3.0 1
3 4 5 6
APP_3_Inner_Layer_3:0 0.4666666666666667 0.4666666666666667 1.75 3.77 14 34 3.05 0
7 8
APP_3_Inner_Layer_3:1 0.4 0.4 1.5 2.03 29 9 1.34 0
8
APP_3_Inner_Layer_3:2 0.13333333333333333 0.13333333333333333 0.5 3.82 48 28 2.2 1
8
APP_3_Inner_Layer_3:3 0.26666666666666666 0.26666666666666666 1.0 1.71 40 42 1.75 1
8
APP_3_Output_Layer_0 0.6 0.6 2.25 1.49 28 48 2.58 1
9 10 11 12
6
2.1927585148025486
APP_4_Input_Layer_0 0.2 0.2 0.75 2.51 46 46 3.61 1

APP_4_Inner_Layer_0:0 0.3333333333333333 0.3333333333333333 1.25 1.35 41 24 2.33 0
0
APP_4_Inner_Layer_0:1 0.4666666666666667 0.4666666666666667 1.75 1.89 41 24 2.18 1
0
APP_4_Inner_Layer_1:0 0.2 0.2 0.75 3.48 19 44 3.24 1
2
APP_4_Inner_Layer_1:1 0.4666666666666667 0.4666666666666667 1.75 1.55 11 31 3.75 1
1
APP_4_Output_Layer_0 0.6 0.6 2.25 3.56 38 31 2.61 1
3 4
8
3.004387787228328
APP_5_Input_Layer_0 0.5333333333333333 0.5333333333333333 2.0 3.27 44 21 1.45 1

APP_5_Inner_Layer_0:0 0.06666666666666667 0.06666666666666667 0.25 3.12 9 16 2.46 1
0
APP_5_Inner_Layer_0:1 0.06666666666666667 0.06666666666666667 0.25 1.46 42 49 1.55 0
0
APP_5_Inner_Layer_1:0 0.2 0.2 0.75 3.5 31 38 2.15 1
1 2
APP_5_Inner_Layer_2:0 0.13333333333333333 0.13333333333333333 0.5 1.46 19 36 1.56 0
3
APP_5_Inner_Layer_3:0 0.3333333333333333 0.3333333333333333 1.25 2.95 38 48 2.83 1
4
APP_5_Inner_Layer_3:1 0.6 0.6 2.25 1.05 33 38 3.97 1
4
APP_5_Output_Layer_0 0.2 0.2 0.75 3.9 12 2 1.84 1
5 6
5
3.4799823565109502
APP_6_Input_Layer_0 0.06666666666666667 0.06666666666666667 0.25 1.6 40 41 1.25 1

APP_6_Inner_Layer_0:0 0.4 0.4 1.5 2.68 28 15 1.11 0
0
APP_6_Inner_Layer_0:1 0.06666666666666667 0.06666666666666667 0.25 2.07 2 42 2.25 1
0
APP_6_Inner_Layer_0:2 0.26666666666666666 0.26666666666666666 1.0 3.62 25 23 2.22 1
0
APP_6_Output_Layer_0 0.26666666666666666 0.26666666666666666 1.0 2.41 46 33 1.8 1
1 2 3
3
4.36784509322747
APP_7_Input_Layer_0 0.26666666666666666 0.26666666666666666 1.0 2.75 1 34 2.39 0

APP_7_Inner_Layer_0:0 0.3333333333333333 0.3333333333333333 1.25 3.33 11 5 3.68 1
0
APP_7_Output_Layer_0 0.13333333333333333 0.13333333333333333 0.5 3.06 19 12 2.42 1
1
9
4.704296784935121
APP_8_Input_Layer_0 0.06666666666666667 0.06666666666666667 0.25 3.75 1 4 3.96 1

APP_8_Inner_Layer_0:0 0.5333333333333333 0.5333333333333333 2.0 3.27 13 46 3.31 1
0
APP_8_Inner_Layer_0:1 0.6 0.6 2.25 3.33 45 1 1.24 1
0
APP_8_Inner_Layer_1:0 0.4 0.4 1.5 2.25 4 13 2.6 1
2
APP_8_Inner_Layer_1:1 0.26666666666666666 0.26666666666666666 1.0 2.59 1 8 3.36 1
1 2
APP_8_Inner_Layer_2:0 0.6 0.6 2.25 1.59 47 4 1.08 1
3 4
APP_8_Inner_Layer_3:0 0.4 0.4 1.5 2.65 7 40 2.42 0
5
APP_8_Inner_Layer_3:1 0.06666666666666667 0.06666666666666667 0.25 1.54 14 25 2.65 1
5
APP_8_Output_Layer_0 0.26666666666666666 0.26666666666666666 1.0 3.24 15 41 1.16 1
6 7
10
5.605075567581897
APP_9_Input_Layer_0 0.06666666666666667 0.06666666666666667 0.25 2.96 17 15 2.85 1

APP_9_Inner_Layer_0:0 0.13333333333333333 0.13333333333333333 0.5 2.06 5 48 2.97 1
0
APP_9_Inner_Layer_1:0 0.4 0.4 1.5 1.22 36 39 2.11 1
1
APP_9_Inner_Layer_1:1 0.13333333333333333 0.13333333333333333 0.5 2.27 15 42 1.09 1
1
APP_9_Inner_Layer_2:0 0.13333333333333333 0.13333333333333333 0.5 2.09 15 3 3.99 0
3
APP_9_Inner_Layer_2:1 0.4 0.4 1.5 3.79 17 22 1.67 1
2
APP_9_Inner_Layer_2:2 0.13333333333333333 0.13333333333333333 0.5 3.9 4 38 1.13 0
2
APP_9_Inner_Layer_3:0 0.26666666666666666 0.26666666666666666 1.0 2.8 41 28 1.62 1
4 5 6
APP_9_Inner_Layer_3:1 0.26666666666666666 0.26666666666666666 1.0 2.42 21 24 1.12 0
4 5
APP_9_Output_Layer_0 0.26666666666666666 0.26666666666666666 1.0 2.68 15 22 2.05 1
7 8
15
6.143237441143013
APP_10_Input_Layer_0 0.2 0.2 0.75 1.47 7 33 3.3 1

APP_10_Inner_Layer_0:0 0.26666666666666666 0.26666666666666666 1.0 3.37 21 5 2.82 0
0
APP_10_Inner_Layer_0:1 0.26666666666666666 0.26666666666666666 1.0 2.4 28 1 2.22 1
0
APP_10_Inner_Layer_0:2 0.06666666666666667 0.06666666666666667 0.25 3.22 24 18 2.28 0
0
APP_10_Inner_Layer_1:0 0.13333333333333333 0.13333333333333333 0.5 2.94 7 7 1.44 0
2
APP_10_Inner_Layer_1:1 0.06666666666666667 0.06666666666666667 0.25 1.94 10 31 2.63 1
3
APP_10_Inner_Layer_1:2 0.2 0.2 0.75 1.1 14 14 3.78 1
1 3
APP_10_Inner_Layer_2:0 0.5333333333333333 0.5333333333333333 2.0 1.08 15 14 1.55 1
4 6
APP_10_Inner_Layer_2:1 0.2 0.2 0.75 1.82 37 47 1.76 0
4 5 6
APP_10_Inner_Layer_2:2 0.26666666666666666 0.26666666666666666 1.0 1.27 35 34 3.06 0
5
APP_10_Inner_Layer_3:0 0.3333333333333333 0.3333333333333333 1.25 3.73 15 48 1.81 1
7 8
APP_10_Inner_Layer_3:1 0.26666666666666666 0.26666666666666666 1.0 3.26 3 7 3.72 1
7
APP_10_Inner_Layer_3:2 0.6 0.6 2.25 2.79 36 2 1.93 0
7 8
APP_10_Inner_Layer_3:3 0.4 0.4 1.5 3.32 37 37 1.49 0
9
APP_10_Output_Layer_0 0.2 0.2 0.75 3.02 48 1 3.72 1
10 11 12 13
