10
11
12
0
APP_0_Input_Layer_0 0.2 0.2 0.75 1.42 16 13 1.95 0

APP_0_Inner_Layer_0:0 0.06666666666666667 0.06666666666666667 0.25 1.52 28 41 2.79 1
0
APP_0_Inner_Layer_0:1 0.6 0.6 2.25 1.64 12 46 1.67 1
0
APP_0_Inner_Layer_1:0 0.2 0.2 0.75 2.84 15 1 3.66 1
2
APP_0_Inner_Layer_1:1 0.5333333333333333 0.5333333333333333 2.0 2.03 12 26 2.42 1
1 2
APP_0_Inner_Layer_1:2 0.4 0.4 1.5 1.35 29 43 2.18 1
2
APP_0_Inner_Layer_1:3 0.26666666666666666 0.26666666666666666 1.0 3.35 20 1 1.58 1
2
APP_0_Inner_Layer_2:0 0.4 0.4 1.5 2.61 4 36 2.69 1
3 5 6
APP_0_Inner_Layer_2:1 0.26666666666666666 0.26666666666666666 1.0 1.56 39 13 1.12 1
3 5 6
APP_0_Inner_Layer_2:2 0.4 0.4 1.5 1.87 32 11 2.12 1
4
APP_0_Inner_Layer_3:0 0.4 0.4 1.5 2.5 45 21 1.4 1
7 8 9
APP_0_Output_Layer_0 0.6 0.6 2.25 2.17 23 43 1.38 1
10
12
0.58491843598717
APP_1_Input_Layer_0 0.4 0.4 1.5 2.16 25 5 3.9 1

APP_1_Inner_Layer_0:0 0.06666666666666667 0.06666666666666667 0.25 1.2 39 47 1.99 0
0
APP_1_Inner_Layer_1:0 0.13333333333333333 0.13333333333333333 0.5 3.83 29 42 3.32 1
1
APP_1_Inner_Layer_1:1 0.13333333333333333 0.13333333333333333 0.5 2.77 6 39 3.33 1
1
APP_1_Inner_Layer_1:2 0.3333333333333333 0.3333333333333333 1.25 3.15 13 9 1.98 1
1
APP_1_Inner_Layer_2:0 0.26666666666666666 0.26666666666666666 1.0 1.46 47 14 2.58 1
2 3
APP_1_Inner_Layer_2:1 0.4666666666666667 0.4666666666666667 1.75 2.45 12 13 1.46 1
3 4
APP_1_Inner_Layer_2:2 0.6 0.6 2.25 2.99 39 6 1.57 1
2 4
APP_1_Inner_Layer_3:0 0.13333333333333333 0.13333333333333333 0.5 2.29 28 32 1.9 1
5 6 7
APP_1_Inner_Layer_3:1 0.13333333333333333 0.13333333333333333 0.5 3.45 47 16 3.68 1
6 7
APP_1_Inner_Layer_3:2 0.06666666666666667 0.06666666666666667 0.25 3.31 21 6 2.53 1
5 7
APP_1_Output_Layer_0 0.5333333333333333 0.5333333333333333 2.0 1.65 41 44 3.79 0
8 9 10
10
0.9922785966502871
APP_2_Input_Layer_0 0.3333333333333333 0.3333333333333333 1.25 3.03 4 20 3.52 1

APP_2_Inner_Layer_0:0 0.4 0.4 1.5 2.55 13 10 2.23 0
0
APP_2_Inner_Layer_0:1 0.13333333333333333 0.13333333333333333 0.5 2.22 17 37 1.04 1
0
APP_2_Inner_Layer_0:2 0.13333333333333333 0.13333333333333333 0.5 2.48 33 4 3.13 1
0
APP_2_Inner_Layer_0:3 0.26666666666666666 0.26666666666666666 1.0 2.24 49 19 1.22 1
0
APP_2_Inner_Layer_1:0 0.6 0.6 2.25 2.56 49 35 2.54 0
1 2 3
APP_2_Inner_Layer_1:1 0.5333333333333333 0.5333333333333333 2.0 1.86 7 11 2.46 1
1 2
APP_2_Inner_Layer_1:2 0.5333333333333333 0.5333333333333333 2.0 1.75 18 44 3.95 0
4
APP_2_Inner_Layer_1:3 0.06666666666666667 0.06666666666666667 0.25 1.22 44 27 2.46 1
1 3 4
APP_2_Output_Layer_0 0.26666666666666666 0.26666666666666666 1.0 3.58 21 45 3.27 1
5 6 7 8
3
1.8437938545565766
APP_3_Input_Layer_0 0.06666666666666667 0.06666666666666667 0.25 1.21 37 41 1.16 0

APP_3_Inner_Layer_0:0 0.4666666666666667 0.4666666666666667 1.75 3.98 28 5 2.73 1
0
APP_3_Output_Layer_0 0.3333333333333333 0.3333333333333333 1.25 3.07 45 14 2.67 1
1
3
2.4810541476127765
APP_4_Input_Layer_0 0.26666666666666666 0.26666666666666666 1.0 2.19 9 46 2.36 1

APP_4_Inner_Layer_0:0 0.6 0.6 2.25 2.47 21 11 1.92 1
0
APP_4_Output_Layer_0 0.13333333333333333 0.13333333333333333 0.5 3.18 48 9 3.66 1
1
5
2.934163612349517
APP_5_Input_Layer_0 0.2 0.2 0.75 2.88 15 33 3.3 1

APP_5_Inner_Layer_0:0 0.13333333333333333 0.13333333333333333 0.5 2.02 39 20 1.77 1
0
APP_5_Inner_Layer_0:1 0.06666666666666667 0.06666666666666667 0.25 2.64 37 43 1.69 1
0
APP_5_Inner_Layer_0:2 0.4 0.4 1.5 2.13 10 20 2.74 1
0
APP_5_Output_Layer_0 0.26666666666666666 0.26666666666666666 1.0 2.24 27 18 1.05 1
1 2 3
6
3.463675917224976
APP_6_Input_Layer_0 0.06666666666666667 0.06666666666666667 0.25 3.6 29 38 1.39 0

APP_6_Inner_Layer_0:0 0.06666666666666667 0.06666666666666667 0.25 2.94 36 34 2.65 0
0
APP_6_Inner_Layer_0:1 0.06666666666666667 0.06666666666666667 0.25 2.61 37 34 2.5 1
0
APP_6_Inner_Layer_0:2 0.3333333333333333 0.3333333333333333 1.25 1.91 15 9 3.92 1
0
APP_6_Inner_Layer_0:3 0.2 0.2 0.75 1.52 31 45 1.04 1
0
APP_6_Output_Layer_0 0.4666666666666667 0.4666666666666667 1.75 2.08 32 21 3.86 1
1 2 3 4
9
4.068940936789787
APP_7_Input_Layer_0 0.5333333333333333 0.5333333333333333 2.0 1.12 17 2 3.26 1

APP_7_Inner_Layer_0:0 0.06666666666666667 0.06666666666666667 0.25 3.04 19 23 2.02 1
0
APP_7_Inner_Layer_0:1 0.6 0.6 2.25 1.73 39 12 1.35 1
0
APP_7_Inner_Layer_0:2 0.06666666666666667 0.06666666666666667 0.25 3.02 5 5 2.05 1
0
APP_7_Inner_Layer_1:0 0.06666666666666667 0.06666666666666667 0.25 2.27 3 7 1.97 1
1 2 3
APP_7_Inner_Layer_2:0 0.6 0.6 2.25 3.12 22 41 1.47 0
4
APP_7_Inner_Layer_2:1 0.5333333333333333 0.5333333333333333 2.0 3.39 45 8 3.57 1
4
APP_7_Inner_Layer_2:2 0.3333333333333333 0.3333333333333333 1.25 3.09 45 20 2.53 1
4
APP_7_Output_Layer_0 0.06666666666666667 0.06666666666666667 0.25 1.31 28 24 1.31 1
5 6 7
7
4.869441168795125
APP_8_Input_Layer_0 0.4666666666666667 0.4666666666666667 1.75 3.28 45 35 3.26 1

APP_8_Inner_Layer_0:0 0.26666666666666666 0.26666666666666666 1.0 3.3 1 41 2.71 1
0
APP_8_Inner_Layer_0:1 0.5333333333333333 0.5333333333333333 2.0 2.06 31 30 2.03 1
0
APP_8_Inner_Layer_1:0 0.4 0.4 1.5 2.54 34 20 3.03 0
1 2
APP_8_Inner_Layer_2:0 0.5333333333333333 0.5333333333333333 2.0 2.85 33 39 1.18 1
3
APP_8_Inner_Layer_2:1 0.4 0.4 1.5 3.83 35 13 2.88 1
3
APP_8_Output_Layer_0 0.26666666666666666 0.26666666666666666 1.0 2.95 25 9 1.15 1
4 5
10
5.526298012541552
APP_9_Input_Layer_0 0.26666666666666666 0.26666666666666666 1.0 3.81 4 25 3.08 1

APP_9_Inner_Layer_0:0 0.4666666666666667 0.4666666666666667 1.75 1.17 16 24 1.96 1
0
APP_9_Inner_Layer_0:1 0.06666666666666667 0.06666666666666667 0.25 3.8 46 17 1.63 1
0
APP_9_Inner_Layer_1:0 0.06666666666666667 0.06666666666666667 0.25 1.73 39 42 1.93 1
2
APP_9_Inner_Layer_1:1 0.6 0.6 2.25 3.84 20 3 1.71 0
1 2
APP_9_Inner_Layer_2:0 0.26666666666666666 0.26666666666666666 1.0 3.6 2 38 1.84 1
3
APP_9_Inner_Layer_2:1 0.4 0.4 1.5 1.53 49 31 2.99 1
4
APP_9_Inner_Layer_3:0 0.6 0.6 2.25 3.14 42 1 3.44 0
5
APP_9_Inner_Layer_3:1 0.2 0.2 0.75 3.33 43 42 1.93 1
5 6
APP_9_Output_Layer_0 0.26666666666666666 0.26666666666666666 1.0 1.34 33 16 3.81 0
7 8
15
5.984213229473859
APP_10_Input_Layer_0 0.06666666666666667 0.06666666666666667 0.25 2.45 22 36 2.44 1

APP_10_Inner_Layer_0:0 0.06666666666666667 0.06666666666666667 0.25 3.0 2 26 1.74 0
0
APP_10_Inner_Layer_0:1 0.4666666666666667 0.4666666666666667 1.75 1.23 4 30 2.51 1
0
APP_10_Inner_Layer_0:2 0.13333333333333333 0.13333333333333333 0.5 3.25 12 1 1.94 1
0
APP_10_Inner_Layer_0:3 0.3333333333333333 0.3333333333333333 1.25 3.39 33 19 1.61 1
0
APP_10_Inner_Layer_1:0 0.26666666666666666 0.26666666666666666 1.0 3.67 1 32 2.7 1
1 2 3 4
APP_10_Inner_Layer_2:0 0.3333333333333333 0.3333333333333333 1.25 3.55 28 33 3.71 1
5
APP_10_Inner_Layer_2:1 0.4 0.4 1.5 2.03 47 22 3.91 1
5
APP_10_Inner_Layer_2:2 0.26666666666666666 0.26666666666666666 1.0 3.67 45 32 1.09 1
5
APP_10_Inner_Layer_2:3 0.5333333333333333 0.5333333333333333 2.0 3.29 33 5 2.66 1
5
APP_10_Inner_Layer_3:0 0.3333333333333333 0.3333333333333333 1.25 3.95 15 2 1.13 1
6
APP_10_Inner_Layer_3:1 0.06666666666666667 0.06666666666666667 0.25 2.7 26 5 1.16 1
6 7 8
APP_10_Inner_Layer_3:2 0.5333333333333333 0.5333333333333333 2.0 2.82 28 14 2.1 0
7
APP_10_Inner_Layer_3:3 0.4666666666666667 0.4666666666666667 1.75 1.07 31 15 3.11 0
6 7 8 9
APP_10_Output_Layer_0 0.26666666666666666 0.26666666666666666 1.0 3.29 9 42 2.57 1
10 11 12 13
