10
11
5
0
APP_0_Input_Layer_0 0.5333333333333333 0.5333333333333333 2.0 3.29 2 12 3.35 1

APP_0_Inner_Layer_0:0 0.4 0.4 1.5 2.72 9 32 3.9 1
0
APP_0_Inner_Layer_1:0 0.5333333333333333 0.5333333333333333 2.0 1.27 4 1 2.86 1
1
APP_0_Inner_Layer_2:0 0.4666666666666667 0.4666666666666667 1.75 2.45 21 8 2.69 0
2
APP_0_Output_Layer_0 0.4 0.4 1.5 3.96 10 9 1.37 1
3
15
0.4527642596207206
APP_1_Input_Layer_0 0.6 0.6 2.25 2.69 32 14 3.62 1

APP_1_Inner_Layer_0:0 0.13333333333333333 0.13333333333333333 0.5 3.09 17 24 2.82 1
0
APP_1_Inner_Layer_0:1 0.4666666666666667 0.4666666666666667 1.75 2.91 3 6 1.44 1
0
APP_1_Inner_Layer_0:2 0.4666666666666667 0.4666666666666667 1.75 2.81 42 19 2.35 1
0
APP_1_Inner_Layer_1:0 0.6 0.6 2.25 1.03 35 7 3.48 0
2
APP_1_Inner_Layer_1:1 0.5333333333333333 0.5333333333333333 2.0 3.93 41 34 1.14 1
1 2 3
APP_1_Inner_Layer_1:2 0.3333333333333333 0.3333333333333333 1.25 2.96 45 30 3.31 1
1
APP_1_Inner_Layer_2:0 0.4666666666666667 0.4666666666666667 1.75 1.71 9 35 1.48 0
4 5 6
APP_1_Inner_Layer_2:1 0.2 0.2 0.75 1.33 28 11 2.49 0
5
APP_1_Inner_Layer_2:2 0.2 0.2 0.75 1.6 18 8 1.8 1
4
APP_1_Inner_Layer_3:0 0.2 0.2 0.75 2.65 21 23 1.55 1
9
APP_1_Inner_Layer_3:1 0.4 0.4 1.5 2.17 28 8 1.64 1
7 9
APP_1_Inner_Layer_3:2 0.5333333333333333 0.5333333333333333 2.0 3.62 4 35 2.45 1
9 7
APP_1_Inner_Layer_3:3 0.3333333333333333 0.3333333333333333 1.25 1.63 47 3 3.81 1
7 8 9
APP_1_Output_Layer_0 0.4 0.4 1.5 3.12 39 2 2.1 1
10 11 12 13
8
0.9307464793509926
APP_2_Input_Layer_0 0.2 0.2 0.75 3.2 25 12 1.88 1

APP_2_Inner_Layer_0:0 0.4 0.4 1.5 3.46 14 38 1.95 1
0
APP_2_Inner_Layer_0:1 0.26666666666666666 0.26666666666666666 1.0 2.54 42 4 2.78 1
0
APP_2_Inner_Layer_0:2 0.5333333333333333 0.5333333333333333 2.0 3.51 29 38 1.55 1
0
APP_2_Inner_Layer_1:0 0.2 0.2 0.75 1.84 31 2 3.05 0
3
APP_2_Inner_Layer_1:1 0.2 0.2 0.75 1.54 10 45 2.87 0
1 2 3
APP_2_Inner_Layer_1:2 0.6 0.6 2.25 1.76 36 8 1.96 1
1 2
APP_2_Output_Layer_0 0.26666666666666666 0.26666666666666666 1.0 1.3 36 9 2.93 1
4 5 6
9
1.4928659423455117
APP_3_Input_Layer_0 0.13333333333333333 0.13333333333333333 0.5 1.38 19 12 1.29 1

APP_3_Inner_Layer_0:0 0.3333333333333333 0.3333333333333333 1.25 3.42 38 31 3.45 1
0
APP_3_Inner_Layer_0:1 0.4666666666666667 0.4666666666666667 1.75 3.28 21 10 3.59 1
0
APP_3_Inner_Layer_0:2 0.4666666666666667 0.4666666666666667 1.75 3.79 23 47 2.37 1
0
APP_3_Inner_Layer_0:3 0.4666666666666667 0.4666666666666667 1.75 3.4 26 35 2.7 1
0
APP_3_Inner_Layer_1:0 0.4666666666666667 0.4666666666666667 1.75 2.4 17 13 2.09 0
1 2
APP_3_Inner_Layer_1:1 0.6 0.6 2.25 2.16 14 21 1.06 1
3 4
APP_3_Inner_Layer_2:0 0.6 0.6 2.25 1.89 10 29 3.26 1
5 6
APP_3_Output_Layer_0 0.06666666666666667 0.06666666666666667 0.25 2.49 8 27 2.67 1
7
8
2.227630369985633
APP_4_Input_Layer_0 0.4 0.4 1.5 2.1 47 31 2.79 1

APP_4_Inner_Layer_0:0 0.4 0.4 1.5 2.76 26 39 1.87 1
0
APP_4_Inner_Layer_0:1 0.4666666666666667 0.4666666666666667 1.75 1.43 48 30 1.62 1
0
APP_4_Inner_Layer_0:2 0.2 0.2 0.75 2.35 31 11 2.69 1
0
APP_4_Inner_Layer_0:3 0.4 0.4 1.5 3.99 25 30 3.61 1
0
APP_4_Inner_Layer_1:0 0.4 0.4 1.5 1.63 9 13 2.62 1
3 4
APP_4_Inner_Layer_1:1 0.4 0.4 1.5 3.89 32 45 1.21 0
1 2
APP_4_Output_Layer_0 0.5333333333333333 0.5333333333333333 2.0 1.72 12 3 3.65 1
5 6
6
2.9927485480056464
APP_5_Input_Layer_0 0.6 0.6 2.25 2.68 28 14 2.6 1

APP_5_Inner_Layer_0:0 0.5333333333333333 0.5333333333333333 2.0 3.43 2 42 1.96 0
0
APP_5_Inner_Layer_1:0 0.06666666666666667 0.06666666666666667 0.25 1.55 12 42 1.91 0
1
APP_5_Inner_Layer_1:1 0.4 0.4 1.5 2.96 46 12 2.09 0
1
APP_5_Inner_Layer_1:2 0.13333333333333333 0.13333333333333333 0.5 3.92 8 6 1.86 1
1
APP_5_Output_Layer_0 0.3333333333333333 0.3333333333333333 1.25 1.55 2 10 1.97 1
2 3 4
9
3.801631942893802
APP_6_Input_Layer_0 0.3333333333333333 0.3333333333333333 1.25 2.55 22 40 1.21 1

APP_6_Inner_Layer_0:0 0.4666666666666667 0.4666666666666667 1.75 2.81 24 35 2.16 1
0
APP_6_Inner_Layer_0:1 0.4 0.4 1.5 2.04 37 46 2.52 0
0
APP_6_Inner_Layer_1:0 0.6 0.6 2.25 1.26 29 20 2.25 1
1
APP_6_Inner_Layer_1:1 0.5333333333333333 0.5333333333333333 2.0 1.71 3 9 3.75 1
2
APP_6_Inner_Layer_1:2 0.4 0.4 1.5 2.21 28 6 1.68 1
1
APP_6_Inner_Layer_1:3 0.6 0.6 2.25 1.35 37 20 3.61 0
1
APP_6_Inner_Layer_2:0 0.3333333333333333 0.3333333333333333 1.25 3.25 5 38 1.48 0
3 4 5 6
APP_6_Output_Layer_0 0.13333333333333333 0.13333333333333333 0.5 3.39 40 47 2.82 1
7
13
4.591650183751761
APP_7_Input_Layer_0 0.4666666666666667 0.4666666666666667 1.75 1.61 41 25 3.53 1

APP_7_Inner_Layer_0:0 0.13333333333333333 0.13333333333333333 0.5 2.03 26 42 2.74 1
0
APP_7_Inner_Layer_0:1 0.2 0.2 0.75 3.25 4 4 2.24 1
0
APP_7_Inner_Layer_0:2 0.13333333333333333 0.13333333333333333 0.5 2.56 29 3 1.75 0
0
APP_7_Inner_Layer_0:3 0.5333333333333333 0.5333333333333333 2.0 2.42 23 42 2.3 0
0
APP_7_Inner_Layer_1:0 0.13333333333333333 0.13333333333333333 0.5 1.6 24 24 1.52 1
3 4
APP_7_Inner_Layer_1:1 0.4666666666666667 0.4666666666666667 1.75 2.9 23 33 2.66 1
1 2
APP_7_Inner_Layer_2:0 0.26666666666666666 0.26666666666666666 1.0 3.46 39 1 3.44 1
6
APP_7_Inner_Layer_2:1 0.4 0.4 1.5 2.29 8 25 3.38 0
6
APP_7_Inner_Layer_2:2 0.4 0.4 1.5 3.0 36 41 3.58 1
5 6
APP_7_Inner_Layer_3:0 0.4 0.4 1.5 3.88 6 10 2.35 0
7 8 9
APP_7_Inner_Layer_3:1 0.13333333333333333 0.13333333333333333 0.5 3.69 24 36 2.06 1
7 9
APP_7_Output_Layer_0 0.2 0.2 0.75 1.06 16 34 1.91 0
10 11
10
5.030929005057691
APP_8_Input_Layer_0 0.6 0.6 2.25 1.98 41 29 3.03 1

APP_8_Inner_Layer_0:0 0.06666666666666667 0.06666666666666667 0.25 2.55 22 7 2.32 1
0
APP_8_Inner_Layer_0:1 0.3333333333333333 0.3333333333333333 1.25 1.68 10 17 3.42 1
0
APP_8_Inner_Layer_0:2 0.26666666666666666 0.26666666666666666 1.0 3.56 39 37 2.44 1
0
APP_8_Inner_Layer_1:0 0.4666666666666667 0.4666666666666667 1.75 1.36 3 33 3.21 1
1
APP_8_Inner_Layer_1:1 0.13333333333333333 0.13333333333333333 0.5 3.51 7 34 3.0 0
1 3
APP_8_Inner_Layer_1:2 0.06666666666666667 0.06666666666666667 0.25 2.24 28 28 3.87 1
1 2 3
APP_8_Inner_Layer_2:0 0.4666666666666667 0.4666666666666667 1.75 1.11 49 34 2.42 1
4 5
APP_8_Inner_Layer_2:1 0.06666666666666667 0.06666666666666667 0.25 1.7 14 4 2.92 0
6
APP_8_Output_Layer_0 0.4 0.4 1.5 2.18 21 28 3.22 1
7 8
5
5.701761710385996
APP_9_Input_Layer_0 0.13333333333333333 0.13333333333333333 0.5 1.41 18 43 1.09 1

APP_9_Inner_Layer_0:0 0.5333333333333333 0.5333333333333333 2.0 1.74 36 11 3.3 0
0
APP_9_Inner_Layer_0:1 0.26666666666666666 0.26666666666666666 1.0 1.37 42 42 1.25 1
0
APP_9_Inner_Layer_0:2 0.3333333333333333 0.3333333333333333 1.25 1.66 35 19 1.59 1
0
APP_9_Output_Layer_0 0.5333333333333333 0.5333333333333333 2.0 2.77 19 20 1.96 1
1 2 3
7
6.418566085937786
APP_10_Input_Layer_0 0.06666666666666667 0.06666666666666667 0.25 2.99 9 15 1.62 1

APP_10_Inner_Layer_0:0 0.26666666666666666 0.26666666666666666 1.0 1.06 39 22 2.4 0
0
APP_10_Inner_Layer_1:0 0.4666666666666667 0.4666666666666667 1.75 2.21 40 24 3.57 1
1
APP_10_Inner_Layer_1:1 0.13333333333333333 0.13333333333333333 0.5 3.31 3 9 2.73 0
1
APP_10_Inner_Layer_1:2 0.5333333333333333 0.5333333333333333 2.0 1.54 40 4 2.0 1
1
APP_10_Inner_Layer_1:3 0.4666666666666667 0.4666666666666667 1.75 1.99 41 38 3.35 1
1
APP_10_Output_Layer_0 0.6 0.6 2.25 2.9 16 21 1.25 1
2 3 4 5
