10
11
9
0
APP_0_Input_Layer_0 0.4666666666666667 0.4666666666666667 1.75 3.34 42 29 3.43 1

APP_0_Inner_Layer_0:0 0.6 0.6 2.25 2.05 4 26 3.37 1
0
APP_0_Inner_Layer_0:1 0.4 0.4 1.5 1.55 42 16 3.16 1
0
APP_0_Inner_Layer_0:2 0.6 0.6 2.25 2.3 2 19 3.66 0
0
APP_0_Inner_Layer_1:0 0.06666666666666667 0.06666666666666667 0.25 2.8 15 4 1.28 1
1 2 3
APP_0_Inner_Layer_1:1 0.3333333333333333 0.3333333333333333 1.25 3.83 33 9 2.48 1
2
APP_0_Inner_Layer_2:0 0.3333333333333333 0.3333333333333333 1.25 2.93 3 33 3.6 1
5
APP_0_Inner_Layer_2:1 0.06666666666666667 0.06666666666666667 0.25 2.63 1 45 2.91 1
4
APP_0_Output_Layer_0 0.06666666666666667 0.06666666666666667 0.25 2.3 43 39 3.93 1
6 7
11
0.7683952469640556
APP_1_Input_Layer_0 0.6 0.6 2.25 3.49 29 32 3.3 1

APP_1_Inner_Layer_0:0 0.4 0.4 1.5 1.42 8 49 2.05 0
0
APP_1_Inner_Layer_0:1 0.2 0.2 0.75 1.47 26 15 3.86 1
0
APP_1_Inner_Layer_1:0 0.2 0.2 0.75 3.05 48 2 2.93 1
2
APP_1_Inner_Layer_1:1 0.5333333333333333 0.5333333333333333 2.0 1.86 25 28 2.96 1
1 2
APP_1_Inner_Layer_1:2 0.4666666666666667 0.4666666666666667 1.75 2.64 40 31 3.12 0
1
APP_1_Inner_Layer_1:3 0.13333333333333333 0.13333333333333333 0.5 3.11 5 8 3.27 0
2
APP_1_Inner_Layer_2:0 0.4 0.4 1.5 3.61 23 20 1.25 1
3 4 5 6
APP_1_Inner_Layer_3:0 0.6 0.6 2.25 2.19 25 10 1.91 1
7
APP_1_Inner_Layer_3:1 0.3333333333333333 0.3333333333333333 1.25 3.67 37 36 2.24 1
7
APP_1_Output_Layer_0 0.06666666666666667 0.06666666666666667 0.25 1.53 16 29 1.47 1
8 9
10
1.5030905364458995
APP_2_Input_Layer_0 0.4 0.4 1.5 1.35 25 19 2.29 1

APP_2_Inner_Layer_0:0 0.6 0.6 2.25 1.32 47 37 3.34 1
0
APP_2_Inner_Layer_0:1 0.26666666666666666 0.26666666666666666 1.0 1.89 8 31 2.16 1
0
APP_2_Inner_Layer_0:2 0.4 0.4 1.5 3.37 33 15 1.7 1
0
APP_2_Inner_Layer_0:3 0.4666666666666667 0.4666666666666667 1.75 2.03 30 34 3.34 1
0
APP_2_Inner_Layer_1:0 0.4666666666666667 0.4666666666666667 1.75 3.72 1 11 2.75 1
3
APP_2_Inner_Layer_1:1 0.26666666666666666 0.26666666666666666 1.0 2.53 21 12 2.07 1
1 2 3 4
APP_2_Inner_Layer_1:2 0.6 0.6 2.25 1.77 10 7 1.11 1
1 3
APP_2_Inner_Layer_1:3 0.06666666666666667 0.06666666666666667 0.25 1.64 21 14 1.96 0
1 4
APP_2_Output_Layer_0 0.4 0.4 1.5 1.05 11 34 2.59 1
5 6 7 8
10
1.8868950324030218
APP_3_Input_Layer_0 0.3333333333333333 0.3333333333333333 1.25 1.98 11 35 2.08 1

APP_3_Inner_Layer_0:0 0.06666666666666667 0.06666666666666667 0.25 2.31 3 24 1.51 1
0
APP_3_Inner_Layer_1:0 0.5333333333333333 0.5333333333333333 2.0 3.51 39 7 1.35 0
1
APP_3_Inner_Layer_1:1 0.3333333333333333 0.3333333333333333 1.25 3.71 48 2 3.9 1
1
APP_3_Inner_Layer_2:0 0.26666666666666666 0.26666666666666666 1.0 3.11 19 2 3.81 1
2 3
APP_3_Inner_Layer_2:1 0.6 0.6 2.25 3.49 4 16 2.38 1
2 3
APP_3_Inner_Layer_2:2 0.13333333333333333 0.13333333333333333 0.5 2.41 46 30 3.29 0
2 3
APP_3_Inner_Layer_2:3 0.26666666666666666 0.26666666666666666 1.0 2.94 39 24 3.88 1
3
APP_3_Inner_Layer_3:0 0.13333333333333333 0.13333333333333333 0.5 1.87 45 44 1.04 1
4 5 6 7
APP_3_Output_Layer_0 0.4 0.4 1.5 1.53 12 9 1.67 1
8
5
2.546199330450377
APP_4_Input_Layer_0 0.06666666666666667 0.06666666666666667 0.25 1.44 31 32 2.06 0

APP_4_Inner_Layer_0:0 0.6 0.6 2.25 2.88 31 11 1.03 1
0
APP_4_Inner_Layer_0:1 0.6 0.6 2.25 1.46 42 9 3.42 0
0
APP_4_Inner_Layer_0:2 0.26666666666666666 0.26666666666666666 1.0 1.98 46 42 3.96 1
0
APP_4_Output_Layer_0 0.13333333333333333 0.13333333333333333 0.5 1.91 41 17 1.76 1
1 2 3
10
3.1348559875333097
APP_5_Input_Layer_0 0.2 0.2 0.75 3.44 26 12 1.77 1

APP_5_Inner_Layer_0:0 0.2 0.2 0.75 3.02 27 20 2.14 0
0
APP_5_Inner_Layer_0:1 0.6 0.6 2.25 1.21 32 4 3.32 1
0
APP_5_Inner_Layer_1:0 0.6 0.6 2.25 2.04 24 14 2.95 0
1
APP_5_Inner_Layer_1:1 0.06666666666666667 0.06666666666666667 0.25 2.29 42 4 3.59 1
2
APP_5_Inner_Layer_2:0 0.4 0.4 1.5 1.33 43 20 3.38 1
3 4
APP_5_Inner_Layer_2:1 0.4666666666666667 0.4666666666666667 1.75 2.82 40 45 3.78 1
3
APP_5_Inner_Layer_2:2 0.4 0.4 1.5 3.62 35 30 3.27 1
4
APP_5_Inner_Layer_2:3 0.13333333333333333 0.13333333333333333 0.5 1.66 45 3 3.07 0
4
APP_5_Output_Layer_0 0.2 0.2 0.75 1.79 14 46 2.33 1
5 6 7 8
4
3.740243406429405
APP_6_Input_Layer_0 0.06666666666666667 0.06666666666666667 0.25 1.41 46 39 2.42 1

APP_6_Inner_Layer_0:0 0.2 0.2 0.75 1.39 40 2 3.19 1
0
APP_6_Inner_Layer_0:1 0.2 0.2 0.75 1.27 10 39 1.77 0
0
APP_6_Output_Layer_0 0.3333333333333333 0.3333333333333333 1.25 2.99 34 32 3.07 1
1 2
12
4.129781660544974
APP_7_Input_Layer_0 0.4666666666666667 0.4666666666666667 1.75 1.32 12 22 2.37 1

APP_7_Inner_Layer_0:0 0.4 0.4 1.5 1.18 24 22 3.9 1
0
APP_7_Inner_Layer_0:1 0.13333333333333333 0.13333333333333333 0.5 1.98 29 47 1.1 1
0
APP_7_Inner_Layer_0:2 0.3333333333333333 0.3333333333333333 1.25 1.32 44 34 1.95 1
0
APP_7_Inner_Layer_1:0 0.4666666666666667 0.4666666666666667 1.75 3.43 45 19 2.7 0
1 2
APP_7_Inner_Layer_1:1 0.5333333333333333 0.5333333333333333 2.0 3.86 28 7 2.49 0
1
APP_7_Inner_Layer_1:2 0.3333333333333333 0.3333333333333333 1.25 1.51 30 4 3.3 1
3
APP_7_Inner_Layer_1:3 0.6 0.6 2.25 3.31 32 18 3.86 1
3
APP_7_Inner_Layer_2:0 0.3333333333333333 0.3333333333333333 1.25 2.14 2 47 1.96 1
4 5 7
APP_7_Inner_Layer_2:1 0.5333333333333333 0.5333333333333333 2.0 3.94 31 23 2.28 0
4 6 7
APP_7_Inner_Layer_2:2 0.6 0.6 2.25 1.46 8 10 1.76 1
5
APP_7_Output_Layer_0 0.4666666666666667 0.4666666666666667 1.75 2.45 33 23 3.32 0
8 9 10
7
4.689903830466655
APP_8_Input_Layer_0 0.3333333333333333 0.3333333333333333 1.25 3.08 29 46 2.48 1

APP_8_Inner_Layer_0:0 0.4666666666666667 0.4666666666666667 1.75 3.19 26 14 2.95 0
0
APP_8_Inner_Layer_0:1 0.06666666666666667 0.06666666666666667 0.25 2.26 34 22 1.03 0
0
APP_8_Inner_Layer_1:0 0.3333333333333333 0.3333333333333333 1.25 3.75 10 36 1.93 1
1
APP_8_Inner_Layer_1:1 0.4666666666666667 0.4666666666666667 1.75 2.57 39 1 1.44 0
1
APP_8_Inner_Layer_1:2 0.2 0.2 0.75 2.33 36 8 3.11 1
2
APP_8_Output_Layer_0 0.5333333333333333 0.5333333333333333 2.0 3.96 44 12 1.37 1
3 4 5
10
5.0670027388052405
APP_9_Input_Layer_0 0.4 0.4 1.5 2.45 25 48 1.46 1

APP_9_Inner_Layer_0:0 0.2 0.2 0.75 2.82 14 41 2.13 1
0
APP_9_Inner_Layer_0:1 0.2 0.2 0.75 3.22 45 14 2.32 1
0
APP_9_Inner_Layer_1:0 0.2 0.2 0.75 3.83 21 39 1.36 1
2
APP_9_Inner_Layer_1:1 0.6 0.6 2.25 2.75 48 2 2.69 0
1
APP_9_Inner_Layer_1:2 0.6 0.6 2.25 2.34 5 6 2.22 1
2
APP_9_Inner_Layer_2:0 0.5333333333333333 0.5333333333333333 2.0 2.92 47 3 1.52 1
3 4
APP_9_Inner_Layer_2:1 0.26666666666666666 0.26666666666666666 1.0 3.21 11 1 1.27 1
3 4 5
APP_9_Inner_Layer_2:2 0.2 0.2 0.75 2.12 48 7 1.42 1
5 4
APP_9_Output_Layer_0 0.06666666666666667 0.06666666666666667 0.25 1.93 23 3 2.59 1
6 7 8
4
5.561240669144706
APP_10_Input_Layer_0 0.6 0.6 2.25 1.15 26 22 1.61 1

APP_10_Inner_Layer_0:0 0.6 0.6 2.25 3.73 14 43 2.6 1
0
APP_10_Inner_Layer_0:1 0.5333333333333333 0.5333333333333333 2.0 1.95 15 5 3.97 0
0
APP_10_Output_Layer_0 0.26666666666666666 0.26666666666666666 1.0 3.95 42 19 3.87 0
1 2
