10
11
11
0
APP_0_Input_Layer_0 0.6 0.6 2.25 3.37 29 7 2.93 1

APP_0_Inner_Layer_0:0 0.3333333333333333 0.3333333333333333 1.25 2.29 33 26 3.22 1
0
APP_0_Inner_Layer_0:1 0.4666666666666667 0.4666666666666667 1.75 2.66 39 36 2.54 1
0
APP_0_Inner_Layer_1:0 0.6 0.6 2.25 2.44 34 12 3.52 0
2
APP_0_Inner_Layer_1:1 0.3333333333333333 0.3333333333333333 1.25 3.49 27 40 1.4 0
1
APP_0_Inner_Layer_1:2 0.4 0.4 1.5 3.97 45 45 1.95 1
1
APP_0_Inner_Layer_2:0 0.4666666666666667 0.4666666666666667 1.75 1.83 13 21 1.05 1
3 4
APP_0_Inner_Layer_2:1 0.6 0.6 2.25 3.35 41 45 1.39 1
3 4
APP_0_Inner_Layer_2:2 0.26666666666666666 0.26666666666666666 1.0 2.69 9 7 3.01 1
3 5
APP_0_Inner_Layer_2:3 0.4666666666666667 0.4666666666666667 1.75 1.07 20 1 3.85 1
4
APP_0_Output_Layer_0 0.6 0.6 2.25 2.67 49 39 3.57 1
6 7 8 9
4
0.5648189052303202
APP_1_Input_Layer_0 0.06666666666666667 0.06666666666666667 0.25 3.31 15 32 3.03 1

APP_1_Inner_Layer_0:0 0.06666666666666667 0.06666666666666667 0.25 2.57 13 23 2.75 1
0
APP_1_Inner_Layer_0:1 0.4 0.4 1.5 1.07 30 47 1.04 1
0
APP_1_Output_Layer_0 0.2 0.2 0.75 1.51 22 21 2.38 1
1 2
11
1.331519615713473
APP_2_Input_Layer_0 0.26666666666666666 0.26666666666666666 1.0 3.09 40 45 1.69 1

APP_2_Inner_Layer_0:0 0.5333333333333333 0.5333333333333333 2.0 2.5 19 22 2.29 1
0
APP_2_Inner_Layer_1:0 0.2 0.2 0.75 2.29 45 13 3.24 1
1
APP_2_Inner_Layer_1:1 0.5333333333333333 0.5333333333333333 2.0 1.56 23 9 3.17 1
1
APP_2_Inner_Layer_2:0 0.06666666666666667 0.06666666666666667 0.25 2.33 33 47 3.7 1
3
APP_2_Inner_Layer_2:1 0.6 0.6 2.25 1.36 14 10 3.63 1
2
APP_2_Inner_Layer_2:2 0.3333333333333333 0.3333333333333333 1.25 2.36 2 27 2.32 0
2
APP_2_Inner_Layer_2:3 0.13333333333333333 0.13333333333333333 0.5 2.4 2 46 2.02 0
2
APP_2_Inner_Layer_3:0 0.3333333333333333 0.3333333333333333 1.25 3.78 38 48 2.26 1
4 5 6
APP_2_Inner_Layer_3:1 0.3333333333333333 0.3333333333333333 1.25 1.76 18 2 1.59 0
7
APP_2_Output_Layer_0 0.4 0.4 1.5 3.15 48 41 1.12 1
8 9
6
1.7630817956051739
APP_3_Input_Layer_0 0.4 0.4 1.5 2.7 34 10 2.55 0

APP_3_Inner_Layer_0:0 0.3333333333333333 0.3333333333333333 1.25 1.7 2 5 3.86 1
0
APP_3_Inner_Layer_1:0 0.4 0.4 1.5 3.11 13 37 2.99 1
1
APP_3_Inner_Layer_1:1 0.4666666666666667 0.4666666666666667 1.75 1.09 4 25 1.22 1
1
APP_3_Inner_Layer_1:2 0.26666666666666666 0.26666666666666666 1.0 3.61 41 38 2.36 0
1
APP_3_Output_Layer_0 0.3333333333333333 0.3333333333333333 1.25 3.83 17 44 3.26 1
2 3 4
12
2.3407596437078406
APP_4_Input_Layer_0 0.4666666666666667 0.4666666666666667 1.75 2.57 48 17 2.55 1

APP_4_Inner_Layer_0:0 0.4666666666666667 0.4666666666666667 1.75 2.61 24 32 1.93 1
0
APP_4_Inner_Layer_1:0 0.13333333333333333 0.13333333333333333 0.5 3.48 27 8 3.28 0
1
APP_4_Inner_Layer_1:1 0.2 0.2 0.75 1.39 47 49 1.09 1
1
APP_4_Inner_Layer_1:2 0.6 0.6 2.25 1.92 43 44 2.18 1
1
APP_4_Inner_Layer_1:3 0.4 0.4 1.5 2.86 4 47 3.36 0
1
APP_4_Inner_Layer_2:0 0.4666666666666667 0.4666666666666667 1.75 2.25 37 36 3.98 0
2 3 4 5
APP_4_Inner_Layer_3:0 0.5333333333333333 0.5333333333333333 2.0 3.17 29 42 2.73 0
6
APP_4_Inner_Layer_3:1 0.13333333333333333 0.13333333333333333 0.5 1.77 6 43 1.57 1
6
APP_4_Inner_Layer_3:2 0.4666666666666667 0.4666666666666667 1.75 3.99 10 14 2.83 1
6
APP_4_Inner_Layer_3:3 0.13333333333333333 0.13333333333333333 0.5 3.97 18 14 3.22 1
6
APP_4_Output_Layer_0 0.5333333333333333 0.5333333333333333 2.0 1.76 34 35 2.13 1
7 8 9 10
15
2.9428693216140145
APP_5_Input_Layer_0 0.4 0.4 1.5 2.46 16 49 3.55 1

APP_5_Inner_Layer_0:0 0.4666666666666667 0.4666666666666667 1.75 1.23 44 47 3.97 0
0
APP_5_Inner_Layer_0:1 0.4666666666666667 0.4666666666666667 1.75 1.89 23 8 3.55 0
0
APP_5_Inner_Layer_0:2 0.13333333333333333 0.13333333333333333 0.5 2.06 35 7 2.75 1
0
APP_5_Inner_Layer_0:3 0.4666666666666667 0.4666666666666667 1.75 2.3 11 27 3.92 1
0
APP_5_Inner_Layer_1:0 0.6 0.6 2.25 1.71 35 27 2.99 1
2 4
APP_5_Inner_Layer_1:1 0.4 0.4 1.5 1.95 1 32 3.07 1
3
APP_5_Inner_Layer_1:2 0.4666666666666667 0.4666666666666667 1.75 3.37 8 18 2.69 0
1 3
APP_5_Inner_Layer_1:3 0.4 0.4 1.5 2.86 20 11 2.03 1
4
APP_5_Inner_Layer_2:0 0.5333333333333333 0.5333333333333333 2.0 1.79 48 15 3.42 1
5 6 7 8
APP_5_Inner_Layer_3:0 0.4666666666666667 0.4666666666666667 1.75 1.58 37 19 2.37 1
9
APP_5_Inner_Layer_3:1 0.2 0.2 0.75 2.76 19 13 2.91 0
9
APP_5_Inner_Layer_3:2 0.5333333333333333 0.5333333333333333 2.0 1.21 14 9 1.54 0
9
APP_5_Inner_Layer_3:3 0.26666666666666666 0.26666666666666666 1.0 2.85 35 2 2.6 0
9
APP_5_Output_Layer_0 0.06666666666666667 0.06666666666666667 0.25 3.19 40 18 1.12 1
10 11 12 13
13
3.7657674342945144
APP_6_Input_Layer_0 0.6 0.6 2.25 2.41 24 4 3.59 1

APP_6_Inner_Layer_0:0 0.5333333333333333 0.5333333333333333 2.0 3.58 27 8 3.19 1
0
APP_6_Inner_Layer_0:1 0.6 0.6 2.25 3.71 43 32 2.62 1
0
APP_6_Inner_Layer_0:2 0.4 0.4 1.5 2.03 1 47 2.63 0
0
APP_6_Inner_Layer_0:3 0.4 0.4 1.5 3.82 48 10 3.06 0
0
APP_6_Inner_Layer_1:0 0.06666666666666667 0.06666666666666667 0.25 1.08 3 32 2.57 1
4
APP_6_Inner_Layer_1:1 0.13333333333333333 0.13333333333333333 0.5 1.14 4 33 3.35 1
1 2 3 4
APP_6_Inner_Layer_1:2 0.5333333333333333 0.5333333333333333 2.0 3.13 17 21 2.52 1
1 3
APP_6_Inner_Layer_1:3 0.3333333333333333 0.3333333333333333 1.25 1.04 49 2 3.68 1
1 4
APP_6_Inner_Layer_2:0 0.3333333333333333 0.3333333333333333 1.25 3.3 8 32 1.27 1
7
APP_6_Inner_Layer_2:1 0.2 0.2 0.75 2.72 35 39 1.43 0
8 5 6
APP_6_Inner_Layer_2:2 0.4666666666666667 0.4666666666666667 1.75 2.6 36 43 2.52 1
5 6 8
APP_6_Output_Layer_0 0.06666666666666667 0.06666666666666667 0.25 1.02 33 13 2.45 1
9 10 11
12
4.102582558613518
APP_7_Input_Layer_0 0.06666666666666667 0.06666666666666667 0.25 2.25 40 26 1.04 1

APP_7_Inner_Layer_0:0 0.06666666666666667 0.06666666666666667 0.25 3.64 49 32 3.96 1
0
APP_7_Inner_Layer_0:1 0.26666666666666666 0.26666666666666666 1.0 3.87 47 41 2.18 1
0
APP_7_Inner_Layer_1:0 0.06666666666666667 0.06666666666666667 0.25 2.0 45 43 1.36 1
2
APP_7_Inner_Layer_1:1 0.06666666666666667 0.06666666666666667 0.25 3.5 27 46 2.91 0
1
APP_7_Inner_Layer_1:2 0.2 0.2 0.75 1.1 45 24 2.72 0
2
APP_7_Inner_Layer_1:3 0.4 0.4 1.5 2.06 6 3 1.78 1
2
APP_7_Inner_Layer_2:0 0.2 0.2 0.75 2.74 25 23 3.43 0
3 4 5 6
APP_7_Inner_Layer_3:0 0.5333333333333333 0.5333333333333333 2.0 1.62 14 4 2.89 0
7
APP_7_Inner_Layer_3:1 0.3333333333333333 0.3333333333333333 1.25 2.17 47 43 2.03 1
7
APP_7_Inner_Layer_3:2 0.4 0.4 1.5 2.05 33 7 1.54 1
7
APP_7_Output_Layer_0 0.6 0.6 2.25 3.74 21 15 1.29 1
8 9 10
10
4.935749180438915
APP_8_Input_Layer_0 0.6 0.6 2.25 2.47 1 26 1.79 1

APP_8_Inner_Layer_0:0 0.26666666666666666 0.26666666666666666 1.0 3.93 1 38 2.15 0
0
APP_8_Inner_Layer_0:1 0.6 0.6 2.25 2.68 40 44 1.87 0
0
APP_8_Inner_Layer_1:0 0.26666666666666666 0.26666666666666666 1.0 2.38 3 13 3.15 0
1 2
APP_8_Inner_Layer_1:1 0.4666666666666667 0.4666666666666667 1.75 3.04 17 1 2.93 1
2
APP_8_Inner_Layer_2:0 0.2 0.2 0.75 1.98 35 10 2.9 1
3
APP_8_Inner_Layer_2:1 0.3333333333333333 0.3333333333333333 1.25 1.46 46 12 2.64 1
3 4
APP_8_Inner_Layer_2:2 0.4 0.4 1.5 2.82 44 18 2.91 1
4
APP_8_Inner_Layer_2:3 0.6 0.6 2.25 3.54 8 15 1.16 0
4
APP_8_Output_Layer_0 0.6 0.6 2.25 2.01 6 21 3.07 0
5 6 7 8
7
5.42958112954493
APP_9_Input_Layer_0 0.4 0.4 1.5 1.53 48 22 2.87 1

APP_9_Inner_Layer_0:0 0.4666666666666667 0.4666666666666667 1.75 2.32 17 30 2.91 1
0
APP_9_Inner_Layer_0:1 0.4 0.4 1.5 2.44 32 16 2.31 0
0
APP_9_Inner_Layer_0:2 0.06666666666666667 0.06666666666666667 0.25 1.95 11 34 3.84 1
0
APP_9_Inner_Layer_1:0 0.26666666666666666 0.26666666666666666 1.0 2.04 6 41 2.57 0
1 2 3
APP_9_Inner_Layer_1:1 0.13333333333333333 0.13333333333333333 0.5 1.57 25 32 1.68 1
2 3
APP_9_Output_Layer_0 0.5333333333333333 0.5333333333333333 2.0 1.23 26 9 3.25 1
4 5
7
5.949289507986962
APP_10_Input_Layer_0 0.26666666666666666 0.26666666666666666 1.0 2.19 48 47 2.61 1

APP_10_Inner_Layer_0:0 0.26666666666666666 0.26666666666666666 1.0 1.58 40 22 2.5 1
0
APP_10_Inner_Layer_0:1 0.06666666666666667 0.06666666666666667 0.25 2.73 34 29 1.07 0
0
APP_10_Inner_Layer_1:0 0.5333333333333333 0.5333333333333333 2.0 2.73 49 40 2.25 0
2
APP_10_Inner_Layer_1:1 0.13333333333333333 0.13333333333333333 0.5 3.9 15 47 2.46 0
1 2
APP_10_Inner_Layer_2:0 0.5333333333333333 0.5333333333333333 2.0 1.44 17 10 1.56 0
3 4
APP_10_Output_Layer_0 0.4666666666666667 0.4666666666666667 1.75 1.73 22 27 2.26 1
5
