10
11
9
0
APP_0_Input_Layer_0 0.26666666666666666 0.26666666666666666 1.0 2.6 27 19 3.66 0

APP_0_Inner_Layer_0:0 0.26666666666666666 0.26666666666666666 1.0 3.41 44 37 3.64 1
0
APP_0_Inner_Layer_0:1 0.4 0.4 1.5 1.39 48 32 1.97 1
0
APP_0_Inner_Layer_0:2 0.4666666666666667 0.4666666666666667 1.75 2.12 29 32 1.07 1
0
APP_0_Inner_Layer_1:0 0.4666666666666667 0.4666666666666667 1.75 1.32 26 41 1.13 1
1
APP_0_Inner_Layer_1:1 0.13333333333333333 0.13333333333333333 0.5 1.84 36 12 3.45 1
1 3
APP_0_Inner_Layer_1:2 0.3333333333333333 0.3333333333333333 1.25 2.16 32 35 2.45 0
1 3
APP_0_Inner_Layer_1:3 0.3333333333333333 0.3333333333333333 1.25 3.23 48 2 1.05 0
2 3
APP_0_Output_Layer_0 0.06666666666666667 0.06666666666666667 0.25 3.27 32 5 1.96 0
4 5 6 7
14
0.34054570619339003
APP_1_Input_Layer_0 0.26666666666666666 0.26666666666666666 1.0 2.29 17 8 1.48 1

APP_1_Inner_Layer_0:0 0.4 0.4 1.5 1.17 33 48 3.09 0
0
APP_1_Inner_Layer_0:1 0.5333333333333333 0.5333333333333333 2.0 2.64 39 28 3.31 1
0
APP_1_Inner_Layer_0:2 0.5333333333333333 0.5333333333333333 2.0 2.47 37 39 2.72 1
0
APP_1_Inner_Layer_1:0 0.26666666666666666 0.26666666666666666 1.0 3.53 3 44 2.67 1
1 3
APP_1_Inner_Layer_1:1 0.6 0.6 2.25 2.89 6 31 1.97 0
2 3
APP_1_Inner_Layer_1:2 0.2 0.2 0.75 3.76 7 3 1.81 0
2
APP_1_Inner_Layer_1:3 0.06666666666666667 0.06666666666666667 0.25 1.44 30 32 3.37 1
3
APP_1_Inner_Layer_2:0 0.3333333333333333 0.3333333333333333 1.25 2.9 6 39 2.97 1
4 7
APP_1_Inner_Layer_2:1 0.26666666666666666 0.26666666666666666 1.0 2.31 26 32 2.1 1
5
APP_1_Inner_Layer_2:2 0.6 0.6 2.25 3.17 37 26 3.98 1
5 6
APP_1_Inner_Layer_3:0 0.6 0.6 2.25 3.01 33 34 2.49 1
9 10
APP_1_Inner_Layer_3:1 0.6 0.6 2.25 1.28 23 12 3.13 0
8
APP_1_Output_Layer_0 0.13333333333333333 0.13333333333333333 0.5 1.73 20 15 1.47 1
11 12
10
0.9352158020170847
APP_2_Input_Layer_0 0.4 0.4 1.5 2.12 34 43 1.83 0

APP_2_Inner_Layer_0:0 0.2 0.2 0.75 1.59 2 1 3.68 0
0
APP_2_Inner_Layer_0:1 0.4 0.4 1.5 2.5 44 48 2.15 1
0
APP_2_Inner_Layer_0:2 0.6 0.6 2.25 1.88 43 49 2.38 0
0
APP_2_Inner_Layer_0:3 0.13333333333333333 0.13333333333333333 0.5 2.84 6 18 2.17 0
0
APP_2_Inner_Layer_1:0 0.26666666666666666 0.26666666666666666 1.0 2.48 42 22 1.42 1
1 2 3 4
APP_2_Inner_Layer_2:0 0.06666666666666667 0.06666666666666667 0.25 1.65 35 32 3.51 1
5
APP_2_Inner_Layer_2:1 0.6 0.6 2.25 2.94 36 30 2.75 1
5
APP_2_Inner_Layer_2:2 0.4 0.4 1.5 1.83 4 40 3.76 0
5
APP_2_Output_Layer_0 0.2 0.2 0.75 1.58 23 1 1.31 1
6 7 8
9
1.819070111062957
APP_3_Input_Layer_0 0.13333333333333333 0.13333333333333333 0.5 2.66 47 3 2.17 1

APP_3_Inner_Layer_0:0 0.4666666666666667 0.4666666666666667 1.75 2.72 40 13 1.19 1
0
APP_3_Inner_Layer_0:1 0.5333333333333333 0.5333333333333333 2.0 2.16 17 29 3.62 1
0
APP_3_Inner_Layer_1:0 0.13333333333333333 0.13333333333333333 0.5 1.73 28 7 1.13 1
1 2
APP_3_Inner_Layer_2:0 0.3333333333333333 0.3333333333333333 1.25 2.41 1 20 1.81 1
3
APP_3_Inner_Layer_2:1 0.4 0.4 1.5 2.27 9 15 3.7 1
3
APP_3_Inner_Layer_2:2 0.13333333333333333 0.13333333333333333 0.5 3.15 48 25 3.4 1
3
APP_3_Inner_Layer_2:3 0.3333333333333333 0.3333333333333333 1.25 2.39 3 15 1.18 1
3
APP_3_Output_Layer_0 0.13333333333333333 0.13333333333333333 0.5 3.62 11 46 3.3 1
4 5 6 7
9
2.52976047127426
APP_4_Input_Layer_0 0.2 0.2 0.75 1.86 40 22 1.52 1

APP_4_Inner_Layer_0:0 0.13333333333333333 0.13333333333333333 0.5 1.79 29 5 2.79 1
0
APP_4_Inner_Layer_0:1 0.5333333333333333 0.5333333333333333 2.0 1.8 29 20 1.91 1
0
APP_4_Inner_Layer_0:2 0.6 0.6 2.25 1.02 18 7 2.72 0
0
APP_4_Inner_Layer_1:0 0.4 0.4 1.5 3.25 49 6 1.93 0
1 3
APP_4_Inner_Layer_1:1 0.13333333333333333 0.13333333333333333 0.5 2.13 16 39 3.38 0
2
APP_4_Inner_Layer_1:2 0.4666666666666667 0.4666666666666667 1.75 2.8 37 44 2.98 0
1 2
APP_4_Inner_Layer_1:3 0.13333333333333333 0.13333333333333333 0.5 1.44 8 18 3.75 0
1
APP_4_Output_Layer_0 0.3333333333333333 0.3333333333333333 1.25 1.74 36 36 1.93 1
4 5 6 7
3
3.4082759040416413
APP_5_Input_Layer_0 0.06666666666666667 0.06666666666666667 0.25 2.62 14 46 1.13 1

APP_5_Inner_Layer_0:0 0.13333333333333333 0.13333333333333333 0.5 1.9 4 41 2.36 1
0
APP_5_Output_Layer_0 0.13333333333333333 0.13333333333333333 0.5 1.03 31 20 2.06 1
1
5
3.759558358304912
APP_6_Input_Layer_0 0.3333333333333333 0.3333333333333333 1.25 3.31 24 25 3.3 1

APP_6_Inner_Layer_0:0 0.2 0.2 0.75 2.61 29 20 3.47 1
0
APP_6_Inner_Layer_0:1 0.3333333333333333 0.3333333333333333 1.25 2.59 34 24 2.05 0
0
APP_6_Inner_Layer_0:2 0.5333333333333333 0.5333333333333333 2.0 2.83 11 25 2.67 0
0
APP_6_Output_Layer_0 0.3333333333333333 0.3333333333333333 1.25 3.2 8 6 2.13 1
1 2 3
3
4.633873861112722
APP_7_Input_Layer_0 0.13333333333333333 0.13333333333333333 0.5 1.38 6 26 3.8 0

APP_7_Inner_Layer_0:0 0.4 0.4 1.5 1.21 1 43 2.79 1
0
APP_7_Output_Layer_0 0.06666666666666667 0.06666666666666667 0.25 1.3 1 5 3.34 0
1
12
4.997644746578019
APP_8_Input_Layer_0 0.6 0.6 2.25 2.12 2 8 1.79 1

APP_8_Inner_Layer_0:0 0.26666666666666666 0.26666666666666666 1.0 2.04 35 19 3.01 0
0
APP_8_Inner_Layer_1:0 0.06666666666666667 0.06666666666666667 0.25 2.33 13 1 2.79 1
1
APP_8_Inner_Layer_1:1 0.13333333333333333 0.13333333333333333 0.5 3.19 16 13 3.35 0
1
APP_8_Inner_Layer_1:2 0.3333333333333333 0.3333333333333333 1.25 4.0 1 43 2.74 1
1
APP_8_Inner_Layer_1:3 0.6 0.6 2.25 2.18 30 33 1.82 1
1
APP_8_Inner_Layer_2:0 0.3333333333333333 0.3333333333333333 1.25 2.03 48 37 3.56 1
5
APP_8_Inner_Layer_2:1 0.06666666666666667 0.06666666666666667 0.25 2.96 12 47 1.6 1
2 3 4
APP_8_Inner_Layer_3:0 0.13333333333333333 0.13333333333333333 0.5 1.86 22 43 3.78 0
7
APP_8_Inner_Layer_3:1 0.3333333333333333 0.3333333333333333 1.25 2.81 32 13 1.91 1
6
APP_8_Inner_Layer_3:2 0.13333333333333333 0.13333333333333333 0.5 2.85 43 43 1.27 1
6 7
APP_8_Output_Layer_0 0.06666666666666667 0.06666666666666667 0.25 2.94 14 48 2.64 1
8 9 10
3
5.61420687992537
APP_9_Input_Layer_0 0.5333333333333333 0.5333333333333333 2.0 1.67 49 7 1.1 1

APP_9_Inner_Layer_0:0 0.26666666666666666 0.26666666666666666 1.0 1.3 3 37 2.85 1
0
APP_9_Output_Layer_0 0.2 0.2 0.75 1.51 15 24 1.2 1
1
7
5.991877582461023
APP_10_Input_Layer_0 0.06666666666666667 0.06666666666666667 0.25 1.74 39 48 2.74 1

APP_10_Inner_Layer_0:0 0.2 0.2 0.75 2.03 7 40 2.98 1
0
APP_10_Inner_Layer_0:1 0.4 0.4 1.5 1.68 38 21 1.5 1
0
APP_10_Inner_Layer_0:2 0.6 0.6 2.25 1.2 46 2 3.08 1
0
APP_10_Inner_Layer_0:3 0.6 0.6 2.25 1.82 16 20 3.62 0
0
APP_10_Inner_Layer_1:0 0.06666666666666667 0.06666666666666667 0.25 1.29 7 47 3.24 0
1 2 3 4
APP_10_Output_Layer_0 0.6 0.6 2.25 3.53 21 40 3.03 1
5
