10
11
9
0
APP_0_Input_Layer_0 0.6 0.6 2.25 1.98 38 38 1.55 1

APP_0_Inner_Layer_0:0 0.3333333333333333 0.3333333333333333 1.25 3.79 10 40 3.66 1
0
APP_0_Inner_Layer_0:1 0.26666666666666666 0.26666666666666666 1.0 3.56 39 19 3.16 0
0
APP_0_Inner_Layer_0:2 0.2 0.2 0.75 3.07 21 30 3.47 0
0
APP_0_Inner_Layer_0:3 0.5333333333333333 0.5333333333333333 2.0 1.11 13 22 2.82 1
0
APP_0_Inner_Layer_1:0 0.2 0.2 0.75 1.9 39 48 3.35 1
2 3
APP_0_Inner_Layer_1:1 0.4666666666666667 0.4666666666666667 1.75 1.88 5 43 1.7 1
1 4
APP_0_Inner_Layer_1:2 0.2 0.2 0.75 3.92 7 32 3.1 0
1 2 3
APP_0_Output_Layer_0 0.2 0.2 0.75 3.25 28 36 2.4 1
5 6 7
15
0.8158285094897408
APP_1_Input_Layer_0 0.2 0.2 0.75 1.8 7 41 2.04 1

APP_1_Inner_Layer_0:0 0.4666666666666667 0.4666666666666667 1.75 1.55 29 19 3.36 0
0
APP_1_Inner_Layer_0:1 0.26666666666666666 0.26666666666666666 1.0 2.5 18 1 3.48 0
0
APP_1_Inner_Layer_1:0 0.2 0.2 0.75 1.5 30 11 3.36 1
1
APP_1_Inner_Layer_1:1 0.2 0.2 0.75 3.79 46 36 1.8 1
2
APP_1_Inner_Layer_1:2 0.5333333333333333 0.5333333333333333 2.0 3.56 35 44 3.75 1
1 2
APP_1_Inner_Layer_1:3 0.2 0.2 0.75 3.2 7 23 2.67 1
1 2
APP_1_Inner_Layer_2:0 0.6 0.6 2.25 2.82 36 37 2.96 1
5 6
APP_1_Inner_Layer_2:1 0.6 0.6 2.25 2.32 27 46 2.54 1
3 5
APP_1_Inner_Layer_2:2 0.26666666666666666 0.26666666666666666 1.0 3.33 7 5 1.01 1
3
APP_1_Inner_Layer_2:3 0.3333333333333333 0.3333333333333333 1.25 3.68 3 25 2.9 1
3 4 5
APP_1_Inner_Layer_3:0 0.3333333333333333 0.3333333333333333 1.25 1.71 28 46 2.05 0
7 8 9 10
APP_1_Inner_Layer_3:1 0.2 0.2 0.75 1.99 19 21 2.08 1
8
APP_1_Inner_Layer_3:2 0.26666666666666666 0.26666666666666666 1.0 1.77 39 1 2.02 1
9
APP_1_Output_Layer_0 0.4 0.4 1.5 2.71 37 14 2.13 1
11 12 13
4
1.40032356381969
APP_2_Input_Layer_0 0.6 0.6 2.25 2.62 41 21 1.83 1

APP_2_Inner_Layer_0:0 0.6 0.6 2.25 1.53 35 9 3.47 1
0
APP_2_Inner_Layer_0:1 0.5333333333333333 0.5333333333333333 2.0 3.15 26 10 2.43 0
0
APP_2_Output_Layer_0 0.4666666666666667 0.4666666666666667 1.75 3.64 1 15 2.51 1
1 2
6
2.0351464327232636
APP_3_Input_Layer_0 0.6 0.6 2.25 2.01 3 28 3.91 1

APP_3_Inner_Layer_0:0 0.3333333333333333 0.3333333333333333 1.25 1.69 17 25 2.03 1
0
APP_3_Inner_Layer_0:1 0.3333333333333333 0.3333333333333333 1.25 3.69 10 21 3.18 1
0
APP_3_Inner_Layer_0:2 0.5333333333333333 0.5333333333333333 2.0 1.98 16 38 2.6 0
0
APP_3_Inner_Layer_0:3 0.26666666666666666 0.26666666666666666 1.0 3.88 45 2 1.71 1
0
APP_3_Output_Layer_0 0.6 0.6 2.25 1.37 6 7 3.33 1
1 2 3 4
13
2.859752660761258
APP_4_Input_Layer_0 0.3333333333333333 0.3333333333333333 1.25 2.46 43 16 2.87 1

APP_4_Inner_Layer_0:0 0.3333333333333333 0.3333333333333333 1.25 2.21 3 42 1.22 0
0
APP_4_Inner_Layer_0:1 0.5333333333333333 0.5333333333333333 2.0 2.09 40 36 1.63 1
0
APP_4_Inner_Layer_1:0 0.2 0.2 0.75 2.19 28 36 3.53 0
1
APP_4_Inner_Layer_1:1 0.13333333333333333 0.13333333333333333 0.5 3.56 30 13 2.63 1
1 2
APP_4_Inner_Layer_1:2 0.13333333333333333 0.13333333333333333 0.5 1.1 46 38 1.84 0
2
APP_4_Inner_Layer_1:3 0.2 0.2 0.75 2.74 35 38 1.25 1
2
APP_4_Inner_Layer_2:0 0.2 0.2 0.75 3.66 19 5 2.15 1
4
APP_4_Inner_Layer_2:1 0.3333333333333333 0.3333333333333333 1.25 3.0 35 31 3.74 0
3 5
APP_4_Inner_Layer_2:2 0.2 0.2 0.75 2.0 38 20 2.2 1
5 6
APP_4_Inner_Layer_3:0 0.06666666666666667 0.06666666666666667 0.25 1.24 6 46 1.26 1
7
APP_4_Inner_Layer_3:1 0.6 0.6 2.25 1.06 32 42 3.91 0
8 9
APP_4_Output_Layer_0 0.4 0.4 1.5 2.86 13 34 3.37 1
10 11
10
3.386430470331357
APP_5_Input_Layer_0 0.06666666666666667 0.06666666666666667 0.25 3.5 10 28 1.95 1

APP_5_Inner_Layer_0:0 0.2 0.2 0.75 3.03 24 17 2.31 1
0
APP_5_Inner_Layer_0:1 0.4666666666666667 0.4666666666666667 1.75 1.28 17 2 2.55 1
0
APP_5_Inner_Layer_0:2 0.13333333333333333 0.13333333333333333 0.5 2.76 20 1 2.05 1
0
APP_5_Inner_Layer_0:3 0.06666666666666667 0.06666666666666667 0.25 3.01 24 12 3.47 1
0
APP_5_Inner_Layer_1:0 0.26666666666666666 0.26666666666666666 1.0 1.32 31 48 1.74 0
1 2
APP_5_Inner_Layer_1:1 0.26666666666666666 0.26666666666666666 1.0 1.97 42 33 3.49 1
1 2 3
APP_5_Inner_Layer_1:2 0.2 0.2 0.75 3.5 48 22 2.22 1
3 4
APP_5_Inner_Layer_1:3 0.06666666666666667 0.06666666666666667 0.25 2.0 1 37 2.32 0
3
APP_5_Output_Layer_0 0.4666666666666667 0.4666666666666667 1.75 2.71 12 9 3.26 1
5 6 7 8
15
4.205257646877175
APP_6_Input_Layer_0 0.4666666666666667 0.4666666666666667 1.75 3.99 23 38 2.99 1

APP_6_Inner_Layer_0:0 0.6 0.6 2.25 3.7 40 19 3.97 0
0
APP_6_Inner_Layer_0:1 0.3333333333333333 0.3333333333333333 1.25 2.26 7 44 3.57 1
0
APP_6_Inner_Layer_0:2 0.06666666666666667 0.06666666666666667 0.25 1.69 34 22 2.21 1
0
APP_6_Inner_Layer_1:0 0.6 0.6 2.25 3.61 28 32 1.8 1
3
APP_6_Inner_Layer_1:1 0.06666666666666667 0.06666666666666667 0.25 3.83 40 44 2.15 0
1 2
APP_6_Inner_Layer_2:0 0.6 0.6 2.25 1.49 29 46 1.97 0
4 5
APP_6_Inner_Layer_2:1 0.13333333333333333 0.13333333333333333 0.5 3.84 30 31 3.29 1
5
APP_6_Inner_Layer_2:2 0.6 0.6 2.25 2.41 17 2 3.01 1
4 5
APP_6_Inner_Layer_2:3 0.4 0.4 1.5 1.42 22 20 3.29 1
4
APP_6_Inner_Layer_3:0 0.4666666666666667 0.4666666666666667 1.75 3.15 9 37 3.25 0
9
APP_6_Inner_Layer_3:1 0.4 0.4 1.5 2.01 14 43 1.97 1
7 9
APP_6_Inner_Layer_3:2 0.6 0.6 2.25 1.14 34 6 1.03 1
9
APP_6_Inner_Layer_3:3 0.4666666666666667 0.4666666666666667 1.75 3.93 32 30 1.22 0
6 8
APP_6_Output_Layer_0 0.6 0.6 2.25 1.16 9 26 3.71 1
10 11 12 13
9
4.81021659884544
APP_7_Input_Layer_0 0.4 0.4 1.5 3.16 17 4 1.67 1

APP_7_Inner_Layer_0:0 0.6 0.6 2.25 2.71 42 44 2.76 1
0
APP_7_Inner_Layer_0:1 0.5333333333333333 0.5333333333333333 2.0 2.24 47 34 1.03 1
0
APP_7_Inner_Layer_0:2 0.4 0.4 1.5 1.44 18 27 3.09 1
0
APP_7_Inner_Layer_1:0 0.4666666666666667 0.4666666666666667 1.75 2.66 7 46 3.6 1
2 3
APP_7_Inner_Layer_1:1 0.26666666666666666 0.26666666666666666 1.0 1.22 21 28 3.83 1
3
APP_7_Inner_Layer_1:2 0.3333333333333333 0.3333333333333333 1.25 2.54 39 40 1.67 0
1 2 3
APP_7_Inner_Layer_1:3 0.13333333333333333 0.13333333333333333 0.5 2.46 16 27 3.2 1
1
APP_7_Output_Layer_0 0.13333333333333333 0.13333333333333333 0.5 1.95 17 24 2.77 1
4 5 6 7
10
5.335145337951982
APP_8_Input_Layer_0 0.06666666666666667 0.06666666666666667 0.25 3.48 9 13 2.87 1

APP_8_Inner_Layer_0:0 0.3333333333333333 0.3333333333333333 1.25 3.57 2 1 2.28 1
0
APP_8_Inner_Layer_0:1 0.5333333333333333 0.5333333333333333 2.0 3.23 7 18 3.06 1
0
APP_8_Inner_Layer_0:2 0.5333333333333333 0.5333333333333333 2.0 2.41 23 17 2.42 1
0
APP_8_Inner_Layer_0:3 0.13333333333333333 0.13333333333333333 0.5 3.92 33 21 2.17 0
0
APP_8_Inner_Layer_1:0 0.3333333333333333 0.3333333333333333 1.25 2.4 25 8 1.53 0
1 2 3 4
APP_8_Inner_Layer_2:0 0.2 0.2 0.75 1.07 19 28 2.92 1
5
APP_8_Inner_Layer_2:1 0.26666666666666666 0.26666666666666666 1.0 1.21 33 19 1.29 0
5
APP_8_Inner_Layer_3:0 0.4 0.4 1.5 2.38 27 18 3.26 1
6 7
APP_8_Output_Layer_0 0.4666666666666667 0.4666666666666667 1.75 3.67 19 36 2.32 1
8
11
5.7925394485036605
APP_9_Input_Layer_0 0.13333333333333333 0.13333333333333333 0.5 3.24 2 23 1.93 1

APP_9_Inner_Layer_0:0 0.2 0.2 0.75 2.19 12 15 2.37 1
0
APP_9_Inner_Layer_1:0 0.3333333333333333 0.3333333333333333 1.25 2.71 15 5 2.68 1
1
APP_9_Inner_Layer_1:1 0.4 0.4 1.5 3.0 12 32 1.01 0
1
APP_9_Inner_Layer_2:0 0.06666666666666667 0.06666666666666667 0.25 3.47 25 1 3.1 1
2
APP_9_Inner_Layer_2:1 0.5333333333333333 0.5333333333333333 2.0 3.32 49 19 1.37 0
3
APP_9_Inner_Layer_2:2 0.13333333333333333 0.13333333333333333 0.5 1.03 10 29 3.45 1
3
APP_9_Inner_Layer_3:0 0.5333333333333333 0.5333333333333333 2.0 3.64 24 14 2.04 1
6
APP_9_Inner_Layer_3:1 0.26666666666666666 0.26666666666666666 1.0 1.22 20 31 1.57 0
4 5
APP_9_Inner_Layer_3:2 0.6 0.6 2.25 2.01 17 23 1.63 1
4 6
APP_9_Output_Layer_0 0.3333333333333333 0.3333333333333333 1.25 3.76 48 32 1.29 1
7 8 9
11
6.269976674450891
APP_10_Input_Layer_0 0.06666666666666667 0.06666666666666667 0.25 2.16 19 26 1.54 1

APP_10_Inner_Layer_0:0 0.2 0.2 0.75 3.57 18 33 3.15 0
0
APP_10_Inner_Layer_1:0 0.5333333333333333 0.5333333333333333 2.0 3.07 29 1 1.9 0
1
APP_10_Inner_Layer_1:1 0.13333333333333333 0.13333333333333333 0.5 1.26 3 38 1.64 1
1
APP_10_Inner_Layer_2:0 0.6 0.6 2.25 2.06 1 18 1.48 0
3
APP_10_Inner_Layer_2:1 0.13333333333333333 0.13333333333333333 0.5 1.0 11 42 3.37 1
2
APP_10_Inner_Layer_2:2 0.26666666666666666 0.26666666666666666 1.0 2.0 33 20 1.21 0
2 3
APP_10_Inner_Layer_3:0 0.26666666666666666 0.26666666666666666 1.0 2.28 3 46 1.26 0
4
APP_10_Inner_Layer_3:1 0.4 0.4 1.5 1.27 34 46 2.97 1
4
APP_10_Inner_Layer_3:2 0.13333333333333333 0.13333333333333333 0.5 2.11 46 43 2.87 1
4 5 6
APP_10_Output_Layer_0 0.4 0.4 1.5 3.07 37 8 2.69 1
7 8 9
