10
4
6
0
APP_0_Input_Layer_0 0.6 0.6 2.25 2.39 9 25 2.56 1

APP_0_Inner_Layer_0:0 0.4666666666666667 0.4666666666666667 1.75 3.42 16 48 2.86 0
0
APP_0_Inner_Layer_1:0 0.6 0.6 2.25 1.77 19 6 1.96 1
1
APP_0_Inner_Layer_1:1 0.26666666666666666 0.26666666666666666 1.0 1.65 11 12 3.08 1
1
APP_0_Inner_Layer_1:2 0.3333333333333333 0.3333333333333333 1.25 3.09 33 31 1.63 1
1
APP_0_Output_Layer_0 0.4666666666666667 0.4666666666666667 1.75 3.7 24 28 3.69 1
2 3 4
13
1.2394522252738989
APP_1_Input_Layer_0 0.4666666666666667 0.4666666666666667 1.75 1.59 43 17 3.77 1

APP_1_Inner_Layer_0:0 0.4 0.4 1.5 1.69 38 30 2.71 1
0
APP_1_Inner_Layer_0:1 0.6 0.6 2.25 2.3 34 42 2.86 1
0
APP_1_Inner_Layer_0:2 0.2 0.2 0.75 3.89 44 12 2.4 1
0
APP_1_Inner_Layer_0:3 0.6 0.6 2.25 3.94 29 17 3.44 1
0
APP_1_Inner_Layer_1:0 0.5333333333333333 0.5333333333333333 2.0 2.66 36 17 1.97 1
3
APP_1_Inner_Layer_1:1 0.4 0.4 1.5 3.56 26 33 3.62 0
4
APP_1_Inner_Layer_1:2 0.4666666666666667 0.4666666666666667 1.75 1.37 24 43 1.1 1
1 2 4
APP_1_Inner_Layer_1:3 0.5333333333333333 0.5333333333333333 2.0 1.89 42 31 3.88 1
1 3
APP_1_Inner_Layer_2:0 0.4 0.4 1.5 3.14 6 39 1.29 1
6
APP_1_Inner_Layer_2:1 0.4666666666666667 0.4666666666666667 1.75 2.1 30 1 3.58 1
5 6 7 8
APP_1_Inner_Layer_2:2 0.2 0.2 0.75 3.93 17 28 3.81 1
8
APP_1_Output_Layer_0 0.5333333333333333 0.5333333333333333 2.0 1.14 7 18 1.19 0
9 10 11
10
3.047661623310436
APP_2_Input_Layer_0 0.5333333333333333 0.5333333333333333 2.0 1.83 42 39 1.07 1

APP_2_Inner_Layer_0:0 0.6 0.6 2.25 3.37 22 1 1.04 1
0
APP_2_Inner_Layer_1:0 0.4666666666666667 0.4666666666666667 1.75 3.7 9 25 1.56 0
1
APP_2_Inner_Layer_1:1 0.2 0.2 0.75 1.13 17 23 1.77 0
1
APP_2_Inner_Layer_2:0 0.6 0.6 2.25 1.79 15 14 2.2 1
2 3
APP_2_Inner_Layer_2:1 0.5333333333333333 0.5333333333333333 2.0 3.36 7 49 3.99 1
3
APP_2_Inner_Layer_2:2 0.3333333333333333 0.3333333333333333 1.25 1.64 17 24 1.52 1
3
APP_2_Inner_Layer_2:3 0.2 0.2 0.75 2.7 25 38 3.89 1
2
APP_2_Inner_Layer_3:0 0.4 0.4 1.5 3.44 8 15 3.61 1
4 5 6 7
APP_2_Output_Layer_0 0.26666666666666666 0.26666666666666666 1.0 3.53 45 16 2.93 1
8
3
4.23291000821782
APP_3_Input_Layer_0 0.3333333333333333 0.3333333333333333 1.25 1.33 25 43 3.26 1

APP_3_Inner_Layer_0:0 0.6 0.6 2.25 2.86 9 20 1.13 1
0
APP_3_Output_Layer_0 0.26666666666666666 0.26666666666666666 1.0 2.87 47 24 2.89 1
1
