10
4
12
0
APP_0_Input_Layer_0 0.4666666666666667 0.4666666666666667 1.75 2.1 24 21 3.67 1

APP_0_Inner_Layer_0:0 0.06666666666666667 0.06666666666666667 0.25 3.48 10 6 2.28 1
0
APP_0_Inner_Layer_0:1 0.6 0.6 2.25 1.81 29 32 2.5 1
0
APP_0_Inner_Layer_1:0 0.4 0.4 1.5 1.43 37 1 3.77 0
1 2
APP_0_Inner_Layer_2:0 0.3333333333333333 0.3333333333333333 1.25 3.34 13 17 3.34 1
3
APP_0_Inner_Layer_2:1 0.4 0.4 1.5 3.06 43 43 1.2 1
3
APP_0_Inner_Layer_2:2 0.26666666666666666 0.26666666666666666 1.0 3.71 36 8 1.82 1
3
APP_0_Inner_Layer_3:0 0.4 0.4 1.5 2.08 29 38 2.61 1
4
APP_0_Inner_Layer_3:1 0.3333333333333333 0.3333333333333333 1.25 1.94 33 27 1.45 1
5 6
APP_0_Inner_Layer_3:2 0.26666666666666666 0.26666666666666666 1.0 2.21 37 25 1.29 1
4 5
APP_0_Inner_Layer_3:3 0.4 0.4 1.5 1.81 1 31 3.45 1
4 5
APP_0_Output_Layer_0 0.26666666666666666 0.26666666666666666 1.0 3.59 3 25 1.86 0
7 8 9 10
5
1.5304848290295558
APP_1_Input_Layer_0 0.3333333333333333 0.3333333333333333 1.25 1.74 17 41 3.38 1

APP_1_Inner_Layer_0:0 0.2 0.2 0.75 3.45 10 47 2.83 1
0
APP_1_Inner_Layer_0:1 0.06666666666666667 0.06666666666666667 0.25 2.45 32 8 1.41 1
0
APP_1_Inner_Layer_0:2 0.2 0.2 0.75 3.59 47 34 3.09 1
0
APP_1_Output_Layer_0 0.4666666666666667 0.4666666666666667 1.75 3.22 12 16 2.81 0
1 2 3
6
3.8522802097559152
APP_2_Input_Layer_0 0.3333333333333333 0.3333333333333333 1.25 2.98 23 38 1.52 1

APP_2_Inner_Layer_0:0 0.26666666666666666 0.26666666666666666 1.0 2.12 20 4 1.76 1
0
APP_2_Inner_Layer_0:1 0.06666666666666667 0.06666666666666667 0.25 1.56 49 34 3.74 1
0
APP_2_Inner_Layer_0:2 0.2 0.2 0.75 3.87 39 48 2.27 1
0
APP_2_Inner_Layer_0:3 0.4 0.4 1.5 2.52 26 43 2.03 1
0
APP_2_Output_Layer_0 0.4 0.4 1.5 3.36 35 15 2.22 1
1 2 3 4
10
6.241090444009881
APP_3_Input_Layer_0 0.2 0.2 0.75 3.52 4 36 1.62 1

APP_3_Inner_Layer_0:0 0.06666666666666667 0.06666666666666667 0.25 2.03 19 26 2.3 1
0
APP_3_Inner_Layer_0:1 0.5333333333333333 0.5333333333333333 2.0 2.77 1 36 3.38 1
0
APP_3_Inner_Layer_0:2 0.26666666666666666 0.26666666666666666 1.0 3.17 20 27 2.61 1
0
APP_3_Inner_Layer_1:0 0.13333333333333333 0.13333333333333333 0.5 1.38 25 7 2.53 1
1 2 3
APP_3_Inner_Layer_1:1 0.6 0.6 2.25 1.03 41 47 3.87 1
1 3
APP_3_Inner_Layer_2:0 0.26666666666666666 0.26666666666666666 1.0 3.3 29 34 1.76 0
4
APP_3_Inner_Layer_2:1 0.5333333333333333 0.5333333333333333 2.0 2.62 10 48 1.55 1
5
APP_3_Inner_Layer_2:2 0.26666666666666666 0.26666666666666666 1.0 3.26 9 13 2.5 0
4 5
APP_3_Output_Layer_0 0.4666666666666667 0.4666666666666667 1.75 3.45 34 25 3.25 1
6 7 8
