10
4
6
0
APP_0_Input_Layer_0 0.3333333333333333 0.3333333333333333 1.25 3.11 4 20 1.19 1

APP_0_Inner_Layer_0:0 0.6 0.6 2.25 1.16 31 47 1.32 1
0
APP_0_Inner_Layer_0:1 0.26666666666666666 0.26666666666666666 1.0 1.87 30 34 2.58 1
0
APP_0_Inner_Layer_0:2 0.4666666666666667 0.4666666666666667 1.75 2.45 7 14 1.31 1
0
APP_0_Inner_Layer_1:0 0.4 0.4 1.5 3.24 8 17 3.89 1
1 2 3
APP_0_Output_Layer_0 0.5333333333333333 0.5333333333333333 2.0 1.15 40 38 2.72 1
4
8
1.2859119970603954
APP_1_Input_Layer_0 0.26666666666666666 0.26666666666666666 1.0 2.84 10 20 2.02 1

APP_1_Inner_Layer_0:0 0.4 0.4 1.5 1.49 46 34 1.08 1
0
APP_1_Inner_Layer_0:1 0.3333333333333333 0.3333333333333333 1.25 3.07 38 24 3.88 1
0
APP_1_Inner_Layer_0:2 0.26666666666666666 0.26666666666666666 1.0 2.09 13 41 3.14 1
0
APP_1_Inner_Layer_0:3 0.06666666666666667 0.06666666666666667 0.25 3.88 35 4 2.04 1
0
APP_1_Inner_Layer_1:0 0.6 0.6 2.25 1.27 20 37 1.04 1
2 4
APP_1_Inner_Layer_1:1 0.6 0.6 2.25 3.76 7 12 2.53 1
1 3
APP_1_Output_Layer_0 0.26666666666666666 0.26666666666666666 1.0 1.95 49 23 1.43 1
5 6
8
3.503062468144236
APP_2_Input_Layer_0 0.26666666666666666 0.26666666666666666 1.0 3.59 44 31 3.32 1

APP_2_Inner_Layer_0:0 0.2 0.2 0.75 3.17 23 13 3.08 1
0
APP_2_Inner_Layer_0:1 0.13333333333333333 0.13333333333333333 0.5 2.67 17 10 2.92 1
0
APP_2_Inner_Layer_1:0 0.13333333333333333 0.13333333333333333 0.5 1.63 19 32 2.45 1
1 2
APP_2_Inner_Layer_1:1 0.3333333333333333 0.3333333333333333 1.25 1.66 26 49 1.02 1
1
APP_2_Inner_Layer_1:2 0.4 0.4 1.5 1.74 24 48 2.63 1
1
APP_2_Inner_Layer_1:3 0.6 0.6 2.25 1.26 33 9 1.65 1
1
APP_2_Output_Layer_0 0.06666666666666667 0.06666666666666667 0.25 2.13 42 25 3.51 1
3 4 5 6
11
5.5034217551536955
APP_3_Input_Layer_0 0.4666666666666667 0.4666666666666667 1.75 3.69 29 36 2.78 1

APP_3_Inner_Layer_0:0 0.26666666666666666 0.26666666666666666 1.0 2.46 40 32 2.26 1
0
APP_3_Inner_Layer_0:1 0.13333333333333333 0.13333333333333333 0.5 2.12 3 23 1.61 1
0
APP_3_Inner_Layer_0:2 0.4666666666666667 0.4666666666666667 1.75 1.45 19 12 1.4 1
0
APP_3_Inner_Layer_0:3 0.26666666666666666 0.26666666666666666 1.0 2.0 2 3 3.43 1
0
APP_3_Inner_Layer_1:0 0.3333333333333333 0.3333333333333333 1.25 2.24 30 6 3.35 1
2 3 4
APP_3_Inner_Layer_1:1 0.26666666666666666 0.26666666666666666 1.0 3.4 44 41 3.59 1
1
APP_3_Inner_Layer_1:2 0.5333333333333333 0.5333333333333333 2.0 1.62 42 5 3.21 1
4
APP_3_Inner_Layer_2:0 0.5333333333333333 0.5333333333333333 2.0 2.95 32 39 2.26 1
5 7
APP_3_Inner_Layer_2:1 0.5333333333333333 0.5333333333333333 2.0 3.96 28 26 3.09 1
6
APP_3_Output_Layer_0 0.2 0.2 0.75 2.5 33 8 1.8 1
8 9
