10
4
11
0
APP_0_Input_Layer_0 0.26666666666666666 0.26666666666666666 1.0 1.46 17 26 2.79 1

APP_0_Inner_Layer_0:0 0.26666666666666666 0.26666666666666666 1.0 2.23 29 18 3.32 1
0
APP_0_Inner_Layer_0:1 0.5333333333333333 0.5333333333333333 2.0 1.65 16 47 2.83 1
0
APP_0_Inner_Layer_1:0 0.2 0.2 0.75 1.5 43 45 2.45 0
1 2
APP_0_Inner_Layer_1:1 0.4 0.4 1.5 3.81 18 9 2.89 1
1
APP_0_Inner_Layer_1:2 0.2 0.2 0.75 3.71 7 42 2.65 1
2
APP_0_Inner_Layer_2:0 0.06666666666666667 0.06666666666666667 0.25 2.72 29 26 2.38 1
3 4 5
APP_0_Inner_Layer_2:1 0.6 0.6 2.25 1.47 33 14 1.74 1
3
APP_0_Inner_Layer_2:2 0.13333333333333333 0.13333333333333333 0.5 1.67 44 16 3.54 1
4
APP_0_Inner_Layer_2:3 0.5333333333333333 0.5333333333333333 2.0 3.21 14 19 3.73 1
3 4
APP_0_Output_Layer_0 0.6 0.6 2.25 1.91 1 21 3.59 1
6 7 8 9
13
1.445227630835619
APP_1_Input_Layer_0 0.5333333333333333 0.5333333333333333 2.0 2.0 10 15 1.86 1

APP_1_Inner_Layer_0:0 0.5333333333333333 0.5333333333333333 2.0 1.94 39 16 2.44 1
0
APP_1_Inner_Layer_0:1 0.4666666666666667 0.4666666666666667 1.75 1.61 28 35 2.94 1
0
APP_1_Inner_Layer_1:0 0.4666666666666667 0.4666666666666667 1.75 2.83 13 23 2.3 1
1
APP_1_Inner_Layer_1:1 0.13333333333333333 0.13333333333333333 0.5 3.99 10 12 3.62 1
1 2
APP_1_Inner_Layer_2:0 0.4 0.4 1.5 3.49 23 38 2.23 1
4
APP_1_Inner_Layer_2:1 0.6 0.6 2.25 2.09 39 23 1.47 1
3
APP_1_Inner_Layer_2:2 0.06666666666666667 0.06666666666666667 0.25 3.73 13 16 3.43 1
4
APP_1_Inner_Layer_3:0 0.3333333333333333 0.3333333333333333 1.25 2.71 42 24 4.0 1
5 7
APP_1_Inner_Layer_3:1 0.5333333333333333 0.5333333333333333 2.0 3.91 8 11 3.36 1
6
APP_1_Inner_Layer_3:2 0.26666666666666666 0.26666666666666666 1.0 1.25 46 44 1.67 1
6
APP_1_Inner_Layer_3:3 0.3333333333333333 0.3333333333333333 1.25 3.22 34 31 1.62 1
6
APP_1_Output_Layer_0 0.5333333333333333 0.5333333333333333 2.0 2.6 38 43 3.26 0
8 9 10 11
8
3.1719659223339223
APP_2_Input_Layer_0 0.4 0.4 1.5 1.27 37 11 3.42 1

APP_2_Inner_Layer_0:0 0.26666666666666666 0.26666666666666666 1.0 2.8 14 16 2.65 0
0
APP_2_Inner_Layer_0:1 0.4 0.4 1.5 3.69 43 48 3.71 1
0
APP_2_Inner_Layer_0:2 0.3333333333333333 0.3333333333333333 1.25 1.5 15 14 3.22 1
0
APP_2_Inner_Layer_0:3 0.26666666666666666 0.26666666666666666 1.0 3.48 18 38 3.19 1
0
APP_2_Inner_Layer_1:0 0.6 0.6 2.25 2.95 49 1 1.81 1
2
APP_2_Inner_Layer_1:1 0.6 0.6 2.25 1.05 41 27 1.36 1
1 3 4
APP_2_Output_Layer_0 0.3333333333333333 0.3333333333333333 1.25 2.11 40 17 3.26 1
5 6
5
5.369817756758861
APP_3_Input_Layer_0 0.3333333333333333 0.3333333333333333 1.25 1.0 10 18 1.59 1

APP_3_Inner_Layer_0:0 0.6 0.6 2.25 1.91 13 28 2.72 0
0
APP_3_Inner_Layer_0:1 0.3333333333333333 0.3333333333333333 1.25 3.4 34 31 2.23 0
0
APP_3_Inner_Layer_0:2 0.4 0.4 1.5 2.7 5 49 2.36 1
0
APP_3_Output_Layer_0 0.2 0.2 0.75 2.91 48 2 2.49 1
1 2 3
