10
4
5
0
APP_0_Input_Layer_0 0.4666666666666667 0.4666666666666667 1.75 2.26 35 25 1.99 1

APP_0_Inner_Layer_0:0 0.2 0.2 0.75 3.88 22 4 3.48 1
0
APP_0_Inner_Layer_0:1 0.13333333333333333 0.13333333333333333 0.5 3.26 25 9 2.75 1
0
APP_0_Inner_Layer_0:2 0.3333333333333333 0.3333333333333333 1.25 2.48 29 22 2.88 1
0
APP_0_Output_Layer_0 0.4666666666666667 0.4666666666666667 1.75 2.63 23 29 3.61 1
1 2 3
6
1.7232233749809818
APP_1_Input_Layer_0 0.4 0.4 1.5 3.19 12 18 3.62 1

APP_1_Inner_Layer_0:0 0.5333333333333333 0.5333333333333333 2.0 3.44 30 19 1.0 1
0
APP_1_Inner_Layer_1:0 0.4666666666666667 0.4666666666666667 1.75 2.33 37 6 2.1 1
1
APP_1_Inner_Layer_1:1 0.2 0.2 0.75 3.84 35 17 1.28 1
1
APP_1_Inner_Layer_1:2 0.06666666666666667 0.06666666666666667 0.25 1.34 40 46 3.59 1
1
APP_1_Output_Layer_0 0.13333333333333333 0.13333333333333333 0.5 1.84 7 19 2.7 1
2 3 4
11
2.943346374464474
APP_2_Input_Layer_0 0.06666666666666667 0.06666666666666667 0.25 4.0 31 41 3.53 1

APP_2_Inner_Layer_0:0 0.5333333333333333 0.5333333333333333 2.0 3.52 16 47 3.65 1
0
APP_2_Inner_Layer_1:0 0.6 0.6 2.25 2.32 30 27 1.27 1
1
APP_2_Inner_Layer_1:1 0.4 0.4 1.5 3.92 43 16 2.41 1
1
APP_2_Inner_Layer_2:0 0.6 0.6 2.25 1.79 2 3 3.34 1
2 3
APP_2_Inner_Layer_2:1 0.26666666666666666 0.26666666666666666 1.0 1.59 26 10 3.52 1
2
APP_2_Inner_Layer_2:2 0.4 0.4 1.5 3.48 4 18 2.6 1
3
APP_2_Inner_Layer_3:0 0.3333333333333333 0.3333333333333333 1.25 3.89 33 7 1.98 1
6
APP_2_Inner_Layer_3:1 0.13333333333333333 0.13333333333333333 0.5 3.82 24 27 3.03 1
4 6
APP_2_Inner_Layer_3:2 0.5333333333333333 0.5333333333333333 2.0 1.56 22 45 3.72 1
5
APP_2_Output_Layer_0 0.13333333333333333 0.13333333333333333 0.5 3.18 13 31 3.08 1
7 8 9
11
4.839402564120908
APP_3_Input_Layer_0 0.26666666666666666 0.26666666666666666 1.0 3.94 8 44 3.03 0

APP_3_Inner_Layer_0:0 0.2 0.2 0.75 2.7 34 12 1.63 1
0
APP_3_Inner_Layer_0:1 0.2 0.2 0.75 2.8 8 20 2.33 1
0
APP_3_Inner_Layer_1:0 0.4 0.4 1.5 1.6 21 45 1.4 1
1
APP_3_Inner_Layer_1:1 0.26666666666666666 0.26666666666666666 1.0 1.93 40 28 2.17 1
1
APP_3_Inner_Layer_1:2 0.5333333333333333 0.5333333333333333 2.0 2.4 24 12 1.82 1
1 2
APP_3_Inner_Layer_2:0 0.4666666666666667 0.4666666666666667 1.75 2.38 20 46 2.04 1
3 4 5
APP_3_Inner_Layer_3:0 0.4 0.4 1.5 2.53 28 41 3.89 1
6
APP_3_Inner_Layer_3:1 0.4666666666666667 0.4666666666666667 1.75 1.54 45 19 3.08 1
6
APP_3_Inner_Layer_3:2 0.4666666666666667 0.4666666666666667 1.75 2.17 45 8 2.29 1
6
APP_3_Output_Layer_0 0.13333333333333333 0.13333333333333333 0.5 3.51 11 14 3.36 1
7 8 9
