10
4
8
0
APP_0_Input_Layer_0 0.13333333333333333 0.13333333333333333 0.5 2.37 24 15 1.05 0

APP_0_Inner_Layer_0:0 0.26666666666666666 0.26666666666666666 1.0 3.88 29 31 1.43 1
0
APP_0_Inner_Layer_0:1 0.3333333333333333 0.3333333333333333 1.25 3.85 17 32 3.27 1
0
APP_0_Inner_Layer_1:0 0.06666666666666667 0.06666666666666667 0.25 1.45 33 31 2.58 1
1
APP_0_Inner_Layer_1:1 0.3333333333333333 0.3333333333333333 1.25 1.22 22 34 3.48 1
1 2
APP_0_Inner_Layer_1:2 0.6 0.6 2.25 1.16 3 19 1.94 1
2
APP_0_Inner_Layer_1:3 0.6 0.6 2.25 3.44 15 24 1.46 1
1
APP_0_Output_Layer_0 0.06666666666666667 0.06666666666666667 0.25 1.13 3 23 2.26 1
3 4 5 6
5
1.4705124757938526
APP_1_Input_Layer_0 0.13333333333333333 0.13333333333333333 0.5 2.24 43 9 3.6 1

APP_1_Inner_Layer_0:0 0.4666666666666667 0.4666666666666667 1.75 2.03 48 36 1.78 1
0
APP_1_Inner_Layer_0:1 0.26666666666666666 0.26666666666666666 1.0 3.41 13 24 3.97 1
0
APP_1_Inner_Layer_0:2 0.4 0.4 1.5 1.36 48 36 1.84 1
0
APP_1_Output_Layer_0 0.5333333333333333 0.5333333333333333 2.0 3.3 41 24 2.87 1
1 2 3
6
3.547114376866789
APP_2_Input_Layer_0 0.3333333333333333 0.3333333333333333 1.25 1.69 26 40 3.95 1

APP_2_Inner_Layer_0:0 0.26666666666666666 0.26666666666666666 1.0 3.72 48 11 2.6 1
0
APP_2_Inner_Layer_1:0 0.4 0.4 1.5 1.53 28 21 2.32 1
1
APP_2_Inner_Layer_2:0 0.13333333333333333 0.13333333333333333 0.5 1.9 9 28 3.73 1
2
APP_2_Inner_Layer_2:1 0.3333333333333333 0.3333333333333333 1.25 2.74 5 1 3.44 1
2
APP_2_Output_Layer_0 0.4666666666666667 0.4666666666666667 1.75 1.01 13 23 2.19 1
3 4
6
5.055758695967247
APP_3_Input_Layer_0 0.6 0.6 2.25 2.06 22 23 1.84 0

APP_3_Inner_Layer_0:0 0.2 0.2 0.75 2.73 12 18 1.54 1
0
APP_3_Inner_Layer_1:0 0.26666666666666666 0.26666666666666666 1.0 1.71 3 25 3.41 1
1
APP_3_Inner_Layer_1:1 0.26666666666666666 0.26666666666666666 1.0 1.52 26 30 2.17 1
1
APP_3_Inner_Layer_1:2 0.2 0.2 0.75 1.66 26 4 2.76 1
1
APP_3_Output_Layer_0 0.3333333333333333 0.3333333333333333 1.25 1.3 33 19 2.38 0
2 3 4
