10
4
3
0
APP_0_Input_Layer_0 0.3333333333333333 0.3333333333333333 1.25 2.12 8 25 2.23 1

APP_0_Inner_Layer_0:0 0.5333333333333333 0.5333333333333333 2.0 2.71 29 40 1.57 1
0
APP_0_Output_Layer_0 0.4 0.4 1.5 3.4 1 26 2.86 1
1
16
2.0878504179053037
APP_1_Input_Layer_0 0.6 0.6 2.25 2.9 1 25 3.08 1

APP_1_Inner_Layer_0:0 0.4 0.4 1.5 1.62 41 26 2.99 1
0
APP_1_Inner_Layer_0:1 0.4666666666666667 0.4666666666666667 1.75 2.66 28 48 3.0 0
0
APP_1_Inner_Layer_0:2 0.5333333333333333 0.5333333333333333 2.0 2.76 29 27 2.07 1
0
APP_1_Inner_Layer_0:3 0.4666666666666667 0.4666666666666667 1.75 2.28 35 12 3.69 1
0
APP_1_Inner_Layer_1:0 0.6 0.6 2.25 2.06 40 24 2.61 1
1 2 3
APP_1_Inner_Layer_1:1 0.06666666666666667 0.06666666666666667 0.25 1.28 22 28 2.68 0
1
APP_1_Inner_Layer_1:2 0.6 0.6 2.25 2.51 39 48 3.44 1
2 4
APP_1_Inner_Layer_1:3 0.06666666666666667 0.06666666666666667 0.25 3.7 16 34 2.53 1
1 3
APP_1_Inner_Layer_2:0 0.3333333333333333 0.3333333333333333 1.25 1.77 42 19 1.15 1
6 8
APP_1_Inner_Layer_2:1 0.5333333333333333 0.5333333333333333 2.0 3.41 47 14 1.66 1
5 7
APP_1_Inner_Layer_3:0 0.6 0.6 2.25 1.03 10 21 3.13 1
10
APP_1_Inner_Layer_3:1 0.06666666666666667 0.06666666666666667 0.25 3.04 3 43 1.91 1
9 10
APP_1_Inner_Layer_3:2 0.3333333333333333 0.3333333333333333 1.25 2.0 23 21 2.67 1
9
APP_1_Inner_Layer_3:3 0.2 0.2 0.75 1.2 6 18 3.25 1
9
APP_1_Output_Layer_0 0.13333333333333333 0.13333333333333333 0.5 2.82 15 9 1.3 1
11 12 13 14
11
3.086206024298496
APP_2_Input_Layer_0 0.5333333333333333 0.5333333333333333 2.0 3.11 41 31 1.15 1

APP_2_Inner_Layer_0:0 0.3333333333333333 0.3333333333333333 1.25 3.89 36 30 1.51 1
0
APP_2_Inner_Layer_1:0 0.26666666666666666 0.26666666666666666 1.0 1.3 45 7 1.05 1
1
APP_2_Inner_Layer_1:1 0.4666666666666667 0.4666666666666667 1.75 1.59 9 49 2.35 1
1
APP_2_Inner_Layer_2:0 0.3333333333333333 0.3333333333333333 1.25 1.71 20 2 1.85 1
2 3
APP_2_Inner_Layer_2:1 0.26666666666666666 0.26666666666666666 1.0 3.4 29 6 3.88 1
2
APP_2_Inner_Layer_2:2 0.13333333333333333 0.13333333333333333 0.5 1.87 44 5 1.3 1
2
APP_2_Inner_Layer_2:3 0.26666666666666666 0.26666666666666666 1.0 3.59 8 12 1.6 1
3
APP_2_Inner_Layer_3:0 0.3333333333333333 0.3333333333333333 1.25 1.71 19 19 1.59 1
5
APP_2_Inner_Layer_3:1 0.26666666666666666 0.26666666666666666 1.0 2.92 12 42 1.07 1
4 6 7
APP_2_Output_Layer_0 0.5333333333333333 0.5333333333333333 2.0 2.07 5 2 2.57 1
8 9
3
4.632713325424755
APP_3_Input_Layer_0 0.26666666666666666 0.26666666666666666 1.0 2.24 15 45 2.15 1

APP_3_Inner_Layer_0:0 0.2 0.2 0.75 2.48 35 33 3.7 1
0
APP_3_Output_Layer_0 0.5333333333333333 0.5333333333333333 2.0 1.54 30 36 1.6 1
1
