10
13
5
0
APP_0_Input_Layer_0 0.6 0.6 2.25 1.87 36 48 3.64 1

APP_0_Inner_Layer_0:0 0.3333333333333333 0.3333333333333333 1.25 2.13 12 4 3.03 1
0
APP_0_Inner_Layer_1:0 0.4666666666666667 0.4666666666666667 1.75 3.91 35 37 1.9 1
1
APP_0_Inner_Layer_2:0 0.4 0.4 1.5 3.4 49 21 2.46 1
2
APP_0_Output_Layer_0 0.4666666666666667 0.4666666666666667 1.75 3.31 18 47 3.9 1
3
11
0.5166900982221718
APP_1_Input_Layer_0 0.5333333333333333 0.5333333333333333 2.0 2.99 33 28 3.29 1

APP_1_Inner_Layer_0:0 0.4666666666666667 0.4666666666666667 1.75 3.64 45 5 3.77 0
0
APP_1_Inner_Layer_0:1 0.4666666666666667 0.4666666666666667 1.75 1.06 24 5 2.09 1
0
APP_1_Inner_Layer_0:2 0.2 0.2 0.75 3.6 17 4 1.23 1
0
APP_1_Inner_Layer_1:0 0.2 0.2 0.75 3.27 21 40 3.81 1
1 2 3
APP_1_Inner_Layer_1:1 0.5333333333333333 0.5333333333333333 2.0 1.57 31 3 1.8 1
3
APP_1_Inner_Layer_1:2 0.4 0.4 1.5 1.89 23 38 1.63 0
2
APP_1_Inner_Layer_2:0 0.26666666666666666 0.26666666666666666 1.0 3.45 28 35 3.44 0
4 5
APP_1_Inner_Layer_2:1 0.5333333333333333 0.5333333333333333 2.0 2.18 15 21 3.71 1
6
APP_1_Inner_Layer_2:2 0.5333333333333333 0.5333333333333333 2.0 2.84 25 48 1.93 1
4 5 6
APP_1_Output_Layer_0 0.06666666666666667 0.06666666666666667 0.25 1.85 33 27 1.11 1
7 8 9
11
1.2491386154528348
APP_2_Input_Layer_0 0.06666666666666667 0.06666666666666667 0.25 1.82 41 7 1.82 1

APP_2_Inner_Layer_0:0 0.26666666666666666 0.26666666666666666 1.0 3.01 25 27 3.32 1
0
APP_2_Inner_Layer_0:1 0.2 0.2 0.75 3.02 1 19 3.14 1
0
APP_2_Inner_Layer_0:2 0.4 0.4 1.5 3.84 33 23 2.06 1
0
APP_2_Inner_Layer_1:0 0.4666666666666667 0.4666666666666667 1.75 3.47 25 49 2.63 1
1 3
APP_2_Inner_Layer_1:1 0.5333333333333333 0.5333333333333333 2.0 2.46 12 6 1.82 1
2
APP_2_Inner_Layer_2:0 0.06666666666666667 0.06666666666666667 0.25 2.18 15 49 1.21 0
4 5
APP_2_Inner_Layer_2:1 0.5333333333333333 0.5333333333333333 2.0 3.59 47 11 2.21 1
4
APP_2_Inner_Layer_3:0 0.4666666666666667 0.4666666666666667 1.75 3.59 16 19 1.14 1
6
APP_2_Inner_Layer_3:1 0.5333333333333333 0.5333333333333333 2.0 2.35 16 27 1.84 0
7
APP_2_Output_Layer_0 0.5333333333333333 0.5333333333333333 2.0 2.49 4 37 3.51 1
8 9
4
1.6019479863019959
APP_3_Input_Layer_0 0.4 0.4 1.5 3.97 8 38 1.2 1

APP_3_Inner_Layer_0:0 0.4666666666666667 0.4666666666666667 1.75 1.41 37 12 3.81 1
0
APP_3_Inner_Layer_0:1 0.26666666666666666 0.26666666666666666 1.0 1.56 44 18 1.36 1
0
APP_3_Output_Layer_0 0.3333333333333333 0.3333333333333333 1.25 2.31 22 22 3.35 1
1 2
3
1.9703408589762879
APP_4_Input_Layer_0 0.13333333333333333 0.13333333333333333 0.5 1.83 22 24 3.12 1

APP_4_Inner_Layer_0:0 0.6 0.6 2.25 1.07 20 43 3.64 1
0
APP_4_Output_Layer_0 0.06666666666666667 0.06666666666666667 0.25 1.17 37 41 2.43 1
1
9
2.670436108388019
APP_5_Input_Layer_0 0.6 0.6 2.25 2.9 11 29 3.1 1

APP_5_Inner_Layer_0:0 0.6 0.6 2.25 2.89 12 41 3.66 0
0
APP_5_Inner_Layer_0:1 0.6 0.6 2.25 1.61 18 28 1.4 0
0
APP_5_Inner_Layer_1:0 0.6 0.6 2.25 3.7 1 31 1.34 0
1 2
APP_5_Inner_Layer_2:0 0.4 0.4 1.5 1.1 2 13 2.84 1
3
APP_5_Inner_Layer_2:1 0.4666666666666667 0.4666666666666667 1.75 2.7 44 3 3.17 1
3
APP_5_Inner_Layer_2:2 0.4 0.4 1.5 3.35 14 14 3.94 0
3
APP_5_Inner_Layer_3:0 0.4 0.4 1.5 2.2 31 11 3.37 1
4 5 6
APP_5_Output_Layer_0 0.2 0.2 0.75 3.04 11 3 1.06 1
7
6
3.1246596557102864
APP_6_Input_Layer_0 0.4 0.4 1.5 1.1 6 31 2.73 1

APP_6_Inner_Layer_0:0 0.6 0.6 2.25 3.75 17 47 3.68 1
0
APP_6_Inner_Layer_0:1 0.4 0.4 1.5 3.09 41 38 1.93 1
0
APP_6_Inner_Layer_0:2 0.06666666666666667 0.06666666666666667 0.25 3.68 23 45 1.84 1
0
APP_6_Inner_Layer_0:3 0.06666666666666667 0.06666666666666667 0.25 2.74 31 44 1.55 1
0
APP_6_Output_Layer_0 0.4 0.4 1.5 2.19 39 18 2.52 1
1 2 3 4
7
3.5277887240547128
APP_7_Input_Layer_0 0.3333333333333333 0.3333333333333333 1.25 3.26 27 36 3.86 1

APP_7_Inner_Layer_0:0 0.6 0.6 2.25 2.04 11 27 3.83 0
0
APP_7_Inner_Layer_0:1 0.06666666666666667 0.06666666666666667 0.25 3.95 8 40 3.91 1
0
APP_7_Inner_Layer_1:0 0.13333333333333333 0.13333333333333333 0.5 1.64 12 29 2.14 1
2
APP_7_Inner_Layer_1:1 0.4 0.4 1.5 2.69 34 44 3.7 1
1 2
APP_7_Inner_Layer_1:2 0.6 0.6 2.25 2.11 6 27 1.99 1
1 2
APP_7_Output_Layer_0 0.13333333333333333 0.13333333333333333 0.5 3.65 36 8 3.01 0
3 4 5
6
4.145302881150667
APP_8_Input_Layer_0 0.4666666666666667 0.4666666666666667 1.75 2.21 24 39 2.13 1

APP_8_Inner_Layer_0:0 0.3333333333333333 0.3333333333333333 1.25 2.75 11 21 1.76 1
0
APP_8_Inner_Layer_0:1 0.26666666666666666 0.26666666666666666 1.0 3.74 40 5 2.85 1
0
APP_8_Inner_Layer_0:2 0.2 0.2 0.75 1.82 28 38 3.1 1
0
APP_8_Inner_Layer_0:3 0.26666666666666666 0.26666666666666666 1.0 3.88 14 23 2.07 0
0
APP_8_Output_Layer_0 0.13333333333333333 0.13333333333333333 0.5 1.36 41 28 2.49 1
1 2 3 4
7
4.589383084828148
APP_9_Input_Layer_0 0.06666666666666667 0.06666666666666667 0.25 3.58 32 30 2.51 1

APP_9_Inner_Layer_0:0 0.3333333333333333 0.3333333333333333 1.25 2.7 33 23 3.09 1
0
APP_9_Inner_Layer_0:1 0.4666666666666667 0.4666666666666667 1.75 3.97 37 30 3.99 1
0
APP_9_Inner_Layer_0:2 0.6 0.6 2.25 1.08 30 25 2.27 1
0
APP_9_Inner_Layer_0:3 0.6 0.6 2.25 3.33 4 40 2.8 1
0
APP_9_Inner_Layer_1:0 0.6 0.6 2.25 1.68 17 27 1.42 1
1 2 3 4
APP_9_Output_Layer_0 0.3333333333333333 0.3333333333333333 1.25 2.32 39 40 3.54 0
5
6
5.023291970255692
APP_10_Input_Layer_0 0.4666666666666667 0.4666666666666667 1.75 1.96 20 12 1.85 1

APP_10_Inner_Layer_0:0 0.13333333333333333 0.13333333333333333 0.5 1.64 33 39 1.18 0
0
APP_10_Inner_Layer_0:1 0.26666666666666666 0.26666666666666666 1.0 1.46 38 48 2.43 1
0
APP_10_Inner_Layer_0:2 0.13333333333333333 0.13333333333333333 0.5 3.73 18 49 3.32 0
0
APP_10_Inner_Layer_0:3 0.13333333333333333 0.13333333333333333 0.5 1.14 12 22 3.29 0
0
APP_10_Output_Layer_0 0.06666666666666667 0.06666666666666667 0.25 1.95 19 3 2.44 1
1 2 3 4
4
5.582835391286799
APP_11_Input_Layer_0 0.5333333333333333 0.5333333333333333 2.0 1.91 11 8 2.5 1

APP_11_Inner_Layer_0:0 0.06666666666666667 0.06666666666666667 0.25 1.25 11 16 1.66 1
0
APP_11_Inner_Layer_0:1 0.13333333333333333 0.13333333333333333 0.5 2.92 34 5 3.93 1
0
APP_11_Output_Layer_0 0.6 0.6 2.25 2.46 29 21 1.67 1
1 2
3
6.019404160648093
APP_12_Input_Layer_0 0.4 0.4 1.5 1.98 43 5 3.25 1

APP_12_Inner_Layer_0:0 0.4666666666666667 0.4666666666666667 1.75 2.82 37 31 3.18 1
0
APP_12_Output_Layer_0 0.13333333333333333 0.13333333333333333 0.5 3.5 6 4 1.8 1
1
