10
13
10
0
APP_0_Input_Layer_0 0.26666666666666666 0.26666666666666666 1.0 2.1 45 13 3.45 1

APP_0_Inner_Layer_0:0 0.13333333333333333 0.13333333333333333 0.5 3.5 16 12 2.99 1
0
APP_0_Inner_Layer_1:0 0.06666666666666667 0.06666666666666667 0.25 3.5 28 38 3.98 1
1
APP_0_Inner_Layer_1:1 0.06666666666666667 0.06666666666666667 0.25 2.29 41 42 1.71 1
1
APP_0_Inner_Layer_2:0 0.4 0.4 1.5 3.16 22 40 3.99 1
2
APP_0_Inner_Layer_2:1 0.6 0.6 2.25 2.28 35 14 1.58 1
3
APP_0_Inner_Layer_2:2 0.06666666666666667 0.06666666666666667 0.25 2.55 33 4 2.65 1
2 3
APP_0_Inner_Layer_2:3 0.4666666666666667 0.4666666666666667 1.75 2.62 7 31 2.49 1
3
APP_0_Inner_Layer_3:0 0.26666666666666666 0.26666666666666666 1.0 2.88 24 36 3.86 0
4 5 6 7
APP_0_Output_Layer_0 0.13333333333333333 0.13333333333333333 0.5 3.9 40 32 2.9 0
8
12
0.6618038615259061
APP_1_Input_Layer_0 0.4666666666666667 0.4666666666666667 1.75 1.35 13 38 1.74 1

APP_1_Inner_Layer_0:0 0.4666666666666667 0.4666666666666667 1.75 3.15 49 27 3.02 1
0
APP_1_Inner_Layer_0:1 0.4666666666666667 0.4666666666666667 1.75 3.39 14 44 1.4 0
0
APP_1_Inner_Layer_0:2 0.3333333333333333 0.3333333333333333 1.25 3.35 2 7 1.9 1
0
APP_1_Inner_Layer_0:3 0.06666666666666667 0.06666666666666667 0.25 2.27 31 31 3.22 1
0
APP_1_Inner_Layer_1:0 0.4666666666666667 0.4666666666666667 1.75 3.15 2 30 1.86 1
1 3
APP_1_Inner_Layer_1:1 0.06666666666666667 0.06666666666666667 0.25 1.29 34 36 2.44 1
2 4
APP_1_Inner_Layer_2:0 0.5333333333333333 0.5333333333333333 2.0 3.73 32 29 3.28 0
5
APP_1_Inner_Layer_2:1 0.4666666666666667 0.4666666666666667 1.75 1.6 32 46 2.18 1
5
APP_1_Inner_Layer_2:2 0.5333333333333333 0.5333333333333333 2.0 1.55 36 16 1.34 0
6
APP_1_Inner_Layer_2:3 0.06666666666666667 0.06666666666666667 0.25 1.35 15 33 3.85 1
5
APP_1_Output_Layer_0 0.06666666666666667 0.06666666666666667 0.25 1.22 1 35 3.63 1
7 8 9 10
4
1.139118793662623
APP_2_Input_Layer_0 0.4 0.4 1.5 2.4 28 1 2.46 1

APP_2_Inner_Layer_0:0 0.6 0.6 2.25 3.25 41 27 1.11 1
0
APP_2_Inner_Layer_0:1 0.4666666666666667 0.4666666666666667 1.75 1.27 7 46 3.78 0
0
APP_2_Output_Layer_0 0.13333333333333333 0.13333333333333333 0.5 2.75 41 23 2.75 1
1 2
13
1.6226739402893524
APP_3_Input_Layer_0 0.6 0.6 2.25 3.95 13 13 1.75 1

APP_3_Inner_Layer_0:0 0.26666666666666666 0.26666666666666666 1.0 3.37 9 22 1.24 0
0
APP_3_Inner_Layer_1:0 0.6 0.6 2.25 1.74 24 28 1.78 1
1
APP_3_Inner_Layer_1:1 0.26666666666666666 0.26666666666666666 1.0 2.26 32 46 3.52 1
1
APP_3_Inner_Layer_1:2 0.06666666666666667 0.06666666666666667 0.25 2.4 12 13 2.54 1
1
APP_3_Inner_Layer_2:0 0.5333333333333333 0.5333333333333333 2.0 1.09 1 2 2.45 0
3
APP_3_Inner_Layer_2:1 0.6 0.6 2.25 2.97 29 14 2.15 1
2 3 4
APP_3_Inner_Layer_2:2 0.5333333333333333 0.5333333333333333 2.0 2.57 9 35 1.48 1
2 4
APP_3_Inner_Layer_3:0 0.3333333333333333 0.3333333333333333 1.25 1.46 14 11 1.34 1
5 6
APP_3_Inner_Layer_3:1 0.13333333333333333 0.13333333333333333 0.5 3.2 4 9 3.53 0
5
APP_3_Inner_Layer_3:2 0.3333333333333333 0.3333333333333333 1.25 3.64 26 3 3.62 1
5 6 7
APP_3_Inner_Layer_3:3 0.2 0.2 0.75 2.05 39 20 1.63 1
6
APP_3_Output_Layer_0 0.5333333333333333 0.5333333333333333 2.0 2.86 1 19 1.06 0
8 9 10 11
6
2.0558774969304077
APP_4_Input_Layer_0 0.26666666666666666 0.26666666666666666 1.0 3.12 14 5 1.58 1

APP_4_Inner_Layer_0:0 0.06666666666666667 0.06666666666666667 0.25 1.44 31 31 1.83 0
0
APP_4_Inner_Layer_0:1 0.06666666666666667 0.06666666666666667 0.25 3.98 43 18 2.56 1
0
APP_4_Inner_Layer_0:2 0.4 0.4 1.5 2.77 40 34 2.76 0
0
APP_4_Inner_Layer_0:3 0.4666666666666667 0.4666666666666667 1.75 1.69 47 49 3.23 0
0
APP_4_Output_Layer_0 0.4 0.4 1.5 1.88 38 4 3.58 1
1 2 3 4
17
2.7984106377769744
APP_5_Input_Layer_0 0.4 0.4 1.5 2.05 42 13 1.95 1

APP_5_Inner_Layer_0:0 0.06666666666666667 0.06666666666666667 0.25 2.42 40 32 3.72 1
0
APP_5_Inner_Layer_0:1 0.5333333333333333 0.5333333333333333 2.0 3.48 17 48 1.44 0
0
APP_5_Inner_Layer_0:2 0.26666666666666666 0.26666666666666666 1.0 2.47 31 7 3.26 1
0
APP_5_Inner_Layer_0:3 0.3333333333333333 0.3333333333333333 1.25 1.18 45 3 2.62 1
0
APP_5_Inner_Layer_1:0 0.6 0.6 2.25 2.3 22 32 1.09 1
1
APP_5_Inner_Layer_1:1 0.6 0.6 2.25 1.47 24 20 3.92 0
1 2 3 4
APP_5_Inner_Layer_1:2 0.3333333333333333 0.3333333333333333 1.25 3.37 14 16 3.81 1
3 4
APP_5_Inner_Layer_1:3 0.2 0.2 0.75 1.29 23 1 3.57 1
1
APP_5_Inner_Layer_2:0 0.4666666666666667 0.4666666666666667 1.75 1.03 8 1 3.9 0
7
APP_5_Inner_Layer_2:1 0.06666666666666667 0.06666666666666667 0.25 1.54 44 48 2.21 1
5 7 8
APP_5_Inner_Layer_2:2 0.4 0.4 1.5 1.63 41 4 3.91 1
5 6
APP_5_Inner_Layer_3:0 0.2 0.2 0.75 1.5 22 15 3.94 1
9 11
APP_5_Inner_Layer_3:1 0.06666666666666667 0.06666666666666667 0.25 3.75 41 12 1.45 1
11
APP_5_Inner_Layer_3:2 0.6 0.6 2.25 1.08 30 5 3.08 1
9 10
APP_5_Inner_Layer_3:3 0.13333333333333333 0.13333333333333333 0.5 2.11 27 16 3.19 0
9
APP_5_Output_Layer_0 0.3333333333333333 0.3333333333333333 1.25 2.35 19 38 1.77 1
12 13 14 15
6
3.2815672045969526
APP_6_Input_Layer_0 0.4666666666666667 0.4666666666666667 1.75 2.46 46 46 1.85 1

APP_6_Inner_Layer_0:0 0.2 0.2 0.75 2.66 43 44 2.74 1
0
APP_6_Inner_Layer_1:0 0.4 0.4 1.5 3.95 39 19 3.64 1
1
APP_6_Inner_Layer_1:1 0.26666666666666666 0.26666666666666666 1.0 3.38 37 34 3.92 1
1
APP_6_Inner_Layer_1:2 0.13333333333333333 0.13333333333333333 0.5 2.91 12 47 2.33 1
1
APP_6_Output_Layer_0 0.5333333333333333 0.5333333333333333 2.0 2.72 33 34 2.7 1
2 3 4
6
3.808464593610597
APP_7_Input_Layer_0 0.2 0.2 0.75 2.96 43 30 3.47 1

APP_7_Inner_Layer_0:0 0.5333333333333333 0.5333333333333333 2.0 3.02 14 39 2.63 1
0
APP_7_Inner_Layer_0:1 0.13333333333333333 0.13333333333333333 0.5 1.01 12 4 2.94 1
0
APP_7_Inner_Layer_0:2 0.06666666666666667 0.06666666666666667 0.25 3.7 8 12 3.54 1
0
APP_7_Inner_Layer_0:3 0.6 0.6 2.25 2.48 22 17 1.81 1
0
APP_7_Output_Layer_0 0.4666666666666667 0.4666666666666667 1.75 3.11 26 12 3.91 1
1 2 3 4
8
4.101797659689434
APP_8_Input_Layer_0 0.13333333333333333 0.13333333333333333 0.5 3.13 37 8 2.25 0

APP_8_Inner_Layer_0:0 0.4666666666666667 0.4666666666666667 1.75 3.46 34 34 2.61 1
0
APP_8_Inner_Layer_0:1 0.3333333333333333 0.3333333333333333 1.25 2.74 10 40 2.3 1
0
APP_8_Inner_Layer_1:0 0.4666666666666667 0.4666666666666667 1.75 2.49 22 17 3.17 1
1 2
APP_8_Inner_Layer_1:1 0.2 0.2 0.75 3.01 43 29 1.35 1
1 2
APP_8_Inner_Layer_1:2 0.26666666666666666 0.26666666666666666 1.0 2.02 13 35 2.92 1
2
APP_8_Inner_Layer_1:3 0.13333333333333333 0.13333333333333333 0.5 2.42 17 25 1.53 1
1
APP_8_Output_Layer_0 0.4666666666666667 0.4666666666666667 1.75 2.99 9 44 2.22 1
3 4 5 6
14
4.621174436551446
APP_9_Input_Layer_0 0.5333333333333333 0.5333333333333333 2.0 1.2 30 33 1.3 1

APP_9_Inner_Layer_0:0 0.26666666666666666 0.26666666666666666 1.0 2.04 3 26 1.19 1
0
APP_9_Inner_Layer_0:1 0.5333333333333333 0.5333333333333333 2.0 3.52 38 44 3.18 0
0
APP_9_Inner_Layer_1:0 0.13333333333333333 0.13333333333333333 0.5 1.78 13 3 1.34 0
1
APP_9_Inner_Layer_1:1 0.06666666666666667 0.06666666666666667 0.25 2.74 9 3 3.85 1
1
APP_9_Inner_Layer_1:2 0.3333333333333333 0.3333333333333333 1.25 3.16 41 9 3.8 1
1 2
APP_9_Inner_Layer_1:3 0.5333333333333333 0.5333333333333333 2.0 1.22 30 30 2.77 1
1
APP_9_Inner_Layer_2:0 0.26666666666666666 0.26666666666666666 1.0 2.24 28 37 3.89 0
5 6
APP_9_Inner_Layer_2:1 0.2 0.2 0.75 3.66 48 25 1.94 1
4 5
APP_9_Inner_Layer_2:2 0.2 0.2 0.75 2.17 5 9 3.38 0
3 4
APP_9_Inner_Layer_2:3 0.06666666666666667 0.06666666666666667 0.25 1.77 11 27 2.62 1
3 5 6
APP_9_Inner_Layer_3:0 0.3333333333333333 0.3333333333333333 1.25 2.15 30 28 2.63 1
7 8 9
APP_9_Inner_Layer_3:1 0.5333333333333333 0.5333333333333333 2.0 3.96 11 3 1.96 1
10
APP_9_Output_Layer_0 0.06666666666666667 0.06666666666666667 0.25 1.46 1 48 1.05 1
11 12
10
4.928139419862981
APP_10_Input_Layer_0 0.5333333333333333 0.5333333333333333 2.0 1.02 24 36 3.71 1

APP_10_Inner_Layer_0:0 0.06666666666666667 0.06666666666666667 0.25 1.48 15 25 3.73 0
0
APP_10_Inner_Layer_1:0 0.4666666666666667 0.4666666666666667 1.75 1.92 25 47 3.75 1
1
APP_10_Inner_Layer_1:1 0.4 0.4 1.5 1.16 11 35 2.9 1
1
APP_10_Inner_Layer_1:2 0.13333333333333333 0.13333333333333333 0.5 2.49 46 11 3.04 1
1
APP_10_Inner_Layer_2:0 0.4666666666666667 0.4666666666666667 1.75 1.47 40 2 3.73 1
2 4
APP_10_Inner_Layer_2:1 0.4 0.4 1.5 3.81 20 2 1.36 1
2
APP_10_Inner_Layer_2:2 0.06666666666666667 0.06666666666666667 0.25 1.7 7 43 2.37 1
4 3
APP_10_Inner_Layer_2:3 0.13333333333333333 0.13333333333333333 0.5 3.23 28 34 1.1 0
2 3
APP_10_Output_Layer_0 0.6 0.6 2.25 1.21 25 40 1.32 1
5 6 7 8
8
5.2796420419406065
APP_11_Input_Layer_0 0.4 0.4 1.5 3.71 32 8 3.81 1

APP_11_Inner_Layer_0:0 0.06666666666666667 0.06666666666666667 0.25 3.84 39 29 2.16 0
0
APP_11_Inner_Layer_0:1 0.2 0.2 0.75 3.46 10 25 1.58 0
0
APP_11_Inner_Layer_1:0 0.2 0.2 0.75 2.28 18 34 1.07 1
1
APP_11_Inner_Layer_1:1 0.06666666666666667 0.06666666666666667 0.25 3.54 19 48 2.84 1
1 2
APP_11_Inner_Layer_1:2 0.6 0.6 2.25 3.02 16 8 2.08 1
2
APP_11_Inner_Layer_1:3 0.26666666666666666 0.26666666666666666 1.0 1.54 42 21 3.84 1
2
APP_11_Output_Layer_0 0.4666666666666667 0.4666666666666667 1.75 3.4 3 17 2.88 1
3 4 5 6
10
5.997160391375813
APP_12_Input_Layer_0 0.26666666666666666 0.26666666666666666 1.0 1.95 40 32 2.09 1

APP_12_Inner_Layer_0:0 0.2 0.2 0.75 3.64 15 33 1.72 1
0
APP_12_Inner_Layer_0:1 0.6 0.6 2.25 2.24 45 1 2.4 1
0
APP_12_Inner_Layer_0:2 0.4666666666666667 0.4666666666666667 1.75 1.91 44 34 3.82 0
0
APP_12_Inner_Layer_0:3 0.5333333333333333 0.5333333333333333 2.0 1.09 35 25 1.77 1
0
APP_12_Inner_Layer_1:0 0.3333333333333333 0.3333333333333333 1.25 1.33 35 27 1.04 0
3 4
APP_12_Inner_Layer_1:1 0.26666666666666666 0.26666666666666666 1.0 2.26 10 28 3.08 0
1 3
APP_12_Inner_Layer_1:2 0.26666666666666666 0.26666666666666666 1.0 3.95 23 35 2.09 0
1 2
APP_12_Inner_Layer_2:0 0.4666666666666667 0.4666666666666667 1.75 1.1 26 14 1.73 0
5 6 7
APP_12_Output_Layer_0 0.13333333333333333 0.13333333333333333 0.5 2.39 12 14 3.75 0
8
