10
13
10
0
APP_0_Input_Layer_0 0.4666666666666667 0.4666666666666667 1.75 1.54 27 40 1.13 1

APP_0_Inner_Layer_0:0 0.2 0.2 0.75 3.01 12 31 3.55 1
0
APP_0_Inner_Layer_1:0 0.06666666666666667 0.06666666666666667 0.25 1.46 5 19 1.34 1
1
APP_0_Inner_Layer_1:1 0.5333333333333333 0.5333333333333333 2.0 1.78 20 36 3.86 1
1
APP_0_Inner_Layer_1:2 0.6 0.6 2.25 2.22 3 13 3.35 1
1
APP_0_Inner_Layer_1:3 0.26666666666666666 0.26666666666666666 1.0 3.95 1 23 2.57 0
1
APP_0_Inner_Layer_2:0 0.06666666666666667 0.06666666666666667 0.25 3.51 23 49 1.6 0
3 4 5
APP_0_Inner_Layer_2:1 0.4666666666666667 0.4666666666666667 1.75 1.46 8 1 3.94 1
2 3 5
APP_0_Inner_Layer_2:2 0.2 0.2 0.75 1.37 34 46 3.62 0
2 4
APP_0_Output_Layer_0 0.3333333333333333 0.3333333333333333 1.25 1.98 24 37 1.65 1
6 7 8
10
0.31594998632006444
APP_1_Input_Layer_0 0.06666666666666667 0.06666666666666667 0.25 3.63 17 32 3.89 1

APP_1_Inner_Layer_0:0 0.3333333333333333 0.3333333333333333 1.25 2.02 1 32 1.95 0
0
APP_1_Inner_Layer_0:1 0.3333333333333333 0.3333333333333333 1.25 3.86 40 12 3.86 1
0
APP_1_Inner_Layer_0:2 0.4666666666666667 0.4666666666666667 1.75 2.07 26 35 2.12 0
0
APP_1_Inner_Layer_1:0 0.4 0.4 1.5 2.54 1 6 2.75 1
2 3
APP_1_Inner_Layer_1:1 0.4 0.4 1.5 3.64 12 17 3.56 0
1 2 3
APP_1_Inner_Layer_1:2 0.26666666666666666 0.26666666666666666 1.0 3.23 49 31 1.23 1
3 2
APP_1_Inner_Layer_2:0 0.4666666666666667 0.4666666666666667 1.75 3.78 41 3 1.9 1
5 6
APP_1_Inner_Layer_2:1 0.2 0.2 0.75 3.76 17 38 2.73 1
4
APP_1_Output_Layer_0 0.06666666666666667 0.06666666666666667 0.25 1.3 15 35 2.68 1
7 8
10
0.9621408367533385
APP_2_Input_Layer_0 0.13333333333333333 0.13333333333333333 0.5 2.67 10 24 2.51 0

APP_2_Inner_Layer_0:0 0.5333333333333333 0.5333333333333333 2.0 2.41 1 23 2.99 1
0
APP_2_Inner_Layer_1:0 0.13333333333333333 0.13333333333333333 0.5 2.36 30 3 1.69 1
1
APP_2_Inner_Layer_1:1 0.4666666666666667 0.4666666666666667 1.75 1.11 42 4 3.07 1
1
APP_2_Inner_Layer_1:2 0.4666666666666667 0.4666666666666667 1.75 1.19 21 40 1.85 1
1
APP_2_Inner_Layer_2:0 0.6 0.6 2.25 1.49 38 15 1.07 1
4
APP_2_Inner_Layer_2:1 0.2 0.2 0.75 3.02 22 15 1.6 1
3
APP_2_Inner_Layer_2:2 0.3333333333333333 0.3333333333333333 1.25 3.0 44 20 1.35 0
4
APP_2_Inner_Layer_2:3 0.26666666666666666 0.26666666666666666 1.0 1.25 12 1 1.03 1
2 4
APP_2_Output_Layer_0 0.4 0.4 1.5 3.76 3 16 2.3 1
5 6 7 8
11
1.3033597556416698
APP_3_Input_Layer_0 0.3333333333333333 0.3333333333333333 1.25 1.07 40 38 3.26 1

APP_3_Inner_Layer_0:0 0.26666666666666666 0.26666666666666666 1.0 2.79 12 40 1.73 1
0
APP_3_Inner_Layer_0:1 0.3333333333333333 0.3333333333333333 1.25 1.3 37 15 1.09 1
0
APP_3_Inner_Layer_0:2 0.5333333333333333 0.5333333333333333 2.0 1.12 19 36 3.18 1
0
APP_3_Inner_Layer_1:0 0.13333333333333333 0.13333333333333333 0.5 3.46 26 5 3.48 1
1 2
APP_3_Inner_Layer_1:1 0.13333333333333333 0.13333333333333333 0.5 1.53 35 29 1.14 1
1 2 3
APP_3_Inner_Layer_1:2 0.13333333333333333 0.13333333333333333 0.5 3.94 5 16 2.7 1
3
APP_3_Inner_Layer_1:3 0.4 0.4 1.5 2.7 19 10 2.67 1
1
APP_3_Inner_Layer_2:0 0.4 0.4 1.5 2.95 31 37 1.75 1
4 5 6 7
APP_3_Inner_Layer_2:1 0.06666666666666667 0.06666666666666667 0.25 1.11 38 24 1.32 0
4
APP_3_Output_Layer_0 0.06666666666666667 0.06666666666666667 0.25 1.03 21 14 1.84 1
8 9
8
1.9484756131928036
APP_4_Input_Layer_0 0.06666666666666667 0.06666666666666667 0.25 2.41 8 44 2.72 1

APP_4_Inner_Layer_0:0 0.3333333333333333 0.3333333333333333 1.25 3.08 30 16 3.11 1
0
APP_4_Inner_Layer_0:1 0.13333333333333333 0.13333333333333333 0.5 2.36 3 36 2.33 1
0
APP_4_Inner_Layer_0:2 0.6 0.6 2.25 2.3 32 36 3.14 0
0
APP_4_Inner_Layer_1:0 0.5333333333333333 0.5333333333333333 2.0 3.58 11 44 2.46 0
2
APP_4_Inner_Layer_1:1 0.3333333333333333 0.3333333333333333 1.25 3.16 42 41 3.41 1
1 2 3
APP_4_Inner_Layer_1:2 0.4666666666666667 0.4666666666666667 1.75 3.32 6 36 2.93 1
1
APP_4_Output_Layer_0 0.4 0.4 1.5 2.3 49 48 3.66 1
4 5 6
9
2.440244252943516
APP_5_Input_Layer_0 0.4666666666666667 0.4666666666666667 1.75 3.07 7 12 1.6 1

APP_5_Inner_Layer_0:0 0.5333333333333333 0.5333333333333333 2.0 2.22 18 3 2.45 1
0
APP_5_Inner_Layer_0:1 0.4666666666666667 0.4666666666666667 1.75 2.26 36 12 2.85 0
0
APP_5_Inner_Layer_1:0 0.13333333333333333 0.13333333333333333 0.5 3.24 40 1 1.3 1
2
APP_5_Inner_Layer_1:1 0.4 0.4 1.5 3.22 49 4 3.12 1
1
APP_5_Inner_Layer_2:0 0.26666666666666666 0.26666666666666666 1.0 3.39 38 32 1.01 1
4
APP_5_Inner_Layer_2:1 0.3333333333333333 0.3333333333333333 1.25 3.8 6 21 2.8 1
3
APP_5_Inner_Layer_2:2 0.2 0.2 0.75 3.03 46 16 1.18 1
3
APP_5_Output_Layer_0 0.06666666666666667 0.06666666666666667 0.25 1.61 5 24 2.51 1
5 6 7
8
3.1801773364756905
APP_6_Input_Layer_0 0.06666666666666667 0.06666666666666667 0.25 3.57 9 29 1.89 1

APP_6_Inner_Layer_0:0 0.4 0.4 1.5 3.88 1 5 2.36 1
0
APP_6_Inner_Layer_0:1 0.4 0.4 1.5 1.57 6 29 2.67 1
0
APP_6_Inner_Layer_1:0 0.3333333333333333 0.3333333333333333 1.25 2.56 45 4 1.26 0
1 2
APP_6_Inner_Layer_2:0 0.13333333333333333 0.13333333333333333 0.5 2.2 11 14 2.14 1
3
APP_6_Inner_Layer_2:1 0.3333333333333333 0.3333333333333333 1.25 3.96 17 22 2.23 1
3
APP_6_Inner_Layer_2:2 0.26666666666666666 0.26666666666666666 1.0 2.96 35 7 2.61 1
3
APP_6_Output_Layer_0 0.5333333333333333 0.5333333333333333 2.0 1.74 40 40 2.92 0
4 5 6
9
3.5626914539242405
APP_7_Input_Layer_0 0.4666666666666667 0.4666666666666667 1.75 3.07 16 19 3.8 1

APP_7_Inner_Layer_0:0 0.5333333333333333 0.5333333333333333 2.0 3.56 28 32 3.24 0
0
APP_7_Inner_Layer_0:1 0.6 0.6 2.25 3.93 40 2 1.1 1
0
APP_7_Inner_Layer_1:0 0.6 0.6 2.25 3.61 38 4 1.7 1
2
APP_7_Inner_Layer_1:1 0.3333333333333333 0.3333333333333333 1.25 1.44 38 15 1.14 1
1
APP_7_Inner_Layer_2:0 0.4 0.4 1.5 3.79 32 17 2.28 1
3 4
APP_7_Inner_Layer_2:1 0.4666666666666667 0.4666666666666667 1.75 3.89 28 6 2.61 0
3
APP_7_Inner_Layer_2:2 0.4666666666666667 0.4666666666666667 1.75 3.92 39 8 2.61 0
3 4
APP_7_Output_Layer_0 0.06666666666666667 0.06666666666666667 0.25 2.09 11 39 3.5 1
5 6 7
11
3.9514996512972242
APP_8_Input_Layer_0 0.4666666666666667 0.4666666666666667 1.75 1.96 46 28 1.48 1

APP_8_Inner_Layer_0:0 0.6 0.6 2.25 1.27 23 36 2.69 1
0
APP_8_Inner_Layer_0:1 0.6 0.6 2.25 2.65 10 19 2.59 1
0
APP_8_Inner_Layer_0:2 0.4 0.4 1.5 3.48 46 4 3.79 1
0
APP_8_Inner_Layer_0:3 0.5333333333333333 0.5333333333333333 2.0 3.35 38 43 1.74 1
0
APP_8_Inner_Layer_1:0 0.4 0.4 1.5 1.19 27 6 3.73 1
1 2 3 4
APP_8_Inner_Layer_2:0 0.26666666666666666 0.26666666666666666 1.0 2.46 6 38 1.02 1
5
APP_8_Inner_Layer_2:1 0.6 0.6 2.25 2.66 13 32 3.25 0
5
APP_8_Inner_Layer_2:2 0.6 0.6 2.25 2.23 32 43 2.79 0
5
APP_8_Inner_Layer_2:3 0.5333333333333333 0.5333333333333333 2.0 3.08 38 31 2.3 1
5
APP_8_Output_Layer_0 0.6 0.6 2.25 2.4 2 31 2.28 1
6 7 8 9
3
4.566305536049772
APP_9_Input_Layer_0 0.06666666666666667 0.06666666666666667 0.25 3.76 48 10 3.03 1

APP_9_Inner_Layer_0:0 0.2 0.2 0.75 3.3 46 34 1.52 1
0
APP_9_Output_Layer_0 0.13333333333333333 0.13333333333333333 0.5 1.22 26 38 2.29 1
1
10
5.247697666923286
APP_10_Input_Layer_0 0.06666666666666667 0.06666666666666667 0.25 3.84 13 48 3.6 1

APP_10_Inner_Layer_0:0 0.4 0.4 1.5 2.35 32 25 2.92 1
0
APP_10_Inner_Layer_0:1 0.4 0.4 1.5 2.1 25 25 3.11 1
0
APP_10_Inner_Layer_0:2 0.4666666666666667 0.4666666666666667 1.75 2.76 33 3 1.31 1
0
APP_10_Inner_Layer_0:3 0.4 0.4 1.5 2.22 36 36 3.99 1
0
APP_10_Inner_Layer_1:0 0.4 0.4 1.5 3.39 4 27 3.75 1
4
APP_10_Inner_Layer_1:1 0.26666666666666666 0.26666666666666666 1.0 3.62 32 18 2.87 1
1 2 3
APP_10_Inner_Layer_2:0 0.4666666666666667 0.4666666666666667 1.75 3.56 46 2 3.8 0
6
APP_10_Inner_Layer_2:1 0.6 0.6 2.25 3.65 40 5 2.76 1
5
APP_10_Output_Layer_0 0.3333333333333333 0.3333333333333333 1.25 1.42 23 12 1.89 1
7 8
4
5.8419117645649115
APP_11_Input_Layer_0 0.4 0.4 1.5 2.99 20 30 3.09 1

APP_11_Inner_Layer_0:0 0.26666666666666666 0.26666666666666666 1.0 3.72 19 23 1.37 1
0
APP_11_Inner_Layer_0:1 0.26666666666666666 0.26666666666666666 1.0 2.48 10 38 1.05 1
0
APP_11_Output_Layer_0 0.5333333333333333 0.5333333333333333 2.0 3.29 48 22 2.22 0
1 2
8
6.516600753958175
APP_12_Input_Layer_0 0.2 0.2 0.75 2.34 9 31 1.99 1

APP_12_Inner_Layer_0:0 0.4666666666666667 0.4666666666666667 1.75 2.93 14 38 1.43 1
0
APP_12_Inner_Layer_0:1 0.26666666666666666 0.26666666666666666 1.0 3.93 41 2 1.28 1
0
APP_12_Inner_Layer_0:2 0.3333333333333333 0.3333333333333333 1.25 2.09 24 18 2.33 1
0
APP_12_Inner_Layer_0:3 0.5333333333333333 0.5333333333333333 2.0 2.23 31 9 1.91 1
0
APP_12_Inner_Layer_1:0 0.4666666666666667 0.4666666666666667 1.75 1.05 4 31 3.93 1
1 4
APP_12_Inner_Layer_1:1 0.5333333333333333 0.5333333333333333 2.0 2.76 3 46 3.25 1
2 3
APP_12_Output_Layer_0 0.2 0.2 0.75 2.41 9 40 3.7 1
5 6
