10
13
8
0
APP_0_Input_Layer_0 0.2 0.2 0.75 3.15 40 21 2.02 1

APP_0_Inner_Layer_0:0 0.06666666666666667 0.06666666666666667 0.25 3.61 17 15 3.78 0
0
APP_0_Inner_Layer_1:0 0.4 0.4 1.5 3.89 29 13 3.55 1
1
APP_0_Inner_Layer_2:0 0.13333333333333333 0.13333333333333333 0.5 3.02 16 28 2.52 0
2
APP_0_Inner_Layer_2:1 0.13333333333333333 0.13333333333333333 0.5 3.64 25 24 1.79 0
2
APP_0_Inner_Layer_2:2 0.3333333333333333 0.3333333333333333 1.25 1.45 22 20 2.33 1
2
APP_0_Inner_Layer_2:3 0.4 0.4 1.5 1.19 38 10 3.98 0
2
APP_0_Output_Layer_0 0.6 0.6 2.25 2.92 43 21 2.97 1
3 4 5 6
8
0.6689375374042685
APP_1_Input_Layer_0 0.5333333333333333 0.5333333333333333 2.0 3.05 11 5 1.5 1

APP_1_Inner_Layer_0:0 0.2 0.2 0.75 2.21 34 32 1.76 1
0
APP_1_Inner_Layer_0:1 0.4 0.4 1.5 2.29 35 30 2.92 1
0
APP_1_Inner_Layer_1:0 0.5333333333333333 0.5333333333333333 2.0 2.14 7 8 1.67 1
1 2
APP_1_Inner_Layer_1:1 0.4666666666666667 0.4666666666666667 1.75 2.8 41 16 1.41 0
1
APP_1_Inner_Layer_1:2 0.4 0.4 1.5 3.65 14 32 2.87 0
2
APP_1_Inner_Layer_1:3 0.6 0.6 2.25 1.96 43 48 2.01 0
1 2
APP_1_Output_Layer_0 0.6 0.6 2.25 2.05 39 26 1.44 1
3 4 5 6
15
1.2777376594403527
APP_2_Input_Layer_0 0.06666666666666667 0.06666666666666667 0.25 2.32 26 22 3.0 1

APP_2_Inner_Layer_0:0 0.3333333333333333 0.3333333333333333 1.25 1.78 12 43 1.23 1
0
APP_2_Inner_Layer_0:1 0.4666666666666667 0.4666666666666667 1.75 1.46 1 6 2.46 1
0
APP_2_Inner_Layer_1:0 0.26666666666666666 0.26666666666666666 1.0 1.68 29 28 1.51 0
2
APP_2_Inner_Layer_1:1 0.4 0.4 1.5 1.66 28 3 3.42 1
1 2
APP_2_Inner_Layer_1:2 0.06666666666666667 0.06666666666666667 0.25 1.6 43 35 2.24 1
1
APP_2_Inner_Layer_2:0 0.6 0.6 2.25 3.51 14 39 2.21 1
4
APP_2_Inner_Layer_2:1 0.26666666666666666 0.26666666666666666 1.0 1.54 5 20 1.55 1
3 5
APP_2_Inner_Layer_2:2 0.6 0.6 2.25 2.03 34 44 1.18 1
3 4 5
APP_2_Inner_Layer_2:3 0.6 0.6 2.25 1.74 22 17 2.57 1
4
APP_2_Inner_Layer_3:0 0.4 0.4 1.5 3.68 48 42 2.14 1
7 9
APP_2_Inner_Layer_3:1 0.26666666666666666 0.26666666666666666 1.0 3.4 2 38 1.19 1
7
APP_2_Inner_Layer_3:2 0.2 0.2 0.75 2.9 10 3 1.05 1
6 7 8
APP_2_Inner_Layer_3:3 0.4666666666666667 0.4666666666666667 1.75 3.09 3 5 3.14 0
6 9
APP_2_Output_Layer_0 0.3333333333333333 0.3333333333333333 1.25 2.43 1 36 1.58 1
10 11 12 13
6
1.9047461815465603
APP_3_Input_Layer_0 0.5333333333333333 0.5333333333333333 2.0 3.34 5 27 1.7 1

APP_3_Inner_Layer_0:0 0.2 0.2 0.75 1.6 27 32 2.04 0
0
APP_3_Inner_Layer_0:1 0.2 0.2 0.75 2.6 37 9 3.47 1
0
APP_3_Inner_Layer_1:0 0.6 0.6 2.25 1.79 30 5 2.84 0
1 2
APP_3_Inner_Layer_1:1 0.6 0.6 2.25 1.28 8 41 1.26 1
2
APP_3_Output_Layer_0 0.6 0.6 2.25 2.31 13 13 3.55 1
3 4
6
2.546263497417586
APP_4_Input_Layer_0 0.13333333333333333 0.13333333333333333 0.5 2.49 16 27 1.35 0

APP_4_Inner_Layer_0:0 0.2 0.2 0.75 3.05 5 30 1.81 1
0
APP_4_Inner_Layer_0:1 0.5333333333333333 0.5333333333333333 2.0 1.16 45 8 1.96 1
0
APP_4_Inner_Layer_1:0 0.5333333333333333 0.5333333333333333 2.0 1.16 21 25 2.25 1
2
APP_4_Inner_Layer_1:1 0.4 0.4 1.5 1.03 27 20 2.2 1
1 2
APP_4_Output_Layer_0 0.6 0.6 2.25 1.51 12 4 2.82 1
3 4
13
2.9300347809370244
APP_5_Input_Layer_0 0.06666666666666667 0.06666666666666667 0.25 1.62 6 22 2.51 1

APP_5_Inner_Layer_0:0 0.26666666666666666 0.26666666666666666 1.0 3.05 45 8 3.61 0
0
APP_5_Inner_Layer_1:0 0.5333333333333333 0.5333333333333333 2.0 1.44 33 8 2.38 0
1
APP_5_Inner_Layer_1:1 0.26666666666666666 0.26666666666666666 1.0 3.97 3 3 3.17 0
1
APP_5_Inner_Layer_1:2 0.4666666666666667 0.4666666666666667 1.75 1.39 14 37 3.89 0
1
APP_5_Inner_Layer_1:3 0.4666666666666667 0.4666666666666667 1.75 2.24 34 40 3.04 1
1
APP_5_Inner_Layer_2:0 0.13333333333333333 0.13333333333333333 0.5 1.46 29 33 3.25 0
4 5
APP_5_Inner_Layer_2:1 0.3333333333333333 0.3333333333333333 1.25 1.42 22 31 2.02 1
2 3
APP_5_Inner_Layer_3:0 0.3333333333333333 0.3333333333333333 1.25 1.59 18 49 2.18 0
6
APP_5_Inner_Layer_3:1 0.6 0.6 2.25 3.38 1 18 3.97 1
6
APP_5_Inner_Layer_3:2 0.3333333333333333 0.3333333333333333 1.25 1.09 42 12 1.77 1
6
APP_5_Inner_Layer_3:3 0.26666666666666666 0.26666666666666666 1.0 2.7 43 7 2.47 0
6 7
APP_5_Output_Layer_0 0.06666666666666667 0.06666666666666667 0.25 2.33 8 9 3.81 1
8 9 10 11
4
3.2736276964032154
APP_6_Input_Layer_0 0.5333333333333333 0.5333333333333333 2.0 2.45 1 49 2.33 1

APP_6_Inner_Layer_0:0 0.5333333333333333 0.5333333333333333 2.0 1.87 28 39 2.19 1
0
APP_6_Inner_Layer_0:1 0.4 0.4 1.5 3.56 15 48 3.38 1
0
APP_6_Output_Layer_0 0.6 0.6 2.25 3.33 13 47 3.04 1
1 2
8
3.5888569959213257
APP_7_Input_Layer_0 0.2 0.2 0.75 1.85 41 4 2.57 1

APP_7_Inner_Layer_0:0 0.26666666666666666 0.26666666666666666 1.0 1.4 40 34 3.36 0
0
APP_7_Inner_Layer_0:1 0.3333333333333333 0.3333333333333333 1.25 2.67 12 20 1.88 1
0
APP_7_Inner_Layer_0:2 0.4666666666666667 0.4666666666666667 1.75 2.24 3 21 3.28 1
0
APP_7_Inner_Layer_0:3 0.3333333333333333 0.3333333333333333 1.25 1.64 8 23 2.56 0
0
APP_7_Inner_Layer_1:0 0.3333333333333333 0.3333333333333333 1.25 1.16 34 20 3.66 1
1 2 3
APP_7_Inner_Layer_1:1 0.5333333333333333 0.5333333333333333 2.0 3.22 4 10 2.55 1
4
APP_7_Output_Layer_0 0.4 0.4 1.5 1.46 44 46 3.9 1
5 6
8
4.178010474471099
APP_8_Input_Layer_0 0.2 0.2 0.75 1.27 37 49 3.66 1

APP_8_Inner_Layer_0:0 0.3333333333333333 0.3333333333333333 1.25 3.52 24 27 3.57 1
0
APP_8_Inner_Layer_0:1 0.26666666666666666 0.26666666666666666 1.0 1.33 4 9 2.2 1
0
APP_8_Inner_Layer_0:2 0.5333333333333333 0.5333333333333333 2.0 1.26 44 17 1.89 1
0
APP_8_Inner_Layer_1:0 0.4666666666666667 0.4666666666666667 1.75 2.36 29 2 3.68 0
1 2 3
APP_8_Inner_Layer_1:1 0.4666666666666667 0.4666666666666667 1.75 1.81 26 46 2.51 1
1
APP_8_Inner_Layer_1:2 0.26666666666666666 0.26666666666666666 1.0 1.71 17 25 1.83 0
3
APP_8_Output_Layer_0 0.06666666666666667 0.06666666666666667 0.25 1.38 36 2 1.98 1
4 5 6
12
4.593799412461535
APP_9_Input_Layer_0 0.13333333333333333 0.13333333333333333 0.5 2.53 33 41 3.08 1

APP_9_Inner_Layer_0:0 0.13333333333333333 0.13333333333333333 0.5 1.65 18 35 1.64 1
0
APP_9_Inner_Layer_0:1 0.4 0.4 1.5 3.85 20 36 1.72 1
0
APP_9_Inner_Layer_0:2 0.13333333333333333 0.13333333333333333 0.5 2.43 17 35 2.93 0
0
APP_9_Inner_Layer_0:3 0.6 0.6 2.25 2.22 23 19 1.58 0
0
APP_9_Inner_Layer_1:0 0.06666666666666667 0.06666666666666667 0.25 3.78 8 40 1.82 1
3 4
APP_9_Inner_Layer_1:1 0.3333333333333333 0.3333333333333333 1.25 1.96 5 24 2.93 1
1 2
APP_9_Inner_Layer_2:0 0.5333333333333333 0.5333333333333333 2.0 2.44 6 30 1.19 1
6
APP_9_Inner_Layer_2:1 0.2 0.2 0.75 2.2 40 3 3.15 0
5
APP_9_Inner_Layer_3:0 0.3333333333333333 0.3333333333333333 1.25 2.22 12 23 1.84 1
8
APP_9_Inner_Layer_3:1 0.4 0.4 1.5 1.26 29 18 1.53 1
7
APP_9_Output_Layer_0 0.5333333333333333 0.5333333333333333 2.0 2.07 7 11 2.16 1
9 10
10
5.33473146951839
APP_10_Input_Layer_0 0.4 0.4 1.5 3.03 31 5 2.5 1

APP_10_Inner_Layer_0:0 0.4666666666666667 0.4666666666666667 1.75 3.52 31 11 2.05 0
0
APP_10_Inner_Layer_0:1 0.6 0.6 2.25 2.24 44 37 2.18 1
0
APP_10_Inner_Layer_0:2 0.3333333333333333 0.3333333333333333 1.25 1.93 30 42 2.39 1
0
APP_10_Inner_Layer_0:3 0.6 0.6 2.25 2.11 40 10 2.74 0
0
APP_10_Inner_Layer_1:0 0.3333333333333333 0.3333333333333333 1.25 2.14 37 3 2.44 1
2 1
APP_10_Inner_Layer_1:1 0.3333333333333333 0.3333333333333333 1.25 3.47 33 2 2.91 0
1 2 3 4
APP_10_Inner_Layer_2:0 0.4 0.4 1.5 3.81 47 46 2.65 1
5
APP_10_Inner_Layer_2:1 0.5333333333333333 0.5333333333333333 2.0 3.67 3 49 1.23 1
6
APP_10_Output_Layer_0 0.5333333333333333 0.5333333333333333 2.0 1.76 9 19 3.91 0
7 8
10
5.648206630517392
APP_11_Input_Layer_0 0.4 0.4 1.5 3.31 17 44 1.34 0

APP_11_Inner_Layer_0:0 0.4 0.4 1.5 1.85 24 6 2.97 1
0
APP_11_Inner_Layer_0:1 0.3333333333333333 0.3333333333333333 1.25 1.11 11 49 3.34 0
0
APP_11_Inner_Layer_0:2 0.3333333333333333 0.3333333333333333 1.25 3.08 3 17 2.45 1
0
APP_11_Inner_Layer_1:0 0.5333333333333333 0.5333333333333333 2.0 2.9 31 41 3.76 1
1 2 3
APP_11_Inner_Layer_2:0 0.3333333333333333 0.3333333333333333 1.25 2.04 2 5 3.75 0
4
APP_11_Inner_Layer_2:1 0.4 0.4 1.5 3.66 34 8 1.86 1
4
APP_11_Inner_Layer_2:2 0.26666666666666666 0.26666666666666666 1.0 3.97 31 43 3.92 0
4
APP_11_Inner_Layer_2:3 0.5333333333333333 0.5333333333333333 2.0 2.23 34 41 3.9 1
4
APP_11_Output_Layer_0 0.4666666666666667 0.4666666666666667 1.75 1.34 4 41 1.06 0
5 6 7 8
5
6.235528853797603
APP_12_Input_Layer_0 0.06666666666666667 0.06666666666666667 0.25 2.52 25 37 1.87 1

APP_12_Inner_Layer_0:0 0.2 0.2 0.75 3.84 24 20 1.11 1
0
APP_12_Inner_Layer_0:1 0.26666666666666666 0.26666666666666666 1.0 3.08 12 11 3.41 1
0
APP_12_Inner_Layer_0:2 0.4 0.4 1.5 2.73 10 40 1.98 1
0
APP_12_Output_Layer_0 0.4 0.4 1.5 2.16 9 28 2.62 1
1 2 3
