10
13
6
0
APP_0_Input_Layer_0 0.5333333333333333 0.5333333333333333 2.0 1.41 41 16 1.13 1

APP_0_Inner_Layer_0:0 0.3333333333333333 0.3333333333333333 1.25 2.27 47 46 1.33 0
0
APP_0_Inner_Layer_1:0 0.4666666666666667 0.4666666666666667 1.75 2.26 32 40 1.89 1
1
APP_0_Inner_Layer_1:1 0.5333333333333333 0.5333333333333333 2.0 3.73 11 28 1.93 1
1
APP_0_Inner_Layer_1:2 0.3333333333333333 0.3333333333333333 1.25 1.62 11 36 1.33 0
1
APP_0_Output_Layer_0 0.4 0.4 1.5 1.46 5 17 3.89 1
2 3 4
16
0.5226002761715403
APP_1_Input_Layer_0 0.6 0.6 2.25 1.01 13 4 3.58 0

APP_1_Inner_Layer_0:0 0.5333333333333333 0.5333333333333333 2.0 3.08 7 16 3.58 1
0
APP_1_Inner_Layer_0:1 0.2 0.2 0.75 1.59 30 40 1.68 1
0
APP_1_Inner_Layer_0:2 0.3333333333333333 0.3333333333333333 1.25 2.55 12 14 1.89 0
0
APP_1_Inner_Layer_1:0 0.26666666666666666 0.26666666666666666 1.0 3.59 25 35 3.56 1
1
APP_1_Inner_Layer_1:1 0.4 0.4 1.5 2.09 49 19 2.84 0
1 2
APP_1_Inner_Layer_1:2 0.13333333333333333 0.13333333333333333 0.5 3.04 29 24 2.6 1
2 3
APP_1_Inner_Layer_2:0 0.5333333333333333 0.5333333333333333 2.0 1.02 30 33 3.22 1
4 5
APP_1_Inner_Layer_2:1 0.6 0.6 2.25 3.7 45 10 3.63 1
5
APP_1_Inner_Layer_2:2 0.26666666666666666 0.26666666666666666 1.0 2.86 15 6 1.06 1
6
APP_1_Inner_Layer_2:3 0.4666666666666667 0.4666666666666667 1.75 2.36 45 28 1.0 0
5
APP_1_Inner_Layer_3:0 0.13333333333333333 0.13333333333333333 0.5 2.75 9 32 3.34 1
7
APP_1_Inner_Layer_3:1 0.06666666666666667 0.06666666666666667 0.25 3.18 21 49 2.9 1
8 9
APP_1_Inner_Layer_3:2 0.4 0.4 1.5 2.8 12 49 1.22 0
7 10
APP_1_Inner_Layer_3:3 0.2 0.2 0.75 1.01 16 27 1.22 1
7
APP_1_Output_Layer_0 0.4 0.4 1.5 3.11 21 46 3.07 1
11 12 13 14
10
1.137192992852511
APP_2_Input_Layer_0 0.5333333333333333 0.5333333333333333 2.0 2.53 34 4 1.44 1

APP_2_Inner_Layer_0:0 0.06666666666666667 0.06666666666666667 0.25 1.15 8 33 3.6 1
0
APP_2_Inner_Layer_1:0 0.26666666666666666 0.26666666666666666 1.0 1.04 37 23 3.61 1
1
APP_2_Inner_Layer_1:1 0.3333333333333333 0.3333333333333333 1.25 3.6 21 36 2.34 0
1
APP_2_Inner_Layer_2:0 0.6 0.6 2.25 3.09 21 39 2.06 1
2 3
APP_2_Inner_Layer_3:0 0.6 0.6 2.25 1.73 19 8 3.66 1
4
APP_2_Inner_Layer_3:1 0.26666666666666666 0.26666666666666666 1.0 2.6 11 11 2.71 1
4
APP_2_Inner_Layer_3:2 0.4 0.4 1.5 1.91 26 17 3.52 1
4
APP_2_Inner_Layer_3:3 0.5333333333333333 0.5333333333333333 2.0 2.58 6 7 2.38 0
4
APP_2_Output_Layer_0 0.13333333333333333 0.13333333333333333 0.5 2.17 9 2 1.6 1
5 6 7 8
4
1.6320463518741692
APP_3_Input_Layer_0 0.06666666666666667 0.06666666666666667 0.25 1.77 23 20 3.73 1

APP_3_Inner_Layer_0:0 0.26666666666666666 0.26666666666666666 1.0 1.74 48 16 1.74 1
0
APP_3_Inner_Layer_0:1 0.2 0.2 0.75 3.99 36 45 3.9 0
0
APP_3_Output_Layer_0 0.13333333333333333 0.13333333333333333 0.5 1.39 49 43 2.37 1
1 2
16
2.1444936369109517
APP_4_Input_Layer_0 0.3333333333333333 0.3333333333333333 1.25 3.82 10 9 2.87 1

APP_4_Inner_Layer_0:0 0.06666666666666667 0.06666666666666667 0.25 2.05 28 36 1.92 1
0
APP_4_Inner_Layer_0:1 0.2 0.2 0.75 3.88 9 1 2.06 0
0
APP_4_Inner_Layer_0:2 0.4666666666666667 0.4666666666666667 1.75 1.9 41 38 3.34 1
0
APP_4_Inner_Layer_0:3 0.13333333333333333 0.13333333333333333 0.5 3.32 16 34 3.02 1
0
APP_4_Inner_Layer_1:0 0.13333333333333333 0.13333333333333333 0.5 3.24 35 25 3.95 1
1 3 4
APP_4_Inner_Layer_1:1 0.13333333333333333 0.13333333333333333 0.5 2.19 49 25 3.14 1
2 3
APP_4_Inner_Layer_1:2 0.2 0.2 0.75 1.26 1 38 1.34 0
1 2
APP_4_Inner_Layer_2:0 0.06666666666666667 0.06666666666666667 0.25 2.12 22 39 3.04 0
5 6 7
APP_4_Inner_Layer_2:1 0.2 0.2 0.75 2.56 45 19 2.56 1
5 6 7
APP_4_Inner_Layer_2:2 0.5333333333333333 0.5333333333333333 2.0 2.59 40 3 3.69 1
6 7
APP_4_Inner_Layer_2:3 0.6 0.6 2.25 1.25 44 47 2.83 1
5
APP_4_Inner_Layer_3:0 0.2 0.2 0.75 2.83 3 22 1.99 0
10 11
APP_4_Inner_Layer_3:1 0.4666666666666667 0.4666666666666667 1.75 2.64 16 43 3.46 0
9
APP_4_Inner_Layer_3:2 0.5333333333333333 0.5333333333333333 2.0 3.8 1 37 1.68 1
8 10
APP_4_Output_Layer_0 0.6 0.6 2.25 2.61 41 2 2.69 1
12 13 14
7
2.604594112606438
APP_5_Input_Layer_0 0.26666666666666666 0.26666666666666666 1.0 1.84 23 11 3.11 1

APP_5_Inner_Layer_0:0 0.3333333333333333 0.3333333333333333 1.25 2.07 33 21 3.2 0
0
APP_5_Inner_Layer_1:0 0.13333333333333333 0.13333333333333333 0.5 1.22 30 20 3.53 0
1
APP_5_Inner_Layer_1:1 0.06666666666666667 0.06666666666666667 0.25 3.99 23 10 1.7 1
1
APP_5_Inner_Layer_1:2 0.4666666666666667 0.4666666666666667 1.75 3.74 47 18 3.01 1
1
APP_5_Inner_Layer_2:0 0.06666666666666667 0.06666666666666667 0.25 2.61 2 41 1.86 1
2 3 4
APP_5_Output_Layer_0 0.4666666666666667 0.4666666666666667 1.75 1.11 39 27 3.33 1
5
6
3.0597578297984067
APP_6_Input_Layer_0 0.4 0.4 1.5 3.43 12 3 3.61 1

APP_6_Inner_Layer_0:0 0.2 0.2 0.75 3.95 49 16 1.98 1
0
APP_6_Inner_Layer_0:1 0.4666666666666667 0.4666666666666667 1.75 1.02 16 8 3.45 1
0
APP_6_Inner_Layer_0:2 0.4666666666666667 0.4666666666666667 1.75 2.47 46 9 1.16 1
0
APP_6_Inner_Layer_1:0 0.2 0.2 0.75 2.89 6 46 1.39 1
1 2 3
APP_6_Output_Layer_0 0.4666666666666667 0.4666666666666667 1.75 2.04 10 26 2.56 1
4
7
3.4683340108991336
APP_7_Input_Layer_0 0.13333333333333333 0.13333333333333333 0.5 2.67 44 46 3.13 1

APP_7_Inner_Layer_0:0 0.4666666666666667 0.4666666666666667 1.75 1.93 20 28 1.39 1
0
APP_7_Inner_Layer_0:1 0.5333333333333333 0.5333333333333333 2.0 1.52 40 1 3.25 1
0
APP_7_Inner_Layer_0:2 0.26666666666666666 0.26666666666666666 1.0 2.61 42 1 2.22 0
0
APP_7_Inner_Layer_0:3 0.26666666666666666 0.26666666666666666 1.0 2.89 4 24 3.38 1
0
APP_7_Inner_Layer_1:0 0.2 0.2 0.75 2.48 41 2 2.39 1
1 2 3 4
APP_7_Output_Layer_0 0.06666666666666667 0.06666666666666667 0.25 2.6 36 21 2.65 1
5
9
3.7755141194649937
APP_8_Input_Layer_0 0.13333333333333333 0.13333333333333333 0.5 2.27 32 25 1.51 1

APP_8_Inner_Layer_0:0 0.2 0.2 0.75 1.77 38 44 3.21 1
0
APP_8_Inner_Layer_1:0 0.4666666666666667 0.4666666666666667 1.75 2.69 35 15 3.36 1
1
APP_8_Inner_Layer_1:1 0.4666666666666667 0.4666666666666667 1.75 1.18 37 19 1.47 1
1
APP_8_Inner_Layer_2:0 0.4 0.4 1.5 1.82 49 8 2.0 1
2 3
APP_8_Inner_Layer_3:0 0.5333333333333333 0.5333333333333333 2.0 3.14 17 28 1.01 1
4
APP_8_Inner_Layer_3:1 0.26666666666666666 0.26666666666666666 1.0 2.38 1 35 2.04 0
4
APP_8_Inner_Layer_3:2 0.3333333333333333 0.3333333333333333 1.25 2.71 45 21 2.23 1
4
APP_8_Output_Layer_0 0.5333333333333333 0.5333333333333333 2.0 3.08 10 14 2.06 0
5 6 7
3
4.406996535413628
APP_9_Input_Layer_0 0.6 0.6 2.25 2.89 42 37 3.68 1

APP_9_Inner_Layer_0:0 0.26666666666666666 0.26666666666666666 1.0 2.93 30 11 2.43 1
0
APP_9_Output_Layer_0 0.06666666666666667 0.06666666666666667 0.25 3.61 2 25 2.84 1
1
15
4.980825839621147
APP_10_Input_Layer_0 0.2 0.2 0.75 3.91 28 28 2.64 1

APP_10_Inner_Layer_0:0 0.6 0.6 2.25 2.47 37 46 3.43 1
0
APP_10_Inner_Layer_0:1 0.4666666666666667 0.4666666666666667 1.75 2.11 5 1 1.7 1
0
APP_10_Inner_Layer_0:2 0.5333333333333333 0.5333333333333333 2.0 1.03 17 18 1.47 1
0
APP_10_Inner_Layer_1:0 0.06666666666666667 0.06666666666666667 0.25 1.48 23 41 3.81 1
2
APP_10_Inner_Layer_1:1 0.4 0.4 1.5 3.17 43 34 3.57 1
2 3
APP_10_Inner_Layer_1:2 0.26666666666666666 0.26666666666666666 1.0 1.44 9 33 3.1 1
2 3
APP_10_Inner_Layer_1:3 0.6 0.6 2.25 1.59 42 29 2.34 1
1 2
APP_10_Inner_Layer_2:0 0.6 0.6 2.25 2.26 1 10 3.94 1
4 7
APP_10_Inner_Layer_2:1 0.06666666666666667 0.06666666666666667 0.25 2.41 15 42 2.12 1
5
APP_10_Inner_Layer_2:2 0.13333333333333333 0.13333333333333333 0.5 1.97 20 30 3.27 1
6 4
APP_10_Inner_Layer_2:3 0.4 0.4 1.5 1.56 7 7 1.33 1
6
APP_10_Inner_Layer_3:0 0.26666666666666666 0.26666666666666666 1.0 1.37 31 12 3.68 1
8 10
APP_10_Inner_Layer_3:1 0.3333333333333333 0.3333333333333333 1.25 3.94 2 38 3.49 1
9 11
APP_10_Output_Layer_0 0.06666666666666667 0.06666666666666667 0.25 1.38 17 7 1.22 0
12 13
7
5.66321877561003
APP_11_Input_Layer_0 0.06666666666666667 0.06666666666666667 0.25 1.57 10 42 1.83 0

APP_11_Inner_Layer_0:0 0.06666666666666667 0.06666666666666667 0.25 1.41 12 24 2.03 0
0
APP_11_Inner_Layer_1:0 0.4 0.4 1.5 2.69 42 5 2.4 1
1
APP_11_Inner_Layer_1:1 0.6 0.6 2.25 3.08 28 16 3.04 1
1
APP_11_Inner_Layer_2:0 0.5333333333333333 0.5333333333333333 2.0 1.74 8 7 1.3 1
2 3
APP_11_Inner_Layer_2:1 0.5333333333333333 0.5333333333333333 2.0 3.64 48 46 3.34 0
2
APP_11_Output_Layer_0 0.13333333333333333 0.13333333333333333 0.5 2.64 15 37 1.39 1
4 5
3
5.994468170502649
APP_12_Input_Layer_0 0.6 0.6 2.25 1.69 11 16 1.65 1

APP_12_Inner_Layer_0:0 0.3333333333333333 0.3333333333333333 1.25 1.94 38 29 2.29 1
0
APP_12_Output_Layer_0 0.13333333333333333 0.13333333333333333 0.5 2.46 5 36 3.11 1
1
