10
13
9
0
APP_0_Input_Layer_0 0.2 0.2 0.75 1.48 16 11 1.82 1

APP_0_Inner_Layer_0:0 0.4 0.4 1.5 2.04 10 1 1.2 1
0
APP_0_Inner_Layer_1:0 0.3333333333333333 0.3333333333333333 1.25 2.74 22 35 2.27 1
1
APP_0_Inner_Layer_1:1 0.4666666666666667 0.4666666666666667 1.75 3.65 40 33 3.06 1
1
APP_0_Inner_Layer_2:0 0.26666666666666666 0.26666666666666666 1.0 1.11 5 7 3.77 1
2 3
APP_0_Inner_Layer_3:0 0.4 0.4 1.5 2.24 10 36 3.66 1
4
APP_0_Inner_Layer_3:1 0.4666666666666667 0.4666666666666667 1.75 2.15 3 41 1.05 1
4
APP_0_Inner_Layer_3:2 0.13333333333333333 0.13333333333333333 0.5 3.67 30 6 3.89 1
4
APP_0_Output_Layer_0 0.4 0.4 1.5 3.13 44 4 3.73 1
5 6 7
10
0.3315199593915499
APP_1_Input_Layer_0 0.13333333333333333 0.13333333333333333 0.5 2.46 31 38 1.47 1

APP_1_Inner_Layer_0:0 0.4 0.4 1.5 1.46 24 15 1.24 0
0
APP_1_Inner_Layer_1:0 0.26666666666666666 0.26666666666666666 1.0 1.5 6 15 1.05 1
1
APP_1_Inner_Layer_1:1 0.4666666666666667 0.4666666666666667 1.75 1.79 46 39 3.24 1
1
APP_1_Inner_Layer_2:0 0.4 0.4 1.5 1.64 29 12 2.61 1
2 3
APP_1_Inner_Layer_3:0 0.5333333333333333 0.5333333333333333 2.0 3.92 14 41 1.5 1
4
APP_1_Inner_Layer_3:1 0.13333333333333333 0.13333333333333333 0.5 2.9 4 13 2.6 0
4
APP_1_Inner_Layer_3:2 0.6 0.6 2.25 3.18 38 14 3.42 1
4
APP_1_Inner_Layer_3:3 0.2 0.2 0.75 3.23 34 22 1.35 1
4
APP_1_Output_Layer_0 0.2 0.2 0.75 2.72 47 31 1.88 1
5 6 7 8
13
0.7380799885216689
APP_2_Input_Layer_0 0.4666666666666667 0.4666666666666667 1.75 2.16 7 18 2.99 1

APP_2_Inner_Layer_0:0 0.2 0.2 0.75 1.82 37 49 3.3 1
0
APP_2_Inner_Layer_1:0 0.6 0.6 2.25 3.42 43 23 2.91 1
1
APP_2_Inner_Layer_1:1 0.06666666666666667 0.06666666666666667 0.25 3.61 19 21 3.55 0
1
APP_2_Inner_Layer_1:2 0.13333333333333333 0.13333333333333333 0.5 1.08 35 12 1.31 1
1
APP_2_Inner_Layer_1:3 0.6 0.6 2.25 1.79 4 48 2.13 1
1
APP_2_Inner_Layer_2:0 0.13333333333333333 0.13333333333333333 0.5 3.1 46 44 3.9 1
3 5
APP_2_Inner_Layer_2:1 0.3333333333333333 0.3333333333333333 1.25 2.48 41 39 2.71 0
2 4 5
APP_2_Inner_Layer_2:2 0.26666666666666666 0.26666666666666666 1.0 1.36 36 33 2.51 1
2 3 4
APP_2_Inner_Layer_3:0 0.13333333333333333 0.13333333333333333 0.5 3.54 36 17 3.05 1
7
APP_2_Inner_Layer_3:1 0.4 0.4 1.5 1.12 16 31 1.8 1
6 8
APP_2_Inner_Layer_3:2 0.4666666666666667 0.4666666666666667 1.75 2.9 46 33 3.77 1
7
APP_2_Output_Layer_0 0.13333333333333333 0.13333333333333333 0.5 1.29 29 12 2.19 1
9 10 11
12
1.4253621259874298
APP_3_Input_Layer_0 0.4666666666666667 0.4666666666666667 1.75 3.72 31 3 1.01 1

APP_3_Inner_Layer_0:0 0.2 0.2 0.75 1.56 4 45 1.81 1
0
APP_3_Inner_Layer_0:1 0.06666666666666667 0.06666666666666667 0.25 2.89 42 46 3.98 0
0
APP_3_Inner_Layer_0:2 0.3333333333333333 0.3333333333333333 1.25 1.12 27 10 3.61 1
0
APP_3_Inner_Layer_0:3 0.4666666666666667 0.4666666666666667 1.75 3.3 1 19 3.0 0
0
APP_3_Inner_Layer_1:0 0.5333333333333333 0.5333333333333333 2.0 3.19 49 38 3.0 1
1 2 4
APP_3_Inner_Layer_1:1 0.2 0.2 0.75 1.08 7 17 2.0 1
3
APP_3_Inner_Layer_2:0 0.4 0.4 1.5 2.94 46 1 3.48 1
6
APP_3_Inner_Layer_2:1 0.2 0.2 0.75 3.59 44 4 3.81 1
5 6
APP_3_Inner_Layer_3:0 0.13333333333333333 0.13333333333333333 0.5 2.99 3 4 3.8 1
7
APP_3_Inner_Layer_3:1 0.4 0.4 1.5 3.87 4 42 3.13 1
7 8
APP_3_Output_Layer_0 0.5333333333333333 0.5333333333333333 2.0 1.46 21 30 1.4 1
9 10
10
1.8885413802174793
APP_4_Input_Layer_0 0.06666666666666667 0.06666666666666667 0.25 3.88 30 35 1.03 1

APP_4_Inner_Layer_0:0 0.3333333333333333 0.3333333333333333 1.25 3.12 31 13 3.57 1
0
APP_4_Inner_Layer_0:1 0.13333333333333333 0.13333333333333333 0.5 1.03 33 24 3.96 1
0
APP_4_Inner_Layer_1:0 0.13333333333333333 0.13333333333333333 0.5 1.44 41 49 2.45 0
1
APP_4_Inner_Layer_1:1 0.5333333333333333 0.5333333333333333 2.0 3.71 34 2 1.8 1
2
APP_4_Inner_Layer_1:2 0.5333333333333333 0.5333333333333333 2.0 3.97 23 40 3.42 1
1
APP_4_Inner_Layer_2:0 0.4666666666666667 0.4666666666666667 1.75 1.13 22 15 2.52 1
3 4 5
APP_4_Inner_Layer_2:1 0.13333333333333333 0.13333333333333333 0.5 3.17 46 30 2.96 1
5 4
APP_4_Inner_Layer_2:2 0.2 0.2 0.75 3.28 38 44 1.47 1
3 4
APP_4_Output_Layer_0 0.2 0.2 0.75 2.89 25 31 3.15 1
6 7 8
10
2.192648774799887
APP_5_Input_Layer_0 0.26666666666666666 0.26666666666666666 1.0 2.72 6 2 1.16 1

APP_5_Inner_Layer_0:0 0.6 0.6 2.25 3.97 31 9 1.47 1
0
APP_5_Inner_Layer_0:1 0.2 0.2 0.75 2.04 33 42 3.58 0
0
APP_5_Inner_Layer_0:2 0.6 0.6 2.25 2.83 2 31 3.81 1
0
APP_5_Inner_Layer_0:3 0.2 0.2 0.75 2.46 48 34 2.83 1
0
APP_5_Inner_Layer_1:0 0.13333333333333333 0.13333333333333333 0.5 1.76 34 30 2.56 0
2
APP_5_Inner_Layer_1:1 0.6 0.6 2.25 2.12 5 17 2.67 1
4
APP_5_Inner_Layer_1:2 0.26666666666666666 0.26666666666666666 1.0 2.28 13 33 3.69 1
3
APP_5_Inner_Layer_1:3 0.4666666666666667 0.4666666666666667 1.75 2.73 37 44 3.2 0
1 3 4
APP_5_Output_Layer_0 0.4 0.4 1.5 2.89 1 20 2.44 1
5 6 7 8
9
2.747082560205677
APP_6_Input_Layer_0 0.6 0.6 2.25 3.81 33 9 3.13 1

APP_6_Inner_Layer_0:0 0.13333333333333333 0.13333333333333333 0.5 1.24 15 33 2.81 1
0
APP_6_Inner_Layer_0:1 0.5333333333333333 0.5333333333333333 2.0 1.51 34 49 3.62 1
0
APP_6_Inner_Layer_1:0 0.13333333333333333 0.13333333333333333 0.5 3.7 27 39 2.18 1
1
APP_6_Inner_Layer_1:1 0.13333333333333333 0.13333333333333333 0.5 3.82 18 12 1.53 1
2
APP_6_Inner_Layer_2:0 0.3333333333333333 0.3333333333333333 1.25 2.4 8 8 1.4 1
4
APP_6_Inner_Layer_2:1 0.6 0.6 2.25 2.92 46 29 2.95 0
3
APP_6_Inner_Layer_2:2 0.26666666666666666 0.26666666666666666 1.0 2.23 16 37 1.35 1
4
APP_6_Output_Layer_0 0.5333333333333333 0.5333333333333333 2.0 3.57 7 36 1.86 1
5 6 7
4
3.3287658488849505
APP_7_Input_Layer_0 0.5333333333333333 0.5333333333333333 2.0 1.18 31 46 2.51 1

APP_7_Inner_Layer_0:0 0.26666666666666666 0.26666666666666666 1.0 3.36 11 39 3.55 1
0
APP_7_Inner_Layer_0:1 0.2 0.2 0.75 3.41 27 2 2.28 1
0
APP_7_Output_Layer_0 0.5333333333333333 0.5333333333333333 2.0 2.26 48 5 2.3 1
1 2
8
3.6567032198984055
APP_8_Input_Layer_0 0.4 0.4 1.5 1.02 24 26 2.04 1

APP_8_Inner_Layer_0:0 0.4 0.4 1.5 2.47 49 2 3.18 1
0
APP_8_Inner_Layer_0:1 0.4666666666666667 0.4666666666666667 1.75 2.12 29 41 1.94 1
0
APP_8_Inner_Layer_0:2 0.3333333333333333 0.3333333333333333 1.25 1.72 3 2 3.35 1
0
APP_8_Inner_Layer_0:3 0.13333333333333333 0.13333333333333333 0.5 3.66 11 20 3.8 1
0
APP_8_Inner_Layer_1:0 0.5333333333333333 0.5333333333333333 2.0 3.2 27 14 2.38 1
2 4
APP_8_Inner_Layer_1:1 0.4 0.4 1.5 3.94 25 4 2.07 1
1 3
APP_8_Output_Layer_0 0.06666666666666667 0.06666666666666667 0.25 1.2 21 7 1.44 1
5 6
4
3.958732321921104
APP_9_Input_Layer_0 0.4666666666666667 0.4666666666666667 1.75 2.4 34 2 3.67 1

APP_9_Inner_Layer_0:0 0.3333333333333333 0.3333333333333333 1.25 3.88 47 30 2.04 1
0
APP_9_Inner_Layer_0:1 0.13333333333333333 0.13333333333333333 0.5 2.28 27 28 2.99 1
0
APP_9_Output_Layer_0 0.5333333333333333 0.5333333333333333 2.0 1.68 20 10 2.3 1
1 2
8
4.682582527476991
APP_10_Input_Layer_0 0.6 0.6 2.25 1.89 49 14 1.35 1

APP_10_Inner_Layer_0:0 0.13333333333333333 0.13333333333333333 0.5 1.84 15 43 3.5 1
0
APP_10_Inner_Layer_0:1 0.06666666666666667 0.06666666666666667 0.25 2.79 37 29 2.21 1
0
APP_10_Inner_Layer_0:2 0.4666666666666667 0.4666666666666667 1.75 3.22 27 49 2.81 1
0
APP_10_Inner_Layer_1:0 0.06666666666666667 0.06666666666666667 0.25 1.54 43 24 2.11 0
1
APP_10_Inner_Layer_1:1 0.13333333333333333 0.13333333333333333 0.5 2.98 2 32 2.49 0
1
APP_10_Inner_Layer_1:2 0.26666666666666666 0.26666666666666666 1.0 1.34 1 8 1.72 1
2 3
APP_10_Output_Layer_0 0.5333333333333333 0.5333333333333333 2.0 3.98 5 27 3.11 1
4 5 6
13
5.342577073688682
APP_11_Input_Layer_0 0.5333333333333333 0.5333333333333333 2.0 1.35 6 10 2.45 1

APP_11_Inner_Layer_0:0 0.3333333333333333 0.3333333333333333 1.25 3.24 30 33 2.33 1
0
APP_11_Inner_Layer_1:0 0.3333333333333333 0.3333333333333333 1.25 3.65 44 7 2.12 1
1
APP_11_Inner_Layer_1:1 0.26666666666666666 0.26666666666666666 1.0 2.75 44 1 3.21 1
1
APP_11_Inner_Layer_2:0 0.5333333333333333 0.5333333333333333 2.0 1.67 8 8 2.64 0
2
APP_11_Inner_Layer_2:1 0.2 0.2 0.75 1.93 2 10 2.94 1
2 3
APP_11_Inner_Layer_2:2 0.2 0.2 0.75 2.97 33 3 1.51 0
3
APP_11_Inner_Layer_2:3 0.2 0.2 0.75 1.92 33 37 1.28 1
2 3
APP_11_Inner_Layer_3:0 0.4 0.4 1.5 1.76 22 45 2.65 1
4 7
APP_11_Inner_Layer_3:1 0.2 0.2 0.75 3.4 5 10 3.5 0
6
APP_11_Inner_Layer_3:2 0.3333333333333333 0.3333333333333333 1.25 1.33 1 7 3.0 0
4 6 7
APP_11_Inner_Layer_3:3 0.4666666666666667 0.4666666666666667 1.75 3.75 13 38 2.56 0
5 6
APP_11_Output_Layer_0 0.6 0.6 2.25 2.62 40 22 2.21 1
8 9 10 11
11
5.670212100222631
APP_12_Input_Layer_0 0.3333333333333333 0.3333333333333333 1.25 1.31 46 17 3.87 1

APP_12_Inner_Layer_0:0 0.4666666666666667 0.4666666666666667 1.75 2.73 30 42 1.78 1
0
APP_12_Inner_Layer_0:1 0.06666666666666667 0.06666666666666667 0.25 1.95 48 40 3.47 0
0
APP_12_Inner_Layer_0:2 0.2 0.2 0.75 3.62 28 9 1.29 1
0
APP_12_Inner_Layer_1:0 0.26666666666666666 0.26666666666666666 1.0 1.42 37 12 3.47 1
1
APP_12_Inner_Layer_1:1 0.4666666666666667 0.4666666666666667 1.75 3.05 41 27 1.35 1
2 3
APP_12_Inner_Layer_2:0 0.13333333333333333 0.13333333333333333 0.5 2.68 15 37 1.28 1
5
APP_12_Inner_Layer_2:1 0.4 0.4 1.5 1.09 11 16 3.23 1
4
APP_12_Inner_Layer_2:2 0.13333333333333333 0.13333333333333333 0.5 2.8 41 45 2.75 1
4
APP_12_Inner_Layer_3:0 0.4 0.4 1.5 3.52 25 41 3.77 1
6 7 8
APP_12_Output_Layer_0 0.2 0.2 0.75 2.18 29 12 2.38 1
9
