10
13
4
0
APP_0_Input_Layer_0 0.2 0.2 0.75 2.78 47 10 3.98 1

APP_0_Inner_Layer_0:0 0.5333333333333333 0.5333333333333333 2.0 3.0 18 36 2.12 1
0
APP_0_Inner_Layer_0:1 0.4 0.4 1.5 1.78 13 44 3.83 0
0
APP_0_Output_Layer_0 0.6 0.6 2.25 1.06 1 5 1.71 1
1 2
5
0.44705700491597977
APP_1_Input_Layer_0 0.06666666666666667 0.06666666666666667 0.25 3.61 39 22 3.17 1

APP_1_Inner_Layer_0:0 0.2 0.2 0.75 2.88 16 28 2.93 0
0
APP_1_Inner_Layer_0:1 0.4666666666666667 0.4666666666666667 1.75 3.2 31 28 2.84 0
0
APP_1_Inner_Layer_0:2 0.2 0.2 0.75 1.27 30 4 3.59 1
0
APP_1_Output_Layer_0 0.4666666666666667 0.4666666666666667 1.75 2.32 3 9 2.84 0
1 2 3
6
1.1121894128371146
APP_2_Input_Layer_0 0.26666666666666666 0.26666666666666666 1.0 3.44 3 38 3.17 1

APP_2_Inner_Layer_0:0 0.3333333333333333 0.3333333333333333 1.25 3.97 26 17 1.38 1
0
APP_2_Inner_Layer_1:0 0.6 0.6 2.25 2.76 43 37 3.79 1
1
APP_2_Inner_Layer_1:1 0.13333333333333333 0.13333333333333333 0.5 2.3 30 38 1.42 1
1
APP_2_Inner_Layer_1:2 0.3333333333333333 0.3333333333333333 1.25 1.58 44 24 3.94 1
1
APP_2_Output_Layer_0 0.06666666666666667 0.06666666666666667 0.25 1.05 12 21 1.17 1
2 3 4
6
1.8007434135449536
APP_3_Input_Layer_0 0.4 0.4 1.5 2.14 36 20 1.17 0

APP_3_Inner_Layer_0:0 0.5333333333333333 0.5333333333333333 2.0 1.12 4 17 1.13 1
0
APP_3_Inner_Layer_0:1 0.6 0.6 2.25 1.31 4 41 1.05 1
0
APP_3_Inner_Layer_1:0 0.6 0.6 2.25 3.01 44 22 2.44 1
2
APP_3_Inner_Layer_1:1 0.4 0.4 1.5 1.84 40 14 2.27 0
1
APP_3_Output_Layer_0 0.4666666666666667 0.4666666666666667 1.75 2.64 7 3 2.24 1
3 4
7
2.3681980758643144
APP_4_Input_Layer_0 0.13333333333333333 0.13333333333333333 0.5 2.08 6 21 1.62 1

APP_4_Inner_Layer_0:0 0.2 0.2 0.75 3.47 41 11 2.96 0
0
APP_4_Inner_Layer_1:0 0.06666666666666667 0.06666666666666667 0.25 2.86 17 49 3.45 0
1
APP_4_Inner_Layer_1:1 0.26666666666666666 0.26666666666666666 1.0 2.53 5 45 1.04 1
1
APP_4_Inner_Layer_2:0 0.5333333333333333 0.5333333333333333 2.0 1.94 26 32 2.43 1
2 3
APP_4_Inner_Layer_3:0 0.26666666666666666 0.26666666666666666 1.0 3.03 48 19 3.34 1
4
APP_4_Output_Layer_0 0.13333333333333333 0.13333333333333333 0.5 2.31 18 21 2.19 1
5
8
2.7025101768446915
APP_5_Input_Layer_0 0.5333333333333333 0.5333333333333333 2.0 1.02 15 17 1.41 1

APP_5_Inner_Layer_0:0 0.4 0.4 1.5 2.59 38 43 3.27 1
0
APP_5_Inner_Layer_0:1 0.06666666666666667 0.06666666666666667 0.25 2.4 28 22 3.58 1
0
APP_5_Inner_Layer_0:2 0.13333333333333333 0.13333333333333333 0.5 1.22 39 46 2.9 1
0
APP_5_Inner_Layer_1:0 0.4666666666666667 0.4666666666666667 1.75 2.19 31 4 1.11 0
1 3
APP_5_Inner_Layer_1:1 0.4 0.4 1.5 1.33 9 26 3.07 0
3
APP_5_Inner_Layer_1:2 0.13333333333333333 0.13333333333333333 0.5 3.17 9 7 2.65 1
1 2
APP_5_Output_Layer_0 0.26666666666666666 0.26666666666666666 1.0 2.03 6 38 3.23 1
4 5 6
12
3.076274354495917
APP_6_Input_Layer_0 0.13333333333333333 0.13333333333333333 0.5 1.34 30 5 2.8 1

APP_6_Inner_Layer_0:0 0.4 0.4 1.5 2.6 40 28 2.54 0
0
APP_6_Inner_Layer_0:1 0.2 0.2 0.75 2.32 17 3 2.62 0
0
APP_6_Inner_Layer_1:0 0.6 0.6 2.25 3.78 6 12 1.08 1
1
APP_6_Inner_Layer_1:1 0.13333333333333333 0.13333333333333333 0.5 3.97 13 9 3.36 1
2
APP_6_Inner_Layer_1:2 0.6 0.6 2.25 2.51 12 3 3.98 1
1
APP_6_Inner_Layer_2:0 0.5333333333333333 0.5333333333333333 2.0 3.43 26 13 1.95 1
4 5
APP_6_Inner_Layer_2:1 0.4666666666666667 0.4666666666666667 1.75 3.41 12 1 3.44 1
5
APP_6_Inner_Layer_2:2 0.3333333333333333 0.3333333333333333 1.25 3.17 41 14 1.33 1
3 4 5
APP_6_Inner_Layer_2:3 0.4666666666666667 0.4666666666666667 1.75 3.02 16 41 2.86 1
5
APP_6_Inner_Layer_3:0 0.3333333333333333 0.3333333333333333 1.25 1.26 9 36 1.57 1
6 7 8 9
APP_6_Output_Layer_0 0.06666666666666667 0.06666666666666667 0.25 2.72 44 8 3.41 1
10
5
3.362544551438649
APP_7_Input_Layer_0 0.4666666666666667 0.4666666666666667 1.75 2.1 6 14 3.38 1

APP_7_Inner_Layer_0:0 0.26666666666666666 0.26666666666666666 1.0 2.37 14 47 1.34 1
0
APP_7_Inner_Layer_1:0 0.3333333333333333 0.3333333333333333 1.25 2.46 25 44 3.49 1
1
APP_7_Inner_Layer_1:1 0.2 0.2 0.75 1.9 18 12 1.57 1
1
APP_7_Output_Layer_0 0.06666666666666667 0.06666666666666667 0.25 3.84 49 13 1.49 1
2 3
12
3.6654014498545733
APP_8_Input_Layer_0 0.26666666666666666 0.26666666666666666 1.0 3.24 37 29 3.7 1

APP_8_Inner_Layer_0:0 0.6 0.6 2.25 1.0 46 14 2.05 1
0
APP_8_Inner_Layer_0:1 0.2 0.2 0.75 1.26 16 11 1.49 1
0
APP_8_Inner_Layer_0:2 0.06666666666666667 0.06666666666666667 0.25 2.3 26 48 2.51 1
0
APP_8_Inner_Layer_1:0 0.26666666666666666 0.26666666666666666 1.0 3.68 29 39 2.56 1
1 3
APP_8_Inner_Layer_1:1 0.4666666666666667 0.4666666666666667 1.75 1.53 10 15 3.02 0
2
APP_8_Inner_Layer_2:0 0.4 0.4 1.5 2.52 32 19 1.07 1
5
APP_8_Inner_Layer_2:1 0.06666666666666667 0.06666666666666667 0.25 2.72 24 10 1.8 1
5
APP_8_Inner_Layer_2:2 0.3333333333333333 0.3333333333333333 1.25 3.64 31 38 2.21 0
4
APP_8_Inner_Layer_3:0 0.4 0.4 1.5 3.39 25 1 2.06 1
6 7 8
APP_8_Inner_Layer_3:1 0.06666666666666667 0.06666666666666667 0.25 3.28 19 36 1.69 1
8 7
APP_8_Output_Layer_0 0.4666666666666667 0.4666666666666667 1.75 2.78 5 46 3.55 1
9 10
5
4.076210440308447
APP_9_Input_Layer_0 0.26666666666666666 0.26666666666666666 1.0 3.09 48 10 2.79 1

APP_9_Inner_Layer_0:0 0.5333333333333333 0.5333333333333333 2.0 3.8 16 21 1.6 0
0
APP_9_Inner_Layer_0:1 0.4666666666666667 0.4666666666666667 1.75 1.4 31 8 1.1 0
0
APP_9_Inner_Layer_0:2 0.5333333333333333 0.5333333333333333 2.0 2.5 12 42 1.22 1
0
APP_9_Output_Layer_0 0.13333333333333333 0.13333333333333333 0.5 2.24 39 28 1.69 0
1 2 3
6
4.384719130352198
APP_10_Input_Layer_0 0.2 0.2 0.75 3.17 7 30 1.36 0

APP_10_Inner_Layer_0:0 0.13333333333333333 0.13333333333333333 0.5 3.49 32 5 2.45 1
0
APP_10_Inner_Layer_0:1 0.3333333333333333 0.3333333333333333 1.25 3.26 32 40 2.78 1
0
APP_10_Inner_Layer_0:2 0.2 0.2 0.75 3.11 31 29 3.69 1
0
APP_10_Inner_Layer_0:3 0.06666666666666667 0.06666666666666667 0.25 1.51 28 43 3.82 1
0
APP_10_Output_Layer_0 0.4666666666666667 0.4666666666666667 1.75 2.62 45 40 2.48 1
1 2 3 4
13
5.06597676913532
APP_11_Input_Layer_0 0.4666666666666667 0.4666666666666667 1.75 3.44 18 14 3.11 1

APP_11_Inner_Layer_0:0 0.06666666666666667 0.06666666666666667 0.25 3.77 45 12 2.27 0
0
APP_11_Inner_Layer_0:1 0.06666666666666667 0.06666666666666667 0.25 2.53 42 36 2.9 1
0
APP_11_Inner_Layer_0:2 0.2 0.2 0.75 1.26 6 8 2.76 1
0
APP_11_Inner_Layer_0:3 0.26666666666666666 0.26666666666666666 1.0 2.12 6 20 2.36 1
0
APP_11_Inner_Layer_1:0 0.5333333333333333 0.5333333333333333 2.0 2.37 37 38 3.98 1
3
APP_11_Inner_Layer_1:1 0.06666666666666667 0.06666666666666667 0.25 3.54 13 34 3.48 1
4
APP_11_Inner_Layer_1:2 0.4 0.4 1.5 1.8 29 12 1.5 1
1 2
APP_11_Inner_Layer_2:0 0.6 0.6 2.25 2.65 40 26 1.92 1
6
APP_11_Inner_Layer_2:1 0.4666666666666667 0.4666666666666667 1.75 1.95 38 37 1.26 1
6 7
APP_11_Inner_Layer_2:2 0.4 0.4 1.5 2.68 2 22 1.3 0
5 7
APP_11_Inner_Layer_2:3 0.06666666666666667 0.06666666666666667 0.25 3.95 12 23 2.05 1
6 7
APP_11_Output_Layer_0 0.26666666666666666 0.26666666666666666 1.0 1.46 8 43 2.79 1
8 9 10 11
7
5.548480928712489
APP_12_Input_Layer_0 0.06666666666666667 0.06666666666666667 0.25 3.45 26 41 2.81 1

APP_12_Inner_Layer_0:0 0.13333333333333333 0.13333333333333333 0.5 2.3 2 31 3.9 0
0
APP_12_Inner_Layer_1:0 0.4666666666666667 0.4666666666666667 1.75 1.42 15 8 2.12 1
1
APP_12_Inner_Layer_1:1 0.3333333333333333 0.3333333333333333 1.25 1.17 38 32 1.09 0
1
APP_12_Inner_Layer_1:2 0.2 0.2 0.75 3.4 18 5 1.58 1
1
APP_12_Inner_Layer_2:0 0.3333333333333333 0.3333333333333333 1.25 3.54 17 10 2.85 1
2 3 4
APP_12_Output_Layer_0 0.06666666666666667 0.06666666666666667 0.25 1.14 18 26 3.66 1
5
