10
13
6
0
APP_0_Input_Layer_0 0.4 0.4 1.5 2.44 17 45 1.53 1

APP_0_Inner_Layer_0:0 0.4666666666666667 0.4666666666666667 1.75 2.55 19 6 1.39 0
0
APP_0_Inner_Layer_0:1 0.26666666666666666 0.26666666666666666 1.0 2.36 25 48 2.38 1
0
APP_0_Inner_Layer_0:2 0.26666666666666666 0.26666666666666666 1.0 2.5 13 40 3.35 1
0
APP_0_Inner_Layer_1:0 0.4666666666666667 0.4666666666666667 1.75 2.1 27 38 2.54 0
1 2 3
APP_0_Output_Layer_0 0.4666666666666667 0.4666666666666667 1.75 1.31 46 26 1.2 1
4
10
0.4441243862087306
APP_1_Input_Layer_0 0.6 0.6 2.25 1.87 33 8 1.89 1

APP_1_Inner_Layer_0:0 0.3333333333333333 0.3333333333333333 1.25 2.37 8 36 3.36 0
0
APP_1_Inner_Layer_0:1 0.4666666666666667 0.4666666666666667 1.75 1.37 39 39 2.55 0
0
APP_1_Inner_Layer_0:2 0.13333333333333333 0.13333333333333333 0.5 2.06 37 15 2.29 0
0
APP_1_Inner_Layer_0:3 0.13333333333333333 0.13333333333333333 0.5 2.92 41 2 2.93 1
0
APP_1_Inner_Layer_1:0 0.4 0.4 1.5 1.77 44 7 2.76 1
1 2
APP_1_Inner_Layer_1:1 0.6 0.6 2.25 3.5 42 45 1.57 1
3 4
APP_1_Inner_Layer_1:2 0.3333333333333333 0.3333333333333333 1.25 2.85 19 25 3.28 1
3 4
APP_1_Inner_Layer_1:3 0.13333333333333333 0.13333333333333333 0.5 3.38 1 15 2.64 1
1
APP_1_Output_Layer_0 0.13333333333333333 0.13333333333333333 0.5 1.01 12 43 1.43 1
5 6 7 8
12
0.8840585496784303
APP_2_Input_Layer_0 0.6 0.6 2.25 2.86 37 43 3.09 1

APP_2_Inner_Layer_0:0 0.4666666666666667 0.4666666666666667 1.75 1.06 23 18 3.58 1
0
APP_2_Inner_Layer_0:1 0.2 0.2 0.75 1.67 24 26 2.1 1
0
APP_2_Inner_Layer_0:2 0.6 0.6 2.25 2.76 15 26 3.78 0
0
APP_2_Inner_Layer_1:0 0.13333333333333333 0.13333333333333333 0.5 2.4 26 25 2.56 1
1 3
APP_2_Inner_Layer_1:1 0.5333333333333333 0.5333333333333333 2.0 1.41 8 17 3.16 1
2
APP_2_Inner_Layer_2:0 0.4 0.4 1.5 2.7 22 19 2.28 1
4
APP_2_Inner_Layer_2:1 0.5333333333333333 0.5333333333333333 2.0 3.37 37 34 3.06 1
5
APP_2_Inner_Layer_2:2 0.6 0.6 2.25 1.36 23 40 3.69 1
5
APP_2_Inner_Layer_2:3 0.4 0.4 1.5 3.55 11 9 1.47 0
4
APP_2_Inner_Layer_3:0 0.4 0.4 1.5 2.49 31 43 1.09 1
6 7 8 9
APP_2_Output_Layer_0 0.26666666666666666 0.26666666666666666 1.0 1.59 34 34 2.42 0
10
11
1.1726891543677187
APP_3_Input_Layer_0 0.26666666666666666 0.26666666666666666 1.0 3.2 27 7 3.27 0

APP_3_Inner_Layer_0:0 0.6 0.6 2.25 3.57 39 25 2.1 1
0
APP_3_Inner_Layer_0:1 0.6 0.6 2.25 2.8 23 33 1.54 0
0
APP_3_Inner_Layer_0:2 0.4666666666666667 0.4666666666666667 1.75 2.92 40 31 2.71 1
0
APP_3_Inner_Layer_0:3 0.4 0.4 1.5 1.87 1 12 1.13 1
0
APP_3_Inner_Layer_1:0 0.06666666666666667 0.06666666666666667 0.25 2.94 36 30 3.63 0
2 3 4
APP_3_Inner_Layer_1:1 0.3333333333333333 0.3333333333333333 1.25 1.07 18 6 2.49 0
1
APP_3_Inner_Layer_2:0 0.6 0.6 2.25 3.27 32 41 2.92 1
5
APP_3_Inner_Layer_2:1 0.5333333333333333 0.5333333333333333 2.0 2.96 39 36 1.73 1
5
APP_3_Inner_Layer_2:2 0.4 0.4 1.5 3.5 13 43 2.9 1
5 6
APP_3_Output_Layer_0 0.3333333333333333 0.3333333333333333 1.25 2.74 17 26 3.79 1
7 8 9
14
1.646793497382919
APP_4_Input_Layer_0 0.3333333333333333 0.3333333333333333 1.25 2.93 33 11 3.29 0

APP_4_Inner_Layer_0:0 0.6 0.6 2.25 2.87 13 16 2.09 1
0
APP_4_Inner_Layer_0:1 0.13333333333333333 0.13333333333333333 0.5 1.54 28 17 1.03 1
0
APP_4_Inner_Layer_0:2 0.6 0.6 2.25 3.46 3 49 2.2 1
0
APP_4_Inner_Layer_1:0 0.13333333333333333 0.13333333333333333 0.5 1.28 10 32 2.59 0
1
APP_4_Inner_Layer_1:1 0.4 0.4 1.5 3.68 11 6 3.54 1
1
APP_4_Inner_Layer_1:2 0.5333333333333333 0.5333333333333333 2.0 1.87 29 8 2.24 1
1 2 3
APP_4_Inner_Layer_1:3 0.4666666666666667 0.4666666666666667 1.75 2.92 5 45 2.92 0
3
APP_4_Inner_Layer_2:0 0.4 0.4 1.5 3.81 1 42 3.92 1
4 6
APP_4_Inner_Layer_2:1 0.2 0.2 0.75 3.89 48 46 3.25 1
5 7
APP_4_Inner_Layer_3:0 0.4666666666666667 0.4666666666666667 1.75 2.95 11 6 1.74 1
9
APP_4_Inner_Layer_3:1 0.6 0.6 2.25 1.35 41 2 2.66 1
8
APP_4_Inner_Layer_3:2 0.5333333333333333 0.5333333333333333 2.0 1.68 46 38 3.9 0
9
APP_4_Output_Layer_0 0.6 0.6 2.25 1.65 34 11 2.61 1
10 11 12
4
2.276617972256612
APP_5_Input_Layer_0 0.4 0.4 1.5 3.3 40 1 3.63 1

APP_5_Inner_Layer_0:0 0.4666666666666667 0.4666666666666667 1.75 1.64 7 5 2.69 1
0
APP_5_Inner_Layer_0:1 0.06666666666666667 0.06666666666666667 0.25 2.32 8 2 3.43 0
0
APP_5_Output_Layer_0 0.5333333333333333 0.5333333333333333 2.0 3.14 31 29 3.72 1
1 2
7
3.0097958232638398
APP_6_Input_Layer_0 0.2 0.2 0.75 2.78 33 7 3.26 1

APP_6_Inner_Layer_0:0 0.26666666666666666 0.26666666666666666 1.0 3.65 23 30 2.77 1
0
APP_6_Inner_Layer_0:1 0.06666666666666667 0.06666666666666667 0.25 1.99 16 39 3.81 1
0
APP_6_Inner_Layer_1:0 0.26666666666666666 0.26666666666666666 1.0 1.88 31 33 2.6 0
2
APP_6_Inner_Layer_1:1 0.4666666666666667 0.4666666666666667 1.75 3.21 46 30 1.63 0
1 2
APP_6_Inner_Layer_1:2 0.06666666666666667 0.06666666666666667 0.25 3.8 1 11 3.43 1
2
APP_6_Output_Layer_0 0.4 0.4 1.5 2.9 5 4 2.82 1
3 4 5
14
3.471903006758843
APP_7_Input_Layer_0 0.06666666666666667 0.06666666666666667 0.25 1.87 44 31 3.1 1

APP_7_Inner_Layer_0:0 0.6 0.6 2.25 2.22 34 47 1.27 1
0
APP_7_Inner_Layer_1:0 0.4666666666666667 0.4666666666666667 1.75 2.32 49 49 2.66 0
1
APP_7_Inner_Layer_1:1 0.4 0.4 1.5 1.1 23 42 3.83 0
1
APP_7_Inner_Layer_1:2 0.6 0.6 2.25 3.54 35 39 2.84 1
1
APP_7_Inner_Layer_1:3 0.3333333333333333 0.3333333333333333 1.25 3.24 33 16 2.44 0
1
APP_7_Inner_Layer_2:0 0.4 0.4 1.5 2.4 49 24 2.94 1
2 3 4
APP_7_Inner_Layer_2:1 0.06666666666666667 0.06666666666666667 0.25 2.81 35 42 2.05 0
2 3 4
APP_7_Inner_Layer_2:2 0.5333333333333333 0.5333333333333333 2.0 1.92 31 23 3.75 1
3 5
APP_7_Inner_Layer_3:0 0.3333333333333333 0.3333333333333333 1.25 1.11 13 46 3.33 1
7 8
APP_7_Inner_Layer_3:1 0.06666666666666667 0.06666666666666667 0.25 3.87 42 36 1.22 1
7
APP_7_Inner_Layer_3:2 0.26666666666666666 0.26666666666666666 1.0 2.06 13 35 3.35 0
7 8
APP_7_Inner_Layer_3:3 0.4 0.4 1.5 1.8 45 10 1.43 1
6
APP_7_Output_Layer_0 0.4 0.4 1.5 2.64 4 43 2.17 1
9 10 11 12
9
4.0705706496066005
APP_8_Input_Layer_0 0.26666666666666666 0.26666666666666666 1.0 2.18 25 45 2.77 0

APP_8_Inner_Layer_0:0 0.4 0.4 1.5 1.05 22 40 3.49 1
0
APP_8_Inner_Layer_0:1 0.13333333333333333 0.13333333333333333 0.5 1.59 28 7 3.6 1
0
APP_8_Inner_Layer_0:2 0.26666666666666666 0.26666666666666666 1.0 3.69 12 49 1.82 1
0
APP_8_Inner_Layer_1:0 0.5333333333333333 0.5333333333333333 2.0 1.69 20 6 3.21 1
2 3
APP_8_Inner_Layer_1:1 0.4 0.4 1.5 3.33 9 37 3.9 0
1
APP_8_Inner_Layer_2:0 0.26666666666666666 0.26666666666666666 1.0 2.05 19 19 1.68 1
4
APP_8_Inner_Layer_2:1 0.3333333333333333 0.3333333333333333 1.25 3.93 35 28 3.06 1
5
APP_8_Output_Layer_0 0.6 0.6 2.25 3.38 48 37 3.61 1
6 7
5
4.572370490961667
APP_9_Input_Layer_0 0.26666666666666666 0.26666666666666666 1.0 2.38 12 28 2.32 1

APP_9_Inner_Layer_0:0 0.2 0.2 0.75 1.01 7 10 1.6 0
0
APP_9_Inner_Layer_0:1 0.4 0.4 1.5 1.27 25 39 3.86 0
0
APP_9_Inner_Layer_1:0 0.26666666666666666 0.26666666666666666 1.0 2.74 16 8 1.53 1
1 2
APP_9_Output_Layer_0 0.6 0.6 2.25 2.83 19 20 2.68 1
3
11
4.896934807528798
APP_10_Input_Layer_0 0.06666666666666667 0.06666666666666667 0.25 2.35 43 47 2.58 1

APP_10_Inner_Layer_0:0 0.6 0.6 2.25 3.74 12 49 1.89 0
0
APP_10_Inner_Layer_0:1 0.13333333333333333 0.13333333333333333 0.5 1.67 41 1 1.97 0
0
APP_10_Inner_Layer_1:0 0.6 0.6 2.25 2.99 7 35 2.11 1
2
APP_10_Inner_Layer_1:1 0.13333333333333333 0.13333333333333333 0.5 3.48 14 21 3.65 1
1
APP_10_Inner_Layer_1:2 0.4666666666666667 0.4666666666666667 1.75 3.87 37 6 2.88 1
2
APP_10_Inner_Layer_1:3 0.2 0.2 0.75 2.23 46 11 3.48 0
1 2
APP_10_Inner_Layer_2:0 0.3333333333333333 0.3333333333333333 1.25 2.27 25 18 2.21 1
3 6
APP_10_Inner_Layer_2:1 0.13333333333333333 0.13333333333333333 0.5 1.08 13 49 1.73 0
4
APP_10_Inner_Layer_2:2 0.5333333333333333 0.5333333333333333 2.0 2.1 49 13 2.71 1
3 5
APP_10_Output_Layer_0 0.4 0.4 1.5 2.65 31 18 2.3 1
7 8 9
7
5.456011288638926
APP_11_Input_Layer_0 0.6 0.6 2.25 1.44 26 2 2.68 1

APP_11_Inner_Layer_0:0 0.13333333333333333 0.13333333333333333 0.5 1.95 45 14 1.65 1
0
APP_11_Inner_Layer_0:1 0.3333333333333333 0.3333333333333333 1.25 2.85 25 34 2.46 1
0
APP_11_Inner_Layer_0:2 0.26666666666666666 0.26666666666666666 1.0 2.55 43 14 2.75 1
0
APP_11_Inner_Layer_1:0 0.2 0.2 0.75 3.49 37 41 1.67 0
2 3
APP_11_Inner_Layer_1:1 0.5333333333333333 0.5333333333333333 2.0 3.88 37 6 2.55 1
1
APP_11_Output_Layer_0 0.2 0.2 0.75 1.36 17 45 3.24 1
4 5
4
5.9161036414147326
APP_12_Input_Layer_0 0.4 0.4 1.5 3.1 5 26 3.43 1

APP_12_Inner_Layer_0:0 0.4666666666666667 0.4666666666666667 1.75 2.53 18 18 3.45 1
0
APP_12_Inner_Layer_0:1 0.06666666666666667 0.06666666666666667 0.25 2.21 45 41 1.35 1
0
APP_12_Output_Layer_0 0.06666666666666667 0.06666666666666667 0.25 2.61 40 17 2.44 1
1 2
