10
13
5
0
APP_0_Input_Layer_0 0.26666666666666666 0.26666666666666666 1.0 3.73 37 13 2.67 1

APP_0_Inner_Layer_0:0 0.13333333333333333 0.13333333333333333 0.5 3.94 9 26 3.65 1
0
APP_0_Inner_Layer_0:1 0.3333333333333333 0.3333333333333333 1.25 2.09 49 3 2.17 0
0
APP_0_Inner_Layer_0:2 0.06666666666666667 0.06666666666666667 0.25 1.97 15 24 1.54 1
0
APP_0_Output_Layer_0 0.4666666666666667 0.4666666666666667 1.75 3.63 42 26 3.72 1
1 2 3
8
0.6889715781911215
APP_1_Input_Layer_0 0.26666666666666666 0.26666666666666666 1.0 4.0 25 44 2.99 1

APP_1_Inner_Layer_0:0 0.06666666666666667 0.06666666666666667 0.25 1.32 28 28 3.24 1
0
APP_1_Inner_Layer_0:1 0.6 0.6 2.25 2.46 29 44 3.49 1
0
APP_1_Inner_Layer_0:2 0.13333333333333333 0.13333333333333333 0.5 3.58 22 25 3.14 0
0
APP_1_Inner_Layer_1:0 0.06666666666666667 0.06666666666666667 0.25 2.52 12 38 3.11 1
2 3
APP_1_Inner_Layer_1:1 0.13333333333333333 0.13333333333333333 0.5 2.7 12 10 2.9 1
1
APP_1_Inner_Layer_1:2 0.3333333333333333 0.3333333333333333 1.25 1.91 25 40 3.21 1
1 2
APP_1_Output_Layer_0 0.26666666666666666 0.26666666666666666 1.0 3.87 14 6 2.54 1
4 5 6
8
1.0087916072097367
APP_2_Input_Layer_0 0.26666666666666666 0.26666666666666666 1.0 2.32 20 44 2.63 1

APP_2_Inner_Layer_0:0 0.4666666666666667 0.4666666666666667 1.75 3.36 7 24 1.04 1
0
APP_2_Inner_Layer_1:0 0.6 0.6 2.25 2.94 31 26 2.15 1
1
APP_2_Inner_Layer_1:1 0.13333333333333333 0.13333333333333333 0.5 2.91 41 19 2.63 1
1
APP_2_Inner_Layer_2:0 0.6 0.6 2.25 2.36 7 46 1.77 0
2
APP_2_Inner_Layer_2:1 0.4 0.4 1.5 3.92 29 17 2.9 1
3
APP_2_Inner_Layer_2:2 0.26666666666666666 0.26666666666666666 1.0 1.14 45 41 1.23 0
2 3
APP_2_Output_Layer_0 0.6 0.6 2.25 3.13 39 29 2.94 1
4 5 6
12
1.370151924870684
APP_3_Input_Layer_0 0.26666666666666666 0.26666666666666666 1.0 1.84 35 22 1.38 1

APP_3_Inner_Layer_0:0 0.06666666666666667 0.06666666666666667 0.25 1.4 46 5 2.61 1
0
APP_3_Inner_Layer_0:1 0.2 0.2 0.75 1.91 45 5 2.98 0
0
APP_3_Inner_Layer_1:0 0.13333333333333333 0.13333333333333333 0.5 1.05 30 13 2.47 1
2
APP_3_Inner_Layer_1:1 0.4666666666666667 0.4666666666666667 1.75 2.08 12 1 3.75 0
2
APP_3_Inner_Layer_1:2 0.5333333333333333 0.5333333333333333 2.0 2.26 45 30 2.92 1
1
APP_3_Inner_Layer_1:3 0.26666666666666666 0.26666666666666666 1.0 1.11 33 2 3.29 1
2
APP_3_Inner_Layer_2:0 0.13333333333333333 0.13333333333333333 0.5 2.91 41 26 3.55 1
4 6
APP_3_Inner_Layer_2:1 0.4666666666666667 0.4666666666666667 1.75 3.06 48 12 2.19 1
3
APP_3_Inner_Layer_2:2 0.06666666666666667 0.06666666666666667 0.25 3.25 39 21 3.29 1
3 4 6
APP_3_Inner_Layer_2:3 0.06666666666666667 0.06666666666666667 0.25 1.81 23 33 1.38 0
4 5 6
APP_3_Output_Layer_0 0.5333333333333333 0.5333333333333333 2.0 1.32 32 12 2.37 1
7 8 9 10
3
2.0042595481217815
APP_4_Input_Layer_0 0.13333333333333333 0.13333333333333333 0.5 3.94 18 31 2.89 1

APP_4_Inner_Layer_0:0 0.3333333333333333 0.3333333333333333 1.25 1.47 1 38 1.05 1
0
APP_4_Output_Layer_0 0.3333333333333333 0.3333333333333333 1.25 3.85 7 3 1.66 1
1
10
2.7239175326902294
APP_5_Input_Layer_0 0.6 0.6 2.25 1.79 8 22 1.12 1

APP_5_Inner_Layer_0:0 0.4666666666666667 0.4666666666666667 1.75 3.03 25 41 2.51 1
0
APP_5_Inner_Layer_0:1 0.06666666666666667 0.06666666666666667 0.25 1.8 11 29 2.24 0
0
APP_5_Inner_Layer_1:0 0.3333333333333333 0.3333333333333333 1.25 2.91 3 19 3.87 0
1
APP_5_Inner_Layer_1:1 0.13333333333333333 0.13333333333333333 0.5 1.84 47 37 3.11 1
1 2
APP_5_Inner_Layer_1:2 0.13333333333333333 0.13333333333333333 0.5 1.8 6 6 2.01 1
1 2
APP_5_Inner_Layer_2:0 0.4666666666666667 0.4666666666666667 1.75 3.83 1 23 2.07 1
3 4
APP_5_Inner_Layer_2:1 0.2 0.2 0.75 3.25 13 35 2.66 1
4 5
APP_5_Inner_Layer_2:2 0.2 0.2 0.75 1.81 3 22 2.35 0
3 5
APP_5_Output_Layer_0 0.26666666666666666 0.26666666666666666 1.0 2.12 19 13 3.76 1
6 7 8
9
3.0802436229133483
APP_6_Input_Layer_0 0.4666666666666667 0.4666666666666667 1.75 1.63 32 39 2.62 1

APP_6_Inner_Layer_0:0 0.06666666666666667 0.06666666666666667 0.25 2.92 32 40 1.88 1
0
APP_6_Inner_Layer_0:1 0.6 0.6 2.25 1.99 4 13 3.35 1
0
APP_6_Inner_Layer_0:2 0.06666666666666667 0.06666666666666667 0.25 3.22 39 48 3.94 1
0
APP_6_Inner_Layer_1:0 0.3333333333333333 0.3333333333333333 1.25 3.77 5 49 3.81 1
1 2
APP_6_Inner_Layer_1:1 0.6 0.6 2.25 2.38 28 7 2.55 1
2
APP_6_Inner_Layer_1:2 0.4666666666666667 0.4666666666666667 1.75 2.37 4 31 3.2 1
3
APP_6_Inner_Layer_2:0 0.26666666666666666 0.26666666666666666 1.0 2.13 29 1 2.18 1
4 5 6
APP_6_Output_Layer_0 0.3333333333333333 0.3333333333333333 1.25 3.77 48 43 3.01 0
7
13
3.732960358577961
APP_7_Input_Layer_0 0.13333333333333333 0.13333333333333333 0.5 2.9 11 1 2.6 1

APP_7_Inner_Layer_0:0 0.4666666666666667 0.4666666666666667 1.75 3.26 18 44 1.8 1
0
APP_7_Inner_Layer_0:1 0.4666666666666667 0.4666666666666667 1.75 1.04 49 9 3.54 1
0
APP_7_Inner_Layer_1:0 0.6 0.6 2.25 1.21 47 9 2.16 1
1 2
APP_7_Inner_Layer_1:1 0.3333333333333333 0.3333333333333333 1.25 1.63 30 9 1.85 1
1
APP_7_Inner_Layer_2:0 0.5333333333333333 0.5333333333333333 2.0 3.0 25 17 2.04 1
3
APP_7_Inner_Layer_2:1 0.6 0.6 2.25 2.89 7 41 3.7 1
3
APP_7_Inner_Layer_2:2 0.4 0.4 1.5 3.32 5 35 2.58 1
4
APP_7_Inner_Layer_3:0 0.3333333333333333 0.3333333333333333 1.25 2.59 11 29 2.68 0
6
APP_7_Inner_Layer_3:1 0.4 0.4 1.5 1.0 43 1 3.52 1
7
APP_7_Inner_Layer_3:2 0.2 0.2 0.75 3.2 34 16 3.18 1
5
APP_7_Inner_Layer_3:3 0.4666666666666667 0.4666666666666667 1.75 2.5 35 30 1.91 0
6 7
APP_7_Output_Layer_0 0.2 0.2 0.75 2.41 45 49 3.23 1
8 9 10 11
5
4.2505474516366935
APP_8_Input_Layer_0 0.4 0.4 1.5 3.49 11 16 2.36 1

APP_8_Inner_Layer_0:0 0.06666666666666667 0.06666666666666667 0.25 2.7 48 34 1.11 1
0
APP_8_Inner_Layer_0:1 0.13333333333333333 0.13333333333333333 0.5 1.31 4 25 1.78 1
0
APP_8_Inner_Layer_0:2 0.2 0.2 0.75 2.02 48 29 1.76 1
0
APP_8_Output_Layer_0 0.2 0.2 0.75 2.95 47 9 1.82 1
1 2 3
7
4.642996813275137
APP_9_Input_Layer_0 0.5333333333333333 0.5333333333333333 2.0 1.78 36 16 2.1 1

APP_9_Inner_Layer_0:0 0.6 0.6 2.25 1.91 39 43 1.09 0
0
APP_9_Inner_Layer_0:1 0.4666666666666667 0.4666666666666667 1.75 3.02 14 43 3.32 0
0
APP_9_Inner_Layer_0:2 0.26666666666666666 0.26666666666666666 1.0 1.91 1 26 3.06 0
0
APP_9_Inner_Layer_1:0 0.26666666666666666 0.26666666666666666 1.0 1.68 39 23 3.14 1
1 2 3
APP_9_Inner_Layer_2:0 0.2 0.2 0.75 2.7 24 1 1.9 1
4
APP_9_Output_Layer_0 0.3333333333333333 0.3333333333333333 1.25 2.74 1 24 1.57 1
5
4
5.239669364591426
APP_10_Input_Layer_0 0.6 0.6 2.25 3.78 21 4 1.8 1

APP_10_Inner_Layer_0:0 0.06666666666666667 0.06666666666666667 0.25 1.58 4 18 1.38 0
0
APP_10_Inner_Layer_0:1 0.5333333333333333 0.5333333333333333 2.0 1.81 26 22 1.34 0
0
APP_10_Output_Layer_0 0.5333333333333333 0.5333333333333333 2.0 1.99 47 37 2.52 1
1 2
3
5.805589363451259
APP_11_Input_Layer_0 0.06666666666666667 0.06666666666666667 0.25 2.22 10 37 1.66 1

APP_11_Inner_Layer_0:0 0.13333333333333333 0.13333333333333333 0.5 1.79 34 25 3.89 1
0
APP_11_Output_Layer_0 0.26666666666666666 0.26666666666666666 1.0 3.25 22 28 1.09 1
1
9
6.174075207013887
APP_12_Input_Layer_0 0.26666666666666666 0.26666666666666666 1.0 3.5 35 46 3.67 1

APP_12_Inner_Layer_0:0 0.6 0.6 2.25 1.87 41 32 1.94 0
0
APP_12_Inner_Layer_0:1 0.13333333333333333 0.13333333333333333 0.5 2.41 38 38 2.65 0
0
APP_12_Inner_Layer_0:2 0.06666666666666667 0.06666666666666667 0.25 3.31 27 2 2.83 0
0
APP_12_Inner_Layer_1:0 0.2 0.2 0.75 3.91 40 13 3.95 1
1
APP_12_Inner_Layer_1:1 0.4666666666666667 0.4666666666666667 1.75 3.89 34 17 1.59 1
2
APP_12_Inner_Layer_1:2 0.13333333333333333 0.13333333333333333 0.5 1.85 8 47 1.23 0
1 3
APP_12_Inner_Layer_1:3 0.26666666666666666 0.26666666666666666 1.0 1.66 6 41 3.71 1
1 2
APP_12_Output_Layer_0 0.5333333333333333 0.5333333333333333 2.0 3.37 41 35 2.74 1
4 5 6 7
