10
5
11
0
APP_0_Input_Layer_0 0.26666666666666666 0.26666666666666666 1.0 3.86 12 23 2.63 1

APP_0_Inner_Layer_0:0 0.4 0.4 1.5 2.69 25 26 1.71 0
0
APP_0_Inner_Layer_0:1 0.26666666666666666 0.26666666666666666 1.0 2.01 34 45 2.47 1
0
APP_0_Inner_Layer_0:2 0.4666666666666667 0.4666666666666667 1.75 2.25 38 3 2.26 0
0
APP_0_Inner_Layer_0:3 0.13333333333333333 0.13333333333333333 0.5 2.27 20 18 2.95 1
0
APP_0_Inner_Layer_1:0 0.4666666666666667 0.4666666666666667 1.75 3.59 15 48 1.45 0
1 2 3 4
APP_0_Inner_Layer_2:0 0.5333333333333333 0.5333333333333333 2.0 3.24 8 13 3.33 0
5
APP_0_Inner_Layer_2:1 0.13333333333333333 0.13333333333333333 0.5 2.49 47 46 1.62 1
5
APP_0_Inner_Layer_2:2 0.13333333333333333 0.13333333333333333 0.5 3.95 16 45 1.12 1
5
APP_0_Inner_Layer_2:3 0.4 0.4 1.5 2.28 2 36 1.93 1
5
APP_0_Output_Layer_0 0.26666666666666666 0.26666666666666666 1.0 2.48 14 14 2.21 1
6 7 8 9
13
0.7813818533770073
APP_1_Input_Layer_0 0.5333333333333333 0.5333333333333333 2.0 1.43 33 24 1.92 1

APP_1_Inner_Layer_0:0 0.6 0.6 2.25 1.41 31 33 1.15 0
0
APP_1_Inner_Layer_0:1 0.06666666666666667 0.06666666666666667 0.25 3.74 31 4 2.27 1
0
APP_1_Inner_Layer_0:2 0.2 0.2 0.75 1.01 5 24 1.13 1
0
APP_1_Inner_Layer_0:3 0.4666666666666667 0.4666666666666667 1.75 3.45 10 45 1.5 1
0
APP_1_Inner_Layer_1:0 0.13333333333333333 0.13333333333333333 0.5 2.69 12 43 2.56 0
2
APP_1_Inner_Layer_1:1 0.06666666666666667 0.06666666666666667 0.25 2.58 32 16 3.05 1
1 2 3
APP_1_Inner_Layer_1:2 0.6 0.6 2.25 1.99 22 21 3.36 0
1 4
APP_1_Inner_Layer_1:3 0.13333333333333333 0.13333333333333333 0.5 3.49 29 9 1.44 0
1 2
APP_1_Inner_Layer_2:0 0.26666666666666666 0.26666666666666666 1.0 2.41 20 26 2.1 0
6
APP_1_Inner_Layer_2:1 0.2 0.2 0.75 2.36 21 21 2.57 0
5 7 8
APP_1_Inner_Layer_3:0 0.06666666666666667 0.06666666666666667 0.25 1.17 45 11 3.58 1
9 10
APP_1_Output_Layer_0 0.2 0.2 0.75 2.59 35 30 3.55 1
11
4
2.607013811300754
APP_2_Input_Layer_0 0.5333333333333333 0.5333333333333333 2.0 3.06 26 5 3.38 1

APP_2_Inner_Layer_0:0 0.6 0.6 2.25 1.2 41 29 1.34 0
0
APP_2_Inner_Layer_1:0 0.06666666666666667 0.06666666666666667 0.25 3.13 49 24 1.47 1
1
APP_2_Output_Layer_0 0.5333333333333333 0.5333333333333333 2.0 2.42 6 33 2.51 0
2
13
3.4379604390080836
APP_3_Input_Layer_0 0.6 0.6 2.25 1.89 32 31 2.2 1

APP_3_Inner_Layer_0:0 0.06666666666666667 0.06666666666666667 0.25 3.39 42 26 2.38 1
0
APP_3_Inner_Layer_0:1 0.5333333333333333 0.5333333333333333 2.0 2.21 43 34 2.48 0
0
APP_3_Inner_Layer_0:2 0.5333333333333333 0.5333333333333333 2.0 1.66 32 33 1.79 1
0
APP_3_Inner_Layer_1:0 0.26666666666666666 0.26666666666666666 1.0 3.77 47 49 1.07 0
1 2 3
APP_3_Inner_Layer_1:1 0.4666666666666667 0.4666666666666667 1.75 3.0 30 9 1.05 1
1 2
APP_3_Inner_Layer_1:2 0.2 0.2 0.75 2.99 18 3 3.44 1
2 1
APP_3_Inner_Layer_1:3 0.6 0.6 2.25 1.16 45 17 1.49 1
1 3
APP_3_Inner_Layer_2:0 0.4666666666666667 0.4666666666666667 1.75 2.32 26 15 1.48 1
6 7
APP_3_Inner_Layer_2:1 0.26666666666666666 0.26666666666666666 1.0 3.0 37 33 2.78 1
5
APP_3_Inner_Layer_2:2 0.6 0.6 2.25 1.93 15 39 1.21 1
6
APP_3_Inner_Layer_2:3 0.06666666666666667 0.06666666666666667 0.25 1.78 1 17 2.19 1
4 5 6 7
APP_3_Output_Layer_0 0.6 0.6 2.25 3.09 23 45 1.42 1
8 9 10 11
7
4.619031716560565
APP_4_Input_Layer_0 0.13333333333333333 0.13333333333333333 0.5 1.39 4 16 1.26 1

APP_4_Inner_Layer_0:0 0.6 0.6 2.25 3.53 5 20 2.3 0
0
APP_4_Inner_Layer_0:1 0.4 0.4 1.5 3.23 21 46 3.0 0
0
APP_4_Inner_Layer_0:2 0.6 0.6 2.25 2.71 10 1 3.95 1
0
APP_4_Inner_Layer_1:0 0.13333333333333333 0.13333333333333333 0.5 2.94 11 29 2.61 1
1
APP_4_Inner_Layer_1:1 0.26666666666666666 0.26666666666666666 1.0 1.55 33 17 3.34 0
1 2 3
APP_4_Output_Layer_0 0.3333333333333333 0.3333333333333333 1.25 1.7 21 16 2.78 1
4 5
