10
5
6
0
APP_0_Input_Layer_0 0.4 0.4 1.5 3.15 35 5 2.52 0

APP_0_Inner_Layer_0:0 0.6 0.6 2.25 3.0 20 10 2.28 1
0
APP_0_Inner_Layer_0:1 0.4666666666666667 0.4666666666666667 1.75 3.92 37 38 3.94 1
0
APP_0_Inner_Layer_0:2 0.13333333333333333 0.13333333333333333 0.5 3.29 8 38 2.08 1
0
APP_0_Inner_Layer_0:3 0.13333333333333333 0.13333333333333333 0.5 2.41 41 46 3.61 1
0
APP_0_Output_Layer_0 0.06666666666666667 0.06666666666666667 0.25 3.33 24 27 1.94 1
1 2 3 4
10
1.3736268041856812
APP_1_Input_Layer_0 0.26666666666666666 0.26666666666666666 1.0 1.86 31 13 2.81 1

APP_1_Inner_Layer_0:0 0.4666666666666667 0.4666666666666667 1.75 3.11 49 29 3.61 1
0
APP_1_Inner_Layer_0:1 0.4 0.4 1.5 2.04 15 32 3.86 1
0
APP_1_Inner_Layer_0:2 0.4 0.4 1.5 1.25 11 37 3.45 1
0
APP_1_Inner_Layer_0:3 0.6 0.6 2.25 3.84 44 48 3.84 1
0
APP_1_Inner_Layer_1:0 0.26666666666666666 0.26666666666666666 1.0 2.6 32 22 2.19 0
1
APP_1_Inner_Layer_1:1 0.2 0.2 0.75 3.27 45 20 3.32 0
4
APP_1_Inner_Layer_1:2 0.13333333333333333 0.13333333333333333 0.5 2.22 6 35 1.13 0
1 2
APP_1_Inner_Layer_1:3 0.2 0.2 0.75 2.25 18 32 1.29 1
1 2 3
APP_1_Output_Layer_0 0.3333333333333333 0.3333333333333333 1.25 1.42 32 3 2.51 1
5 6 7 8
11
2.321815098807134
APP_2_Input_Layer_0 0.6 0.6 2.25 2.01 2 42 1.33 1

APP_2_Inner_Layer_0:0 0.4666666666666667 0.4666666666666667 1.75 1.37 43 10 2.35 1
0
APP_2_Inner_Layer_0:1 0.13333333333333333 0.13333333333333333 0.5 1.57 49 27 3.62 0
0
APP_2_Inner_Layer_1:0 0.26666666666666666 0.26666666666666666 1.0 1.71 45 4 2.93 1
1
APP_2_Inner_Layer_1:1 0.3333333333333333 0.3333333333333333 1.25 3.01 37 13 3.28 0
2
APP_2_Inner_Layer_1:2 0.06666666666666667 0.06666666666666667 0.25 3.83 28 41 3.01 0
1 2
APP_2_Inner_Layer_2:0 0.6 0.6 2.25 3.12 28 46 2.58 0
4
APP_2_Inner_Layer_2:1 0.6 0.6 2.25 1.19 8 2 3.55 0
4 5
APP_2_Inner_Layer_2:2 0.13333333333333333 0.13333333333333333 0.5 2.34 49 36 1.75 0
3
APP_2_Inner_Layer_2:3 0.6 0.6 2.25 1.34 18 37 2.12 1
3
APP_2_Output_Layer_0 0.13333333333333333 0.13333333333333333 0.5 2.49 20 47 2.99 1
6 7 8 9
12
3.0924287798293215
APP_3_Input_Layer_0 0.06666666666666667 0.06666666666666667 0.25 3.17 5 35 2.59 1

APP_3_Inner_Layer_0:0 0.13333333333333333 0.13333333333333333 0.5 3.71 36 26 1.81 1
0
APP_3_Inner_Layer_1:0 0.3333333333333333 0.3333333333333333 1.25 1.52 27 29 1.59 1
1
APP_3_Inner_Layer_1:1 0.2 0.2 0.75 2.7 35 4 1.78 1
1
APP_3_Inner_Layer_1:2 0.13333333333333333 0.13333333333333333 0.5 2.33 25 9 2.56 1
1
APP_3_Inner_Layer_1:3 0.5333333333333333 0.5333333333333333 2.0 1.21 32 33 2.87 0
1
APP_3_Inner_Layer_2:0 0.4 0.4 1.5 3.94 37 6 1.51 1
2 5
APP_3_Inner_Layer_2:1 0.06666666666666667 0.06666666666666667 0.25 3.7 12 20 1.81 1
3 4
APP_3_Inner_Layer_3:0 0.3333333333333333 0.3333333333333333 1.25 2.0 37 43 3.45 1
6 7
APP_3_Inner_Layer_3:1 0.26666666666666666 0.26666666666666666 1.0 2.29 43 45 2.32 0
7
APP_3_Inner_Layer_3:2 0.2 0.2 0.75 1.83 11 28 2.74 1
6
APP_3_Output_Layer_0 0.26666666666666666 0.26666666666666666 1.0 1.88 21 22 3.14 1
8 9 10
16
3.9559889727945885
APP_4_Input_Layer_0 0.4666666666666667 0.4666666666666667 1.75 1.61 38 38 3.43 1

APP_4_Inner_Layer_0:0 0.6 0.6 2.25 3.17 24 18 2.05 0
0
APP_4_Inner_Layer_0:1 0.4666666666666667 0.4666666666666667 1.75 1.73 24 40 3.37 1
0
APP_4_Inner_Layer_1:0 0.6 0.6 2.25 2.89 44 46 2.99 1
2
APP_4_Inner_Layer_1:1 0.06666666666666667 0.06666666666666667 0.25 3.77 25 25 1.54 1
1 2
APP_4_Inner_Layer_1:2 0.4 0.4 1.5 2.29 34 33 3.62 0
2
APP_4_Inner_Layer_1:3 0.4666666666666667 0.4666666666666667 1.75 3.61 24 27 3.65 0
1 2
APP_4_Inner_Layer_2:0 0.26666666666666666 0.26666666666666666 1.0 3.35 6 42 2.51 1
3 4 5 6
APP_4_Inner_Layer_2:1 0.3333333333333333 0.3333333333333333 1.25 1.57 1 43 3.0 1
3 4
APP_4_Inner_Layer_2:2 0.13333333333333333 0.13333333333333333 0.5 3.27 11 9 2.54 1
4 5
APP_4_Inner_Layer_2:3 0.5333333333333333 0.5333333333333333 2.0 2.5 27 31 2.9 0
5 6
APP_4_Inner_Layer_3:0 0.4666666666666667 0.4666666666666667 1.75 2.29 35 22 1.21 1
7 9 10
APP_4_Inner_Layer_3:1 0.26666666666666666 0.26666666666666666 1.0 2.63 6 37 2.23 1
7
APP_4_Inner_Layer_3:2 0.4 0.4 1.5 2.38 47 41 1.67 1
8 9
APP_4_Inner_Layer_3:3 0.4666666666666667 0.4666666666666667 1.75 1.68 5 47 2.49 0
8 9 10
APP_4_Output_Layer_0 0.6 0.6 2.25 3.43 1 11 3.97 1
11 12 13 14
