10
5
15
0
APP_0_Input_Layer_0 0.6 0.6 2.25 1.37 43 20 3.1 1

APP_0_Inner_Layer_0:0 0.4 0.4 1.5 2.73 42 33 2.18 0
0
APP_0_Inner_Layer_0:1 0.5333333333333333 0.5333333333333333 2.0 3.43 42 46 1.17 1
0
APP_0_Inner_Layer_1:0 0.3333333333333333 0.3333333333333333 1.25 1.1 44 25 3.22 1
1 2
APP_0_Inner_Layer_1:1 0.4 0.4 1.5 3.77 16 18 2.84 1
2
APP_0_Inner_Layer_1:2 0.5333333333333333 0.5333333333333333 2.0 1.86 17 24 1.9 1
1
APP_0_Inner_Layer_1:3 0.06666666666666667 0.06666666666666667 0.25 3.17 19 47 3.09 1
1 2
APP_0_Inner_Layer_2:0 0.6 0.6 2.25 3.75 4 36 2.57 1
3
APP_0_Inner_Layer_2:1 0.5333333333333333 0.5333333333333333 2.0 3.27 36 17 2.93 1
5 6
APP_0_Inner_Layer_2:2 0.5333333333333333 0.5333333333333333 2.0 1.48 41 27 2.43 1
3 4 5
APP_0_Inner_Layer_3:0 0.2 0.2 0.75 1.09 47 3 1.42 1
9
APP_0_Inner_Layer_3:1 0.06666666666666667 0.06666666666666667 0.25 3.02 16 23 3.63 1
8
APP_0_Inner_Layer_3:2 0.4 0.4 1.5 2.56 11 22 2.44 1
8 9
APP_0_Inner_Layer_3:3 0.3333333333333333 0.3333333333333333 1.25 2.92 12 10 3.21 0
7 8 9
APP_0_Output_Layer_0 0.2 0.2 0.75 1.47 39 24 2.39 1
10 11 12 13
10
1.5063733696319697
APP_1_Input_Layer_0 0.26666666666666666 0.26666666666666666 1.0 3.82 31 6 2.42 1

APP_1_Inner_Layer_0:0 0.13333333333333333 0.13333333333333333 0.5 1.18 34 48 3.95 1
0
APP_1_Inner_Layer_0:1 0.2 0.2 0.75 1.52 15 36 1.42 1
0
APP_1_Inner_Layer_1:0 0.26666666666666666 0.26666666666666666 1.0 2.94 8 35 2.67 1
1
APP_1_Inner_Layer_1:1 0.4 0.4 1.5 2.01 5 40 3.19 0
2
APP_1_Inner_Layer_2:0 0.13333333333333333 0.13333333333333333 0.5 2.09 5 4 3.76 1
3
APP_1_Inner_Layer_2:1 0.13333333333333333 0.13333333333333333 0.5 3.54 29 21 2.62 1
3
APP_1_Inner_Layer_2:2 0.6 0.6 2.25 3.13 39 11 3.72 1
3 4
APP_1_Inner_Layer_2:3 0.4666666666666667 0.4666666666666667 1.75 3.17 14 29 1.15 0
3 4
APP_1_Output_Layer_0 0.6 0.6 2.25 2.53 32 15 2.75 0
5 6 7 8
10
2.3051209273348476
APP_2_Input_Layer_0 0.3333333333333333 0.3333333333333333 1.25 3.17 28 47 1.96 1

APP_2_Inner_Layer_0:0 0.06666666666666667 0.06666666666666667 0.25 3.44 40 46 2.43 0
0
APP_2_Inner_Layer_0:1 0.6 0.6 2.25 2.69 1 49 2.06 1
0
APP_2_Inner_Layer_0:2 0.5333333333333333 0.5333333333333333 2.0 1.56 3 49 2.3 0
0
APP_2_Inner_Layer_0:3 0.4666666666666667 0.4666666666666667 1.75 1.68 10 39 3.33 0
0
APP_2_Inner_Layer_1:0 0.4666666666666667 0.4666666666666667 1.75 1.29 23 45 1.91 0
2
APP_2_Inner_Layer_1:1 0.13333333333333333 0.13333333333333333 0.5 1.45 40 3 2.46 1
1 3 4
APP_2_Inner_Layer_1:2 0.4666666666666667 0.4666666666666667 1.75 2.68 27 30 2.67 1
4
APP_2_Inner_Layer_1:3 0.13333333333333333 0.13333333333333333 0.5 3.21 36 5 3.44 0
1 3
APP_2_Output_Layer_0 0.4 0.4 1.5 3.72 49 43 3.52 1
5 6 7 8
14
3.1932921656799023
APP_3_Input_Layer_0 0.4666666666666667 0.4666666666666667 1.75 3.61 28 38 3.99 1

APP_3_Inner_Layer_0:0 0.2 0.2 0.75 2.08 7 35 2.69 0
0
APP_3_Inner_Layer_0:1 0.06666666666666667 0.06666666666666667 0.25 3.62 13 7 1.64 1
0
APP_3_Inner_Layer_0:2 0.26666666666666666 0.26666666666666666 1.0 2.33 35 26 3.15 1
0
APP_3_Inner_Layer_1:0 0.5333333333333333 0.5333333333333333 2.0 2.14 11 31 2.54 0
1 3
APP_3_Inner_Layer_1:1 0.13333333333333333 0.13333333333333333 0.5 3.18 14 33 1.64 1
1 3
APP_3_Inner_Layer_1:2 0.3333333333333333 0.3333333333333333 1.25 3.89 40 4 3.11 0
1 2 3
APP_3_Inner_Layer_1:3 0.5333333333333333 0.5333333333333333 2.0 3.71 45 32 1.97 1
1 2 3
APP_3_Inner_Layer_2:0 0.5333333333333333 0.5333333333333333 2.0 1.83 2 7 3.36 1
4 7
APP_3_Inner_Layer_2:1 0.13333333333333333 0.13333333333333333 0.5 1.23 20 5 2.84 1
5 6
APP_3_Inner_Layer_3:0 0.06666666666666667 0.06666666666666667 0.25 2.69 7 44 1.68 0
9
APP_3_Inner_Layer_3:1 0.06666666666666667 0.06666666666666667 0.25 3.5 5 22 2.83 1
8
APP_3_Inner_Layer_3:2 0.3333333333333333 0.3333333333333333 1.25 1.28 30 19 2.73 0
8
APP_3_Output_Layer_0 0.6 0.6 2.25 2.77 39 23 1.19 1
10 11 12
6
4.642101160578966
APP_4_Input_Layer_0 0.26666666666666666 0.26666666666666666 1.0 1.2 48 48 2.75 0

APP_4_Inner_Layer_0:0 0.3333333333333333 0.3333333333333333 1.25 3.0 4 30 2.87 1
0
APP_4_Inner_Layer_0:1 0.4 0.4 1.5 3.82 17 36 2.05 1
0
APP_4_Inner_Layer_0:2 0.2 0.2 0.75 2.42 24 21 3.29 1
0
APP_4_Inner_Layer_0:3 0.4 0.4 1.5 3.7 39 14 1.32 1
0
APP_4_Output_Layer_0 0.4666666666666667 0.4666666666666667 1.75 2.88 20 30 3.33 1
1 2 3 4
