10
5
15
0
APP_0_Input_Layer_0 0.13333333333333333 0.13333333333333333 0.5 3.66 29 1 1.79 1

APP_0_Inner_Layer_0:0 0.2 0.2 0.75 2.84 19 11 2.7 1
0
APP_0_Inner_Layer_0:1 0.2 0.2 0.75 3.57 33 38 3.74 0
0
APP_0_Inner_Layer_0:2 0.6 0.6 2.25 1.96 18 44 1.47 1
0
APP_0_Inner_Layer_0:3 0.2 0.2 0.75 1.07 9 49 2.1 0
0
APP_0_Inner_Layer_1:0 0.2 0.2 0.75 1.75 34 37 2.98 1
3 4
APP_0_Inner_Layer_1:1 0.06666666666666667 0.06666666666666667 0.25 3.19 25 9 3.11 1
1 2
APP_0_Inner_Layer_2:0 0.5333333333333333 0.5333333333333333 2.0 3.11 34 20 3.93 1
5 6
APP_0_Inner_Layer_2:1 0.5333333333333333 0.5333333333333333 2.0 1.89 5 11 2.51 1
6
APP_0_Inner_Layer_2:2 0.3333333333333333 0.3333333333333333 1.25 2.81 11 29 2.13 1
6
APP_0_Inner_Layer_2:3 0.06666666666666667 0.06666666666666667 0.25 2.96 49 29 1.92 0
6
APP_0_Inner_Layer_3:0 0.5333333333333333 0.5333333333333333 2.0 3.92 14 13 3.45 1
9
APP_0_Inner_Layer_3:1 0.26666666666666666 0.26666666666666666 1.0 3.32 13 27 3.72 1
7 8 10
APP_0_Inner_Layer_3:2 0.06666666666666667 0.06666666666666667 0.25 3.18 3 44 2.4 1
7 10
APP_0_Output_Layer_0 0.5333333333333333 0.5333333333333333 2.0 3.88 20 35 1.38 1
11 12 13
5
0.801304750580906
APP_1_Input_Layer_0 0.6 0.6 2.25 2.5 3 19 2.79 1

APP_1_Inner_Layer_0:0 0.5333333333333333 0.5333333333333333 2.0 2.4 7 48 1.24 1
0
APP_1_Inner_Layer_0:1 0.3333333333333333 0.3333333333333333 1.25 1.53 43 40 1.86 1
0
APP_1_Inner_Layer_0:2 0.4666666666666667 0.4666666666666667 1.75 1.1 29 34 1.55 1
0
APP_1_Output_Layer_0 0.26666666666666666 0.26666666666666666 1.0 3.1 24 10 2.27 1
1 2 3
8
2.0758105040628725
APP_2_Input_Layer_0 0.6 0.6 2.25 3.45 40 35 3.93 1

APP_2_Inner_Layer_0:0 0.6 0.6 2.25 1.13 29 24 3.65 1
0
APP_2_Inner_Layer_0:1 0.4666666666666667 0.4666666666666667 1.75 1.4 24 27 3.79 1
0
APP_2_Inner_Layer_0:2 0.26666666666666666 0.26666666666666666 1.0 2.32 40 31 2.2 0
0
APP_2_Inner_Layer_0:3 0.06666666666666667 0.06666666666666667 0.25 3.76 39 47 1.58 0
0
APP_2_Inner_Layer_1:0 0.4666666666666667 0.4666666666666667 1.75 3.46 10 32 2.03 1
1 2 3 4
APP_2_Inner_Layer_2:0 0.26666666666666666 0.26666666666666666 1.0 3.69 33 33 3.12 1
5
APP_2_Output_Layer_0 0.13333333333333333 0.13333333333333333 0.5 3.84 33 44 3.07 1
6
4
3.8059958753167535
APP_3_Input_Layer_0 0.4666666666666667 0.4666666666666667 1.75 3.21 23 31 1.07 1

APP_3_Inner_Layer_0:0 0.4 0.4 1.5 3.39 38 47 2.3 1
0
APP_3_Inner_Layer_0:1 0.4666666666666667 0.4666666666666667 1.75 3.08 39 10 3.84 0
0
APP_3_Output_Layer_0 0.06666666666666667 0.06666666666666667 0.25 1.08 45 42 3.73 1
1 2
12
5.598354730299059
APP_4_Input_Layer_0 0.26666666666666666 0.26666666666666666 1.0 3.89 14 28 3.67 1

APP_4_Inner_Layer_0:0 0.2 0.2 0.75 3.11 16 48 2.85 1
0
APP_4_Inner_Layer_1:0 0.06666666666666667 0.06666666666666667 0.25 2.98 17 17 2.99 1
1
APP_4_Inner_Layer_1:1 0.5333333333333333 0.5333333333333333 2.0 1.92 46 15 2.09 0
1
APP_4_Inner_Layer_1:2 0.3333333333333333 0.3333333333333333 1.25 3.23 39 12 3.04 1
1
APP_4_Inner_Layer_1:3 0.06666666666666667 0.06666666666666667 0.25 3.73 44 8 3.06 0
1
APP_4_Inner_Layer_2:0 0.13333333333333333 0.13333333333333333 0.5 3.58 15 39 3.98 0
2
APP_4_Inner_Layer_2:1 0.13333333333333333 0.13333333333333333 0.5 2.71 9 44 2.29 0
2 4 5
APP_4_Inner_Layer_2:2 0.06666666666666667 0.06666666666666667 0.25 2.41 33 48 1.75 0
3
APP_4_Inner_Layer_3:0 0.13333333333333333 0.13333333333333333 0.5 3.99 48 39 1.85 1
6 7 8
APP_4_Inner_Layer_3:1 0.13333333333333333 0.13333333333333333 0.5 3.85 11 14 2.22 1
8
APP_4_Output_Layer_0 0.06666666666666667 0.06666666666666667 0.25 1.81 29 5 2.53 1
9 10
