10
5
8
0
APP_0_Input_Layer_0 0.13333333333333333 0.13333333333333333 0.5 1.84 25 1 3.08 1

APP_0_Inner_Layer_0:0 0.13333333333333333 0.13333333333333333 0.5 3.88 20 12 1.52 1
0
APP_0_Inner_Layer_1:0 0.6 0.6 2.25 1.83 36 10 1.09 1
1
APP_0_Inner_Layer_2:0 0.26666666666666666 0.26666666666666666 1.0 1.57 10 22 3.43 1
2
APP_0_Inner_Layer_3:0 0.26666666666666666 0.26666666666666666 1.0 3.07 45 35 2.83 0
3
APP_0_Inner_Layer_3:1 0.3333333333333333 0.3333333333333333 1.25 3.46 3 4 1.44 1
3
APP_0_Inner_Layer_3:2 0.2 0.2 0.75 3.79 14 33 2.5 1
3
APP_0_Output_Layer_0 0.2 0.2 0.75 1.5 43 44 3.23 1
4 5 6
9
0.7655780034169085
APP_1_Input_Layer_0 0.2 0.2 0.75 3.25 34 49 1.38 1

APP_1_Inner_Layer_0:0 0.6 0.6 2.25 1.11 12 41 1.26 1
0
APP_1_Inner_Layer_0:1 0.3333333333333333 0.3333333333333333 1.25 2.83 44 21 1.11 1
0
APP_1_Inner_Layer_1:0 0.6 0.6 2.25 2.63 41 26 1.68 1
1 2
APP_1_Inner_Layer_2:0 0.3333333333333333 0.3333333333333333 1.25 1.27 29 1 1.2 1
3
APP_1_Inner_Layer_3:0 0.4 0.4 1.5 1.19 10 24 3.25 0
4
APP_1_Inner_Layer_3:1 0.6 0.6 2.25 2.71 48 17 3.16 1
4
APP_1_Inner_Layer_3:2 0.26666666666666666 0.26666666666666666 1.0 3.98 30 16 3.63 1
4
APP_1_Output_Layer_0 0.3333333333333333 0.3333333333333333 1.25 1.48 25 7 2.85 1
5 6 7
11
2.3898607694720497
APP_2_Input_Layer_0 0.3333333333333333 0.3333333333333333 1.25 3.03 26 47 3.14 1

APP_2_Inner_Layer_0:0 0.5333333333333333 0.5333333333333333 2.0 2.29 14 24 3.14 1
0
APP_2_Inner_Layer_1:0 0.3333333333333333 0.3333333333333333 1.25 2.36 32 8 3.02 1
1
APP_2_Inner_Layer_2:0 0.2 0.2 0.75 1.95 1 17 3.22 1
2
APP_2_Inner_Layer_2:1 0.13333333333333333 0.13333333333333333 0.5 2.29 42 37 3.94 1
2
APP_2_Inner_Layer_2:2 0.2 0.2 0.75 1.26 15 21 2.59 1
2
APP_2_Inner_Layer_2:3 0.26666666666666666 0.26666666666666666 1.0 1.29 26 4 1.99 1
2
APP_2_Inner_Layer_3:0 0.06666666666666667 0.06666666666666667 0.25 3.54 12 42 1.64 0
3 5 6
APP_2_Inner_Layer_3:1 0.5333333333333333 0.5333333333333333 2.0 1.02 1 40 1.31 1
3 4 6
APP_2_Inner_Layer_3:2 0.2 0.2 0.75 1.2 6 42 1.27 0
5 4
APP_2_Output_Layer_0 0.06666666666666667 0.06666666666666667 0.25 1.93 46 12 3.87 1
7 8 9
7
4.1939710919257465
APP_3_Input_Layer_0 0.2 0.2 0.75 1.15 18 49 1.84 1

APP_3_Inner_Layer_0:0 0.6 0.6 2.25 3.7 40 36 2.34 1
0
APP_3_Inner_Layer_0:1 0.06666666666666667 0.06666666666666667 0.25 2.89 1 17 2.74 1
0
APP_3_Inner_Layer_0:2 0.4666666666666667 0.4666666666666667 1.75 1.75 25 36 1.26 1
0
APP_3_Inner_Layer_0:3 0.5333333333333333 0.5333333333333333 2.0 1.46 22 27 1.99 1
0
APP_3_Inner_Layer_1:0 0.4666666666666667 0.4666666666666667 1.75 1.46 47 11 3.01 1
1 2 3 4
APP_3_Output_Layer_0 0.13333333333333333 0.13333333333333333 0.5 3.34 7 16 2.31 1
5
16
5.395231038759376
APP_4_Input_Layer_0 0.3333333333333333 0.3333333333333333 1.25 3.17 34 19 2.58 1

APP_4_Inner_Layer_0:0 0.6 0.6 2.25 3.89 5 38 2.91 1
0
APP_4_Inner_Layer_0:1 0.3333333333333333 0.3333333333333333 1.25 3.89 5 8 2.26 1
0
APP_4_Inner_Layer_0:2 0.13333333333333333 0.13333333333333333 0.5 3.25 12 4 2.86 1
0
APP_4_Inner_Layer_1:0 0.26666666666666666 0.26666666666666666 1.0 1.74 15 36 3.33 1
1 2
APP_4_Inner_Layer_1:1 0.4 0.4 1.5 2.2 17 11 1.17 1
3
APP_4_Inner_Layer_1:2 0.2 0.2 0.75 2.18 15 10 2.81 0
1 2 3
APP_4_Inner_Layer_1:3 0.4666666666666667 0.4666666666666667 1.75 1.16 40 26 3.01 1
2
APP_4_Inner_Layer_2:0 0.4666666666666667 0.4666666666666667 1.75 3.54 18 40 2.81 1
4 6
APP_4_Inner_Layer_2:1 0.13333333333333333 0.13333333333333333 0.5 3.34 15 3 2.23 1
7
APP_4_Inner_Layer_2:2 0.6 0.6 2.25 1.28 38 27 2.86 1
4 5 6 7
APP_4_Inner_Layer_2:3 0.3333333333333333 0.3333333333333333 1.25 2.68 25 48 2.79 1
4 6
APP_4_Inner_Layer_3:0 0.4 0.4 1.5 3.8 1 4 3.42 0
9
APP_4_Inner_Layer_3:1 0.13333333333333333 0.13333333333333333 0.5 1.4 7 46 2.09 1
8 10 11
APP_4_Inner_Layer_3:2 0.4 0.4 1.5 1.68 30 26 1.79 0
9
APP_4_Output_Layer_0 0.2 0.2 0.75 3.57 29 1 1.83 1
12 13 14
