10
5
10
0
APP_0_Input_Layer_0 0.6 0.6 2.25 1.57 44 40 2.67 1

APP_0_Inner_Layer_0:0 0.5333333333333333 0.5333333333333333 2.0 1.27 11 44 3.59 1
0
APP_0_Inner_Layer_0:1 0.2 0.2 0.75 3.95 46 20 3.51 1
0
APP_0_Inner_Layer_0:2 0.2 0.2 0.75 1.62 46 31 1.14 1
0
APP_0_Inner_Layer_0:3 0.4 0.4 1.5 3.43 11 49 1.67 0
0
APP_0_Inner_Layer_1:0 0.4 0.4 1.5 2.87 25 40 1.26 1
1 2 4
APP_0_Inner_Layer_1:1 0.4 0.4 1.5 1.53 35 3 3.63 1
1 3 4
APP_0_Inner_Layer_1:2 0.6 0.6 2.25 1.46 5 33 3.95 0
1 4
APP_0_Inner_Layer_1:3 0.4666666666666667 0.4666666666666667 1.75 1.61 3 1 2.81 1
2 3
APP_0_Output_Layer_0 0.06666666666666667 0.06666666666666667 0.25 3.88 45 47 1.7 1
5 6 7 8
6
1.9887777036954009
APP_1_Input_Layer_0 0.3333333333333333 0.3333333333333333 1.25 1.37 30 17 2.85 1

APP_1_Inner_Layer_0:0 0.5333333333333333 0.5333333333333333 2.0 1.95 31 14 2.08 1
0
APP_1_Inner_Layer_0:1 0.2 0.2 0.75 1.66 35 26 3.07 1
0
APP_1_Inner_Layer_0:2 0.13333333333333333 0.13333333333333333 0.5 3.31 2 8 1.54 1
0
APP_1_Inner_Layer_0:3 0.6 0.6 2.25 1.76 7 3 2.56 1
0
APP_1_Output_Layer_0 0.2 0.2 0.75 2.71 46 30 3.09 0
1 2 3 4
8
3.902883397123147
APP_2_Input_Layer_0 0.5333333333333333 0.5333333333333333 2.0 1.38 9 45 3.67 1

APP_2_Inner_Layer_0:0 0.4666666666666667 0.4666666666666667 1.75 2.85 5 43 2.68 0
0
APP_2_Inner_Layer_0:1 0.6 0.6 2.25 1.03 41 2 1.5 1
0
APP_2_Inner_Layer_0:2 0.3333333333333333 0.3333333333333333 1.25 2.57 45 18 1.09 1
0
APP_2_Inner_Layer_1:0 0.4 0.4 1.5 2.91 17 26 1.92 1
1 3
APP_2_Inner_Layer_1:1 0.5333333333333333 0.5333333333333333 2.0 2.7 33 21 1.6 0
1 2 3
APP_2_Inner_Layer_1:2 0.4 0.4 1.5 2.03 15 12 1.61 1
1 2
APP_2_Output_Layer_0 0.06666666666666667 0.06666666666666667 0.25 2.98 32 33 3.85 1
4 5 6
5
4.788945845252939
APP_3_Input_Layer_0 0.4666666666666667 0.4666666666666667 1.75 2.67 26 41 2.07 0

APP_3_Inner_Layer_0:0 0.06666666666666667 0.06666666666666667 0.25 2.27 25 31 1.45 0
0
APP_3_Inner_Layer_0:1 0.06666666666666667 0.06666666666666667 0.25 3.21 31 48 1.78 0
0
APP_3_Inner_Layer_1:0 0.4666666666666667 0.4666666666666667 1.75 3.98 11 31 2.86 1
1 2
APP_3_Output_Layer_0 0.6 0.6 2.25 3.7 33 40 3.21 1
3
8
6.223801405205226
APP_4_Input_Layer_0 0.3333333333333333 0.3333333333333333 1.25 3.71 5 17 3.97 1

APP_4_Inner_Layer_0:0 0.4 0.4 1.5 3.17 35 21 3.91 1
0
APP_4_Inner_Layer_0:1 0.4666666666666667 0.4666666666666667 1.75 1.13 48 34 3.67 0
0
APP_4_Inner_Layer_1:0 0.3333333333333333 0.3333333333333333 1.25 3.13 42 42 2.24 1
2
APP_4_Inner_Layer_1:1 0.3333333333333333 0.3333333333333333 1.25 1.98 48 27 2.83 0
1
APP_4_Inner_Layer_1:2 0.06666666666666667 0.06666666666666667 0.25 1.01 4 49 2.39 1
1
APP_4_Inner_Layer_1:3 0.26666666666666666 0.26666666666666666 1.0 2.17 44 46 1.4 1
1 2
APP_4_Output_Layer_0 0.26666666666666666 0.26666666666666666 1.0 1.98 17 28 3.63 1
3 4 5 6
