10
5
8
0
APP_0_Input_Layer_0 0.5333333333333333 0.5333333333333333 2.0 1.27 35 10 1.36 0

APP_0_Inner_Layer_0:0 0.26666666666666666 0.26666666666666666 1.0 3.03 47 7 2.72 1
0
APP_0_Inner_Layer_0:1 0.26666666666666666 0.26666666666666666 1.0 1.82 4 11 1.62 0
0
APP_0_Inner_Layer_1:0 0.6 0.6 2.25 3.46 41 25 3.38 1
1 2
APP_0_Inner_Layer_2:0 0.26666666666666666 0.26666666666666666 1.0 3.09 47 35 2.7 1
3
APP_0_Inner_Layer_3:0 0.26666666666666666 0.26666666666666666 1.0 1.93 13 20 1.39 1
4
APP_0_Inner_Layer_3:1 0.2 0.2 0.75 3.76 31 13 1.65 1
4
APP_0_Output_Layer_0 0.5333333333333333 0.5333333333333333 2.0 1.34 49 42 2.91 1
5 6
14
0.9222276390551768
APP_1_Input_Layer_0 0.5333333333333333 0.5333333333333333 2.0 1.75 34 9 1.83 1

APP_1_Inner_Layer_0:0 0.3333333333333333 0.3333333333333333 1.25 3.58 9 29 3.94 1
0
APP_1_Inner_Layer_1:0 0.3333333333333333 0.3333333333333333 1.25 1.49 11 33 2.4 0
1
APP_1_Inner_Layer_1:1 0.3333333333333333 0.3333333333333333 1.25 2.4 39 11 2.27 0
1
APP_1_Inner_Layer_1:2 0.4 0.4 1.5 1.19 14 13 2.07 1
1
APP_1_Inner_Layer_2:0 0.3333333333333333 0.3333333333333333 1.25 1.04 49 31 3.51 1
2
APP_1_Inner_Layer_2:1 0.6 0.6 2.25 2.35 3 11 1.88 1
3
APP_1_Inner_Layer_2:2 0.13333333333333333 0.13333333333333333 0.5 1.98 9 1 2.11 1
3
APP_1_Inner_Layer_2:3 0.4 0.4 1.5 3.76 19 12 1.32 1
3 4
APP_1_Inner_Layer_3:0 0.4 0.4 1.5 3.07 22 26 3.86 1
8
APP_1_Inner_Layer_3:1 0.6 0.6 2.25 1.95 16 31 2.88 1
5 8
APP_1_Inner_Layer_3:2 0.5333333333333333 0.5333333333333333 2.0 3.0 45 25 2.38 1
5 6 7
APP_1_Inner_Layer_3:3 0.5333333333333333 0.5333333333333333 2.0 1.95 14 45 1.16 1
6 8
APP_1_Output_Layer_0 0.4 0.4 1.5 1.06 39 4 3.46 1
9 10 11 12
12
2.0248020783954273
APP_2_Input_Layer_0 0.26666666666666666 0.26666666666666666 1.0 2.72 10 47 2.02 1

APP_2_Inner_Layer_0:0 0.06666666666666667 0.06666666666666667 0.25 3.28 7 10 1.78 0
0
APP_2_Inner_Layer_0:1 0.6 0.6 2.25 1.74 5 30 1.2 1
0
APP_2_Inner_Layer_1:0 0.5333333333333333 0.5333333333333333 2.0 2.03 7 24 1.55 1
1 2
APP_2_Inner_Layer_1:1 0.26666666666666666 0.26666666666666666 1.0 3.49 36 23 1.12 0
2
APP_2_Inner_Layer_2:0 0.2 0.2 0.75 2.72 13 20 3.2 0
3 4
APP_2_Inner_Layer_2:1 0.4666666666666667 0.4666666666666667 1.75 3.62 2 10 1.68 1
4
APP_2_Inner_Layer_2:2 0.5333333333333333 0.5333333333333333 2.0 3.59 28 44 3.03 1
3
APP_2_Inner_Layer_3:0 0.06666666666666667 0.06666666666666667 0.25 1.89 47 28 2.91 1
6
APP_2_Inner_Layer_3:1 0.3333333333333333 0.3333333333333333 1.25 3.2 35 15 2.81 1
5 7
APP_2_Inner_Layer_3:2 0.26666666666666666 0.26666666666666666 1.0 1.73 3 48 1.13 1
5 6 7
APP_2_Output_Layer_0 0.4666666666666667 0.4666666666666667 1.75 1.37 43 30 2.7 1
8 9 10
5
3.555748819365018
APP_3_Input_Layer_0 0.4666666666666667 0.4666666666666667 1.75 2.28 29 44 2.62 1

APP_3_Inner_Layer_0:0 0.4 0.4 1.5 2.98 49 1 3.47 0
0
APP_3_Inner_Layer_0:1 0.4666666666666667 0.4666666666666667 1.75 1.97 45 38 3.43 0
0
APP_3_Inner_Layer_0:2 0.26666666666666666 0.26666666666666666 1.0 2.73 12 28 1.72 1
0
APP_3_Output_Layer_0 0.4666666666666667 0.4666666666666667 1.75 3.45 14 5 3.81 1
1 2 3
9
4.660466173421545
APP_4_Input_Layer_0 0.4 0.4 1.5 3.54 46 44 1.63 1

APP_4_Inner_Layer_0:0 0.4666666666666667 0.4666666666666667 1.75 2.6 41 29 1.52 0
0
APP_4_Inner_Layer_0:1 0.3333333333333333 0.3333333333333333 1.25 2.99 29 47 1.7 1
0
APP_4_Inner_Layer_0:2 0.5333333333333333 0.5333333333333333 2.0 3.03 7 29 2.12 1
0
APP_4_Inner_Layer_0:3 0.4666666666666667 0.4666666666666667 1.75 3.43 18 21 1.47 1
0
APP_4_Inner_Layer_1:0 0.3333333333333333 0.3333333333333333 1.25 2.39 16 21 2.91 1
1 2 3 4
APP_4_Inner_Layer_2:0 0.6 0.6 2.25 2.26 12 23 2.5 0
5
APP_4_Inner_Layer_2:1 0.5333333333333333 0.5333333333333333 2.0 2.87 19 7 3.36 1
5
APP_4_Output_Layer_0 0.4666666666666667 0.4666666666666667 1.75 2.47 43 22 2.42 1
6 7
