10
5
7
0
APP_0_Input_Layer_0 0.06666666666666667 0.06666666666666667 0.25 1.23 37 39 1.15 1

APP_0_Inner_Layer_0:0 0.26666666666666666 0.26666666666666666 1.0 3.61 38 12 3.52 1
0
APP_0_Inner_Layer_0:1 0.2 0.2 0.75 1.14 26 1 1.22 1
0
APP_0_Inner_Layer_0:2 0.06666666666666667 0.06666666666666667 0.25 1.98 30 4 2.97 1
0
APP_0_Inner_Layer_0:3 0.6 0.6 2.25 3.28 47 44 3.93 1
0
APP_0_Inner_Layer_1:0 0.6 0.6 2.25 2.0 29 46 2.55 1
1 2 3 4
APP_0_Output_Layer_0 0.6 0.6 2.25 1.78 49 27 2.75 1
5
4
0.9676338626540523
APP_1_Input_Layer_0 0.2 0.2 0.75 1.55 49 7 1.26 1

APP_1_Inner_Layer_0:0 0.4 0.4 1.5 1.51 7 43 2.46 1
0
APP_1_Inner_Layer_1:0 0.2 0.2 0.75 1.76 26 8 3.13 1
1
APP_1_Output_Layer_0 0.2 0.2 0.75 1.59 23 39 3.21 1
2
13
1.9753591042107908
APP_2_Input_Layer_0 0.13333333333333333 0.13333333333333333 0.5 3.18 3 38 3.37 0

APP_2_Inner_Layer_0:0 0.3333333333333333 0.3333333333333333 1.25 1.91 13 43 3.93 0
0
APP_2_Inner_Layer_0:1 0.2 0.2 0.75 2.16 40 44 2.29 0
0
APP_2_Inner_Layer_0:2 0.2 0.2 0.75 1.19 38 27 1.55 1
0
APP_2_Inner_Layer_0:3 0.3333333333333333 0.3333333333333333 1.25 3.32 36 17 2.99 1
0
APP_2_Inner_Layer_1:0 0.3333333333333333 0.3333333333333333 1.25 2.59 6 16 3.11 1
1 2 3 4
APP_2_Inner_Layer_1:1 0.5333333333333333 0.5333333333333333 2.0 1.66 48 35 2.27 1
3 1
APP_2_Inner_Layer_1:2 0.06666666666666667 0.06666666666666667 0.25 1.02 43 40 3.98 0
1 3
APP_2_Inner_Layer_2:0 0.6 0.6 2.25 3.9 35 44 2.99 1
6
APP_2_Inner_Layer_2:1 0.2 0.2 0.75 1.24 3 29 3.1 0
5 6 7
APP_2_Inner_Layer_2:2 0.6 0.6 2.25 3.09 18 14 3.04 1
5
APP_2_Inner_Layer_2:3 0.06666666666666667 0.06666666666666667 0.25 3.56 29 27 3.89 1
5 7
APP_2_Output_Layer_0 0.6 0.6 2.25 1.24 45 34 1.77 1
8 9 10 11
5
2.8579614935377093
APP_3_Input_Layer_0 0.13333333333333333 0.13333333333333333 0.5 3.22 18 14 2.55 1

APP_3_Inner_Layer_0:0 0.13333333333333333 0.13333333333333333 0.5 2.0 21 38 2.68 0
0
APP_3_Inner_Layer_0:1 0.13333333333333333 0.13333333333333333 0.5 2.42 49 17 1.23 1
0
APP_3_Inner_Layer_0:2 0.26666666666666666 0.26666666666666666 1.0 2.43 15 3 2.84 1
0
APP_3_Output_Layer_0 0.4666666666666667 0.4666666666666667 1.75 3.46 32 8 1.63 1
1 2 3
8
3.9387860251990547
APP_4_Input_Layer_0 0.13333333333333333 0.13333333333333333 0.5 2.63 44 37 2.85 0

APP_4_Inner_Layer_0:0 0.2 0.2 0.75 1.39 45 33 1.15 1
0
APP_4_Inner_Layer_0:1 0.3333333333333333 0.3333333333333333 1.25 3.65 10 43 3.3 1
0
APP_4_Inner_Layer_0:2 0.3333333333333333 0.3333333333333333 1.25 1.34 26 47 2.84 1
0
APP_4_Inner_Layer_0:3 0.6 0.6 2.25 3.25 9 25 3.12 0
0
APP_4_Inner_Layer_1:0 0.13333333333333333 0.13333333333333333 0.5 2.05 37 23 1.32 1
2 3
APP_4_Inner_Layer_1:1 0.06666666666666667 0.06666666666666667 0.25 3.65 27 30 3.96 1
1 4
APP_4_Output_Layer_0 0.13333333333333333 0.13333333333333333 0.5 1.97 46 2 1.83 1
5 6
