10
5
11
0
APP_0_Input_Layer_0 0.5333333333333333 0.5333333333333333 2.0 1.63 15 44 2.02 1

APP_0_Inner_Layer_0:0 0.06666666666666667 0.06666666666666667 0.25 2.25 48 47 1.85 1
0
APP_0_Inner_Layer_0:1 0.3333333333333333 0.3333333333333333 1.25 2.56 46 30 3.29 1
0
APP_0_Inner_Layer_1:0 0.13333333333333333 0.13333333333333333 0.5 1.57 42 43 1.96 1
1
APP_0_Inner_Layer_1:1 0.4 0.4 1.5 2.43 39 39 3.73 1
2
APP_0_Inner_Layer_1:2 0.13333333333333333 0.13333333333333333 0.5 2.35 43 39 2.55 0
1 2
APP_0_Inner_Layer_2:0 0.06666666666666667 0.06666666666666667 0.25 2.35 40 36 1.05 1
3 4 5
APP_0_Inner_Layer_2:1 0.2 0.2 0.75 3.77 13 2 2.12 1
3 4 5
APP_0_Inner_Layer_2:2 0.4 0.4 1.5 3.25 13 21 1.98 0
5
APP_0_Inner_Layer_2:3 0.6 0.6 2.25 3.71 6 18 3.13 0
3
APP_0_Output_Layer_0 0.4 0.4 1.5 2.75 19 14 2.78 1
6 7 8 9
10
0.8177885686156493
APP_1_Input_Layer_0 0.4666666666666667 0.4666666666666667 1.75 3.81 45 23 3.4 1

APP_1_Inner_Layer_0:0 0.06666666666666667 0.06666666666666667 0.25 1.77 31 48 1.42 1
0
APP_1_Inner_Layer_0:1 0.4 0.4 1.5 1.79 45 6 2.32 1
0
APP_1_Inner_Layer_0:2 0.4666666666666667 0.4666666666666667 1.75 1.85 49 1 3.76 1
0
APP_1_Inner_Layer_1:0 0.6 0.6 2.25 1.31 13 8 3.74 1
1 2 3
APP_1_Inner_Layer_2:0 0.6 0.6 2.25 3.68 38 41 3.05 1
4
APP_1_Inner_Layer_2:1 0.6 0.6 2.25 3.11 39 8 2.54 1
4
APP_1_Inner_Layer_2:2 0.2 0.2 0.75 1.67 46 47 3.59 1
4
APP_1_Inner_Layer_3:0 0.4666666666666667 0.4666666666666667 1.75 3.39 49 43 3.81 1
5 6 7
APP_1_Output_Layer_0 0.2 0.2 0.75 3.43 5 45 2.79 1
8
6
1.6629068145118076
APP_2_Input_Layer_0 0.26666666666666666 0.26666666666666666 1.0 1.82 19 19 1.14 1

APP_2_Inner_Layer_0:0 0.3333333333333333 0.3333333333333333 1.25 1.64 44 1 3.17 1
0
APP_2_Inner_Layer_0:1 0.5333333333333333 0.5333333333333333 2.0 3.12 39 43 2.23 1
0
APP_2_Inner_Layer_1:0 0.6 0.6 2.25 1.52 23 44 2.92 1
1
APP_2_Inner_Layer_1:1 0.4 0.4 1.5 1.06 48 26 1.88 1
2
APP_2_Output_Layer_0 0.3333333333333333 0.3333333333333333 1.25 3.21 42 44 3.3 1
3 4
7
3.0767263399544236
APP_3_Input_Layer_0 0.13333333333333333 0.13333333333333333 0.5 3.61 19 45 3.58 1

APP_3_Inner_Layer_0:0 0.6 0.6 2.25 1.98 40 5 3.74 1
0
APP_3_Inner_Layer_0:1 0.26666666666666666 0.26666666666666666 1.0 1.91 3 37 2.65 1
0
APP_3_Inner_Layer_1:0 0.5333333333333333 0.5333333333333333 2.0 2.11 4 35 2.83 0
1 2
APP_3_Inner_Layer_2:0 0.3333333333333333 0.3333333333333333 1.25 1.55 11 5 3.65 1
3
APP_3_Inner_Layer_3:0 0.26666666666666666 0.26666666666666666 1.0 1.76 23 29 3.56 1
4
APP_3_Output_Layer_0 0.2 0.2 0.75 2.03 27 10 3.61 1
5
6
4.600280353986677
APP_4_Input_Layer_0 0.5333333333333333 0.5333333333333333 2.0 4.0 30 39 1.42 1

APP_4_Inner_Layer_0:0 0.5333333333333333 0.5333333333333333 2.0 2.94 8 22 2.07 1
0
APP_4_Inner_Layer_0:1 0.13333333333333333 0.13333333333333333 0.5 2.04 18 28 2.7 0
0
APP_4_Inner_Layer_0:2 0.2 0.2 0.75 2.63 17 37 1.67 0
0
APP_4_Inner_Layer_1:0 0.4666666666666667 0.4666666666666667 1.75 2.51 29 45 2.68 1
1 2 3
APP_4_Output_Layer_0 0.06666666666666667 0.06666666666666667 0.25 2.18 39 38 2.39 1
4
