10
14
16
0
APP_0_Input_Layer_0 0.26666666666666666 0.26666666666666666 1.0 2.56 42 47 3.64 1

APP_0_Inner_Layer_0:0 0.13333333333333333 0.13333333333333333 0.5 3.79 44 32 3.71 1
0
APP_0_Inner_Layer_0:1 0.26666666666666666 0.26666666666666666 1.0 2.23 34 40 1.63 0
0
APP_0_Inner_Layer_0:2 0.3333333333333333 0.3333333333333333 1.25 2.72 41 46 1.11 1
0
APP_0_Inner_Layer_0:3 0.13333333333333333 0.13333333333333333 0.5 2.2 33 14 2.37 1
0
APP_0_Inner_Layer_1:0 0.5333333333333333 0.5333333333333333 2.0 3.21 7 27 3.32 1
2 3 4
APP_0_Inner_Layer_1:1 0.4 0.4 1.5 2.41 5 25 3.19 1
1
APP_0_Inner_Layer_2:0 0.3333333333333333 0.3333333333333333 1.25 1.7 20 13 3.19 1
5
APP_0_Inner_Layer_2:1 0.5333333333333333 0.5333333333333333 2.0 3.4 38 38 1.7 0
6
APP_0_Inner_Layer_2:2 0.06666666666666667 0.06666666666666667 0.25 1.28 40 26 2.79 1
6
APP_0_Inner_Layer_2:3 0.6 0.6 2.25 3.36 40 14 3.23 1
6
APP_0_Inner_Layer_3:0 0.3333333333333333 0.3333333333333333 1.25 1.9 19 20 3.13 1
8 9 10
APP_0_Inner_Layer_3:1 0.06666666666666667 0.06666666666666667 0.25 2.55 45 47 1.84 0
7 9
APP_0_Inner_Layer_3:2 0.6 0.6 2.25 3.52 23 20 1.35 0
7 9 10
APP_0_Inner_Layer_3:3 0.4666666666666667 0.4666666666666667 1.75 2.67 7 10 3.39 1
7
APP_0_Output_Layer_0 0.4 0.4 1.5 1.7 16 43 1.7 1
11 12 13 14
8
0.2979384525663847
APP_1_Input_Layer_0 0.3333333333333333 0.3333333333333333 1.25 3.06 36 30 2.24 1

APP_1_Inner_Layer_0:0 0.4666666666666667 0.4666666666666667 1.75 2.24 3 8 1.39 1
0
APP_1_Inner_Layer_0:1 0.06666666666666667 0.06666666666666667 0.25 1.33 17 21 3.61 1
0
APP_1_Inner_Layer_0:2 0.06666666666666667 0.06666666666666667 0.25 1.41 2 36 1.76 0
0
APP_1_Inner_Layer_1:0 0.4666666666666667 0.4666666666666667 1.75 2.56 35 36 3.52 1
3
APP_1_Inner_Layer_1:1 0.4 0.4 1.5 2.03 16 19 2.9 0
1 2
APP_1_Inner_Layer_2:0 0.2 0.2 0.75 3.74 27 2 3.56 1
4 5
APP_1_Output_Layer_0 0.2 0.2 0.75 3.83 5 9 2.28 1
6
7
0.6136520028855983
APP_2_Input_Layer_0 0.4666666666666667 0.4666666666666667 1.75 1.98 48 11 2.36 1

APP_2_Inner_Layer_0:0 0.26666666666666666 0.26666666666666666 1.0 3.13 6 24 3.36 1
0
APP_2_Inner_Layer_0:1 0.26666666666666666 0.26666666666666666 1.0 2.28 45 7 1.68 0
0
APP_2_Inner_Layer_0:2 0.2 0.2 0.75 2.38 44 19 1.85 0
0
APP_2_Inner_Layer_0:3 0.06666666666666667 0.06666666666666667 0.25 1.36 22 41 3.42 1
0
APP_2_Inner_Layer_1:0 0.5333333333333333 0.5333333333333333 2.0 3.84 38 14 2.4 0
1 2 3 4
APP_2_Output_Layer_0 0.4 0.4 1.5 3.01 26 26 1.76 1
5
11
1.285055573579743
APP_3_Input_Layer_0 0.4666666666666667 0.4666666666666667 1.75 1.25 11 30 1.01 1

APP_3_Inner_Layer_0:0 0.06666666666666667 0.06666666666666667 0.25 2.38 12 1 2.42 0
0
APP_3_Inner_Layer_0:1 0.2 0.2 0.75 3.57 17 49 1.95 1
0
APP_3_Inner_Layer_1:0 0.13333333333333333 0.13333333333333333 0.5 2.65 15 6 1.6 0
1
APP_3_Inner_Layer_1:1 0.4 0.4 1.5 1.4 28 24 2.73 0
1 2
APP_3_Inner_Layer_1:2 0.06666666666666667 0.06666666666666667 0.25 2.06 10 27 1.62 0
1 2
APP_3_Inner_Layer_2:0 0.13333333333333333 0.13333333333333333 0.5 2.25 46 32 3.67 1
3 4
APP_3_Inner_Layer_2:1 0.4 0.4 1.5 1.84 17 48 3.34 1
5
APP_3_Inner_Layer_3:0 0.2 0.2 0.75 2.65 35 7 1.45 1
6 7
APP_3_Inner_Layer_3:1 0.3333333333333333 0.3333333333333333 1.25 2.34 25 34 1.18 1
6
APP_3_Output_Layer_0 0.13333333333333333 0.13333333333333333 0.5 1.52 5 4 2.84 0
8 9
6
1.9340491913225888
APP_4_Input_Layer_0 0.4666666666666667 0.4666666666666667 1.75 3.57 34 7 1.51 1

APP_4_Inner_Layer_0:0 0.4666666666666667 0.4666666666666667 1.75 3.95 24 22 2.13 0
0
APP_4_Inner_Layer_0:1 0.4 0.4 1.5 1.63 24 22 1.66 1
0
APP_4_Inner_Layer_1:0 0.26666666666666666 0.26666666666666666 1.0 1.6 1 8 3.95 0
2
APP_4_Inner_Layer_1:1 0.13333333333333333 0.13333333333333333 0.5 2.16 17 32 3.03 1
1 2
APP_4_Output_Layer_0 0.13333333333333333 0.13333333333333333 0.5 3.5 39 41 3.45 1
3 4
10
2.2363137953426513
APP_5_Input_Layer_0 0.6 0.6 2.25 3.6 24 8 3.73 1

APP_5_Inner_Layer_0:0 0.5333333333333333 0.5333333333333333 2.0 1.02 23 42 1.51 1
0
APP_5_Inner_Layer_1:0 0.4 0.4 1.5 1.2 48 29 2.76 1
1
APP_5_Inner_Layer_2:0 0.06666666666666667 0.06666666666666667 0.25 2.91 21 5 2.76 0
2
APP_5_Inner_Layer_2:1 0.4666666666666667 0.4666666666666667 1.75 1.1 6 39 1.06 1
2
APP_5_Inner_Layer_3:0 0.26666666666666666 0.26666666666666666 1.0 2.41 28 49 3.58 1
4
APP_5_Inner_Layer_3:1 0.3333333333333333 0.3333333333333333 1.25 3.47 20 32 3.1 1
3 4
APP_5_Inner_Layer_3:2 0.3333333333333333 0.3333333333333333 1.25 3.02 29 19 3.28 0
3
APP_5_Inner_Layer_3:3 0.3333333333333333 0.3333333333333333 1.25 2.1 38 41 1.23 1
3
APP_5_Output_Layer_0 0.13333333333333333 0.13333333333333333 0.5 3.76 4 35 1.08 1
5 6 7 8
6
2.5560177360996645
APP_6_Input_Layer_0 0.26666666666666666 0.26666666666666666 1.0 1.44 26 8 3.72 1

APP_6_Inner_Layer_0:0 0.13333333333333333 0.13333333333333333 0.5 3.69 31 23 2.77 1
0
APP_6_Inner_Layer_0:1 0.06666666666666667 0.06666666666666667 0.25 3.4 8 47 3.83 1
0
APP_6_Inner_Layer_0:2 0.6 0.6 2.25 3.39 10 16 1.83 0
0
APP_6_Inner_Layer_0:3 0.26666666666666666 0.26666666666666666 1.0 1.6 43 27 3.65 0
0
APP_6_Output_Layer_0 0.5333333333333333 0.5333333333333333 2.0 3.04 40 36 1.79 1
1 2 3 4
6
2.8355867792360394
APP_7_Input_Layer_0 0.2 0.2 0.75 3.38 18 3 3.22 1

APP_7_Inner_Layer_0:0 0.6 0.6 2.25 1.32 21 22 1.35 1
0
APP_7_Inner_Layer_1:0 0.06666666666666667 0.06666666666666667 0.25 3.09 28 40 1.91 0
1
APP_7_Inner_Layer_2:0 0.2 0.2 0.75 1.44 18 14 3.92 1
2
APP_7_Inner_Layer_2:1 0.06666666666666667 0.06666666666666667 0.25 1.42 47 16 2.59 1
2
APP_7_Output_Layer_0 0.5333333333333333 0.5333333333333333 2.0 1.71 24 18 3.08 1
3 4
15
3.2204588520665336
APP_8_Input_Layer_0 0.2 0.2 0.75 1.01 4 40 2.38 1

APP_8_Inner_Layer_0:0 0.2 0.2 0.75 1.99 25 1 2.23 0
0
APP_8_Inner_Layer_0:1 0.4 0.4 1.5 2.3 47 16 3.58 1
0
APP_8_Inner_Layer_0:2 0.5333333333333333 0.5333333333333333 2.0 2.12 17 37 1.36 1
0
APP_8_Inner_Layer_1:0 0.2 0.2 0.75 1.38 7 29 1.65 1
1 3
APP_8_Inner_Layer_1:1 0.3333333333333333 0.3333333333333333 1.25 1.8 45 1 2.67 1
1 2
APP_8_Inner_Layer_1:2 0.26666666666666666 0.26666666666666666 1.0 3.36 5 19 1.19 1
2
APP_8_Inner_Layer_2:0 0.6 0.6 2.25 1.33 36 14 1.32 1
4 5
APP_8_Inner_Layer_2:1 0.4 0.4 1.5 2.52 38 35 1.88 1
5
APP_8_Inner_Layer_2:2 0.26666666666666666 0.26666666666666666 1.0 3.41 20 11 3.07 0
5
APP_8_Inner_Layer_2:3 0.4 0.4 1.5 3.15 2 34 2.37 1
4 6
APP_8_Inner_Layer_3:0 0.4 0.4 1.5 2.63 37 9 2.33 0
7 8 10
APP_8_Inner_Layer_3:1 0.2 0.2 0.75 2.67 4 28 1.91 1
9
APP_8_Inner_Layer_3:2 0.26666666666666666 0.26666666666666666 1.0 2.53 16 10 1.64 1
7 8 9
APP_8_Output_Layer_0 0.26666666666666666 0.26666666666666666 1.0 2.18 21 28 3.17 1
11 12 13
13
3.5309203420139834
APP_9_Input_Layer_0 0.4 0.4 1.5 2.7 42 16 1.2 1

APP_9_Inner_Layer_0:0 0.13333333333333333 0.13333333333333333 0.5 1.8 12 26 2.43 0
0
APP_9_Inner_Layer_0:1 0.06666666666666667 0.06666666666666667 0.25 2.08 7 2 3.6 0
0
APP_9_Inner_Layer_0:2 0.6 0.6 2.25 1.21 16 20 2.99 1
0
APP_9_Inner_Layer_1:0 0.6 0.6 2.25 2.98 34 5 2.77 1
1 3
APP_9_Inner_Layer_1:1 0.4666666666666667 0.4666666666666667 1.75 2.65 41 46 2.67 1
1 2
APP_9_Inner_Layer_1:2 0.6 0.6 2.25 1.81 18 39 2.06 0
2
APP_9_Inner_Layer_2:0 0.3333333333333333 0.3333333333333333 1.25 2.43 49 26 3.01 1
4 5 6
APP_9_Inner_Layer_3:0 0.06666666666666667 0.06666666666666667 0.25 3.09 28 27 3.99 1
7
APP_9_Inner_Layer_3:1 0.5333333333333333 0.5333333333333333 2.0 1.94 6 25 1.02 0
7
APP_9_Inner_Layer_3:2 0.2 0.2 0.75 1.4 25 38 3.8 1
7
APP_9_Inner_Layer_3:3 0.5333333333333333 0.5333333333333333 2.0 2.76 16 45 3.46 1
7
APP_9_Output_Layer_0 0.26666666666666666 0.26666666666666666 1.0 2.88 7 12 1.38 1
8 9 10 11
10
4.015957310431943
APP_10_Input_Layer_0 0.06666666666666667 0.06666666666666667 0.25 2.88 32 23 3.86 1

APP_10_Inner_Layer_0:0 0.26666666666666666 0.26666666666666666 1.0 3.2 2 37 3.58 0
0
APP_10_Inner_Layer_0:1 0.13333333333333333 0.13333333333333333 0.5 3.08 34 44 1.46 0
0
APP_10_Inner_Layer_0:2 0.06666666666666667 0.06666666666666667 0.25 2.74 1 6 1.91 0
0
APP_10_Inner_Layer_1:0 0.26666666666666666 0.26666666666666666 1.0 2.98 49 35 2.79 0
1 2 3
APP_10_Inner_Layer_2:0 0.4 0.4 1.5 3.43 6 26 2.21 1
4
APP_10_Inner_Layer_2:1 0.6 0.6 2.25 2.11 18 28 2.45 1
4
APP_10_Inner_Layer_2:2 0.13333333333333333 0.13333333333333333 0.5 3.02 11 21 2.64 0
4
APP_10_Inner_Layer_2:3 0.26666666666666666 0.26666666666666666 1.0 2.47 44 39 1.93 1
4
APP_10_Output_Layer_0 0.2 0.2 0.75 3.32 21 19 2.78 1
5 6 7 8
5
4.685526791160736
APP_11_Input_Layer_0 0.6 0.6 2.25 3.34 30 33 3.25 1

APP_11_Inner_Layer_0:0 0.6 0.6 2.25 2.43 12 21 3.29 1
0
APP_11_Inner_Layer_0:1 0.4 0.4 1.5 3.7 32 8 3.44 1
0
APP_11_Inner_Layer_0:2 0.5333333333333333 0.5333333333333333 2.0 1.78 49 6 3.3 1
0
APP_11_Output_Layer_0 0.5333333333333333 0.5333333333333333 2.0 1.64 40 39 3.5 0
1 2 3
13
5.327109354152288
APP_12_Input_Layer_0 0.26666666666666666 0.26666666666666666 1.0 1.02 38 10 1.56 0

APP_12_Inner_Layer_0:0 0.4666666666666667 0.4666666666666667 1.75 2.57 46 25 2.36 1
0
APP_12_Inner_Layer_0:1 0.5333333333333333 0.5333333333333333 2.0 2.49 37 45 2.13 1
0
APP_12_Inner_Layer_0:2 0.26666666666666666 0.26666666666666666 1.0 2.76 31 11 3.52 0
0
APP_12_Inner_Layer_1:0 0.06666666666666667 0.06666666666666667 0.25 2.13 23 4 1.97 1
1 3
APP_12_Inner_Layer_1:1 0.4666666666666667 0.4666666666666667 1.75 1.51 48 34 2.0 0
1 2 3
APP_12_Inner_Layer_1:2 0.2 0.2 0.75 1.94 2 48 2.91 0
1 2 3
APP_12_Inner_Layer_1:3 0.3333333333333333 0.3333333333333333 1.25 2.39 41 43 2.86 1
2
APP_12_Inner_Layer_2:0 0.6 0.6 2.25 1.73 24 35 1.43 0
5 6
APP_12_Inner_Layer_2:1 0.4666666666666667 0.4666666666666667 1.75 1.99 27 22 3.01 0
4 7
APP_12_Inner_Layer_3:0 0.5333333333333333 0.5333333333333333 2.0 1.21 14 25 2.23 1
9
APP_12_Inner_Layer_3:1 0.5333333333333333 0.5333333333333333 2.0 3.63 6 39 3.27 0
8
APP_12_Output_Layer_0 0.4666666666666667 0.4666666666666667 1.75 1.6 48 14 2.78 1
10 11
10
5.6590670554161635
APP_13_Input_Layer_0 0.26666666666666666 0.26666666666666666 1.0 2.87 2 19 2.38 1

APP_13_Inner_Layer_0:0 0.06666666666666667 0.06666666666666667 0.25 3.13 44 20 1.73 0
0
APP_13_Inner_Layer_1:0 0.4 0.4 1.5 1.96 49 20 1.04 1
1
APP_13_Inner_Layer_1:1 0.13333333333333333 0.13333333333333333 0.5 1.79 20 14 1.99 1
1
APP_13_Inner_Layer_1:2 0.3333333333333333 0.3333333333333333 1.25 1.7 44 34 2.36 0
1
APP_13_Inner_Layer_2:0 0.6 0.6 2.25 2.49 12 44 3.79 1
3
APP_13_Inner_Layer_2:1 0.4 0.4 1.5 2.17 39 13 1.43 1
3 4
APP_13_Inner_Layer_2:2 0.26666666666666666 0.26666666666666666 1.0 2.86 49 38 3.79 1
2 4
APP_13_Inner_Layer_2:3 0.06666666666666667 0.06666666666666667 0.25 1.46 31 16 1.06 1
3 4
APP_13_Output_Layer_0 0.5333333333333333 0.5333333333333333 2.0 1.49 12 17 1.77 1
5 6 7 8
