10
14
3
0
APP_0_Input_Layer_0 0.3333333333333333 0.3333333333333333 1.25 3.46 31 19 3.52 1

APP_0_Inner_Layer_0:0 0.4 0.4 1.5 1.48 2 25 2.24 1
0
APP_0_Output_Layer_0 0.4 0.4 1.5 2.28 29 23 2.77 1
1
9
0.5192325431264434
APP_1_Input_Layer_0 0.3333333333333333 0.3333333333333333 1.25 1.37 10 40 3.64 1

APP_1_Inner_Layer_0:0 0.4 0.4 1.5 2.83 46 18 3.71 1
0
APP_1_Inner_Layer_0:1 0.26666666666666666 0.26666666666666666 1.0 1.18 17 37 3.56 1
0
APP_1_Inner_Layer_0:2 0.06666666666666667 0.06666666666666667 0.25 3.13 48 46 3.74 1
0
APP_1_Inner_Layer_1:0 0.4666666666666667 0.4666666666666667 1.75 2.03 8 20 1.05 1
3
APP_1_Inner_Layer_1:1 0.6 0.6 2.25 1.77 44 2 1.69 1
2
APP_1_Inner_Layer_1:2 0.6 0.6 2.25 1.81 26 6 3.47 1
2
APP_1_Inner_Layer_1:3 0.6 0.6 2.25 2.79 4 4 3.48 1
1 3
APP_1_Output_Layer_0 0.5333333333333333 0.5333333333333333 2.0 2.97 19 37 2.81 1
4 5 6 7
4
0.7998316456327804
APP_2_Input_Layer_0 0.26666666666666666 0.26666666666666666 1.0 2.95 26 31 1.74 1

APP_2_Inner_Layer_0:0 0.3333333333333333 0.3333333333333333 1.25 1.65 31 2 3.31 1
0
APP_2_Inner_Layer_0:1 0.6 0.6 2.25 2.15 19 9 3.44 1
0
APP_2_Output_Layer_0 0.2 0.2 0.75 3.69 27 41 2.22 1
1 2
11
1.3934852268596467
APP_3_Input_Layer_0 0.4666666666666667 0.4666666666666667 1.75 3.91 20 46 2.24 1

APP_3_Inner_Layer_0:0 0.4 0.4 1.5 1.33 48 47 1.19 0
0
APP_3_Inner_Layer_0:1 0.06666666666666667 0.06666666666666667 0.25 2.08 36 36 2.22 1
0
APP_3_Inner_Layer_0:2 0.4 0.4 1.5 1.73 34 33 2.41 0
0
APP_3_Inner_Layer_0:3 0.4666666666666667 0.4666666666666667 1.75 1.05 3 35 3.69 0
0
APP_3_Inner_Layer_1:0 0.3333333333333333 0.3333333333333333 1.25 3.34 42 49 2.51 0
3
APP_3_Inner_Layer_1:1 0.6 0.6 2.25 1.42 3 4 1.7 0
1 2 4
APP_3_Inner_Layer_2:0 0.4 0.4 1.5 2.63 1 20 3.65 0
6
APP_3_Inner_Layer_2:1 0.3333333333333333 0.3333333333333333 1.25 3.47 21 10 2.31 1
5 6
APP_3_Inner_Layer_3:0 0.5333333333333333 0.5333333333333333 2.0 3.33 37 41 1.59 1
7 8
APP_3_Output_Layer_0 0.2 0.2 0.75 2.89 8 24 2.9 0
9
5
2.0775046726417896
APP_4_Input_Layer_0 0.13333333333333333 0.13333333333333333 0.5 1.61 42 45 3.46 1

APP_4_Inner_Layer_0:0 0.13333333333333333 0.13333333333333333 0.5 3.67 5 13 2.77 1
0
APP_4_Inner_Layer_0:1 0.4 0.4 1.5 1.58 8 4 2.59 1
0
APP_4_Inner_Layer_0:2 0.4666666666666667 0.4666666666666667 1.75 1.18 47 45 3.63 1
0
APP_4_Output_Layer_0 0.2 0.2 0.75 3.56 5 31 3.05 1
1 2 3
7
2.4858228475920727
APP_5_Input_Layer_0 0.13333333333333333 0.13333333333333333 0.5 1.55 26 31 1.83 1

APP_5_Inner_Layer_0:0 0.6 0.6 2.25 2.15 49 19 3.15 1
0
APP_5_Inner_Layer_1:0 0.6 0.6 2.25 2.03 13 38 3.51 1
1
APP_5_Inner_Layer_1:1 0.4666666666666667 0.4666666666666667 1.75 3.63 6 28 3.37 1
1
APP_5_Inner_Layer_2:0 0.4 0.4 1.5 3.73 15 30 2.74 1
2
APP_5_Inner_Layer_2:1 0.4666666666666667 0.4666666666666667 1.75 2.06 11 3 2.13 1
3
APP_5_Output_Layer_0 0.4666666666666667 0.4666666666666667 1.75 1.91 20 41 2.54 1
4 5
7
3.0309835019972544
APP_6_Input_Layer_0 0.2 0.2 0.75 2.53 4 2 3.17 1

APP_6_Inner_Layer_0:0 0.06666666666666667 0.06666666666666667 0.25 1.24 32 45 3.34 1
0
APP_6_Inner_Layer_0:1 0.6 0.6 2.25 3.7 32 41 3.95 1
0
APP_6_Inner_Layer_0:2 0.4666666666666667 0.4666666666666667 1.75 3.75 32 29 3.47 1
0
APP_6_Inner_Layer_0:3 0.2 0.2 0.75 1.17 35 21 1.23 0
0
APP_6_Inner_Layer_1:0 0.26666666666666666 0.26666666666666666 1.0 3.54 30 24 2.17 1
1 2 3 4
APP_6_Output_Layer_0 0.4 0.4 1.5 1.9 37 30 2.58 1
5
3
3.3787488712242393
APP_7_Input_Layer_0 0.26666666666666666 0.26666666666666666 1.0 3.16 41 3 3.75 0

APP_7_Inner_Layer_0:0 0.6 0.6 2.25 2.47 8 43 3.9 1
0
APP_7_Output_Layer_0 0.6 0.6 2.25 3.09 5 8 3.26 1
1
5
3.9737076966915654
APP_8_Input_Layer_0 0.13333333333333333 0.13333333333333333 0.5 2.28 39 20 3.95 0

APP_8_Inner_Layer_0:0 0.3333333333333333 0.3333333333333333 1.25 2.42 38 25 2.4 1
0
APP_8_Inner_Layer_0:1 0.4666666666666667 0.4666666666666667 1.75 3.01 43 21 1.15 1
0
APP_8_Inner_Layer_1:0 0.4 0.4 1.5 3.52 24 14 2.47 1
1 2
APP_8_Output_Layer_0 0.6 0.6 2.25 3.11 13 9 3.45 1
3
11
4.622172236464395
APP_9_Input_Layer_0 0.06666666666666667 0.06666666666666667 0.25 1.85 11 9 3.41 1

APP_9_Inner_Layer_0:0 0.06666666666666667 0.06666666666666667 0.25 3.17 4 41 1.86 1
0
APP_9_Inner_Layer_0:1 0.6 0.6 2.25 1.99 35 26 2.07 0
0
APP_9_Inner_Layer_0:2 0.6 0.6 2.25 2.98 32 10 2.15 1
0
APP_9_Inner_Layer_1:0 0.2 0.2 0.75 1.75 39 7 3.84 1
1 2
APP_9_Inner_Layer_1:1 0.26666666666666666 0.26666666666666666 1.0 3.31 27 48 2.65 0
3
APP_9_Inner_Layer_1:2 0.4 0.4 1.5 1.87 19 34 1.52 0
2
APP_9_Inner_Layer_2:0 0.06666666666666667 0.06666666666666667 0.25 3.45 43 22 3.04 1
6
APP_9_Inner_Layer_2:1 0.6 0.6 2.25 3.46 38 36 1.44 1
5 6
APP_9_Inner_Layer_2:2 0.5333333333333333 0.5333333333333333 2.0 2.49 13 21 1.71 1
4
APP_9_Output_Layer_0 0.6 0.6 2.25 2.96 14 7 3.63 1
7 8 9
6
5.035992830164176
APP_10_Input_Layer_0 0.4 0.4 1.5 3.51 26 19 1.18 1

APP_10_Inner_Layer_0:0 0.3333333333333333 0.3333333333333333 1.25 2.66 10 21 1.33 1
0
APP_10_Inner_Layer_1:0 0.06666666666666667 0.06666666666666667 0.25 1.47 30 3 3.83 1
1
APP_10_Inner_Layer_1:1 0.4666666666666667 0.4666666666666667 1.75 1.42 33 3 2.79 1
1
APP_10_Inner_Layer_1:2 0.4 0.4 1.5 1.3 3 38 2.83 1
1
APP_10_Output_Layer_0 0.13333333333333333 0.13333333333333333 0.5 3.95 25 9 1.97 1
2 3 4
13
5.356683591166284
APP_11_Input_Layer_0 0.26666666666666666 0.26666666666666666 1.0 1.11 37 35 3.42 1

APP_11_Inner_Layer_0:0 0.3333333333333333 0.3333333333333333 1.25 3.38 4 49 2.77 1
0
APP_11_Inner_Layer_0:1 0.06666666666666667 0.06666666666666667 0.25 2.86 13 31 3.3 1
0
APP_11_Inner_Layer_0:2 0.06666666666666667 0.06666666666666667 0.25 3.46 9 40 2.96 0
0
APP_11_Inner_Layer_1:0 0.13333333333333333 0.13333333333333333 0.5 2.64 18 44 2.72 0
1 2
APP_11_Inner_Layer_1:1 0.4666666666666667 0.4666666666666667 1.75 2.99 33 1 1.07 1
3
APP_11_Inner_Layer_2:0 0.13333333333333333 0.13333333333333333 0.5 1.5 47 42 1.56 1
5
APP_11_Inner_Layer_2:1 0.3333333333333333 0.3333333333333333 1.25 2.0 36 22 3.23 0
4
APP_11_Inner_Layer_2:2 0.26666666666666666 0.26666666666666666 1.0 3.2 6 8 1.55 0
4
APP_11_Inner_Layer_2:3 0.4 0.4 1.5 1.95 7 35 1.7 0
5
APP_11_Inner_Layer_3:0 0.4 0.4 1.5 3.8 7 40 1.81 1
6 7 9
APP_11_Inner_Layer_3:1 0.4 0.4 1.5 1.04 15 22 1.12 1
8
APP_11_Output_Layer_0 0.4666666666666667 0.4666666666666667 1.75 2.74 27 40 2.87 1
10 11
8
5.846905571522793
APP_12_Input_Layer_0 0.13333333333333333 0.13333333333333333 0.5 3.61 41 48 2.63 1

APP_12_Inner_Layer_0:0 0.13333333333333333 0.13333333333333333 0.5 2.61 21 29 2.82 1
0
APP_12_Inner_Layer_1:0 0.06666666666666667 0.06666666666666667 0.25 3.47 2 22 2.48 0
1
APP_12_Inner_Layer_1:1 0.2 0.2 0.75 1.63 18 33 3.33 1
1
APP_12_Inner_Layer_1:2 0.5333333333333333 0.5333333333333333 2.0 2.27 48 33 1.07 0
1
APP_12_Inner_Layer_1:3 0.5333333333333333 0.5333333333333333 2.0 1.66 13 7 3.66 1
1
APP_12_Inner_Layer_2:0 0.26666666666666666 0.26666666666666666 1.0 2.63 31 20 2.66 1
2 3 4 5
APP_12_Output_Layer_0 0.26666666666666666 0.26666666666666666 1.0 2.08 33 42 1.12 1
6
9
6.512747602651421
APP_13_Input_Layer_0 0.6 0.6 2.25 1.86 28 46 2.49 0

APP_13_Inner_Layer_0:0 0.06666666666666667 0.06666666666666667 0.25 3.64 32 33 3.24 1
0
APP_13_Inner_Layer_0:1 0.5333333333333333 0.5333333333333333 2.0 1.05 44 39 2.37 1
0
APP_13_Inner_Layer_0:2 0.3333333333333333 0.3333333333333333 1.25 2.49 35 25 2.92 1
0
APP_13_Inner_Layer_1:0 0.13333333333333333 0.13333333333333333 0.5 1.96 48 28 2.78 0
1 2 3
APP_13_Inner_Layer_2:0 0.13333333333333333 0.13333333333333333 0.5 3.82 38 25 3.67 0
4
APP_13_Inner_Layer_2:1 0.6 0.6 2.25 3.23 39 25 2.19 1
4
APP_13_Inner_Layer_2:2 0.26666666666666666 0.26666666666666666 1.0 3.8 19 30 1.63 0
4
APP_13_Output_Layer_0 0.5333333333333333 0.5333333333333333 2.0 3.95 14 35 1.73 1
5 6 7
