10
14
13
0
APP_0_Input_Layer_0 0.26666666666666666 0.26666666666666666 1.0 3.44 16 5 2.27 1

APP_0_Inner_Layer_0:0 0.2 0.2 0.75 3.7 5 48 3.47 1
0
APP_0_Inner_Layer_0:1 0.13333333333333333 0.13333333333333333 0.5 1.13 19 17 2.77 1
0
APP_0_Inner_Layer_0:2 0.4 0.4 1.5 3.81 35 46 3.98 1
0
APP_0_Inner_Layer_1:0 0.06666666666666667 0.06666666666666667 0.25 3.34 9 42 2.97 1
2 3
APP_0_Inner_Layer_1:1 0.4 0.4 1.5 3.66 5 33 1.59 1
1 2
APP_0_Inner_Layer_1:2 0.4666666666666667 0.4666666666666667 1.75 3.9 36 4 2.88 1
2
APP_0_Inner_Layer_2:0 0.4666666666666667 0.4666666666666667 1.75 3.44 45 18 1.59 0
6
APP_0_Inner_Layer_2:1 0.3333333333333333 0.3333333333333333 1.25 1.59 31 39 2.83 0
4 5
APP_0_Inner_Layer_2:2 0.5333333333333333 0.5333333333333333 2.0 2.86 30 49 1.78 1
4 5
APP_0_Inner_Layer_2:3 0.06666666666666667 0.06666666666666667 0.25 1.4 11 8 3.37 0
6
APP_0_Inner_Layer_3:0 0.26666666666666666 0.26666666666666666 1.0 2.38 29 29 1.75 0
7 8 9 10
APP_0_Output_Layer_0 0.6 0.6 2.25 1.4 21 10 2.77 1
11
7
0.492341503982032
APP_1_Input_Layer_0 0.6 0.6 2.25 1.52 13 14 3.29 1

APP_1_Inner_Layer_0:0 0.4666666666666667 0.4666666666666667 1.75 1.65 36 49 2.96 1
0
APP_1_Inner_Layer_1:0 0.26666666666666666 0.26666666666666666 1.0 3.02 24 3 1.87 0
1
APP_1_Inner_Layer_1:1 0.6 0.6 2.25 3.49 36 31 3.31 1
1
APP_1_Inner_Layer_1:2 0.26666666666666666 0.26666666666666666 1.0 1.22 47 3 3.75 1
1
APP_1_Inner_Layer_1:3 0.6 0.6 2.25 1.1 20 36 1.77 1
1
APP_1_Output_Layer_0 0.2 0.2 0.75 2.82 45 7 1.83 1
2 3 4 5
5
1.031268308878928
APP_2_Input_Layer_0 0.26666666666666666 0.26666666666666666 1.0 1.49 37 47 3.65 1

APP_2_Inner_Layer_0:0 0.2 0.2 0.75 1.79 15 3 2.67 0
0
APP_2_Inner_Layer_0:1 0.6 0.6 2.25 2.81 8 38 2.9 0
0
APP_2_Inner_Layer_0:2 0.13333333333333333 0.13333333333333333 0.5 1.4 26 29 1.82 1
0
APP_2_Output_Layer_0 0.06666666666666667 0.06666666666666667 0.25 2.16 33 17 2.26 1
1 2 3
5
1.3888427624866955
APP_3_Input_Layer_0 0.4666666666666667 0.4666666666666667 1.75 2.08 17 47 3.63 1

APP_3_Inner_Layer_0:0 0.5333333333333333 0.5333333333333333 2.0 2.57 36 29 3.72 0
0
APP_3_Inner_Layer_1:0 0.13333333333333333 0.13333333333333333 0.5 1.02 11 24 2.28 0
1
APP_3_Inner_Layer_1:1 0.26666666666666666 0.26666666666666666 1.0 2.4 1 26 1.2 1
1
APP_3_Output_Layer_0 0.3333333333333333 0.3333333333333333 1.25 2.18 3 46 3.62 1
2 3
14
1.6916009964960348
APP_4_Input_Layer_0 0.4 0.4 1.5 2.17 5 40 2.96 1

APP_4_Inner_Layer_0:0 0.5333333333333333 0.5333333333333333 2.0 1.54 8 22 1.48 0
0
APP_4_Inner_Layer_0:1 0.26666666666666666 0.26666666666666666 1.0 3.15 21 31 3.25 1
0
APP_4_Inner_Layer_0:2 0.4666666666666667 0.4666666666666667 1.75 1.72 42 33 3.62 0
0
APP_4_Inner_Layer_0:3 0.4 0.4 1.5 1.56 33 15 1.29 1
0
APP_4_Inner_Layer_1:0 0.13333333333333333 0.13333333333333333 0.5 2.26 30 22 1.39 1
3 4
APP_4_Inner_Layer_1:1 0.6 0.6 2.25 2.19 4 27 3.35 0
1 2
APP_4_Inner_Layer_2:0 0.6 0.6 2.25 1.61 43 25 2.17 0
5
APP_4_Inner_Layer_2:1 0.3333333333333333 0.3333333333333333 1.25 1.62 29 19 3.3 0
5 6
APP_4_Inner_Layer_2:2 0.2 0.2 0.75 1.62 44 10 1.79 1
6
APP_4_Inner_Layer_3:0 0.13333333333333333 0.13333333333333333 0.5 2.97 38 16 2.73 1
9
APP_4_Inner_Layer_3:1 0.3333333333333333 0.3333333333333333 1.25 3.66 2 18 1.4 1
7 8
APP_4_Inner_Layer_3:2 0.4 0.4 1.5 3.85 43 28 2.83 1
7 9
APP_4_Output_Layer_0 0.13333333333333333 0.13333333333333333 0.5 1.62 32 45 1.46 1
10 11 12
8
1.9986727811816984
APP_5_Input_Layer_0 0.13333333333333333 0.13333333333333333 0.5 2.57 28 45 2.36 0

APP_5_Inner_Layer_0:0 0.5333333333333333 0.5333333333333333 2.0 1.45 49 4 1.49 1
0
APP_5_Inner_Layer_0:1 0.06666666666666667 0.06666666666666667 0.25 1.47 36 15 1.42 1
0
APP_5_Inner_Layer_0:2 0.2 0.2 0.75 1.14 33 2 3.27 0
0
APP_5_Inner_Layer_1:0 0.2 0.2 0.75 3.86 9 44 3.31 1
1 2 3
APP_5_Inner_Layer_2:0 0.3333333333333333 0.3333333333333333 1.25 1.4 4 7 2.59 0
4
APP_5_Inner_Layer_2:1 0.2 0.2 0.75 2.89 36 15 3.16 1
4
APP_5_Output_Layer_0 0.4666666666666667 0.4666666666666667 1.75 1.88 14 43 2.27 1
5 6
7
2.670254593653112
APP_6_Input_Layer_0 0.2 0.2 0.75 1.05 16 31 2.55 1

APP_6_Inner_Layer_0:0 0.5333333333333333 0.5333333333333333 2.0 2.45 9 44 3.85 1
0
APP_6_Inner_Layer_1:0 0.26666666666666666 0.26666666666666666 1.0 2.74 49 17 3.8 0
1
APP_6_Inner_Layer_2:0 0.3333333333333333 0.3333333333333333 1.25 3.67 29 16 1.81 1
2
APP_6_Inner_Layer_3:0 0.26666666666666666 0.26666666666666666 1.0 3.4 36 19 3.15 0
3
APP_6_Inner_Layer_3:1 0.3333333333333333 0.3333333333333333 1.25 3.19 28 44 2.86 0
3
APP_6_Output_Layer_0 0.2 0.2 0.75 3.17 16 21 1.13 0
4 5
8
3.022824565676948
APP_7_Input_Layer_0 0.4 0.4 1.5 2.24 7 46 3.43 1

APP_7_Inner_Layer_0:0 0.6 0.6 2.25 3.9 39 35 1.07 1
0
APP_7_Inner_Layer_1:0 0.06666666666666667 0.06666666666666667 0.25 1.73 43 5 1.86 1
1
APP_7_Inner_Layer_1:1 0.3333333333333333 0.3333333333333333 1.25 1.56 9 17 1.4 1
1
APP_7_Inner_Layer_1:2 0.4 0.4 1.5 2.29 37 18 3.7 0
1
APP_7_Inner_Layer_2:0 0.6 0.6 2.25 1.33 21 31 2.95 1
3 4
APP_7_Inner_Layer_2:1 0.3333333333333333 0.3333333333333333 1.25 3.0 25 3 1.52 1
2
APP_7_Output_Layer_0 0.3333333333333333 0.3333333333333333 1.25 3.81 26 29 2.15 1
5 6
13
3.6027675679071183
APP_8_Input_Layer_0 0.3333333333333333 0.3333333333333333 1.25 1.43 18 8 2.57 1

APP_8_Inner_Layer_0:0 0.06666666666666667 0.06666666666666667 0.25 2.88 14 6 3.58 1
0
APP_8_Inner_Layer_0:1 0.06666666666666667 0.06666666666666667 0.25 3.17 20 13 1.62 1
0
APP_8_Inner_Layer_1:0 0.4666666666666667 0.4666666666666667 1.75 3.69 44 47 3.71 1
1
APP_8_Inner_Layer_1:1 0.5333333333333333 0.5333333333333333 2.0 1.68 43 11 3.29 1
1 2
APP_8_Inner_Layer_1:2 0.06666666666666667 0.06666666666666667 0.25 1.05 11 44 2.6 1
1
APP_8_Inner_Layer_2:0 0.6 0.6 2.25 2.85 43 43 1.88 1
4 5
APP_8_Inner_Layer_2:1 0.5333333333333333 0.5333333333333333 2.0 2.71 29 42 3.98 1
3 5
APP_8_Inner_Layer_2:2 0.06666666666666667 0.06666666666666667 0.25 2.94 24 45 3.08 1
3 4
APP_8_Inner_Layer_3:0 0.06666666666666667 0.06666666666666667 0.25 2.66 25 20 1.31 1
6
APP_8_Inner_Layer_3:1 0.06666666666666667 0.06666666666666667 0.25 1.21 3 29 2.9 0
7 8
APP_8_Inner_Layer_3:2 0.4666666666666667 0.4666666666666667 1.75 1.92 27 44 2.24 1
6
APP_8_Output_Layer_0 0.4666666666666667 0.4666666666666667 1.75 1.65 17 11 3.32 0
9 10 11
8
4.133737775669241
APP_9_Input_Layer_0 0.5333333333333333 0.5333333333333333 2.0 1.24 38 31 3.87 1

APP_9_Inner_Layer_0:0 0.06666666666666667 0.06666666666666667 0.25 3.91 4 25 2.02 1
0
APP_9_Inner_Layer_0:1 0.4666666666666667 0.4666666666666667 1.75 3.07 15 37 2.09 0
0
APP_9_Inner_Layer_0:2 0.26666666666666666 0.26666666666666666 1.0 3.98 6 22 3.93 1
0
APP_9_Inner_Layer_1:0 0.6 0.6 2.25 3.2 38 21 1.72 1
2
APP_9_Inner_Layer_1:1 0.13333333333333333 0.13333333333333333 0.5 3.89 17 47 2.36 1
2 3
APP_9_Inner_Layer_1:2 0.4 0.4 1.5 1.95 35 8 3.61 0
1 3
APP_9_Output_Layer_0 0.3333333333333333 0.3333333333333333 1.25 3.96 37 36 1.11 1
4 5 6
4
4.606640787389113
APP_10_Input_Layer_0 0.2 0.2 0.75 2.63 15 49 1.67 1

APP_10_Inner_Layer_0:0 0.4666666666666667 0.4666666666666667 1.75 2.77 26 21 2.57 1
0
APP_10_Inner_Layer_0:1 0.3333333333333333 0.3333333333333333 1.25 2.26 22 46 1.21 0
0
APP_10_Output_Layer_0 0.2 0.2 0.75 2.98 41 9 1.55 1
1 2
4
5.085433352286358
APP_11_Input_Layer_0 0.26666666666666666 0.26666666666666666 1.0 2.45 45 46 1.92 1

APP_11_Inner_Layer_0:0 0.4666666666666667 0.4666666666666667 1.75 2.28 6 48 2.7 1
0
APP_11_Inner_Layer_0:1 0.06666666666666667 0.06666666666666667 0.25 3.81 36 21 1.81 0
0
APP_11_Output_Layer_0 0.26666666666666666 0.26666666666666666 1.0 3.37 49 2 2.73 1
1 2
4
5.790528969899848
APP_12_Input_Layer_0 0.06666666666666667 0.06666666666666667 0.25 2.81 22 18 3.06 1

APP_12_Inner_Layer_0:0 0.6 0.6 2.25 3.88 46 34 2.5 1
0
APP_12_Inner_Layer_1:0 0.13333333333333333 0.13333333333333333 0.5 1.56 25 20 3.12 1
1
APP_12_Output_Layer_0 0.4 0.4 1.5 2.74 2 23 2.71 0
2
9
6.296889175812611
APP_13_Input_Layer_0 0.3333333333333333 0.3333333333333333 1.25 3.94 2 7 3.11 1

APP_13_Inner_Layer_0:0 0.2 0.2 0.75 1.41 18 26 3.35 1
0
APP_13_Inner_Layer_1:0 0.13333333333333333 0.13333333333333333 0.5 2.94 3 24 1.01 0
1
APP_13_Inner_Layer_1:1 0.2 0.2 0.75 1.07 45 37 2.76 1
1
APP_13_Inner_Layer_2:0 0.13333333333333333 0.13333333333333333 0.5 1.29 26 45 3.07 0
3
APP_13_Inner_Layer_2:1 0.5333333333333333 0.5333333333333333 2.0 1.84 7 49 3.79 0
2
APP_13_Inner_Layer_2:2 0.06666666666666667 0.06666666666666667 0.25 3.24 9 38 2.05 1
2 3
APP_13_Inner_Layer_3:0 0.6 0.6 2.25 1.14 6 15 3.0 1
4 5 6
APP_13_Output_Layer_0 0.4666666666666667 0.4666666666666667 1.75 1.29 9 39 2.42 1
7
