10
14
8
0
APP_0_Input_Layer_0 0.13333333333333333 0.13333333333333333 0.5 1.72 9 35 2.73 1

APP_0_Inner_Layer_0:0 0.6 0.6 2.25 3.83 48 27 2.98 1
0
APP_0_Inner_Layer_1:0 0.2 0.2 0.75 3.87 44 9 3.09 1
1
APP_0_Inner_Layer_2:0 0.3333333333333333 0.3333333333333333 1.25 1.32 9 26 3.17 0
2
APP_0_Inner_Layer_2:1 0.6 0.6 2.25 2.34 6 21 3.3 0
2
APP_0_Inner_Layer_2:2 0.4666666666666667 0.4666666666666667 1.75 3.15 13 7 3.46 1
2
APP_0_Inner_Layer_2:3 0.13333333333333333 0.13333333333333333 0.5 1.04 24 13 2.76 1
2
APP_0_Output_Layer_0 0.2 0.2 0.75 1.95 36 48 2.36 1
3 4 5 6
10
0.6322408518765308
APP_1_Input_Layer_0 0.26666666666666666 0.26666666666666666 1.0 2.57 26 17 2.05 1

APP_1_Inner_Layer_0:0 0.3333333333333333 0.3333333333333333 1.25 1.03 12 46 2.3 1
0
APP_1_Inner_Layer_0:1 0.06666666666666667 0.06666666666666667 0.25 2.15 24 22 3.82 1
0
APP_1_Inner_Layer_1:0 0.13333333333333333 0.13333333333333333 0.5 3.74 8 49 1.63 0
1
APP_1_Inner_Layer_1:1 0.26666666666666666 0.26666666666666666 1.0 3.53 48 15 1.15 1
1 2
APP_1_Inner_Layer_2:0 0.3333333333333333 0.3333333333333333 1.25 3.27 43 12 2.44 1
3 4
APP_1_Inner_Layer_3:0 0.5333333333333333 0.5333333333333333 2.0 1.18 20 22 2.61 1
5
APP_1_Inner_Layer_3:1 0.06666666666666667 0.06666666666666667 0.25 1.04 44 35 1.65 0
5
APP_1_Inner_Layer_3:2 0.06666666666666667 0.06666666666666667 0.25 1.05 2 24 1.59 0
5
APP_1_Output_Layer_0 0.06666666666666667 0.06666666666666667 0.25 3.8 7 18 2.9 1
6 7 8
14
0.9915262518913883
APP_2_Input_Layer_0 0.13333333333333333 0.13333333333333333 0.5 1.69 8 39 1.32 1

APP_2_Inner_Layer_0:0 0.5333333333333333 0.5333333333333333 2.0 1.91 45 38 2.8 1
0
APP_2_Inner_Layer_0:1 0.06666666666666667 0.06666666666666667 0.25 1.69 4 46 2.72 1
0
APP_2_Inner_Layer_0:2 0.6 0.6 2.25 3.4 17 1 3.46 0
0
APP_2_Inner_Layer_0:3 0.5333333333333333 0.5333333333333333 2.0 2.68 40 41 3.32 1
0
APP_2_Inner_Layer_1:0 0.5333333333333333 0.5333333333333333 2.0 3.21 9 7 1.02 1
1 3
APP_2_Inner_Layer_1:1 0.5333333333333333 0.5333333333333333 2.0 1.7 1 4 3.11 1
1
APP_2_Inner_Layer_1:2 0.3333333333333333 0.3333333333333333 1.25 3.77 48 43 2.61 1
1 4
APP_2_Inner_Layer_1:3 0.6 0.6 2.25 3.66 22 42 2.54 1
2
APP_2_Inner_Layer_2:0 0.13333333333333333 0.13333333333333333 0.5 3.08 32 33 2.39 0
6
APP_2_Inner_Layer_2:1 0.13333333333333333 0.13333333333333333 0.5 1.67 23 38 1.67 0
7
APP_2_Inner_Layer_2:2 0.4666666666666667 0.4666666666666667 1.75 2.2 35 21 3.12 1
5 6 8
APP_2_Inner_Layer_3:0 0.4666666666666667 0.4666666666666667 1.75 3.74 10 49 3.79 0
9 10 11
APP_2_Output_Layer_0 0.5333333333333333 0.5333333333333333 2.0 1.54 38 15 1.82 1
12
7
1.273589175703251
APP_3_Input_Layer_0 0.4666666666666667 0.4666666666666667 1.75 1.5 29 22 1.85 1

APP_3_Inner_Layer_0:0 0.4666666666666667 0.4666666666666667 1.75 1.93 5 9 1.63 1
0
APP_3_Inner_Layer_1:0 0.4666666666666667 0.4666666666666667 1.75 2.97 45 48 1.16 0
1
APP_3_Inner_Layer_2:0 0.13333333333333333 0.13333333333333333 0.5 2.48 49 5 2.15 1
2
APP_3_Inner_Layer_3:0 0.4 0.4 1.5 2.51 44 4 3.81 1
3
APP_3_Inner_Layer_3:1 0.4 0.4 1.5 1.13 25 5 2.66 0
3
APP_3_Output_Layer_0 0.4 0.4 1.5 1.48 13 1 3.61 1
4 5
12
1.6445861126186334
APP_4_Input_Layer_0 0.06666666666666667 0.06666666666666667 0.25 2.48 20 10 3.57 0

APP_4_Inner_Layer_0:0 0.26666666666666666 0.26666666666666666 1.0 3.72 39 42 1.27 0
0
APP_4_Inner_Layer_0:1 0.4 0.4 1.5 3.18 18 22 3.72 1
0
APP_4_Inner_Layer_0:2 0.3333333333333333 0.3333333333333333 1.25 1.79 38 24 3.61 1
0
APP_4_Inner_Layer_0:3 0.06666666666666667 0.06666666666666667 0.25 2.94 42 13 3.78 1
0
APP_4_Inner_Layer_1:0 0.13333333333333333 0.13333333333333333 0.5 3.14 45 33 2.36 1
1 3 4
APP_4_Inner_Layer_1:1 0.06666666666666667 0.06666666666666667 0.25 1.23 32 3 2.2 1
1
APP_4_Inner_Layer_1:2 0.3333333333333333 0.3333333333333333 1.25 1.84 49 34 1.91 1
2 3
APP_4_Inner_Layer_2:0 0.5333333333333333 0.5333333333333333 2.0 1.15 1 44 2.77 1
6
APP_4_Inner_Layer_2:1 0.5333333333333333 0.5333333333333333 2.0 1.45 42 45 2.32 0
5
APP_4_Inner_Layer_2:2 0.26666666666666666 0.26666666666666666 1.0 3.45 18 14 1.3 1
5 7
APP_4_Output_Layer_0 0.2 0.2 0.75 3.08 22 37 3.26 1
8 9 10
12
2.1778025397356258
APP_5_Input_Layer_0 0.4666666666666667 0.4666666666666667 1.75 2.53 2 39 2.0 1

APP_5_Inner_Layer_0:0 0.13333333333333333 0.13333333333333333 0.5 1.69 44 7 2.34 0
0
APP_5_Inner_Layer_0:1 0.13333333333333333 0.13333333333333333 0.5 1.7 24 47 1.06 0
0
APP_5_Inner_Layer_1:0 0.5333333333333333 0.5333333333333333 2.0 2.89 23 19 1.36 1
1
APP_5_Inner_Layer_1:1 0.5333333333333333 0.5333333333333333 2.0 1.09 9 5 2.82 1
2
APP_5_Inner_Layer_1:2 0.2 0.2 0.75 1.75 39 6 1.28 1
2
APP_5_Inner_Layer_1:3 0.6 0.6 2.25 1.65 5 37 2.24 1
1
APP_5_Inner_Layer_2:0 0.3333333333333333 0.3333333333333333 1.25 3.4 45 16 3.1 0
3 4 5 6
APP_5_Inner_Layer_3:0 0.5333333333333333 0.5333333333333333 2.0 2.04 29 38 2.29 0
7
APP_5_Inner_Layer_3:1 0.26666666666666666 0.26666666666666666 1.0 3.39 33 20 2.29 0
7
APP_5_Inner_Layer_3:2 0.4666666666666667 0.4666666666666667 1.75 2.98 11 22 3.49 1
7
APP_5_Output_Layer_0 0.13333333333333333 0.13333333333333333 0.5 1.66 33 49 3.02 1
8 9 10
8
2.5566318415599207
APP_6_Input_Layer_0 0.4 0.4 1.5 2.3 38 1 1.54 1

APP_6_Inner_Layer_0:0 0.2 0.2 0.75 3.24 7 3 1.25 0
0
APP_6_Inner_Layer_0:1 0.3333333333333333 0.3333333333333333 1.25 1.13 40 2 1.0 1
0
APP_6_Inner_Layer_1:0 0.4 0.4 1.5 2.31 21 48 2.23 1
1 2
APP_6_Inner_Layer_1:1 0.4666666666666667 0.4666666666666667 1.75 2.5 41 9 2.16 1
1 2
APP_6_Inner_Layer_1:2 0.5333333333333333 0.5333333333333333 2.0 2.49 42 4 2.9 1
2
APP_6_Inner_Layer_1:3 0.4666666666666667 0.4666666666666667 1.75 3.95 29 13 2.0 1
1
APP_6_Output_Layer_0 0.13333333333333333 0.13333333333333333 0.5 1.34 24 30 3.79 1
3 4 5 6
9
2.8814869637471516
APP_7_Input_Layer_0 0.3333333333333333 0.3333333333333333 1.25 3.96 5 38 1.43 1

APP_7_Inner_Layer_0:0 0.06666666666666667 0.06666666666666667 0.25 3.64 28 4 3.76 1
0
APP_7_Inner_Layer_1:0 0.3333333333333333 0.3333333333333333 1.25 1.56 14 47 1.72 0
1
APP_7_Inner_Layer_1:1 0.26666666666666666 0.26666666666666666 1.0 3.82 38 33 3.42 0
1
APP_7_Inner_Layer_2:0 0.13333333333333333 0.13333333333333333 0.5 3.66 16 40 1.25 1
2 3
APP_7_Inner_Layer_3:0 0.2 0.2 0.75 2.02 7 23 1.28 0
4
APP_7_Inner_Layer_3:1 0.6 0.6 2.25 1.79 21 19 1.22 1
4
APP_7_Inner_Layer_3:2 0.13333333333333333 0.13333333333333333 0.5 1.53 49 2 2.47 1
4
APP_7_Output_Layer_0 0.2 0.2 0.75 2.26 26 3 3.71 1
5 6 7
8
3.2198136746958435
APP_8_Input_Layer_0 0.6 0.6 2.25 3.97 8 2 2.63 1

APP_8_Inner_Layer_0:0 0.6 0.6 2.25 3.98 19 22 1.86 1
0
APP_8_Inner_Layer_0:1 0.4 0.4 1.5 1.41 3 10 1.82 1
0
APP_8_Inner_Layer_0:2 0.3333333333333333 0.3333333333333333 1.25 2.52 24 42 1.17 1
0
APP_8_Inner_Layer_1:0 0.06666666666666667 0.06666666666666667 0.25 2.75 32 35 1.55 1
1 2
APP_8_Inner_Layer_1:1 0.4 0.4 1.5 2.3 35 25 2.7 0
3
APP_8_Inner_Layer_2:0 0.6 0.6 2.25 2.44 5 8 1.26 1
4 5
APP_8_Output_Layer_0 0.5333333333333333 0.5333333333333333 2.0 2.21 27 35 3.73 1
6
16
3.647539139887146
APP_9_Input_Layer_0 0.3333333333333333 0.3333333333333333 1.25 3.79 22 42 1.08 0

APP_9_Inner_Layer_0:0 0.3333333333333333 0.3333333333333333 1.25 1.52 28 21 1.31 1
0
APP_9_Inner_Layer_0:1 0.4666666666666667 0.4666666666666667 1.75 1.47 21 7 3.57 0
0
APP_9_Inner_Layer_0:2 0.3333333333333333 0.3333333333333333 1.25 1.89 15 26 2.16 1
0
APP_9_Inner_Layer_0:3 0.06666666666666667 0.06666666666666667 0.25 3.74 22 27 1.47 1
0
APP_9_Inner_Layer_1:0 0.6 0.6 2.25 3.92 12 2 2.64 1
2 3
APP_9_Inner_Layer_1:1 0.4 0.4 1.5 2.22 35 39 1.71 1
2 3
APP_9_Inner_Layer_1:2 0.26666666666666666 0.26666666666666666 1.0 2.01 32 49 3.8 1
1 2 4
APP_9_Inner_Layer_1:3 0.06666666666666667 0.06666666666666667 0.25 1.22 22 21 2.31 1
1 3 4
APP_9_Inner_Layer_2:0 0.5333333333333333 0.5333333333333333 2.0 2.41 21 5 3.11 1
5
APP_9_Inner_Layer_2:1 0.2 0.2 0.75 1.8 34 43 3.12 1
5 6 7
APP_9_Inner_Layer_2:2 0.6 0.6 2.25 1.62 9 4 3.62 1
8
APP_9_Inner_Layer_3:0 0.26666666666666666 0.26666666666666666 1.0 2.89 41 36 1.65 1
9
APP_9_Inner_Layer_3:1 0.2 0.2 0.75 2.32 30 8 3.82 0
11 9
APP_9_Inner_Layer_3:2 0.6 0.6 2.25 1.64 12 16 2.78 1
9 10 11
APP_9_Output_Layer_0 0.6 0.6 2.25 2.55 4 25 2.1 1
12 13 14
3
4.220501921561261
APP_10_Input_Layer_0 0.4666666666666667 0.4666666666666667 1.75 1.05 1 18 1.23 1

APP_10_Inner_Layer_0:0 0.4 0.4 1.5 3.92 4 16 1.65 0
0
APP_10_Output_Layer_0 0.5333333333333333 0.5333333333333333 2.0 3.96 4 33 1.67 1
1
12
4.524531696797954
APP_11_Input_Layer_0 0.26666666666666666 0.26666666666666666 1.0 3.83 11 11 3.67 1

APP_11_Inner_Layer_0:0 0.3333333333333333 0.3333333333333333 1.25 3.93 13 40 1.59 1
0
APP_11_Inner_Layer_0:1 0.06666666666666667 0.06666666666666667 0.25 1.36 33 24 2.28 0
0
APP_11_Inner_Layer_0:2 0.4 0.4 1.5 3.64 20 47 2.17 1
0
APP_11_Inner_Layer_1:0 0.5333333333333333 0.5333333333333333 2.0 2.86 25 45 2.84 1
1 3
APP_11_Inner_Layer_1:1 0.4666666666666667 0.4666666666666667 1.75 2.13 6 32 1.99 0
3
APP_11_Inner_Layer_1:2 0.4 0.4 1.5 2.09 26 38 2.4 1
2
APP_11_Inner_Layer_1:3 0.2 0.2 0.75 1.03 21 36 2.71 1
1
APP_11_Inner_Layer_2:0 0.2 0.2 0.75 1.34 42 43 2.34 0
7
APP_11_Inner_Layer_2:1 0.3333333333333333 0.3333333333333333 1.25 2.87 9 48 1.92 0
4 6
APP_11_Inner_Layer_2:2 0.06666666666666667 0.06666666666666667 0.25 2.86 7 42 2.1 1
4 5 6 7
APP_11_Output_Layer_0 0.06666666666666667 0.06666666666666667 0.25 2.55 23 22 2.11 1
8 9 10
7
4.93006462412148
APP_12_Input_Layer_0 0.26666666666666666 0.26666666666666666 1.0 3.76 45 32 1.79 1

APP_12_Inner_Layer_0:0 0.6 0.6 2.25 2.05 18 36 1.11 1
0
APP_12_Inner_Layer_1:0 0.13333333333333333 0.13333333333333333 0.5 1.56 22 37 3.89 0
1
APP_12_Inner_Layer_1:1 0.2 0.2 0.75 4.0 1 7 1.95 1
1
APP_12_Inner_Layer_2:0 0.2 0.2 0.75 2.94 14 44 2.53 1
2
APP_12_Inner_Layer_2:1 0.13333333333333333 0.13333333333333333 0.5 1.78 10 30 1.4 1
3
APP_12_Output_Layer_0 0.13333333333333333 0.13333333333333333 0.5 1.83 11 48 3.75 1
4 5
3
5.549542985161567
APP_13_Input_Layer_0 0.06666666666666667 0.06666666666666667 0.25 2.33 44 29 1.1 1

APP_13_Inner_Layer_0:0 0.4 0.4 1.5 3.44 33 9 3.84 1
0
APP_13_Output_Layer_0 0.5333333333333333 0.5333333333333333 2.0 1.7 14 38 3.27 0
1
