10
14
12
0
APP_0_Input_Layer_0 0.13333333333333333 0.13333333333333333 0.5 3.31 12 31 3.07 1

APP_0_Inner_Layer_0:0 0.06666666666666667 0.06666666666666667 0.25 1.72 23 36 2.85 1
0
APP_0_Inner_Layer_1:0 0.2 0.2 0.75 1.7 12 11 2.98 0
1
APP_0_Inner_Layer_1:1 0.4 0.4 1.5 1.43 9 12 2.81 1
1
APP_0_Inner_Layer_1:2 0.4666666666666667 0.4666666666666667 1.75 1.38 28 1 1.61 0
1
APP_0_Inner_Layer_1:3 0.2 0.2 0.75 3.91 39 10 3.19 0
1
APP_0_Inner_Layer_2:0 0.3333333333333333 0.3333333333333333 1.25 1.29 22 33 1.26 1
2 3 4 5
APP_0_Inner_Layer_3:0 0.26666666666666666 0.26666666666666666 1.0 3.2 12 21 1.4 1
6
APP_0_Inner_Layer_3:1 0.3333333333333333 0.3333333333333333 1.25 1.74 5 39 2.22 1
6
APP_0_Inner_Layer_3:2 0.4666666666666667 0.4666666666666667 1.75 2.93 33 9 1.53 1
6
APP_0_Inner_Layer_3:3 0.4 0.4 1.5 2.15 24 30 1.35 0
6
APP_0_Output_Layer_0 0.06666666666666667 0.06666666666666667 0.25 1.1 20 45 2.59 1
7 8 9 10
7
0.43020884137692617
APP_1_Input_Layer_0 0.4 0.4 1.5 1.56 40 15 1.61 1

APP_1_Inner_Layer_0:0 0.6 0.6 2.25 1.07 2 29 1.9 0
0
APP_1_Inner_Layer_0:1 0.4 0.4 1.5 3.34 35 32 3.84 0
0
APP_1_Inner_Layer_0:2 0.4 0.4 1.5 1.09 8 45 1.97 0
0
APP_1_Inner_Layer_0:3 0.3333333333333333 0.3333333333333333 1.25 2.65 16 8 2.36 1
0
APP_1_Inner_Layer_1:0 0.06666666666666667 0.06666666666666667 0.25 3.57 35 17 3.3 0
1 2 3 4
APP_1_Output_Layer_0 0.4666666666666667 0.4666666666666667 1.75 3.89 11 15 1.83 1
5
6
0.7598085905114864
APP_2_Input_Layer_0 0.26666666666666666 0.26666666666666666 1.0 2.56 21 23 1.04 1

APP_2_Inner_Layer_0:0 0.6 0.6 2.25 3.5 22 10 2.93 1
0
APP_2_Inner_Layer_0:1 0.4 0.4 1.5 2.73 29 31 1.64 1
0
APP_2_Inner_Layer_0:2 0.4 0.4 1.5 3.38 21 30 2.63 1
0
APP_2_Inner_Layer_1:0 0.2 0.2 0.75 1.55 43 18 2.85 1
1 2 3
APP_2_Output_Layer_0 0.2 0.2 0.75 1.49 49 48 3.52 1
4
16
1.2992013023725453
APP_3_Input_Layer_0 0.6 0.6 2.25 3.34 35 24 1.05 1

APP_3_Inner_Layer_0:0 0.2 0.2 0.75 3.24 47 22 2.48 1
0
APP_3_Inner_Layer_0:1 0.06666666666666667 0.06666666666666667 0.25 3.63 12 6 3.99 1
0
APP_3_Inner_Layer_0:2 0.26666666666666666 0.26666666666666666 1.0 3.0 41 42 1.69 1
0
APP_3_Inner_Layer_1:0 0.6 0.6 2.25 1.81 27 12 2.97 0
2 3
APP_3_Inner_Layer_1:1 0.13333333333333333 0.13333333333333333 0.5 1.46 46 27 3.55 1
1 3
APP_3_Inner_Layer_1:2 0.4666666666666667 0.4666666666666667 1.75 2.92 48 6 1.68 1
1 2
APP_3_Inner_Layer_1:3 0.4 0.4 1.5 3.68 44 9 1.45 1
1 3
APP_3_Inner_Layer_2:0 0.4666666666666667 0.4666666666666667 1.75 2.08 45 8 1.33 1
7
APP_3_Inner_Layer_2:1 0.4666666666666667 0.4666666666666667 1.75 3.71 16 19 1.87 1
5 7
APP_3_Inner_Layer_2:2 0.4 0.4 1.5 2.09 25 14 1.12 1
4 5 6
APP_3_Inner_Layer_3:0 0.4 0.4 1.5 1.73 11 46 3.8 1
8 10
APP_3_Inner_Layer_3:1 0.4 0.4 1.5 3.02 13 21 1.01 1
8 9 10
APP_3_Inner_Layer_3:2 0.13333333333333333 0.13333333333333333 0.5 2.91 3 35 3.15 1
10
APP_3_Inner_Layer_3:3 0.3333333333333333 0.3333333333333333 1.25 3.78 23 7 3.19 1
10
APP_3_Output_Layer_0 0.5333333333333333 0.5333333333333333 2.0 1.42 27 45 3.51 1
11 12 13 14
11
1.5767162333613807
APP_4_Input_Layer_0 0.4 0.4 1.5 3.14 15 6 1.8 1

APP_4_Inner_Layer_0:0 0.26666666666666666 0.26666666666666666 1.0 3.65 47 46 3.96 1
0
APP_4_Inner_Layer_0:1 0.3333333333333333 0.3333333333333333 1.25 2.29 49 16 3.88 1
0
APP_4_Inner_Layer_0:2 0.4666666666666667 0.4666666666666667 1.75 1.49 13 13 3.26 1
0
APP_4_Inner_Layer_0:3 0.26666666666666666 0.26666666666666666 1.0 2.82 8 17 3.12 1
0
APP_4_Inner_Layer_1:0 0.5333333333333333 0.5333333333333333 2.0 1.69 42 22 1.36 1
2 3 4
APP_4_Inner_Layer_1:1 0.06666666666666667 0.06666666666666667 0.25 3.77 11 2 3.18 0
1
APP_4_Inner_Layer_2:0 0.2 0.2 0.75 3.27 39 47 1.37 1
5
APP_4_Inner_Layer_2:1 0.26666666666666666 0.26666666666666666 1.0 2.15 8 7 3.45 1
5 6
APP_4_Inner_Layer_2:2 0.2 0.2 0.75 2.82 47 26 2.45 1
5
APP_4_Output_Layer_0 0.4666666666666667 0.4666666666666667 1.75 3.52 34 37 1.02 1
7 8 9
3
2.0612493065700104
APP_5_Input_Layer_0 0.6 0.6 2.25 1.55 32 17 2.85 1

APP_5_Inner_Layer_0:0 0.26666666666666666 0.26666666666666666 1.0 2.5 17 30 3.8 1
0
APP_5_Output_Layer_0 0.5333333333333333 0.5333333333333333 2.0 3.84 36 20 2.48 0
1
6
2.767341509807274
APP_6_Input_Layer_0 0.26666666666666666 0.26666666666666666 1.0 1.86 7 44 3.59 1

APP_6_Inner_Layer_0:0 0.5333333333333333 0.5333333333333333 2.0 2.8 18 42 1.43 1
0
APP_6_Inner_Layer_0:1 0.4 0.4 1.5 2.81 7 27 2.91 1
0
APP_6_Inner_Layer_0:2 0.26666666666666666 0.26666666666666666 1.0 3.6 4 9 1.69 1
0
APP_6_Inner_Layer_1:0 0.5333333333333333 0.5333333333333333 2.0 2.3 3 11 1.45 1
1 2 3
APP_6_Output_Layer_0 0.06666666666666667 0.06666666666666667 0.25 1.26 24 8 1.58 1
4
9
3.1252058961081826
APP_7_Input_Layer_0 0.2 0.2 0.75 1.83 17 11 2.0 1

APP_7_Inner_Layer_0:0 0.26666666666666666 0.26666666666666666 1.0 1.77 39 23 3.92 1
0
APP_7_Inner_Layer_0:1 0.2 0.2 0.75 1.97 8 19 3.74 1
0
APP_7_Inner_Layer_1:0 0.4 0.4 1.5 1.58 31 42 2.96 0
2
APP_7_Inner_Layer_1:1 0.5333333333333333 0.5333333333333333 2.0 3.17 3 25 3.63 1
1
APP_7_Inner_Layer_2:0 0.5333333333333333 0.5333333333333333 2.0 2.35 3 10 3.7 1
4
APP_7_Inner_Layer_2:1 0.4 0.4 1.5 3.38 49 33 1.26 1
3
APP_7_Inner_Layer_2:2 0.06666666666666667 0.06666666666666667 0.25 2.28 43 36 2.68 0
3 4
APP_7_Output_Layer_0 0.26666666666666666 0.26666666666666666 1.0 2.59 7 44 3.65 1
5 6 7
6
3.7031310312652344
APP_8_Input_Layer_0 0.26666666666666666 0.26666666666666666 1.0 2.73 49 23 3.14 1

APP_8_Inner_Layer_0:0 0.6 0.6 2.25 1.89 22 21 3.04 1
0
APP_8_Inner_Layer_0:1 0.13333333333333333 0.13333333333333333 0.5 2.83 25 26 2.81 0
0
APP_8_Inner_Layer_1:0 0.26666666666666666 0.26666666666666666 1.0 3.28 27 29 2.21 0
1 2
APP_8_Inner_Layer_1:1 0.06666666666666667 0.06666666666666667 0.25 3.17 29 31 2.6 1
1
APP_8_Output_Layer_0 0.5333333333333333 0.5333333333333333 2.0 1.44 18 42 3.71 1
3 4
3
4.004816354807484
APP_9_Input_Layer_0 0.3333333333333333 0.3333333333333333 1.25 3.69 25 9 3.5 0

APP_9_Inner_Layer_0:0 0.3333333333333333 0.3333333333333333 1.25 1.99 27 49 3.15 0
0
APP_9_Output_Layer_0 0.06666666666666667 0.06666666666666667 0.25 2.67 10 4 1.1 1
1
5
4.3495630695173855
APP_10_Input_Layer_0 0.5333333333333333 0.5333333333333333 2.0 2.06 29 20 1.85 1

APP_10_Inner_Layer_0:0 0.6 0.6 2.25 1.14 14 39 2.03 1
0
APP_10_Inner_Layer_0:1 0.2 0.2 0.75 1.68 23 34 3.59 0
0
APP_10_Inner_Layer_0:2 0.06666666666666667 0.06666666666666667 0.25 3.89 13 18 2.08 1
0
APP_10_Output_Layer_0 0.6 0.6 2.25 1.07 36 40 3.67 1
1 2 3
7
4.709273828844594
APP_11_Input_Layer_0 0.26666666666666666 0.26666666666666666 1.0 2.28 5 32 1.54 1

APP_11_Inner_Layer_0:0 0.13333333333333333 0.13333333333333333 0.5 2.6 27 40 1.9 0
0
APP_11_Inner_Layer_0:1 0.3333333333333333 0.3333333333333333 1.25 2.7 4 19 2.31 0
0
APP_11_Inner_Layer_0:2 0.3333333333333333 0.3333333333333333 1.25 2.5 45 7 3.58 0
0
APP_11_Inner_Layer_0:3 0.2 0.2 0.75 1.95 2 20 3.22 1
0
APP_11_Inner_Layer_1:0 0.4 0.4 1.5 1.54 43 3 2.01 1
1 2 3 4
APP_11_Output_Layer_0 0.13333333333333333 0.13333333333333333 0.5 2.09 19 16 1.68 1
5
11
5.041279787857782
APP_12_Input_Layer_0 0.06666666666666667 0.06666666666666667 0.25 3.74 16 20 3.57 1

APP_12_Inner_Layer_0:0 0.4 0.4 1.5 3.38 11 31 2.66 0
0
APP_12_Inner_Layer_1:0 0.4 0.4 1.5 3.56 27 13 2.99 1
1
APP_12_Inner_Layer_1:1 0.4 0.4 1.5 1.46 7 27 3.09 1
1
APP_12_Inner_Layer_2:0 0.6 0.6 2.25 2.97 42 12 1.36 1
2
APP_12_Inner_Layer_2:1 0.13333333333333333 0.13333333333333333 0.5 1.84 4 40 1.44 1
3
APP_12_Inner_Layer_3:0 0.2 0.2 0.75 1.32 37 25 3.96 0
5
APP_12_Inner_Layer_3:1 0.4 0.4 1.5 2.51 43 44 2.34 0
4
APP_12_Inner_Layer_3:2 0.4666666666666667 0.4666666666666667 1.75 1.49 14 31 2.53 1
5
APP_12_Inner_Layer_3:3 0.13333333333333333 0.13333333333333333 0.5 3.08 11 12 3.88 1
5
APP_12_Output_Layer_0 0.26666666666666666 0.26666666666666666 1.0 1.17 13 42 3.68 0
6 7 8 9
6
5.743039373432593
APP_13_Input_Layer_0 0.26666666666666666 0.26666666666666666 1.0 2.16 42 21 2.41 0

APP_13_Inner_Layer_0:0 0.5333333333333333 0.5333333333333333 2.0 1.21 40 34 1.16 1
0
APP_13_Inner_Layer_1:0 0.4 0.4 1.5 1.49 1 31 2.09 1
1
APP_13_Inner_Layer_1:1 0.26666666666666666 0.26666666666666666 1.0 3.55 23 10 1.29 1
1
APP_13_Inner_Layer_1:2 0.6 0.6 2.25 3.09 36 42 2.72 1
1
APP_13_Output_Layer_0 0.26666666666666666 0.26666666666666666 1.0 3.22 47 24 3.81 1
2 3 4
