10
12
9
0
APP_0_Input_Layer_0 0.4 0.4 1.5 3.66 41 7 1.11 0

APP_0_Inner_Layer_0:0 0.6 0.6 2.25 3.31 39 34 1.17 1
0
APP_0_Inner_Layer_0:1 0.4 0.4 1.5 3.39 12 13 2.9 1
0
APP_0_Inner_Layer_1:0 0.06666666666666667 0.06666666666666667 0.25 3.5 13 2 3.85 1
1 2
APP_0_Inner_Layer_2:0 0.6 0.6 2.25 3.09 30 44 1.68 1
3
APP_0_Inner_Layer_2:1 0.6 0.6 2.25 2.24 41 22 2.51 0
3
APP_0_Inner_Layer_2:2 0.4666666666666667 0.4666666666666667 1.75 1.63 19 39 2.24 1
3
APP_0_Inner_Layer_2:3 0.13333333333333333 0.13333333333333333 0.5 3.43 27 20 3.65 1
3
APP_0_Output_Layer_0 0.2 0.2 0.75 3.7 48 7 1.71 1
4 5 6 7
11
0.5454139062517246
APP_1_Input_Layer_0 0.3333333333333333 0.3333333333333333 1.25 2.75 22 39 1.28 1

APP_1_Inner_Layer_0:0 0.4 0.4 1.5 3.82 26 8 1.43 1
0
APP_1_Inner_Layer_0:1 0.26666666666666666 0.26666666666666666 1.0 1.89 46 29 1.28 1
0
APP_1_Inner_Layer_0:2 0.3333333333333333 0.3333333333333333 1.25 2.44 39 36 3.24 1
0
APP_1_Inner_Layer_1:0 0.6 0.6 2.25 2.32 6 14 1.49 1
1 2
APP_1_Inner_Layer_1:1 0.2 0.2 0.75 2.88 20 15 1.85 0
1
APP_1_Inner_Layer_1:2 0.2 0.2 0.75 3.77 16 18 2.85 1
1 2 3
APP_1_Inner_Layer_2:0 0.26666666666666666 0.26666666666666666 1.0 1.69 11 33 3.28 1
4 6
APP_1_Inner_Layer_2:1 0.4 0.4 1.5 3.46 5 31 1.06 0
5
APP_1_Inner_Layer_2:2 0.06666666666666667 0.06666666666666667 0.25 3.47 36 11 1.92 1
4 6
APP_1_Output_Layer_0 0.2 0.2 0.75 3.54 44 8 3.32 1
7 8 9
3
1.0676406073387712
APP_2_Input_Layer_0 0.06666666666666667 0.06666666666666667 0.25 1.16 36 13 3.05 1

APP_2_Inner_Layer_0:0 0.3333333333333333 0.3333333333333333 1.25 2.97 43 9 2.27 1
0
APP_2_Output_Layer_0 0.4666666666666667 0.4666666666666667 1.75 1.69 44 33 3.43 1
1
11
1.433024861468275
APP_3_Input_Layer_0 0.4 0.4 1.5 1.61 34 44 1.33 0

APP_3_Inner_Layer_0:0 0.26666666666666666 0.26666666666666666 1.0 2.62 3 34 3.18 0
0
APP_3_Inner_Layer_1:0 0.26666666666666666 0.26666666666666666 1.0 3.27 2 42 3.51 1
1
APP_3_Inner_Layer_1:1 0.13333333333333333 0.13333333333333333 0.5 1.95 49 21 2.44 1
1
APP_3_Inner_Layer_1:2 0.4666666666666667 0.4666666666666667 1.75 1.94 39 38 3.8 1
1
APP_3_Inner_Layer_1:3 0.06666666666666667 0.06666666666666667 0.25 2.81 6 13 3.91 1
1
APP_3_Inner_Layer_2:0 0.06666666666666667 0.06666666666666667 0.25 1.92 49 24 3.32 1
3 4 5
APP_3_Inner_Layer_2:1 0.2 0.2 0.75 3.15 28 8 3.56 1
2 4
APP_3_Inner_Layer_2:2 0.6 0.6 2.25 1.64 49 20 2.64 1
2 5
APP_3_Inner_Layer_2:3 0.06666666666666667 0.06666666666666667 0.25 1.82 28 12 2.93 1
5
APP_3_Output_Layer_0 0.26666666666666666 0.26666666666666666 1.0 1.11 5 39 2.13 1
6 7 8 9
6
2.1899040621619275
APP_4_Input_Layer_0 0.26666666666666666 0.26666666666666666 1.0 3.62 1 2 1.11 1

APP_4_Inner_Layer_0:0 0.6 0.6 2.25 3.62 17 13 3.3 1
0
APP_4_Inner_Layer_1:0 0.4 0.4 1.5 2.72 34 1 1.84 1
1
APP_4_Inner_Layer_2:0 0.4 0.4 1.5 3.79 28 45 2.35 1
2
APP_4_Inner_Layer_2:1 0.5333333333333333 0.5333333333333333 2.0 1.64 43 23 2.3 1
2
APP_4_Output_Layer_0 0.06666666666666667 0.06666666666666667 0.25 2.01 5 21 1.75 1
3 4
6
2.6892771366431245
APP_5_Input_Layer_0 0.3333333333333333 0.3333333333333333 1.25 3.48 36 13 1.03 1

APP_5_Inner_Layer_0:0 0.6 0.6 2.25 2.55 28 20 2.01 1
0
APP_5_Inner_Layer_1:0 0.4666666666666667 0.4666666666666667 1.75 1.46 3 39 2.39 0
1
APP_5_Inner_Layer_1:1 0.5333333333333333 0.5333333333333333 2.0 1.89 3 18 1.25 1
1
APP_5_Inner_Layer_1:2 0.4 0.4 1.5 2.62 38 19 3.93 1
1
APP_5_Output_Layer_0 0.6 0.6 2.25 1.76 36 18 3.83 1
2 3 4
9
3.032625599020811
APP_6_Input_Layer_0 0.5333333333333333 0.5333333333333333 2.0 3.9 26 21 2.83 1

APP_6_Inner_Layer_0:0 0.4666666666666667 0.4666666666666667 1.75 1.3 14 31 1.79 1
0
APP_6_Inner_Layer_1:0 0.3333333333333333 0.3333333333333333 1.25 3.7 27 13 3.88 1
1
APP_6_Inner_Layer_2:0 0.6 0.6 2.25 3.28 25 23 1.63 1
2
APP_6_Inner_Layer_2:1 0.4666666666666667 0.4666666666666667 1.75 2.08 2 26 3.64 1
2
APP_6_Inner_Layer_2:2 0.6 0.6 2.25 2.81 26 31 1.53 1
2
APP_6_Inner_Layer_3:0 0.3333333333333333 0.3333333333333333 1.25 1.8 11 4 2.94 1
3 4 5
APP_6_Inner_Layer_3:1 0.3333333333333333 0.3333333333333333 1.25 2.59 26 25 1.46 1
5
APP_6_Output_Layer_0 0.26666666666666666 0.26666666666666666 1.0 3.63 9 13 2.79 1
6 7
7
3.5152055653242678
APP_7_Input_Layer_0 0.26666666666666666 0.26666666666666666 1.0 3.82 41 25 1.94 1

APP_7_Inner_Layer_0:0 0.06666666666666667 0.06666666666666667 0.25 1.78 8 26 2.8 1
0
APP_7_Inner_Layer_0:1 0.6 0.6 2.25 3.76 44 44 1.68 1
0
APP_7_Inner_Layer_0:2 0.2 0.2 0.75 2.94 2 29 2.73 1
0
APP_7_Inner_Layer_1:0 0.6 0.6 2.25 3.34 48 6 2.09 1
3
APP_7_Inner_Layer_1:1 0.6 0.6 2.25 1.7 27 4 2.68 0
1 2
APP_7_Output_Layer_0 0.4666666666666667 0.4666666666666667 1.75 2.28 4 29 3.05 1
4 5
7
3.8622029656325263
APP_8_Input_Layer_0 0.4 0.4 1.5 3.96 28 34 3.48 1

APP_8_Inner_Layer_0:0 0.13333333333333333 0.13333333333333333 0.5 2.58 33 37 3.46 1
0
APP_8_Inner_Layer_0:1 0.2 0.2 0.75 2.39 28 7 2.4 1
0
APP_8_Inner_Layer_1:0 0.2 0.2 0.75 1.36 36 37 1.38 1
1
APP_8_Inner_Layer_1:1 0.06666666666666667 0.06666666666666667 0.25 2.23 43 32 3.01 1
2
APP_8_Inner_Layer_1:2 0.2 0.2 0.75 1.76 25 49 3.36 1
1 2
APP_8_Output_Layer_0 0.4 0.4 1.5 1.37 7 4 3.47 1
3 4 5
6
4.435896032591442
APP_9_Input_Layer_0 0.4 0.4 1.5 2.08 26 49 1.58 1

APP_9_Inner_Layer_0:0 0.4 0.4 1.5 1.51 3 6 1.1 1
0
APP_9_Inner_Layer_0:1 0.5333333333333333 0.5333333333333333 2.0 2.22 49 45 2.32 1
0
APP_9_Inner_Layer_0:2 0.4 0.4 1.5 2.86 3 35 2.95 1
0
APP_9_Inner_Layer_0:3 0.26666666666666666 0.26666666666666666 1.0 1.97 34 13 2.13 1
0
APP_9_Output_Layer_0 0.5333333333333333 0.5333333333333333 2.0 2.68 10 8 3.56 1
1 2 3 4
8
4.767865099814569
APP_10_Input_Layer_0 0.4666666666666667 0.4666666666666667 1.75 2.51 29 11 1.41 1

APP_10_Inner_Layer_0:0 0.4666666666666667 0.4666666666666667 1.75 3.83 38 4 3.34 1
0
APP_10_Inner_Layer_0:1 0.4 0.4 1.5 1.18 36 38 3.79 1
0
APP_10_Inner_Layer_0:2 0.5333333333333333 0.5333333333333333 2.0 3.06 3 9 2.33 1
0
APP_10_Inner_Layer_1:0 0.2 0.2 0.75 3.22 15 23 1.36 1
1 2 3
APP_10_Inner_Layer_2:0 0.4 0.4 1.5 2.06 15 32 2.97 1
4
APP_10_Inner_Layer_2:1 0.5333333333333333 0.5333333333333333 2.0 2.15 18 28 2.66 1
4
APP_10_Output_Layer_0 0.4 0.4 1.5 2.72 35 2 1.33 1
5 6
12
5.117387477896746
APP_11_Input_Layer_0 0.3333333333333333 0.3333333333333333 1.25 1.85 34 13 2.12 1

APP_11_Inner_Layer_0:0 0.13333333333333333 0.13333333333333333 0.5 1.51 48 17 3.21 1
0
APP_11_Inner_Layer_1:0 0.4666666666666667 0.4666666666666667 1.75 2.61 36 23 2.95 1
1
APP_11_Inner_Layer_1:1 0.4666666666666667 0.4666666666666667 1.75 3.17 24 7 3.37 1
1
APP_11_Inner_Layer_1:2 0.5333333333333333 0.5333333333333333 2.0 2.94 38 35 3.47 1
1
APP_11_Inner_Layer_1:3 0.13333333333333333 0.13333333333333333 0.5 3.14 49 42 1.39 1
1
APP_11_Inner_Layer_2:0 0.06666666666666667 0.06666666666666667 0.25 3.73 7 48 3.42 1
2 3
APP_11_Inner_Layer_2:1 0.5333333333333333 0.5333333333333333 2.0 2.48 33 36 1.39 1
3 4 5
APP_11_Inner_Layer_2:2 0.2 0.2 0.75 2.3 46 27 3.32 1
4 5
APP_11_Inner_Layer_3:0 0.06666666666666667 0.06666666666666667 0.25 2.13 49 19 3.56 1
8
APP_11_Inner_Layer_3:1 0.4666666666666667 0.4666666666666667 1.75 3.23 12 41 3.08 1
6 7
APP_11_Output_Layer_0 0.5333333333333333 0.5333333333333333 2.0 1.5 40 42 2.0 1
9 10
