10
12
11
0
APP_0_Input_Layer_0 0.13333333333333333 0.13333333333333333 0.5 3.36 6 36 1.86 1

APP_0_Inner_Layer_0:0 0.26666666666666666 0.26666666666666666 1.0 1.52 47 40 3.13 1
0
APP_0_Inner_Layer_0:1 0.2 0.2 0.75 2.05 41 47 3.72 1
0
APP_0_Inner_Layer_0:2 0.4666666666666667 0.4666666666666667 1.75 2.56 31 20 2.13 1
0
APP_0_Inner_Layer_0:3 0.3333333333333333 0.3333333333333333 1.25 3.4 6 38 3.58 1
0
APP_0_Inner_Layer_1:0 0.3333333333333333 0.3333333333333333 1.25 1.04 19 9 1.37 1
1 2 3 4
APP_0_Inner_Layer_1:1 0.13333333333333333 0.13333333333333333 0.5 3.79 34 9 4.0 1
4
APP_0_Inner_Layer_1:2 0.4666666666666667 0.4666666666666667 1.75 1.52 13 23 3.68 1
4
APP_0_Inner_Layer_2:0 0.6 0.6 2.25 1.2 32 27 1.65 1
7
APP_0_Inner_Layer_2:1 0.5333333333333333 0.5333333333333333 2.0 1.74 21 9 1.2 1
5 6
APP_0_Output_Layer_0 0.4666666666666667 0.4666666666666667 1.75 1.96 34 26 1.85 1
8 9
8
0.3689134534170078
APP_1_Input_Layer_0 0.26666666666666666 0.26666666666666666 1.0 3.54 12 4 2.77 1

APP_1_Inner_Layer_0:0 0.4 0.4 1.5 1.2 41 11 2.23 1
0
APP_1_Inner_Layer_0:1 0.06666666666666667 0.06666666666666667 0.25 2.79 47 5 1.72 1
0
APP_1_Inner_Layer_1:0 0.26666666666666666 0.26666666666666666 1.0 3.55 22 40 3.49 1
1 2
APP_1_Inner_Layer_1:1 0.4666666666666667 0.4666666666666667 1.75 2.65 3 31 2.12 1
2
APP_1_Inner_Layer_1:2 0.26666666666666666 0.26666666666666666 1.0 2.38 14 34 1.01 1
1
APP_1_Inner_Layer_2:0 0.3333333333333333 0.3333333333333333 1.25 2.92 35 21 3.42 1
3 4 5
APP_1_Output_Layer_0 0.5333333333333333 0.5333333333333333 2.0 2.59 14 42 1.81 1
6
12
0.9544613177846382
APP_2_Input_Layer_0 0.26666666666666666 0.26666666666666666 1.0 1.24 35 8 2.45 1

APP_2_Inner_Layer_0:0 0.06666666666666667 0.06666666666666667 0.25 3.65 20 26 2.63 1
0
APP_2_Inner_Layer_0:1 0.4666666666666667 0.4666666666666667 1.75 3.82 18 19 3.67 1
0
APP_2_Inner_Layer_0:2 0.2 0.2 0.75 3.36 2 24 3.7 0
0
APP_2_Inner_Layer_0:3 0.06666666666666667 0.06666666666666667 0.25 3.49 21 1 1.85 0
0
APP_2_Inner_Layer_1:0 0.3333333333333333 0.3333333333333333 1.25 3.91 12 12 3.2 1
3
APP_2_Inner_Layer_1:1 0.3333333333333333 0.3333333333333333 1.25 1.42 12 44 3.08 1
2 3
APP_2_Inner_Layer_1:2 0.5333333333333333 0.5333333333333333 2.0 3.32 13 27 2.81 1
1 2
APP_2_Inner_Layer_1:3 0.2 0.2 0.75 3.53 39 38 2.86 1
1 2 3 4
APP_2_Inner_Layer_2:0 0.06666666666666667 0.06666666666666667 0.25 3.43 45 36 2.01 1
5 7
APP_2_Inner_Layer_2:1 0.26666666666666666 0.26666666666666666 1.0 3.11 36 43 2.36 0
6 8
APP_2_Output_Layer_0 0.13333333333333333 0.13333333333333333 0.5 2.0 28 5 1.79 1
9 10
6
1.3139577668497415
APP_3_Input_Layer_0 0.06666666666666667 0.06666666666666667 0.25 1.44 40 13 1.97 1

APP_3_Inner_Layer_0:0 0.26666666666666666 0.26666666666666666 1.0 1.1 12 38 1.56 1
0
APP_3_Inner_Layer_0:1 0.4 0.4 1.5 1.55 45 18 3.3 1
0
APP_3_Inner_Layer_0:2 0.2 0.2 0.75 2.22 28 34 3.23 1
0
APP_3_Inner_Layer_0:3 0.13333333333333333 0.13333333333333333 0.5 2.88 25 39 2.0 1
0
APP_3_Output_Layer_0 0.26666666666666666 0.26666666666666666 1.0 2.63 25 36 1.57 1
1 2 3 4
11
1.8851460037994952
APP_4_Input_Layer_0 0.3333333333333333 0.3333333333333333 1.25 3.05 42 38 2.56 1

APP_4_Inner_Layer_0:0 0.2 0.2 0.75 3.99 33 23 1.53 1
0
APP_4_Inner_Layer_0:1 0.2 0.2 0.75 2.7 9 16 1.45 1
0
APP_4_Inner_Layer_1:0 0.5333333333333333 0.5333333333333333 2.0 2.43 14 37 1.14 1
2
APP_4_Inner_Layer_1:1 0.26666666666666666 0.26666666666666666 1.0 2.65 45 7 1.66 1
1
APP_4_Inner_Layer_1:2 0.5333333333333333 0.5333333333333333 2.0 3.51 27 35 3.43 1
2
APP_4_Inner_Layer_1:3 0.26666666666666666 0.26666666666666666 1.0 1.02 42 45 3.81 1
2
APP_4_Inner_Layer_2:0 0.3333333333333333 0.3333333333333333 1.25 2.37 29 40 1.77 1
3 4 5 6
APP_4_Inner_Layer_2:1 0.2 0.2 0.75 3.03 29 12 1.73 1
4
APP_4_Inner_Layer_3:0 0.5333333333333333 0.5333333333333333 2.0 3.47 35 14 3.53 1
7 8
APP_4_Output_Layer_0 0.3333333333333333 0.3333333333333333 1.25 3.1 7 3 2.1 0
9
14
2.258508494526515
APP_5_Input_Layer_0 0.26666666666666666 0.26666666666666666 1.0 1.9 12 44 1.1 1

APP_5_Inner_Layer_0:0 0.4 0.4 1.5 1.8 26 12 1.96 1
0
APP_5_Inner_Layer_0:1 0.06666666666666667 0.06666666666666667 0.25 2.61 26 23 1.66 1
0
APP_5_Inner_Layer_1:0 0.26666666666666666 0.26666666666666666 1.0 2.46 5 37 1.35 1
1
APP_5_Inner_Layer_1:1 0.26666666666666666 0.26666666666666666 1.0 1.34 43 47 2.16 1
2
APP_5_Inner_Layer_2:0 0.26666666666666666 0.26666666666666666 1.0 1.63 8 48 2.93 1
4
APP_5_Inner_Layer_2:1 0.3333333333333333 0.3333333333333333 1.25 2.25 11 14 3.62 1
3 4
APP_5_Inner_Layer_2:2 0.6 0.6 2.25 3.57 33 27 1.34 1
4
APP_5_Inner_Layer_2:3 0.06666666666666667 0.06666666666666667 0.25 1.88 21 43 2.6 1
4
APP_5_Inner_Layer_3:0 0.3333333333333333 0.3333333333333333 1.25 2.95 43 22 3.43 1
5 6 7 8
APP_5_Inner_Layer_3:1 0.26666666666666666 0.26666666666666666 1.0 3.22 28 38 3.92 0
5 6 7 8
APP_5_Inner_Layer_3:2 0.13333333333333333 0.13333333333333333 0.5 2.25 35 49 1.62 1
8
APP_5_Inner_Layer_3:3 0.5333333333333333 0.5333333333333333 2.0 3.77 21 29 1.72 0
5 6 7
APP_5_Output_Layer_0 0.2 0.2 0.75 1.23 41 14 2.81 1
9 10 11 12
9
2.8286797432189212
APP_6_Input_Layer_0 0.6 0.6 2.25 1.07 9 46 1.72 1

APP_6_Inner_Layer_0:0 0.4 0.4 1.5 1.84 19 35 1.01 1
0
APP_6_Inner_Layer_0:1 0.13333333333333333 0.13333333333333333 0.5 1.27 26 11 3.15 0
0
APP_6_Inner_Layer_0:2 0.4 0.4 1.5 1.67 12 16 3.34 1
0
APP_6_Inner_Layer_1:0 0.2 0.2 0.75 3.99 28 39 1.93 1
1 2 3
APP_6_Inner_Layer_2:0 0.3333333333333333 0.3333333333333333 1.25 1.62 38 33 3.82 1
4
APP_6_Inner_Layer_3:0 0.13333333333333333 0.13333333333333333 0.5 1.03 14 30 1.46 1
5
APP_6_Inner_Layer_3:1 0.4 0.4 1.5 1.28 33 21 1.74 1
5
APP_6_Output_Layer_0 0.06666666666666667 0.06666666666666667 0.25 1.54 11 11 2.41 1
6 7
13
3.226283043521074
APP_7_Input_Layer_0 0.13333333333333333 0.13333333333333333 0.5 1.39 12 17 1.58 1

APP_7_Inner_Layer_0:0 0.6 0.6 2.25 3.02 19 1 3.13 1
0
APP_7_Inner_Layer_0:1 0.2 0.2 0.75 3.06 21 43 2.44 1
0
APP_7_Inner_Layer_0:2 0.26666666666666666 0.26666666666666666 1.0 1.13 16 25 1.66 1
0
APP_7_Inner_Layer_0:3 0.06666666666666667 0.06666666666666667 0.25 3.21 24 20 3.12 1
0
APP_7_Inner_Layer_1:0 0.3333333333333333 0.3333333333333333 1.25 2.91 36 34 3.64 1
3
APP_7_Inner_Layer_1:1 0.4 0.4 1.5 1.37 8 33 3.37 1
1 2 3 4
APP_7_Inner_Layer_1:2 0.06666666666666667 0.06666666666666667 0.25 3.03 15 8 3.27 1
1 4
APP_7_Inner_Layer_2:0 0.4666666666666667 0.4666666666666667 1.75 3.12 16 46 1.96 1
6
APP_7_Inner_Layer_2:1 0.06666666666666667 0.06666666666666667 0.25 3.18 4 20 3.82 1
6 7
APP_7_Inner_Layer_2:2 0.5333333333333333 0.5333333333333333 2.0 1.79 22 4 3.21 1
5 7
APP_7_Inner_Layer_2:3 0.26666666666666666 0.26666666666666666 1.0 2.25 15 29 3.94 1
7
APP_7_Output_Layer_0 0.6 0.6 2.25 3.61 41 35 1.75 1
8 9 10 11
12
3.8837904549360776
APP_8_Input_Layer_0 0.3333333333333333 0.3333333333333333 1.25 3.41 2 2 1.69 1

APP_8_Inner_Layer_0:0 0.3333333333333333 0.3333333333333333 1.25 3.45 3 33 2.12 1
0
APP_8_Inner_Layer_0:1 0.13333333333333333 0.13333333333333333 0.5 2.68 22 31 2.72 1
0
APP_8_Inner_Layer_1:0 0.2 0.2 0.75 2.21 15 49 2.85 1
2
APP_8_Inner_Layer_1:1 0.5333333333333333 0.5333333333333333 2.0 1.9 28 12 2.93 1
1 2
APP_8_Inner_Layer_1:2 0.26666666666666666 0.26666666666666666 1.0 3.98 19 7 2.54 1
1 2
APP_8_Inner_Layer_1:3 0.2 0.2 0.75 2.12 32 2 1.7 1
2
APP_8_Inner_Layer_2:0 0.4 0.4 1.5 1.76 46 6 2.94 1
3 4 5
APP_8_Inner_Layer_2:1 0.5333333333333333 0.5333333333333333 2.0 1.16 46 19 1.9 1
3 6
APP_8_Inner_Layer_2:2 0.2 0.2 0.75 1.14 49 20 3.31 1
3
APP_8_Inner_Layer_2:3 0.5333333333333333 0.5333333333333333 2.0 2.18 15 29 1.87 1
3
APP_8_Output_Layer_0 0.06666666666666667 0.06666666666666667 0.25 2.66 6 41 1.22 1
7 8 9 10
4
4.362221215962023
APP_9_Input_Layer_0 0.06666666666666667 0.06666666666666667 0.25 3.95 10 17 1.47 1

APP_9_Inner_Layer_0:0 0.13333333333333333 0.13333333333333333 0.5 3.82 6 9 2.87 1
0
APP_9_Inner_Layer_1:0 0.06666666666666667 0.06666666666666667 0.25 1.2 23 17 1.03 1
1
APP_9_Output_Layer_0 0.6 0.6 2.25 1.44 19 11 2.84 1
2
10
4.8333886546792595
APP_10_Input_Layer_0 0.13333333333333333 0.13333333333333333 0.5 3.93 34 31 3.83 1

APP_10_Inner_Layer_0:0 0.06666666666666667 0.06666666666666667 0.25 3.49 31 44 2.83 1
0
APP_10_Inner_Layer_0:1 0.3333333333333333 0.3333333333333333 1.25 1.46 29 9 3.62 1
0
APP_10_Inner_Layer_0:2 0.2 0.2 0.75 3.23 10 22 1.73 1
0
APP_10_Inner_Layer_1:0 0.06666666666666667 0.06666666666666667 0.25 1.16 8 18 2.68 1
2
APP_10_Inner_Layer_1:1 0.26666666666666666 0.26666666666666666 1.0 2.82 14 41 2.86 0
1 3
APP_10_Inner_Layer_2:0 0.06666666666666667 0.06666666666666667 0.25 1.8 31 16 2.49 1
5
APP_10_Inner_Layer_2:1 0.4666666666666667 0.4666666666666667 1.75 2.83 12 4 2.08 1
4
APP_10_Inner_Layer_2:2 0.4666666666666667 0.4666666666666667 1.75 3.15 34 38 2.78 0
4
APP_10_Output_Layer_0 0.06666666666666667 0.06666666666666667 0.25 3.85 48 39 2.26 1
6 7 8
3
5.449394234988409
APP_11_Input_Layer_0 0.26666666666666666 0.26666666666666666 1.0 1.12 22 44 1.26 1

APP_11_Inner_Layer_0:0 0.06666666666666667 0.06666666666666667 0.25 3.94 48 11 3.44 0
0
APP_11_Output_Layer_0 0.6 0.6 2.25 1.39 29 31 3.5 1
1
