10
12
11
0
APP_0_Input_Layer_0 0.5333333333333333 0.5333333333333333 2.0 3.96 29 41 3.61 1

APP_0_Inner_Layer_0:0 0.13333333333333333 0.13333333333333333 0.5 3.26 39 42 2.27 1
0
APP_0_Inner_Layer_0:1 0.4 0.4 1.5 1.34 27 41 1.11 1
0
APP_0_Inner_Layer_0:2 0.4666666666666667 0.4666666666666667 1.75 3.03 22 12 2.35 1
0
APP_0_Inner_Layer_1:0 0.5333333333333333 0.5333333333333333 2.0 3.57 34 28 1.73 1
1 3
APP_0_Inner_Layer_1:1 0.26666666666666666 0.26666666666666666 1.0 3.9 25 24 1.85 1
2 3
APP_0_Inner_Layer_1:2 0.4 0.4 1.5 2.93 24 27 2.23 1
3
APP_0_Inner_Layer_1:3 0.13333333333333333 0.13333333333333333 0.5 3.56 8 18 1.73 1
1 3
APP_0_Inner_Layer_2:0 0.2 0.2 0.75 3.44 18 34 2.74 1
4 5 6 7
APP_0_Inner_Layer_2:1 0.6 0.6 2.25 1.5 12 22 2.78 1
4 7 6
APP_0_Output_Layer_0 0.4 0.4 1.5 1.51 45 13 2.96 0
8 9
13
0.8122040362291938
APP_1_Input_Layer_0 0.4666666666666667 0.4666666666666667 1.75 3.85 34 33 3.32 1

APP_1_Inner_Layer_0:0 0.6 0.6 2.25 1.19 24 19 2.8 1
0
APP_1_Inner_Layer_0:1 0.3333333333333333 0.3333333333333333 1.25 3.49 37 27 3.35 1
0
APP_1_Inner_Layer_1:0 0.06666666666666667 0.06666666666666667 0.25 2.25 29 10 2.28 1
2
APP_1_Inner_Layer_1:1 0.5333333333333333 0.5333333333333333 2.0 3.68 5 2 2.9 0
1 2
APP_1_Inner_Layer_1:2 0.13333333333333333 0.13333333333333333 0.5 1.92 46 17 3.56 1
2
APP_1_Inner_Layer_2:0 0.6 0.6 2.25 4.0 1 35 3.82 1
5
APP_1_Inner_Layer_2:1 0.13333333333333333 0.13333333333333333 0.5 3.23 28 6 1.04 1
3
APP_1_Inner_Layer_2:2 0.26666666666666666 0.26666666666666666 1.0 2.67 25 44 3.64 1
3 4
APP_1_Inner_Layer_3:0 0.5333333333333333 0.5333333333333333 2.0 2.05 3 44 1.38 0
7
APP_1_Inner_Layer_3:1 0.13333333333333333 0.13333333333333333 0.5 2.38 41 21 2.82 1
8
APP_1_Inner_Layer_3:2 0.4666666666666667 0.4666666666666667 1.75 1.17 36 37 3.15 0
6 7
APP_1_Output_Layer_0 0.3333333333333333 0.3333333333333333 1.25 2.24 29 28 2.8 1
9 10 11
12
1.5326802487843132
APP_2_Input_Layer_0 0.5333333333333333 0.5333333333333333 2.0 2.45 13 17 2.78 1

APP_2_Inner_Layer_0:0 0.26666666666666666 0.26666666666666666 1.0 3.05 14 49 3.81 1
0
APP_2_Inner_Layer_0:1 0.6 0.6 2.25 3.99 28 27 2.78 1
0
APP_2_Inner_Layer_1:0 0.6 0.6 2.25 3.28 3 33 1.15 1
2
APP_2_Inner_Layer_1:1 0.5333333333333333 0.5333333333333333 2.0 2.29 36 42 3.2 1
1
APP_2_Inner_Layer_1:2 0.2 0.2 0.75 2.06 48 10 1.31 1
1
APP_2_Inner_Layer_1:3 0.4666666666666667 0.4666666666666667 1.75 3.86 10 9 1.6 1
1
APP_2_Inner_Layer_2:0 0.3333333333333333 0.3333333333333333 1.25 1.65 45 1 2.12 1
3 4 5 6
APP_2_Inner_Layer_3:0 0.4666666666666667 0.4666666666666667 1.75 2.69 32 9 1.92 1
7
APP_2_Inner_Layer_3:1 0.26666666666666666 0.26666666666666666 1.0 3.4 32 36 3.45 1
7
APP_2_Inner_Layer_3:2 0.13333333333333333 0.13333333333333333 0.5 3.59 43 20 1.13 1
7
APP_2_Output_Layer_0 0.2 0.2 0.75 1.4 26 1 1.25 1
8 9 10
5
1.9713100122767304
APP_3_Input_Layer_0 0.4666666666666667 0.4666666666666667 1.75 3.81 17 15 2.08 1

APP_3_Inner_Layer_0:0 0.4 0.4 1.5 1.56 36 8 1.84 0
0
APP_3_Inner_Layer_0:1 0.4 0.4 1.5 3.95 3 5 3.04 1
0
APP_3_Inner_Layer_0:2 0.5333333333333333 0.5333333333333333 2.0 3.57 1 19 1.66 1
0
APP_3_Output_Layer_0 0.26666666666666666 0.26666666666666666 1.0 2.95 38 33 2.11 1
1 2 3
9
2.5402414068411847
APP_4_Input_Layer_0 0.06666666666666667 0.06666666666666667 0.25 3.4 17 32 3.79 1

APP_4_Inner_Layer_0:0 0.13333333333333333 0.13333333333333333 0.5 3.02 46 30 3.35 1
0
APP_4_Inner_Layer_1:0 0.2 0.2 0.75 3.54 36 46 1.37 1
1
APP_4_Inner_Layer_2:0 0.6 0.6 2.25 3.65 40 48 2.92 1
2
APP_4_Inner_Layer_2:1 0.2 0.2 0.75 2.11 15 25 1.4 1
2
APP_4_Inner_Layer_2:2 0.6 0.6 2.25 2.25 39 36 3.81 1
2
APP_4_Inner_Layer_3:0 0.06666666666666667 0.06666666666666667 0.25 2.05 49 26 3.97 1
3 4
APP_4_Inner_Layer_3:1 0.6 0.6 2.25 1.13 7 37 1.54 1
5
APP_4_Output_Layer_0 0.13333333333333333 0.13333333333333333 0.5 2.21 13 31 3.23 1
6 7
5
3.2840786246967686
APP_5_Input_Layer_0 0.4666666666666667 0.4666666666666667 1.75 1.74 33 17 3.54 0

APP_5_Inner_Layer_0:0 0.13333333333333333 0.13333333333333333 0.5 2.05 9 9 3.97 1
0
APP_5_Inner_Layer_0:1 0.06666666666666667 0.06666666666666667 0.25 3.72 47 28 2.1 1
0
APP_5_Inner_Layer_1:0 0.3333333333333333 0.3333333333333333 1.25 2.76 42 40 1.36 1
1 2
APP_5_Output_Layer_0 0.2 0.2 0.75 2.13 26 31 1.9 0
3
13
3.8779576864317864
APP_6_Input_Layer_0 0.5333333333333333 0.5333333333333333 2.0 2.13 9 7 3.27 0

APP_6_Inner_Layer_0:0 0.2 0.2 0.75 3.43 44 27 1.97 1
0
APP_6_Inner_Layer_0:1 0.4 0.4 1.5 3.96 5 5 3.12 1
0
APP_6_Inner_Layer_1:0 0.6 0.6 2.25 2.77 30 7 3.59 1
2
APP_6_Inner_Layer_1:1 0.06666666666666667 0.06666666666666667 0.25 2.0 47 35 2.95 1
2
APP_6_Inner_Layer_1:2 0.13333333333333333 0.13333333333333333 0.5 2.33 22 23 2.89 1
2
APP_6_Inner_Layer_1:3 0.2 0.2 0.75 2.8 38 29 3.35 1
1 2
APP_6_Inner_Layer_2:0 0.06666666666666667 0.06666666666666667 0.25 2.62 42 8 3.98 1
4 5
APP_6_Inner_Layer_2:1 0.13333333333333333 0.13333333333333333 0.5 2.42 36 7 2.07 1
4
APP_6_Inner_Layer_2:2 0.13333333333333333 0.13333333333333333 0.5 3.55 17 36 1.47 1
3 5 6
APP_6_Inner_Layer_2:3 0.06666666666666667 0.06666666666666667 0.25 2.8 44 2 2.86 1
3
APP_6_Inner_Layer_3:0 0.26666666666666666 0.26666666666666666 1.0 1.44 30 9 1.37 1
7 8 9 10
APP_6_Output_Layer_0 0.26666666666666666 0.26666666666666666 1.0 2.54 36 27 1.97 0
11
4
4.192600153555375
APP_7_Input_Layer_0 0.5333333333333333 0.5333333333333333 2.0 3.97 14 14 3.42 1

APP_7_Inner_Layer_0:0 0.3333333333333333 0.3333333333333333 1.25 3.78 30 49 2.12 1
0
APP_7_Inner_Layer_0:1 0.26666666666666666 0.26666666666666666 1.0 3.55 48 39 1.09 1
0
APP_7_Output_Layer_0 0.3333333333333333 0.3333333333333333 1.25 1.19 48 39 2.08 1
1 2
10
4.831508010565106
APP_8_Input_Layer_0 0.2 0.2 0.75 3.05 49 42 1.26 1

APP_8_Inner_Layer_0:0 0.5333333333333333 0.5333333333333333 2.0 2.25 22 21 3.69 1
0
APP_8_Inner_Layer_1:0 0.26666666666666666 0.26666666666666666 1.0 2.46 30 47 2.09 1
1
APP_8_Inner_Layer_1:1 0.26666666666666666 0.26666666666666666 1.0 2.94 9 23 3.08 1
1
APP_8_Inner_Layer_2:0 0.4 0.4 1.5 1.24 25 17 2.43 1
2 3
APP_8_Inner_Layer_2:1 0.5333333333333333 0.5333333333333333 2.0 2.29 4 35 3.41 1
3
APP_8_Inner_Layer_2:2 0.26666666666666666 0.26666666666666666 1.0 3.97 24 6 3.34 1
2
APP_8_Inner_Layer_2:3 0.4666666666666667 0.4666666666666667 1.75 3.55 40 33 1.01 1
2
APP_8_Inner_Layer_3:0 0.13333333333333333 0.13333333333333333 0.5 3.3 3 2 3.68 1
4 5 6 7
APP_8_Output_Layer_0 0.6 0.6 2.25 2.11 48 15 2.62 1
8
4
5.3217479293873735
APP_9_Input_Layer_0 0.2 0.2 0.75 2.13 31 23 2.4 1

APP_9_Inner_Layer_0:0 0.4666666666666667 0.4666666666666667 1.75 1.88 9 38 3.8 1
0
APP_9_Inner_Layer_0:1 0.2 0.2 0.75 2.63 41 31 1.41 1
0
APP_9_Output_Layer_0 0.4 0.4 1.5 3.69 13 11 2.89 0
1 2
11
5.88812479178426
APP_10_Input_Layer_0 0.13333333333333333 0.13333333333333333 0.5 1.36 3 1 1.63 1

APP_10_Inner_Layer_0:0 0.5333333333333333 0.5333333333333333 2.0 3.53 47 24 1.94 0
0
APP_10_Inner_Layer_1:0 0.4666666666666667 0.4666666666666667 1.75 2.08 21 14 2.98 1
1
APP_10_Inner_Layer_1:1 0.6 0.6 2.25 3.93 26 44 2.32 1
1
APP_10_Inner_Layer_1:2 0.4666666666666667 0.4666666666666667 1.75 2.15 11 22 2.86 1
1
APP_10_Inner_Layer_1:3 0.5333333333333333 0.5333333333333333 2.0 1.14 21 12 1.51 1
1
APP_10_Inner_Layer_2:0 0.26666666666666666 0.26666666666666666 1.0 3.84 34 22 2.55 0
2 4
APP_10_Inner_Layer_2:1 0.5333333333333333 0.5333333333333333 2.0 3.52 41 18 2.28 1
3 5
APP_10_Inner_Layer_3:0 0.6 0.6 2.25 3.3 48 35 3.8 1
7
APP_10_Inner_Layer_3:1 0.6 0.6 2.25 2.86 48 9 2.2 1
6
APP_10_Output_Layer_0 0.4666666666666667 0.4666666666666667 1.75 2.0 38 16 1.51 1
8 9
14
6.325369475071077
APP_11_Input_Layer_0 0.13333333333333333 0.13333333333333333 0.5 2.53 4 42 2.93 1

APP_11_Inner_Layer_0:0 0.26666666666666666 0.26666666666666666 1.0 2.51 6 29 1.09 1
0
APP_11_Inner_Layer_0:1 0.13333333333333333 0.13333333333333333 0.5 2.64 11 22 3.66 1
0
APP_11_Inner_Layer_0:2 0.3333333333333333 0.3333333333333333 1.25 3.64 34 23 1.69 1
0
APP_11_Inner_Layer_1:0 0.5333333333333333 0.5333333333333333 2.0 3.15 26 8 2.95 0
2 3
APP_11_Inner_Layer_1:1 0.13333333333333333 0.13333333333333333 0.5 3.63 34 3 2.29 1
1 2
APP_11_Inner_Layer_1:2 0.4 0.4 1.5 1.5 7 15 2.98 1
1
APP_11_Inner_Layer_1:3 0.6 0.6 2.25 3.8 23 29 3.89 1
1 2
APP_11_Inner_Layer_2:0 0.5333333333333333 0.5333333333333333 2.0 1.06 14 45 3.64 1
5 6 7
APP_11_Inner_Layer_2:1 0.26666666666666666 0.26666666666666666 1.0 1.72 29 4 2.07 1
4 7
APP_11_Inner_Layer_2:2 0.2 0.2 0.75 1.14 10 45 1.55 1
4 5
APP_11_Inner_Layer_3:0 0.06666666666666667 0.06666666666666667 0.25 3.02 42 4 3.46 1
10
APP_11_Inner_Layer_3:1 0.6 0.6 2.25 3.58 10 20 3.94 1
8 9
APP_11_Output_Layer_0 0.5333333333333333 0.5333333333333333 2.0 3.57 1 33 2.55 1
11 12
