10
12
7
0
APP_0_Input_Layer_0 0.2 0.2 0.75 3.27 2 22 1.35 1

APP_0_Inner_Layer_0:0 0.13333333333333333 0.13333333333333333 0.5 1.58 3 41 3.18 1
0
APP_0_Inner_Layer_0:1 0.4 0.4 1.5 1.16 1 33 3.7 1
0
APP_0_Inner_Layer_1:0 0.4666666666666667 0.4666666666666667 1.75 3.84 16 37 2.11 1
1 2
APP_0_Inner_Layer_1:1 0.06666666666666667 0.06666666666666667 0.25 3.63 10 40 1.07 1
1
APP_0_Inner_Layer_1:2 0.2 0.2 0.75 3.74 34 3 1.78 1
1
APP_0_Output_Layer_0 0.3333333333333333 0.3333333333333333 1.25 3.47 25 12 3.09 1
3 4 5
13
0.3829173167748303
APP_1_Input_Layer_0 0.2 0.2 0.75 2.9 40 30 3.79 1

APP_1_Inner_Layer_0:0 0.13333333333333333 0.13333333333333333 0.5 1.33 43 39 3.23 1
0
APP_1_Inner_Layer_0:1 0.26666666666666666 0.26666666666666666 1.0 3.43 46 18 3.34 1
0
APP_1_Inner_Layer_0:2 0.26666666666666666 0.26666666666666666 1.0 3.08 16 15 1.88 1
0
APP_1_Inner_Layer_1:0 0.06666666666666667 0.06666666666666667 0.25 2.97 33 42 3.46 1
1
APP_1_Inner_Layer_1:1 0.2 0.2 0.75 2.94 2 19 1.04 1
1
APP_1_Inner_Layer_1:2 0.3333333333333333 0.3333333333333333 1.25 1.84 40 49 2.91 1
2 3
APP_1_Inner_Layer_1:3 0.26666666666666666 0.26666666666666666 1.0 1.08 33 48 2.45 1
1 2
APP_1_Inner_Layer_2:0 0.3333333333333333 0.3333333333333333 1.25 1.11 41 4 3.04 1
5
APP_1_Inner_Layer_2:1 0.06666666666666667 0.06666666666666667 0.25 1.77 3 16 1.34 1
6
APP_1_Inner_Layer_2:2 0.06666666666666667 0.06666666666666667 0.25 1.29 27 43 2.64 1
4 6 7
APP_1_Inner_Layer_2:3 0.4 0.4 1.5 3.68 13 1 2.06 1
5 7
APP_1_Output_Layer_0 0.13333333333333333 0.13333333333333333 0.5 1.97 24 32 3.75 1
8 9 10 11
6
0.844099915631336
APP_2_Input_Layer_0 0.3333333333333333 0.3333333333333333 1.25 3.41 47 36 1.85 1

APP_2_Inner_Layer_0:0 0.4666666666666667 0.4666666666666667 1.75 1.44 26 17 2.58 1
0
APP_2_Inner_Layer_0:1 0.4 0.4 1.5 2.67 10 23 1.96 1
0
APP_2_Inner_Layer_0:2 0.4 0.4 1.5 1.18 29 20 1.32 1
0
APP_2_Inner_Layer_1:0 0.06666666666666667 0.06666666666666667 0.25 1.95 24 22 2.84 1
1 2 3
APP_2_Output_Layer_0 0.3333333333333333 0.3333333333333333 1.25 1.32 15 31 1.24 1
4
5
1.3976854326769632
APP_3_Input_Layer_0 0.26666666666666666 0.26666666666666666 1.0 3.69 38 42 1.86 1

APP_3_Inner_Layer_0:0 0.13333333333333333 0.13333333333333333 0.5 3.84 11 38 2.62 1
0
APP_3_Inner_Layer_0:1 0.3333333333333333 0.3333333333333333 1.25 1.36 22 49 2.23 1
0
APP_3_Inner_Layer_0:2 0.13333333333333333 0.13333333333333333 0.5 3.18 46 37 2.0 1
0
APP_3_Output_Layer_0 0.06666666666666667 0.06666666666666667 0.25 2.07 16 45 1.71 1
1 2 3
12
2.0036542695275004
APP_4_Input_Layer_0 0.26666666666666666 0.26666666666666666 1.0 3.81 1 42 3.22 1

APP_4_Inner_Layer_0:0 0.06666666666666667 0.06666666666666667 0.25 1.7 1 48 2.42 1
0
APP_4_Inner_Layer_0:1 0.4 0.4 1.5 2.79 32 40 3.03 1
0
APP_4_Inner_Layer_0:2 0.13333333333333333 0.13333333333333333 0.5 2.81 39 2 1.02 1
0
APP_4_Inner_Layer_1:0 0.06666666666666667 0.06666666666666667 0.25 3.64 24 1 2.25 1
1 2
APP_4_Inner_Layer_1:1 0.6 0.6 2.25 1.91 10 8 2.69 1
1
APP_4_Inner_Layer_1:2 0.4 0.4 1.5 1.89 21 42 1.16 1
2
APP_4_Inner_Layer_1:3 0.4 0.4 1.5 2.75 15 34 2.04 1
1 2 3
APP_4_Inner_Layer_2:0 0.4666666666666667 0.4666666666666667 1.75 1.73 18 14 1.99 1
5
APP_4_Inner_Layer_2:1 0.26666666666666666 0.26666666666666666 1.0 3.42 3 49 3.41 1
4
APP_4_Inner_Layer_2:2 0.6 0.6 2.25 2.31 13 9 1.75 1
4 6 7
APP_4_Output_Layer_0 0.2 0.2 0.75 2.16 15 28 2.08 1
8 9 10
5
2.676793474559543
APP_5_Input_Layer_0 0.06666666666666667 0.06666666666666667 0.25 3.03 27 43 1.27 1

APP_5_Inner_Layer_0:0 0.13333333333333333 0.13333333333333333 0.5 2.97 13 42 1.49 1
0
APP_5_Inner_Layer_0:1 0.4666666666666667 0.4666666666666667 1.75 3.79 7 17 2.65 1
0
APP_5_Inner_Layer_0:2 0.4666666666666667 0.4666666666666667 1.75 1.81 49 44 2.82 1
0
APP_5_Output_Layer_0 0.13333333333333333 0.13333333333333333 0.5 3.91 41 47 3.67 1
1 2 3
11
3.032314088642952
APP_6_Input_Layer_0 0.13333333333333333 0.13333333333333333 0.5 1.69 41 19 3.25 1

APP_6_Inner_Layer_0:0 0.26666666666666666 0.26666666666666666 1.0 2.5 36 42 2.32 1
0
APP_6_Inner_Layer_0:1 0.06666666666666667 0.06666666666666667 0.25 1.99 2 22 3.09 1
0
APP_6_Inner_Layer_0:2 0.5333333333333333 0.5333333333333333 2.0 1.77 42 17 2.24 1
0
APP_6_Inner_Layer_0:3 0.5333333333333333 0.5333333333333333 2.0 3.12 49 24 2.83 1
0
APP_6_Inner_Layer_1:0 0.4666666666666667 0.4666666666666667 1.75 1.52 24 27 1.67 1
1 3 4
APP_6_Inner_Layer_1:1 0.06666666666666667 0.06666666666666667 0.25 1.57 35 42 1.42 1
1 2 3 4
APP_6_Inner_Layer_1:2 0.5333333333333333 0.5333333333333333 2.0 3.0 29 44 2.84 1
1 2
APP_6_Inner_Layer_1:3 0.26666666666666666 0.26666666666666666 1.0 1.34 42 45 2.77 1
4 1 3
APP_6_Inner_Layer_2:0 0.4 0.4 1.5 1.64 39 5 3.62 1
5 6 7 8
APP_6_Output_Layer_0 0.06666666666666667 0.06666666666666667 0.25 2.79 45 40 3.84 1
9
6
3.391646931469543
APP_7_Input_Layer_0 0.26666666666666666 0.26666666666666666 1.0 2.33 36 25 1.08 0

APP_7_Inner_Layer_0:0 0.13333333333333333 0.13333333333333333 0.5 1.22 4 8 3.07 1
0
APP_7_Inner_Layer_0:1 0.4666666666666667 0.4666666666666667 1.75 3.56 37 16 3.17 1
0
APP_7_Inner_Layer_0:2 0.5333333333333333 0.5333333333333333 2.0 3.56 27 11 1.67 1
0
APP_7_Inner_Layer_0:3 0.3333333333333333 0.3333333333333333 1.25 2.86 26 2 2.26 1
0
APP_7_Output_Layer_0 0.4666666666666667 0.4666666666666667 1.75 3.93 8 45 2.02 1
1 2 3 4
5
3.8887665081385334
APP_8_Input_Layer_0 0.06666666666666667 0.06666666666666667 0.25 1.25 42 23 3.25 1

APP_8_Inner_Layer_0:0 0.4 0.4 1.5 2.21 24 1 1.91 1
0
APP_8_Inner_Layer_0:1 0.4 0.4 1.5 3.25 46 12 1.43 1
0
APP_8_Inner_Layer_0:2 0.3333333333333333 0.3333333333333333 1.25 2.62 19 35 1.21 1
0
APP_8_Output_Layer_0 0.4 0.4 1.5 3.81 2 25 2.3 1
1 2 3
3
4.345504842392277
APP_9_Input_Layer_0 0.26666666666666666 0.26666666666666666 1.0 2.4 27 19 1.81 1

APP_9_Inner_Layer_0:0 0.5333333333333333 0.5333333333333333 2.0 2.83 23 22 2.73 0
0
APP_9_Output_Layer_0 0.26666666666666666 0.26666666666666666 1.0 1.3 27 20 1.43 1
1
10
4.829105347086059
APP_10_Input_Layer_0 0.4666666666666667 0.4666666666666667 1.75 1.81 17 40 1.44 1

APP_10_Inner_Layer_0:0 0.06666666666666667 0.06666666666666667 0.25 2.32 16 23 3.21 1
0
APP_10_Inner_Layer_0:1 0.3333333333333333 0.3333333333333333 1.25 3.76 35 38 3.06 1
0
APP_10_Inner_Layer_1:0 0.3333333333333333 0.3333333333333333 1.25 1.83 8 47 3.6 1
1 2
APP_10_Inner_Layer_1:1 0.13333333333333333 0.13333333333333333 0.5 2.72 39 11 1.94 1
1 2
APP_10_Inner_Layer_1:2 0.2 0.2 0.75 2.76 6 30 1.88 1
2
APP_10_Inner_Layer_1:3 0.4 0.4 1.5 1.79 45 1 3.17 1
1
APP_10_Inner_Layer_2:0 0.2 0.2 0.75 1.78 27 21 2.84 1
3 5 6
APP_10_Inner_Layer_2:1 0.26666666666666666 0.26666666666666666 1.0 3.62 44 6 2.57 1
4
APP_10_Output_Layer_0 0.6 0.6 2.25 1.9 16 13 3.68 0
7 8
5
5.568815303761287
APP_11_Input_Layer_0 0.6 0.6 2.25 1.91 37 43 1.96 1

APP_11_Inner_Layer_0:0 0.4 0.4 1.5 3.48 18 16 2.83 1
0
APP_11_Inner_Layer_0:1 0.4666666666666667 0.4666666666666667 1.75 3.54 36 16 1.77 1
0
APP_11_Inner_Layer_0:2 0.2 0.2 0.75 1.0 24 26 3.1 1
0
APP_11_Output_Layer_0 0.06666666666666667 0.06666666666666667 0.25 2.53 36 29 2.75 1
1 2 3
