10
12
12
0
APP_0_Input_Layer_0 0.26666666666666666 0.26666666666666666 1.0 1.61 3 4 3.58 1

APP_0_Inner_Layer_0:0 0.06666666666666667 0.06666666666666667 0.25 3.3 14 43 1.33 1
0
APP_0_Inner_Layer_0:1 0.6 0.6 2.25 3.11 12 9 2.02 1
0
APP_0_Inner_Layer_0:2 0.06666666666666667 0.06666666666666667 0.25 2.55 35 35 3.79 1
0
APP_0_Inner_Layer_0:3 0.6 0.6 2.25 1.33 46 2 3.63 1
0
APP_0_Inner_Layer_1:0 0.6 0.6 2.25 1.88 7 45 1.36 0
4
APP_0_Inner_Layer_1:1 0.4666666666666667 0.4666666666666667 1.75 1.05 39 33 2.55 1
1 2 3
APP_0_Inner_Layer_2:0 0.4 0.4 1.5 2.87 7 48 2.19 1
6
APP_0_Inner_Layer_2:1 0.3333333333333333 0.3333333333333333 1.25 2.73 40 23 1.37 0
5
APP_0_Inner_Layer_2:2 0.2 0.2 0.75 3.16 14 26 2.36 0
6
APP_0_Inner_Layer_3:0 0.5333333333333333 0.5333333333333333 2.0 2.41 38 32 2.52 1
7 8 9
APP_0_Output_Layer_0 0.26666666666666666 0.26666666666666666 1.0 3.32 28 41 2.39 1
10
13
0.5019173899146628
APP_1_Input_Layer_0 0.4 0.4 1.5 1.09 33 47 1.2 1

APP_1_Inner_Layer_0:0 0.2 0.2 0.75 2.09 27 26 1.7 1
0
APP_1_Inner_Layer_0:1 0.13333333333333333 0.13333333333333333 0.5 1.35 2 16 3.0 1
0
APP_1_Inner_Layer_0:2 0.4 0.4 1.5 1.08 32 14 3.65 1
0
APP_1_Inner_Layer_0:3 0.3333333333333333 0.3333333333333333 1.25 3.5 21 10 2.19 1
0
APP_1_Inner_Layer_1:0 0.4666666666666667 0.4666666666666667 1.75 3.37 31 33 2.46 1
1 3 4
APP_1_Inner_Layer_1:1 0.4 0.4 1.5 3.08 14 33 1.12 1
2
APP_1_Inner_Layer_2:0 0.4 0.4 1.5 2.99 25 35 2.27 1
5 6
APP_1_Inner_Layer_3:0 0.5333333333333333 0.5333333333333333 2.0 2.02 35 2 2.97 1
7
APP_1_Inner_Layer_3:1 0.6 0.6 2.25 2.6 42 33 1.03 1
7
APP_1_Inner_Layer_3:2 0.26666666666666666 0.26666666666666666 1.0 3.01 33 23 2.52 1
7
APP_1_Inner_Layer_3:3 0.2 0.2 0.75 1.32 17 16 3.83 1
7
APP_1_Output_Layer_0 0.4666666666666667 0.4666666666666667 1.75 1.19 18 34 2.8 1
8 9 10 11
9
0.9539658593408067
APP_2_Input_Layer_0 0.3333333333333333 0.3333333333333333 1.25 3.05 14 8 2.94 1

APP_2_Inner_Layer_0:0 0.2 0.2 0.75 3.25 3 23 3.99 1
0
APP_2_Inner_Layer_0:1 0.4666666666666667 0.4666666666666667 1.75 3.33 21 45 3.26 1
0
APP_2_Inner_Layer_1:0 0.4 0.4 1.5 1.25 41 49 2.21 1
1 2
APP_2_Inner_Layer_2:0 0.06666666666666667 0.06666666666666667 0.25 1.96 26 40 1.47 1
3
APP_2_Inner_Layer_2:1 0.13333333333333333 0.13333333333333333 0.5 1.99 1 45 3.16 0
3
APP_2_Inner_Layer_2:2 0.3333333333333333 0.3333333333333333 1.25 1.62 45 10 2.44 0
3
APP_2_Inner_Layer_3:0 0.4666666666666667 0.4666666666666667 1.75 2.62 22 27 1.57 1
4 5 6
APP_2_Output_Layer_0 0.4 0.4 1.5 1.62 22 1 3.32 0
7
6
1.636103001342256
APP_3_Input_Layer_0 0.13333333333333333 0.13333333333333333 0.5 1.7 45 26 2.86 1

APP_3_Inner_Layer_0:0 0.13333333333333333 0.13333333333333333 0.5 3.33 32 2 3.21 1
0
APP_3_Inner_Layer_0:1 0.2 0.2 0.75 3.0 34 28 1.17 1
0
APP_3_Inner_Layer_0:2 0.06666666666666667 0.06666666666666667 0.25 2.83 39 25 3.59 1
0
APP_3_Inner_Layer_0:3 0.6 0.6 2.25 3.44 9 7 1.13 0
0
APP_3_Output_Layer_0 0.6 0.6 2.25 1.93 23 13 2.47 1
1 2 3 4
14
2.095234090905137
APP_4_Input_Layer_0 0.2 0.2 0.75 1.56 6 1 2.36 1

APP_4_Inner_Layer_0:0 0.3333333333333333 0.3333333333333333 1.25 1.33 37 25 3.76 1
0
APP_4_Inner_Layer_0:1 0.06666666666666667 0.06666666666666667 0.25 3.05 24 44 3.85 1
0
APP_4_Inner_Layer_0:2 0.06666666666666667 0.06666666666666667 0.25 2.31 26 13 2.92 1
0
APP_4_Inner_Layer_0:3 0.4666666666666667 0.4666666666666667 1.75 3.92 48 9 2.21 1
0
APP_4_Inner_Layer_1:0 0.2 0.2 0.75 1.66 4 19 1.7 1
3 4
APP_4_Inner_Layer_1:1 0.26666666666666666 0.26666666666666666 1.0 2.74 11 10 1.22 1
2 4
APP_4_Inner_Layer_1:2 0.13333333333333333 0.13333333333333333 0.5 1.77 14 39 1.26 0
1 2
APP_4_Inner_Layer_1:3 0.2 0.2 0.75 2.87 27 41 1.65 0
1 3 4
APP_4_Inner_Layer_2:0 0.4 0.4 1.5 1.48 40 11 3.88 1
8
APP_4_Inner_Layer_2:1 0.3333333333333333 0.3333333333333333 1.25 3.01 12 20 2.25 0
5 6 7
APP_4_Inner_Layer_3:0 0.3333333333333333 0.3333333333333333 1.25 2.89 43 15 3.75 1
9 10
APP_4_Inner_Layer_3:1 0.6 0.6 2.25 2.37 17 36 2.08 1
10
APP_4_Output_Layer_0 0.2 0.2 0.75 1.69 40 27 1.67 1
11 12
4
2.5192022332191644
APP_5_Input_Layer_0 0.26666666666666666 0.26666666666666666 1.0 3.44 31 25 3.3 0

APP_5_Inner_Layer_0:0 0.13333333333333333 0.13333333333333333 0.5 3.11 19 49 3.39 0
0
APP_5_Inner_Layer_0:1 0.3333333333333333 0.3333333333333333 1.25 2.49 13 36 2.39 1
0
APP_5_Output_Layer_0 0.3333333333333333 0.3333333333333333 1.25 2.03 48 38 1.8 1
1 2
9
3.081178612745645
APP_6_Input_Layer_0 0.4666666666666667 0.4666666666666667 1.75 1.53 49 49 1.91 1

APP_6_Inner_Layer_0:0 0.2 0.2 0.75 2.74 9 22 2.16 1
0
APP_6_Inner_Layer_1:0 0.6 0.6 2.25 3.07 11 8 3.98 1
1
APP_6_Inner_Layer_1:1 0.3333333333333333 0.3333333333333333 1.25 2.16 7 45 1.33 1
1
APP_6_Inner_Layer_1:2 0.26666666666666666 0.26666666666666666 1.0 3.47 26 18 1.54 1
1
APP_6_Inner_Layer_1:3 0.3333333333333333 0.3333333333333333 1.25 1.71 42 30 2.88 1
1
APP_6_Inner_Layer_2:0 0.6 0.6 2.25 3.19 13 24 3.94 0
4
APP_6_Inner_Layer_2:1 0.26666666666666666 0.26666666666666666 1.0 1.77 38 21 2.38 1
2 3 4 5
APP_6_Output_Layer_0 0.13333333333333333 0.13333333333333333 0.5 2.37 9 13 2.61 1
6 7
5
3.4376399074714543
APP_7_Input_Layer_0 0.4 0.4 1.5 1.3 29 1 2.39 1

APP_7_Inner_Layer_0:0 0.06666666666666667 0.06666666666666667 0.25 1.33 14 31 3.38 1
0
APP_7_Inner_Layer_0:1 0.5333333333333333 0.5333333333333333 2.0 2.23 39 13 2.72 1
0
APP_7_Inner_Layer_0:2 0.26666666666666666 0.26666666666666666 1.0 2.54 8 46 1.89 0
0
APP_7_Output_Layer_0 0.3333333333333333 0.3333333333333333 1.25 2.0 24 29 3.63 1
1 2 3
3
3.8801377436573166
APP_8_Input_Layer_0 0.3333333333333333 0.3333333333333333 1.25 3.11 7 47 3.74 1

APP_8_Inner_Layer_0:0 0.3333333333333333 0.3333333333333333 1.25 1.71 13 33 1.93 0
0
APP_8_Output_Layer_0 0.06666666666666667 0.06666666666666667 0.25 3.07 28 24 1.2 1
1
6
4.390741449176933
APP_9_Input_Layer_0 0.2 0.2 0.75 1.2 47 41 2.04 1

APP_9_Inner_Layer_0:0 0.6 0.6 2.25 2.29 26 39 2.37 1
0
APP_9_Inner_Layer_0:1 0.3333333333333333 0.3333333333333333 1.25 2.65 44 45 1.73 1
0
APP_9_Inner_Layer_0:2 0.5333333333333333 0.5333333333333333 2.0 2.53 18 34 2.41 1
0
APP_9_Inner_Layer_1:0 0.13333333333333333 0.13333333333333333 0.5 3.95 3 33 2.37 1
1 2 3
APP_9_Output_Layer_0 0.06666666666666667 0.06666666666666667 0.25 3.3 3 37 1.07 1
4
3
4.759911578620025
APP_10_Input_Layer_0 0.13333333333333333 0.13333333333333333 0.5 2.81 42 20 3.48 1

APP_10_Inner_Layer_0:0 0.5333333333333333 0.5333333333333333 2.0 2.77 45 24 2.23 1
0
APP_10_Output_Layer_0 0.4666666666666667 0.4666666666666667 1.75 2.66 36 33 2.36 0
1
5
5.082561505077236
APP_11_Input_Layer_0 0.13333333333333333 0.13333333333333333 0.5 2.98 31 19 3.44 1

APP_11_Inner_Layer_0:0 0.2 0.2 0.75 3.28 3 7 2.1 1
0
APP_11_Inner_Layer_1:0 0.06666666666666667 0.06666666666666667 0.25 3.89 46 42 3.92 1
1
APP_11_Inner_Layer_1:1 0.06666666666666667 0.06666666666666667 0.25 2.48 20 8 3.76 1
1
APP_11_Output_Layer_0 0.2 0.2 0.75 3.76 1 2 2.75 1
2 3
