10
12
10
0
APP_0_Input_Layer_0 0.4 0.4 1.5 1.01 7 27 2.23 1

APP_0_Inner_Layer_0:0 0.3333333333333333 0.3333333333333333 1.25 2.83 19 7 2.59 1
0
APP_0_Inner_Layer_0:1 0.4 0.4 1.5 2.19 7 42 2.38 1
0
APP_0_Inner_Layer_1:0 0.3333333333333333 0.3333333333333333 1.25 3.38 15 11 1.34 1
1 2
APP_0_Inner_Layer_2:0 0.6 0.6 2.25 2.57 7 1 2.17 0
3
APP_0_Inner_Layer_2:1 0.3333333333333333 0.3333333333333333 1.25 1.73 20 28 2.59 1
3
APP_0_Inner_Layer_2:2 0.4666666666666667 0.4666666666666667 1.75 2.08 26 38 1.74 1
3
APP_0_Inner_Layer_2:3 0.6 0.6 2.25 2.89 25 27 2.95 1
3
APP_0_Inner_Layer_3:0 0.4 0.4 1.5 2.74 30 18 2.45 1
4 5 6 7
APP_0_Output_Layer_0 0.6 0.6 2.25 2.74 33 49 2.71 1
8
5
0.5976487400400581
APP_1_Input_Layer_0 0.4 0.4 1.5 2.41 26 4 3.68 1

APP_1_Inner_Layer_0:0 0.3333333333333333 0.3333333333333333 1.25 2.7 12 21 3.04 0
0
APP_1_Inner_Layer_1:0 0.6 0.6 2.25 2.47 18 49 1.21 1
1
APP_1_Inner_Layer_1:1 0.4 0.4 1.5 3.1 28 30 3.75 0
1
APP_1_Output_Layer_0 0.2 0.2 0.75 2.41 19 11 3.68 1
2 3
9
1.2583659169198034
APP_2_Input_Layer_0 0.3333333333333333 0.3333333333333333 1.25 2.99 9 15 3.89 1

APP_2_Inner_Layer_0:0 0.6 0.6 2.25 2.2 28 17 1.93 1
0
APP_2_Inner_Layer_1:0 0.5333333333333333 0.5333333333333333 2.0 2.45 20 10 3.76 1
1
APP_2_Inner_Layer_1:1 0.06666666666666667 0.06666666666666667 0.25 2.01 40 7 2.44 0
1
APP_2_Inner_Layer_2:0 0.13333333333333333 0.13333333333333333 0.5 3.21 28 12 1.21 1
2 3
APP_2_Inner_Layer_3:0 0.5333333333333333 0.5333333333333333 2.0 1.41 23 42 2.65 1
4
APP_2_Inner_Layer_3:1 0.6 0.6 2.25 2.43 34 40 3.35 1
4
APP_2_Inner_Layer_3:2 0.3333333333333333 0.3333333333333333 1.25 2.32 37 1 3.56 1
4
APP_2_Output_Layer_0 0.5333333333333333 0.5333333333333333 2.0 3.44 5 41 1.83 1
5 6 7
12
1.799271560038985
APP_3_Input_Layer_0 0.06666666666666667 0.06666666666666667 0.25 1.19 10 21 2.43 1

APP_3_Inner_Layer_0:0 0.5333333333333333 0.5333333333333333 2.0 1.51 45 15 3.43 1
0
APP_3_Inner_Layer_0:1 0.4 0.4 1.5 1.34 49 31 1.11 0
0
APP_3_Inner_Layer_0:2 0.4 0.4 1.5 2.96 46 22 1.73 0
0
APP_3_Inner_Layer_0:3 0.4 0.4 1.5 3.03 33 43 3.33 0
0
APP_3_Inner_Layer_1:0 0.2 0.2 0.75 1.48 4 2 1.36 1
1 2 3 4
APP_3_Inner_Layer_2:0 0.06666666666666667 0.06666666666666667 0.25 3.98 45 7 1.81 0
5
APP_3_Inner_Layer_2:1 0.26666666666666666 0.26666666666666666 1.0 1.32 21 7 2.9 1
5
APP_3_Inner_Layer_2:2 0.06666666666666667 0.06666666666666667 0.25 2.83 3 47 1.51 1
5
APP_3_Inner_Layer_3:0 0.5333333333333333 0.5333333333333333 2.0 1.21 17 2 1.43 0
6
APP_3_Inner_Layer_3:1 0.2 0.2 0.75 1.67 28 18 3.21 1
7 8
APP_3_Output_Layer_0 0.2 0.2 0.75 2.46 13 36 2.23 1
9 10
12
2.4598459705473896
APP_4_Input_Layer_0 0.5333333333333333 0.5333333333333333 2.0 3.3 6 5 3.02 1

APP_4_Inner_Layer_0:0 0.13333333333333333 0.13333333333333333 0.5 2.13 35 13 3.41 1
0
APP_4_Inner_Layer_1:0 0.4666666666666667 0.4666666666666667 1.75 1.9 8 29 2.94 1
1
APP_4_Inner_Layer_1:1 0.5333333333333333 0.5333333333333333 2.0 3.29 9 46 3.37 1
1
APP_4_Inner_Layer_2:0 0.2 0.2 0.75 2.0 7 16 1.43 1
2
APP_4_Inner_Layer_2:1 0.26666666666666666 0.26666666666666666 1.0 3.85 16 34 1.88 1
3
APP_4_Inner_Layer_2:2 0.5333333333333333 0.5333333333333333 2.0 2.74 13 42 3.58 1
2 3
APP_4_Inner_Layer_3:0 0.4666666666666667 0.4666666666666667 1.75 2.19 36 30 1.56 0
6
APP_4_Inner_Layer_3:1 0.6 0.6 2.25 1.07 29 10 2.03 1
4 6
APP_4_Inner_Layer_3:2 0.4 0.4 1.5 1.03 30 13 1.56 0
5
APP_4_Inner_Layer_3:3 0.4666666666666667 0.4666666666666667 1.75 3.19 10 8 1.64 1
5 6
APP_4_Output_Layer_0 0.5333333333333333 0.5333333333333333 2.0 3.03 28 10 1.79 1
7 8 9 10
15
2.9838173437739757
APP_5_Input_Layer_0 0.13333333333333333 0.13333333333333333 0.5 2.68 24 35 3.57 1

APP_5_Inner_Layer_0:0 0.5333333333333333 0.5333333333333333 2.0 2.5 12 30 2.54 0
0
APP_5_Inner_Layer_0:1 0.4 0.4 1.5 1.66 21 8 3.01 1
0
APP_5_Inner_Layer_0:2 0.4666666666666667 0.4666666666666667 1.75 1.89 26 38 2.69 0
0
APP_5_Inner_Layer_0:3 0.4 0.4 1.5 2.01 7 10 2.33 1
0
APP_5_Inner_Layer_1:0 0.26666666666666666 0.26666666666666666 1.0 1.31 46 20 1.6 1
1 2 3 4
APP_5_Inner_Layer_1:1 0.13333333333333333 0.13333333333333333 0.5 1.94 11 19 2.55 1
2
APP_5_Inner_Layer_1:2 0.4666666666666667 0.4666666666666667 1.75 3.81 30 30 2.18 1
1 2
APP_5_Inner_Layer_1:3 0.4 0.4 1.5 1.69 30 33 1.72 1
3
APP_5_Inner_Layer_2:0 0.4666666666666667 0.4666666666666667 1.75 1.45 4 27 3.64 1
5 6 7 8
APP_5_Inner_Layer_3:0 0.26666666666666666 0.26666666666666666 1.0 1.19 13 27 2.1 1
9
APP_5_Inner_Layer_3:1 0.13333333333333333 0.13333333333333333 0.5 3.44 24 49 2.19 1
9
APP_5_Inner_Layer_3:2 0.4666666666666667 0.4666666666666667 1.75 2.4 34 49 1.28 0
9
APP_5_Inner_Layer_3:3 0.26666666666666666 0.26666666666666666 1.0 1.55 12 44 3.38 1
9
APP_5_Output_Layer_0 0.13333333333333333 0.13333333333333333 0.5 1.72 10 30 2.08 1
10 11 12 13
9
3.710743516772211
APP_6_Input_Layer_0 0.6 0.6 2.25 3.27 15 21 1.86 1

APP_6_Inner_Layer_0:0 0.2 0.2 0.75 3.82 17 26 3.89 1
0
APP_6_Inner_Layer_0:1 0.6 0.6 2.25 3.99 41 32 3.38 0
0
APP_6_Inner_Layer_0:2 0.13333333333333333 0.13333333333333333 0.5 1.78 25 42 2.97 1
0
APP_6_Inner_Layer_0:3 0.3333333333333333 0.3333333333333333 1.25 2.18 33 4 3.72 1
0
APP_6_Inner_Layer_1:0 0.2 0.2 0.75 3.15 44 8 2.42 1
1 4
APP_6_Inner_Layer_1:1 0.13333333333333333 0.13333333333333333 0.5 2.37 47 28 3.1 1
1 3
APP_6_Inner_Layer_1:2 0.4 0.4 1.5 3.08 16 17 1.33 0
2 3
APP_6_Output_Layer_0 0.13333333333333333 0.13333333333333333 0.5 2.5 34 9 3.79 1
5 6 7
12
4.066311440539458
APP_7_Input_Layer_0 0.4666666666666667 0.4666666666666667 1.75 2.68 31 30 1.78 1

APP_7_Inner_Layer_0:0 0.13333333333333333 0.13333333333333333 0.5 2.73 34 41 3.87 0
0
APP_7_Inner_Layer_0:1 0.26666666666666666 0.26666666666666666 1.0 2.53 39 34 1.96 1
0
APP_7_Inner_Layer_0:2 0.13333333333333333 0.13333333333333333 0.5 2.56 22 27 3.61 1
0
APP_7_Inner_Layer_0:3 0.4666666666666667 0.4666666666666667 1.75 2.96 22 30 1.97 1
0
APP_7_Inner_Layer_1:0 0.13333333333333333 0.13333333333333333 0.5 2.19 48 23 2.84 0
1
APP_7_Inner_Layer_1:1 0.3333333333333333 0.3333333333333333 1.25 2.12 40 18 2.1 0
1 2 3 4
APP_7_Inner_Layer_1:2 0.06666666666666667 0.06666666666666667 0.25 3.25 49 12 3.08 1
3 4
APP_7_Inner_Layer_1:3 0.6 0.6 2.25 1.0 20 21 2.78 1
4
APP_7_Inner_Layer_2:0 0.6 0.6 2.25 2.34 8 25 2.9 1
5 6 7 8
APP_7_Inner_Layer_3:0 0.13333333333333333 0.13333333333333333 0.5 1.71 36 34 3.96 1
9
APP_7_Output_Layer_0 0.6 0.6 2.25 2.03 1 18 1.91 1
10
6
4.5995118911776105
APP_8_Input_Layer_0 0.3333333333333333 0.3333333333333333 1.25 3.91 47 1 1.86 1

APP_8_Inner_Layer_0:0 0.6 0.6 2.25 3.89 46 32 1.43 1
0
APP_8_Inner_Layer_0:1 0.4 0.4 1.5 3.62 19 35 3.52 0
0
APP_8_Inner_Layer_0:2 0.4666666666666667 0.4666666666666667 1.75 1.86 45 26 2.24 1
0
APP_8_Inner_Layer_0:3 0.26666666666666666 0.26666666666666666 1.0 3.88 21 16 2.02 1
0
APP_8_Output_Layer_0 0.4 0.4 1.5 2.92 42 37 1.81 1
1 2 3 4
6
5.220620228992936
APP_9_Input_Layer_0 0.4 0.4 1.5 1.87 13 15 3.95 1

APP_9_Inner_Layer_0:0 0.5333333333333333 0.5333333333333333 2.0 2.29 29 19 2.64 0
0
APP_9_Inner_Layer_0:1 0.4666666666666667 0.4666666666666667 1.75 3.79 8 47 2.86 1
0
APP_9_Inner_Layer_0:2 0.2 0.2 0.75 2.78 23 28 1.85 1
0
APP_9_Inner_Layer_0:3 0.4 0.4 1.5 1.29 41 18 3.04 1
0
APP_9_Output_Layer_0 0.13333333333333333 0.13333333333333333 0.5 3.47 14 35 1.7 1
1 2 3 4
4
6.000931508888498
APP_10_Input_Layer_0 0.4 0.4 1.5 1.44 36 40 1.04 1

APP_10_Inner_Layer_0:0 0.2 0.2 0.75 2.0 20 19 3.66 1
0
APP_10_Inner_Layer_0:1 0.5333333333333333 0.5333333333333333 2.0 2.3 35 13 2.88 1
0
APP_10_Output_Layer_0 0.5333333333333333 0.5333333333333333 2.0 2.56 46 28 2.36 1
1 2
10
6.619964038221179
APP_11_Input_Layer_0 0.13333333333333333 0.13333333333333333 0.5 3.15 26 27 2.03 1

APP_11_Inner_Layer_0:0 0.4666666666666667 0.4666666666666667 1.75 1.75 19 24 1.81 1
0
APP_11_Inner_Layer_1:0 0.2 0.2 0.75 1.39 44 41 3.9 0
1
APP_11_Inner_Layer_1:1 0.5333333333333333 0.5333333333333333 2.0 2.49 48 8 2.2 0
1
APP_11_Inner_Layer_1:2 0.3333333333333333 0.3333333333333333 1.25 2.62 18 5 3.21 0
1
APP_11_Inner_Layer_1:3 0.06666666666666667 0.06666666666666667 0.25 1.85 9 26 1.59 1
1
APP_11_Inner_Layer_2:0 0.13333333333333333 0.13333333333333333 0.5 2.82 14 16 1.91 1
4
APP_11_Inner_Layer_2:1 0.3333333333333333 0.3333333333333333 1.25 1.62 42 5 3.55 1
2 3 5
APP_11_Inner_Layer_3:0 0.3333333333333333 0.3333333333333333 1.25 1.84 7 41 3.91 0
6 7
APP_11_Output_Layer_0 0.06666666666666667 0.06666666666666667 0.25 3.32 36 27 1.79 1
8
