10
12
3
0
APP_0_Input_Layer_0 0.4 0.4 1.5 2.54 37 10 2.56 1

APP_0_Inner_Layer_0:0 0.26666666666666666 0.26666666666666666 1.0 1.27 34 49 3.87 1
0
APP_0_Output_Layer_0 0.2 0.2 0.75 1.57 35 48 1.47 1
1
3
0.44200678563491574
APP_1_Input_Layer_0 0.6 0.6 2.25 3.63 5 14 3.53 1

APP_1_Inner_Layer_0:0 0.6 0.6 2.25 1.71 11 43 1.86 1
0
APP_1_Output_Layer_0 0.6 0.6 2.25 3.08 6 12 2.53 1
1
11
1.1465393531115227
APP_2_Input_Layer_0 0.2 0.2 0.75 1.99 11 30 1.96 1

APP_2_Inner_Layer_0:0 0.6 0.6 2.25 2.58 27 33 1.54 1
0
APP_2_Inner_Layer_0:1 0.06666666666666667 0.06666666666666667 0.25 3.66 2 19 3.31 1
0
APP_2_Inner_Layer_0:2 0.13333333333333333 0.13333333333333333 0.5 1.94 4 32 3.75 0
0
APP_2_Inner_Layer_0:3 0.3333333333333333 0.3333333333333333 1.25 1.12 15 49 2.25 1
0
APP_2_Inner_Layer_1:0 0.2 0.2 0.75 1.72 46 7 1.31 0
1 3 4
APP_2_Inner_Layer_1:1 0.4 0.4 1.5 2.71 42 1 1.51 1
2 3 4
APP_2_Inner_Layer_1:2 0.26666666666666666 0.26666666666666666 1.0 3.81 20 43 1.43 0
1
APP_2_Inner_Layer_2:0 0.5333333333333333 0.5333333333333333 2.0 2.37 31 10 1.92 1
5
APP_2_Inner_Layer_2:1 0.06666666666666667 0.06666666666666667 0.25 3.51 13 17 3.41 1
6 7
APP_2_Output_Layer_0 0.4 0.4 1.5 2.63 46 18 3.69 1
8 9
9
1.9087991802937898
APP_3_Input_Layer_0 0.4666666666666667 0.4666666666666667 1.75 2.38 31 5 1.25 1

APP_3_Inner_Layer_0:0 0.4 0.4 1.5 3.67 44 13 2.27 1
0
APP_3_Inner_Layer_0:1 0.26666666666666666 0.26666666666666666 1.0 3.13 12 27 1.3 1
0
APP_3_Inner_Layer_0:2 0.3333333333333333 0.3333333333333333 1.25 1.91 43 24 1.61 1
0
APP_3_Inner_Layer_0:3 0.4666666666666667 0.4666666666666667 1.75 2.77 14 18 1.98 1
0
APP_3_Inner_Layer_1:0 0.06666666666666667 0.06666666666666667 0.25 1.96 7 35 1.8 0
2 4
APP_3_Inner_Layer_1:1 0.13333333333333333 0.13333333333333333 0.5 3.6 48 46 3.7 1
1 2 3
APP_3_Inner_Layer_1:2 0.5333333333333333 0.5333333333333333 2.0 1.87 43 25 3.24 1
1 3
APP_3_Output_Layer_0 0.26666666666666666 0.26666666666666666 1.0 1.47 27 3 3.48 1
5 6 7
6
2.504555308877093
APP_4_Input_Layer_0 0.06666666666666667 0.06666666666666667 0.25 3.7 45 12 1.3 1

APP_4_Inner_Layer_0:0 0.06666666666666667 0.06666666666666667 0.25 3.9 14 45 1.08 1
0
APP_4_Inner_Layer_1:0 0.06666666666666667 0.06666666666666667 0.25 1.01 26 46 3.62 1
1
APP_4_Inner_Layer_1:1 0.5333333333333333 0.5333333333333333 2.0 1.62 47 39 3.04 1
1
APP_4_Inner_Layer_1:2 0.3333333333333333 0.3333333333333333 1.25 2.75 5 17 3.73 1
1
APP_4_Output_Layer_0 0.5333333333333333 0.5333333333333333 2.0 2.45 13 16 3.33 1
2 3 4
12
2.882126436782254
APP_5_Input_Layer_0 0.13333333333333333 0.13333333333333333 0.5 2.4 7 1 1.74 1

APP_5_Inner_Layer_0:0 0.6 0.6 2.25 1.37 1 4 3.54 1
0
APP_5_Inner_Layer_1:0 0.5333333333333333 0.5333333333333333 2.0 2.07 47 4 3.75 1
1
APP_5_Inner_Layer_1:1 0.13333333333333333 0.13333333333333333 0.5 1.84 2 11 3.21 1
1
APP_5_Inner_Layer_1:2 0.26666666666666666 0.26666666666666666 1.0 3.08 6 13 2.15 1
1
APP_5_Inner_Layer_1:3 0.2 0.2 0.75 3.15 3 43 1.39 1
1
APP_5_Inner_Layer_2:0 0.4666666666666667 0.4666666666666667 1.75 1.1 16 16 3.65 0
3 4 5
APP_5_Inner_Layer_2:1 0.13333333333333333 0.13333333333333333 0.5 2.01 39 3 2.7 1
2 3 4
APP_5_Inner_Layer_2:2 0.4666666666666667 0.4666666666666667 1.75 1.96 27 30 2.3 1
5 4
APP_5_Inner_Layer_3:0 0.4 0.4 1.5 1.11 36 40 1.32 0
7
APP_5_Inner_Layer_3:1 0.6 0.6 2.25 3.68 26 6 2.71 1
6 8
APP_5_Output_Layer_0 0.5333333333333333 0.5333333333333333 2.0 3.79 6 29 2.49 1
9 10
6
3.245810928208096
APP_6_Input_Layer_0 0.06666666666666667 0.06666666666666667 0.25 3.55 37 37 1.79 1

APP_6_Inner_Layer_0:0 0.2 0.2 0.75 1.94 48 14 2.23 1
0
APP_6_Inner_Layer_0:1 0.5333333333333333 0.5333333333333333 2.0 2.94 24 9 3.01 1
0
APP_6_Inner_Layer_0:2 0.2 0.2 0.75 2.23 11 30 3.43 1
0
APP_6_Inner_Layer_0:3 0.3333333333333333 0.3333333333333333 1.25 1.66 35 17 3.79 1
0
APP_6_Output_Layer_0 0.4666666666666667 0.4666666666666667 1.75 3.45 28 13 3.75 1
1 2 3 4
8
4.0285073532538
APP_7_Input_Layer_0 0.4666666666666667 0.4666666666666667 1.75 2.68 22 7 3.5 1

APP_7_Inner_Layer_0:0 0.4 0.4 1.5 1.77 40 41 2.56 0
0
APP_7_Inner_Layer_0:1 0.4 0.4 1.5 3.18 34 41 2.04 0
0
APP_7_Inner_Layer_1:0 0.06666666666666667 0.06666666666666667 0.25 2.46 28 31 2.59 1
1
APP_7_Inner_Layer_1:1 0.6 0.6 2.25 2.9 22 49 1.9 1
1
APP_7_Inner_Layer_1:2 0.6 0.6 2.25 1.0 13 22 3.46 0
1
APP_7_Inner_Layer_1:3 0.06666666666666667 0.06666666666666667 0.25 3.22 44 40 3.45 1
2
APP_7_Output_Layer_0 0.2 0.2 0.75 3.29 25 8 2.47 1
3 4 5 6
4
4.708871573505167
APP_8_Input_Layer_0 0.5333333333333333 0.5333333333333333 2.0 1.29 47 7 2.74 1

APP_8_Inner_Layer_0:0 0.2 0.2 0.75 2.97 44 18 2.85 1
0
APP_8_Inner_Layer_0:1 0.06666666666666667 0.06666666666666667 0.25 1.64 12 26 1.47 1
0
APP_8_Output_Layer_0 0.4666666666666667 0.4666666666666667 1.75 3.2 26 39 1.54 1
1 2
4
5.245450282295759
APP_9_Input_Layer_0 0.5333333333333333 0.5333333333333333 2.0 2.43 15 37 3.16 1

APP_9_Inner_Layer_0:0 0.13333333333333333 0.13333333333333333 0.5 3.44 12 24 2.66 1
0
APP_9_Inner_Layer_0:1 0.13333333333333333 0.13333333333333333 0.5 3.09 33 43 1.7 0
0
APP_9_Output_Layer_0 0.13333333333333333 0.13333333333333333 0.5 1.24 26 23 3.34 1
1 2
8
5.757418298033934
APP_10_Input_Layer_0 0.4666666666666667 0.4666666666666667 1.75 1.53 27 41 2.65 1

APP_10_Inner_Layer_0:0 0.4666666666666667 0.4666666666666667 1.75 1.32 40 1 1.2 0
0
APP_10_Inner_Layer_0:1 0.2 0.2 0.75 1.29 8 35 3.94 1
0
APP_10_Inner_Layer_0:2 0.4 0.4 1.5 1.0 4 27 2.66 0
0
APP_10_Inner_Layer_0:3 0.13333333333333333 0.13333333333333333 0.5 3.18 33 44 1.65 0
0
APP_10_Inner_Layer_1:0 0.26666666666666666 0.26666666666666666 1.0 1.38 44 37 1.89 1
1 2
APP_10_Inner_Layer_1:1 0.6 0.6 2.25 1.21 2 48 1.39 1
3 4
APP_10_Output_Layer_0 0.4 0.4 1.5 2.47 30 18 1.31 1
5 6
11
6.457305723241351
APP_11_Input_Layer_0 0.5333333333333333 0.5333333333333333 2.0 3.95 46 15 3.51 1

APP_11_Inner_Layer_0:0 0.26666666666666666 0.26666666666666666 1.0 2.7 21 11 2.87 0
0
APP_11_Inner_Layer_0:1 0.26666666666666666 0.26666666666666666 1.0 1.29 13 2 3.39 1
0
APP_11_Inner_Layer_0:2 0.3333333333333333 0.3333333333333333 1.25 2.9 25 39 2.65 0
0
APP_11_Inner_Layer_1:0 0.06666666666666667 0.06666666666666667 0.25 1.91 34 12 1.78 1
1 2 3
APP_11_Inner_Layer_2:0 0.4666666666666667 0.4666666666666667 1.75 3.43 38 43 1.93 1
4
APP_11_Inner_Layer_2:1 0.6 0.6 2.25 1.18 8 29 2.91 1
4
APP_11_Inner_Layer_3:0 0.13333333333333333 0.13333333333333333 0.5 3.76 49 23 3.2 0
6
APP_11_Inner_Layer_3:1 0.5333333333333333 0.5333333333333333 2.0 1.93 35 15 1.78 0
5
APP_11_Inner_Layer_3:2 0.13333333333333333 0.13333333333333333 0.5 3.29 11 10 1.01 1
6
APP_11_Output_Layer_0 0.6 0.6 2.25 1.02 17 42 3.92 0
7 8 9
