10
12
13
0
APP_0_Input_Layer_0 0.6 0.6 2.25 3.29 1 9 2.48 1

APP_0_Inner_Layer_0:0 0.2 0.2 0.75 2.29 44 15 2.89 1
0
APP_0_Inner_Layer_0:1 0.26666666666666666 0.26666666666666666 1.0 1.49 8 48 3.35 1
0
APP_0_Inner_Layer_0:2 0.2 0.2 0.75 1.66 23 34 1.79 1
0
APP_0_Inner_Layer_1:0 0.13333333333333333 0.13333333333333333 0.5 3.04 27 4 3.73 0
1
APP_0_Inner_Layer_1:1 0.5333333333333333 0.5333333333333333 2.0 1.01 43 35 1.37 0
2
APP_0_Inner_Layer_1:2 0.4 0.4 1.5 1.29 14 31 2.51 0
2
APP_0_Inner_Layer_1:3 0.6 0.6 2.25 3.73 34 45 2.2 0
1 2 3
APP_0_Inner_Layer_2:0 0.06666666666666667 0.06666666666666667 0.25 1.68 17 6 1.67 1
4 5 7
APP_0_Inner_Layer_2:1 0.26666666666666666 0.26666666666666666 1.0 1.9 35 2 3.0 1
4 5 6
APP_0_Inner_Layer_2:2 0.5333333333333333 0.5333333333333333 2.0 1.86 24 41 2.6 1
4 6
APP_0_Inner_Layer_3:0 0.06666666666666667 0.06666666666666667 0.25 3.76 28 40 2.93 1
8 9 10
APP_0_Output_Layer_0 0.4 0.4 1.5 2.35 11 49 1.52 1
11
12
0.5421092161121542
APP_1_Input_Layer_0 0.26666666666666666 0.26666666666666666 1.0 3.52 15 37 1.02 1

APP_1_Inner_Layer_0:0 0.3333333333333333 0.3333333333333333 1.25 3.3 22 22 1.64 1
0
APP_1_Inner_Layer_0:1 0.3333333333333333 0.3333333333333333 1.25 1.48 16 48 1.97 1
0
APP_1_Inner_Layer_0:2 0.26666666666666666 0.26666666666666666 1.0 3.05 43 27 3.44 1
0
APP_1_Inner_Layer_1:0 0.5333333333333333 0.5333333333333333 2.0 1.67 41 44 3.33 0
1 3
APP_1_Inner_Layer_1:1 0.13333333333333333 0.13333333333333333 0.5 2.65 42 16 2.72 1
1 3
APP_1_Inner_Layer_1:2 0.5333333333333333 0.5333333333333333 2.0 2.18 31 33 1.14 1
2 3
APP_1_Inner_Layer_1:3 0.13333333333333333 0.13333333333333333 0.5 1.45 13 21 2.37 0
1
APP_1_Inner_Layer_2:0 0.4 0.4 1.5 2.89 44 46 1.24 0
4 6 7
APP_1_Inner_Layer_2:1 0.06666666666666667 0.06666666666666667 0.25 2.0 48 39 3.13 1
5
APP_1_Inner_Layer_3:0 0.5333333333333333 0.5333333333333333 2.0 3.36 41 22 3.83 1
8 9
APP_1_Output_Layer_0 0.13333333333333333 0.13333333333333333 0.5 1.34 27 38 3.05 1
10
10
0.8919232473567851
APP_2_Input_Layer_0 0.4 0.4 1.5 1.9 27 13 1.89 1

APP_2_Inner_Layer_0:0 0.3333333333333333 0.3333333333333333 1.25 2.59 20 30 3.69 0
0
APP_2_Inner_Layer_0:1 0.2 0.2 0.75 2.58 32 31 1.66 0
0
APP_2_Inner_Layer_1:0 0.2 0.2 0.75 3.95 5 44 3.5 1
1 2
APP_2_Inner_Layer_2:0 0.13333333333333333 0.13333333333333333 0.5 3.05 4 3 1.5 0
3
APP_2_Inner_Layer_2:1 0.13333333333333333 0.13333333333333333 0.5 3.67 11 49 3.91 1
3
APP_2_Inner_Layer_3:0 0.2 0.2 0.75 3.54 26 2 1.74 0
4 5
APP_2_Inner_Layer_3:1 0.4666666666666667 0.4666666666666667 1.75 2.95 29 10 1.47 1
5
APP_2_Inner_Layer_3:2 0.06666666666666667 0.06666666666666667 0.25 3.1 33 11 2.71 1
5
APP_2_Output_Layer_0 0.4 0.4 1.5 1.03 14 4 2.87 1
6 7 8
10
1.4625239162853858
APP_3_Input_Layer_0 0.4 0.4 1.5 2.03 1 21 2.43 1

APP_3_Inner_Layer_0:0 0.2 0.2 0.75 1.06 32 21 3.7 1
0
APP_3_Inner_Layer_0:1 0.2 0.2 0.75 2.73 41 42 1.24 0
0
APP_3_Inner_Layer_0:2 0.5333333333333333 0.5333333333333333 2.0 3.62 36 21 1.45 1
0
APP_3_Inner_Layer_0:3 0.06666666666666667 0.06666666666666667 0.25 2.95 14 7 2.36 0
0
APP_3_Inner_Layer_1:0 0.3333333333333333 0.3333333333333333 1.25 1.17 28 32 2.94 1
2 3 4
APP_3_Inner_Layer_1:1 0.4666666666666667 0.4666666666666667 1.75 1.1 35 11 1.51 1
1
APP_3_Inner_Layer_1:2 0.4 0.4 1.5 3.28 11 25 1.15 0
1 2 3
APP_3_Inner_Layer_2:0 0.4666666666666667 0.4666666666666667 1.75 3.72 5 9 2.06 0
5 6 7
APP_3_Output_Layer_0 0.3333333333333333 0.3333333333333333 1.25 1.75 27 33 2.68 1
8
12
1.9312397867090811
APP_4_Input_Layer_0 0.6 0.6 2.25 1.61 46 39 2.88 1

APP_4_Inner_Layer_0:0 0.5333333333333333 0.5333333333333333 2.0 3.67 37 8 3.04 1
0
APP_4_Inner_Layer_0:1 0.4 0.4 1.5 2.1 29 35 2.1 1
0
APP_4_Inner_Layer_0:2 0.6 0.6 2.25 2.67 38 12 2.38 1
0
APP_4_Inner_Layer_1:0 0.4 0.4 1.5 1.18 47 18 1.79 1
1 3
APP_4_Inner_Layer_1:1 0.26666666666666666 0.26666666666666666 1.0 1.22 42 43 3.62 0
2 3
APP_4_Inner_Layer_1:2 0.13333333333333333 0.13333333333333333 0.5 2.0 42 20 1.18 1
2 3
APP_4_Inner_Layer_1:3 0.26666666666666666 0.26666666666666666 1.0 1.26 37 43 3.8 1
1 2
APP_4_Inner_Layer_2:0 0.4 0.4 1.5 2.67 38 45 1.02 0
4 5 6
APP_4_Inner_Layer_2:1 0.26666666666666666 0.26666666666666666 1.0 1.06 17 24 1.51 1
7
APP_4_Inner_Layer_2:2 0.6 0.6 2.25 3.2 37 46 2.28 1
4 7
APP_4_Output_Layer_0 0.2 0.2 0.75 3.51 35 42 3.35 1
8 9 10
6
2.30361036768911
APP_5_Input_Layer_0 0.6 0.6 2.25 3.09 20 6 1.95 0

APP_5_Inner_Layer_0:0 0.6 0.6 2.25 2.35 42 5 2.47 1
0
APP_5_Inner_Layer_0:1 0.6 0.6 2.25 2.66 30 25 2.18 0
0
APP_5_Inner_Layer_0:2 0.4666666666666667 0.4666666666666667 1.75 1.94 42 29 3.85 1
0
APP_5_Inner_Layer_0:3 0.5333333333333333 0.5333333333333333 2.0 1.88 3 38 2.18 1
0
APP_5_Output_Layer_0 0.06666666666666667 0.06666666666666667 0.25 2.37 10 46 2.07 0
1 2 3 4
3
2.9983146818152395
APP_6_Input_Layer_0 0.26666666666666666 0.26666666666666666 1.0 2.47 14 9 1.67 0

APP_6_Inner_Layer_0:0 0.13333333333333333 0.13333333333333333 0.5 2.32 39 6 3.88 0
0
APP_6_Output_Layer_0 0.4 0.4 1.5 2.53 45 30 1.17 1
1
15
3.711171004119483
APP_7_Input_Layer_0 0.2 0.2 0.75 1.49 17 45 1.78 1

APP_7_Inner_Layer_0:0 0.2 0.2 0.75 3.48 5 10 3.87 1
0
APP_7_Inner_Layer_0:1 0.5333333333333333 0.5333333333333333 2.0 3.17 15 20 2.04 1
0
APP_7_Inner_Layer_0:2 0.06666666666666667 0.06666666666666667 0.25 3.5 29 19 3.73 0
0
APP_7_Inner_Layer_0:3 0.13333333333333333 0.13333333333333333 0.5 1.6 25 48 1.79 1
0
APP_7_Inner_Layer_1:0 0.3333333333333333 0.3333333333333333 1.25 2.64 4 44 3.7 0
2 3 4
APP_7_Inner_Layer_1:1 0.5333333333333333 0.5333333333333333 2.0 3.07 35 48 2.78 1
4
APP_7_Inner_Layer_1:2 0.5333333333333333 0.5333333333333333 2.0 3.46 18 26 2.17 1
1 2 4
APP_7_Inner_Layer_1:3 0.6 0.6 2.25 3.21 1 5 1.87 1
1 3
APP_7_Inner_Layer_2:0 0.5333333333333333 0.5333333333333333 2.0 2.45 32 14 1.43 1
5 6
APP_7_Inner_Layer_2:1 0.4 0.4 1.5 3.63 2 39 3.87 1
7 8
APP_7_Inner_Layer_3:0 0.2 0.2 0.75 2.91 18 37 2.27 1
9
APP_7_Inner_Layer_3:1 0.3333333333333333 0.3333333333333333 1.25 3.56 43 32 3.14 1
9
APP_7_Inner_Layer_3:2 0.5333333333333333 0.5333333333333333 2.0 2.46 44 49 3.59 1
9 10
APP_7_Output_Layer_0 0.5333333333333333 0.5333333333333333 2.0 3.73 25 22 3.68 1
11 12 13
9
4.259693188836206
APP_8_Input_Layer_0 0.6 0.6 2.25 2.39 26 48 3.3 1

APP_8_Inner_Layer_0:0 0.2 0.2 0.75 2.6 10 30 3.31 0
0
APP_8_Inner_Layer_0:1 0.2 0.2 0.75 3.76 29 10 3.25 0
0
APP_8_Inner_Layer_0:2 0.06666666666666667 0.06666666666666667 0.25 3.19 38 17 3.23 1
0
APP_8_Inner_Layer_1:0 0.2 0.2 0.75 3.56 35 4 1.58 0
2 3
APP_8_Inner_Layer_1:1 0.6 0.6 2.25 2.68 14 48 1.3 1
1 3
APP_8_Inner_Layer_1:2 0.06666666666666667 0.06666666666666667 0.25 1.07 49 23 3.55 1
2
APP_8_Inner_Layer_2:0 0.3333333333333333 0.3333333333333333 1.25 1.97 20 16 2.7 1
4 5 6
APP_8_Output_Layer_0 0.13333333333333333 0.13333333333333333 0.5 2.77 19 10 3.76 1
7
7
4.8844506073562854
APP_9_Input_Layer_0 0.3333333333333333 0.3333333333333333 1.25 3.18 26 10 2.42 1

APP_9_Inner_Layer_0:0 0.4 0.4 1.5 3.12 26 9 1.12 0
0
APP_9_Inner_Layer_1:0 0.2 0.2 0.75 1.05 22 47 3.57 0
1
APP_9_Inner_Layer_1:1 0.5333333333333333 0.5333333333333333 2.0 3.73 1 39 2.6 1
1
APP_9_Inner_Layer_1:2 0.2 0.2 0.75 3.64 31 12 3.58 1
1
APP_9_Inner_Layer_2:0 0.6 0.6 2.25 2.4 9 26 1.31 0
2 3 4
APP_9_Output_Layer_0 0.2 0.2 0.75 1.32 16 14 1.11 1
5
13
5.366606012198899
APP_10_Input_Layer_0 0.3333333333333333 0.3333333333333333 1.25 3.55 14 38 2.2 1

APP_10_Inner_Layer_0:0 0.4 0.4 1.5 1.91 8 44 3.07 0
0
APP_10_Inner_Layer_0:1 0.2 0.2 0.75 2.33 30 11 2.57 1
0
APP_10_Inner_Layer_0:2 0.13333333333333333 0.13333333333333333 0.5 1.83 17 9 3.76 0
0
APP_10_Inner_Layer_1:0 0.2 0.2 0.75 1.29 15 26 2.43 1
1 2
APP_10_Inner_Layer_1:1 0.13333333333333333 0.13333333333333333 0.5 2.98 26 28 3.9 1
2 3
APP_10_Inner_Layer_1:2 0.4666666666666667 0.4666666666666667 1.75 3.25 15 8 2.65 0
1 2 3
APP_10_Inner_Layer_1:3 0.2 0.2 0.75 3.1 35 5 1.41 1
3
APP_10_Inner_Layer_2:0 0.4666666666666667 0.4666666666666667 1.75 2.61 3 24 3.25 0
4 5 6 7
APP_10_Inner_Layer_3:0 0.3333333333333333 0.3333333333333333 1.25 2.44 44 34 1.61 1
8
APP_10_Inner_Layer_3:1 0.26666666666666666 0.26666666666666666 1.0 1.26 30 24 3.42 1
8
APP_10_Inner_Layer_3:2 0.2 0.2 0.75 3.65 44 6 2.83 0
8
APP_10_Output_Layer_0 0.3333333333333333 0.3333333333333333 1.25 2.02 10 49 3.39 1
9 10 11
3
5.952580023005322
APP_11_Input_Layer_0 0.5333333333333333 0.5333333333333333 2.0 1.7 16 37 2.1 1

APP_11_Inner_Layer_0:0 0.4 0.4 1.5 3.13 31 37 1.03 1
0
APP_11_Output_Layer_0 0.6 0.6 2.25 2.49 14 8 2.06 1
1
