10
12
9
0
APP_0_Input_Layer_0 0.3333333333333333 0.3333333333333333 1.25 3.64 41 11 3.28 1

APP_0_Inner_Layer_0:0 0.06666666666666667 0.06666666666666667 0.25 2.67 12 17 1.29 1
0
APP_0_Inner_Layer_0:1 0.4666666666666667 0.4666666666666667 1.75 1.81 35 10 1.85 1
0
APP_0_Inner_Layer_1:0 0.4666666666666667 0.4666666666666667 1.75 3.21 12 12 2.39 0
1 2
APP_0_Inner_Layer_1:1 0.26666666666666666 0.26666666666666666 1.0 2.9 4 30 2.9 1
1
APP_0_Inner_Layer_1:2 0.4666666666666667 0.4666666666666667 1.75 3.29 12 31 2.17 1
2
APP_0_Inner_Layer_2:0 0.06666666666666667 0.06666666666666667 0.25 3.32 31 15 3.49 0
3 5
APP_0_Inner_Layer_2:1 0.06666666666666667 0.06666666666666667 0.25 1.94 33 29 2.53 1
4
APP_0_Output_Layer_0 0.4666666666666667 0.4666666666666667 1.75 2.77 30 11 2.37 1
6 7
6
0.7184638385278251
APP_1_Input_Layer_0 0.4666666666666667 0.4666666666666667 1.75 2.45 48 39 3.4 1

APP_1_Inner_Layer_0:0 0.2 0.2 0.75 3.09 29 21 2.33 0
0
APP_1_Inner_Layer_0:1 0.06666666666666667 0.06666666666666667 0.25 1.12 43 39 1.31 0
0
APP_1_Inner_Layer_0:2 0.3333333333333333 0.3333333333333333 1.25 1.67 41 41 3.57 0
0
APP_1_Inner_Layer_0:3 0.4666666666666667 0.4666666666666667 1.75 3.55 17 35 3.52 1
0
APP_1_Output_Layer_0 0.06666666666666667 0.06666666666666667 0.25 1.37 35 27 2.26 1
1 2 3 4
11
1.1321126091853215
APP_2_Input_Layer_0 0.6 0.6 2.25 3.43 27 21 3.87 1

APP_2_Inner_Layer_0:0 0.6 0.6 2.25 2.88 44 31 2.27 1
0
APP_2_Inner_Layer_0:1 0.6 0.6 2.25 1.16 19 10 2.59 1
0
APP_2_Inner_Layer_1:0 0.4666666666666667 0.4666666666666667 1.75 2.98 47 30 1.53 1
1
APP_2_Inner_Layer_1:1 0.06666666666666667 0.06666666666666667 0.25 3.46 39 9 2.16 1
2
APP_2_Inner_Layer_1:2 0.06666666666666667 0.06666666666666667 0.25 3.77 36 42 3.65 0
1 2
APP_2_Inner_Layer_2:0 0.4666666666666667 0.4666666666666667 1.75 2.68 41 41 3.13 0
3
APP_2_Inner_Layer_2:1 0.26666666666666666 0.26666666666666666 1.0 3.97 12 29 2.23 1
4 5
APP_2_Inner_Layer_3:0 0.13333333333333333 0.13333333333333333 0.5 3.92 29 5 3.23 1
7
APP_2_Inner_Layer_3:1 0.5333333333333333 0.5333333333333333 2.0 3.23 6 6 3.47 0
6
APP_2_Output_Layer_0 0.06666666666666667 0.06666666666666667 0.25 2.63 2 12 3.06 1
8 9
10
1.4964337567789086
APP_3_Input_Layer_0 0.26666666666666666 0.26666666666666666 1.0 2.87 16 32 1.01 1

APP_3_Inner_Layer_0:0 0.5333333333333333 0.5333333333333333 2.0 3.17 8 7 3.22 1
0
APP_3_Inner_Layer_0:1 0.13333333333333333 0.13333333333333333 0.5 1.34 21 40 2.42 1
0
APP_3_Inner_Layer_0:2 0.6 0.6 2.25 2.53 27 43 3.59 1
0
APP_3_Inner_Layer_1:0 0.5333333333333333 0.5333333333333333 2.0 1.5 39 25 2.48 0
1 2
APP_3_Inner_Layer_1:1 0.13333333333333333 0.13333333333333333 0.5 1.91 34 8 2.89 1
1
APP_3_Inner_Layer_1:2 0.06666666666666667 0.06666666666666667 0.25 2.35 15 21 1.86 1
1 3
APP_3_Inner_Layer_1:3 0.3333333333333333 0.3333333333333333 1.25 3.89 17 22 1.68 1
2 3
APP_3_Inner_Layer_2:0 0.4666666666666667 0.4666666666666667 1.75 2.5 48 1 3.81 1
4 5 6 7
APP_3_Output_Layer_0 0.2 0.2 0.75 3.09 15 11 1.33 1
8
5
2.1642013868885552
APP_4_Input_Layer_0 0.6 0.6 2.25 2.26 13 4 1.33 1

APP_4_Inner_Layer_0:0 0.3333333333333333 0.3333333333333333 1.25 2.75 18 43 3.99 0
0
APP_4_Inner_Layer_0:1 0.6 0.6 2.25 1.35 40 18 1.34 1
0
APP_4_Inner_Layer_1:0 0.13333333333333333 0.13333333333333333 0.5 3.87 46 47 1.81 0
1 2
APP_4_Output_Layer_0 0.13333333333333333 0.13333333333333333 0.5 2.99 43 10 2.37 1
3
7
2.52243256094782
APP_5_Input_Layer_0 0.4666666666666667 0.4666666666666667 1.75 2.37 27 17 3.48 1

APP_5_Inner_Layer_0:0 0.3333333333333333 0.3333333333333333 1.25 1.17 35 47 3.97 0
0
APP_5_Inner_Layer_0:1 0.4666666666666667 0.4666666666666667 1.75 3.22 27 36 1.1 1
0
APP_5_Inner_Layer_1:0 0.5333333333333333 0.5333333333333333 2.0 3.56 38 9 2.28 0
2
APP_5_Inner_Layer_1:1 0.5333333333333333 0.5333333333333333 2.0 3.01 43 12 1.13 1
1
APP_5_Inner_Layer_1:2 0.5333333333333333 0.5333333333333333 2.0 2.42 41 27 2.34 1
1 2
APP_5_Output_Layer_0 0.2 0.2 0.75 1.6 30 42 2.75 1
3 4 5
8
3.297854197701815
APP_6_Input_Layer_0 0.2 0.2 0.75 2.68 16 8 3.54 1

APP_6_Inner_Layer_0:0 0.13333333333333333 0.13333333333333333 0.5 2.44 3 14 1.87 1
0
APP_6_Inner_Layer_0:1 0.4 0.4 1.5 1.37 18 2 1.89 0
0
APP_6_Inner_Layer_0:2 0.4666666666666667 0.4666666666666667 1.75 3.29 46 31 2.45 1
0
APP_6_Inner_Layer_1:0 0.6 0.6 2.25 2.26 45 26 2.45 1
1 2
APP_6_Inner_Layer_1:1 0.26666666666666666 0.26666666666666666 1.0 2.25 32 44 3.63 0
1 2 3
APP_6_Inner_Layer_2:0 0.26666666666666666 0.26666666666666666 1.0 1.57 7 9 1.85 1
4 5
APP_6_Output_Layer_0 0.13333333333333333 0.13333333333333333 0.5 1.96 44 33 3.82 1
6
10
3.6415566089840263
APP_7_Input_Layer_0 0.2 0.2 0.75 3.68 9 16 2.98 1

APP_7_Inner_Layer_0:0 0.06666666666666667 0.06666666666666667 0.25 1.77 13 35 1.19 1
0
APP_7_Inner_Layer_0:1 0.4 0.4 1.5 2.64 13 12 3.22 1
0
APP_7_Inner_Layer_1:0 0.26666666666666666 0.26666666666666666 1.0 1.16 30 48 1.28 1
1 2
APP_7_Inner_Layer_2:0 0.4666666666666667 0.4666666666666667 1.75 1.18 44 9 3.93 1
3
APP_7_Inner_Layer_2:1 0.4 0.4 1.5 2.51 16 1 2.23 1
3
APP_7_Inner_Layer_3:0 0.13333333333333333 0.13333333333333333 0.5 1.91 40 32 2.55 0
4 5
APP_7_Inner_Layer_3:1 0.6 0.6 2.25 3.08 26 30 3.91 1
5
APP_7_Inner_Layer_3:2 0.3333333333333333 0.3333333333333333 1.25 2.07 30 12 2.61 1
4
APP_7_Output_Layer_0 0.2 0.2 0.75 3.14 15 11 1.64 1
6 7 8
7
3.9521661368783776
APP_8_Input_Layer_0 0.5333333333333333 0.5333333333333333 2.0 2.49 11 25 1.54 1

APP_8_Inner_Layer_0:0 0.5333333333333333 0.5333333333333333 2.0 3.31 21 17 2.58 1
0
APP_8_Inner_Layer_0:1 0.5333333333333333 0.5333333333333333 2.0 3.89 13 46 1.72 0
0
APP_8_Inner_Layer_0:2 0.2 0.2 0.75 3.25 42 14 2.43 0
0
APP_8_Inner_Layer_0:3 0.2 0.2 0.75 3.13 32 18 2.53 1
0
APP_8_Inner_Layer_1:0 0.13333333333333333 0.13333333333333333 0.5 2.18 42 41 2.07 0
1 2 3 4
APP_8_Output_Layer_0 0.3333333333333333 0.3333333333333333 1.25 3.16 12 11 2.67 0
5
3
4.750497999709008
APP_9_Input_Layer_0 0.4 0.4 1.5 3.27 39 49 3.05 0

APP_9_Inner_Layer_0:0 0.6 0.6 2.25 1.97 20 13 3.75 1
0
APP_9_Output_Layer_0 0.13333333333333333 0.13333333333333333 0.5 3.21 16 48 2.09 1
1
7
5.552241262235734
APP_10_Input_Layer_0 0.26666666666666666 0.26666666666666666 1.0 2.84 21 41 3.25 1

APP_10_Inner_Layer_0:0 0.3333333333333333 0.3333333333333333 1.25 2.45 9 39 1.41 0
0
APP_10_Inner_Layer_1:0 0.13333333333333333 0.13333333333333333 0.5 2.53 44 19 2.88 1
1
APP_10_Inner_Layer_1:1 0.6 0.6 2.25 3.56 12 30 3.11 1
1
APP_10_Inner_Layer_1:2 0.4666666666666667 0.4666666666666667 1.75 1.17 44 37 2.39 0
1
APP_10_Inner_Layer_2:0 0.13333333333333333 0.13333333333333333 0.5 3.64 32 39 2.21 1
2 3 4
APP_10_Output_Layer_0 0.6 0.6 2.25 3.12 42 45 3.18 1
5
17
6.294659660608607
APP_11_Input_Layer_0 0.6 0.6 2.25 1.69 20 1 3.45 1

APP_11_Inner_Layer_0:0 0.4666666666666667 0.4666666666666667 1.75 2.41 6 37 2.37 1
0
APP_11_Inner_Layer_0:1 0.4 0.4 1.5 3.4 41 43 1.58 0
0
APP_11_Inner_Layer_0:2 0.4 0.4 1.5 1.44 35 15 3.96 1
0
APP_11_Inner_Layer_1:0 0.13333333333333333 0.13333333333333333 0.5 1.89 4 16 1.56 1
3
APP_11_Inner_Layer_1:1 0.13333333333333333 0.13333333333333333 0.5 3.63 43 27 2.07 1
1 2
APP_11_Inner_Layer_1:2 0.26666666666666666 0.26666666666666666 1.0 3.65 34 26 1.33 1
3
APP_11_Inner_Layer_1:3 0.3333333333333333 0.3333333333333333 1.25 1.54 18 12 1.52 1
1 2 3
APP_11_Inner_Layer_2:0 0.13333333333333333 0.13333333333333333 0.5 3.63 20 15 3.9 1
4 6 7
APP_11_Inner_Layer_2:1 0.5333333333333333 0.5333333333333333 2.0 2.48 45 39 2.08 1
4 5 6 7
APP_11_Inner_Layer_2:2 0.6 0.6 2.25 2.58 12 9 1.99 1
4 5 7
APP_11_Inner_Layer_2:3 0.4 0.4 1.5 3.32 19 34 2.97 1
6
APP_11_Inner_Layer_3:0 0.06666666666666667 0.06666666666666667 0.25 2.0 47 15 3.77 1
9 10 11
APP_11_Inner_Layer_3:1 0.3333333333333333 0.3333333333333333 1.25 1.37 32 23 1.24 0
8
APP_11_Inner_Layer_3:2 0.3333333333333333 0.3333333333333333 1.25 2.1 21 21 1.35 0
9 10 11
APP_11_Inner_Layer_3:3 0.4666666666666667 0.4666666666666667 1.75 2.68 36 32 3.76 1
9 10
APP_11_Output_Layer_0 0.3333333333333333 0.3333333333333333 1.25 3.25 40 38 2.51 1
12 13 14 15
