10
12
4
0
APP_0_Input_Layer_0 0.6 0.6 2.25 1.78 10 30 3.51 1

APP_0_Inner_Layer_0:0 0.6 0.6 2.25 2.22 27 7 2.21 1
0
APP_0_Inner_Layer_0:1 0.6 0.6 2.25 2.45 17 32 2.3 1
0
APP_0_Output_Layer_0 0.26666666666666666 0.26666666666666666 1.0 1.52 27 3 3.98 1
1 2
6
0.7323752609619008
APP_1_Input_Layer_0 0.06666666666666667 0.06666666666666667 0.25 1.86 8 27 1.33 1

APP_1_Inner_Layer_0:0 0.4666666666666667 0.4666666666666667 1.75 3.35 49 47 2.32 1
0
APP_1_Inner_Layer_1:0 0.13333333333333333 0.13333333333333333 0.5 1.44 35 26 2.47 0
1
APP_1_Inner_Layer_1:1 0.06666666666666667 0.06666666666666667 0.25 1.92 44 45 2.54 1
1
APP_1_Inner_Layer_2:0 0.4 0.4 1.5 3.43 7 47 1.28 0
2 3
APP_1_Output_Layer_0 0.6 0.6 2.25 1.88 37 35 1.01 1
4
10
1.486341922774097
APP_2_Input_Layer_0 0.6 0.6 2.25 3.44 46 6 2.02 1

APP_2_Inner_Layer_0:0 0.13333333333333333 0.13333333333333333 0.5 2.61 42 48 3.18 1
0
APP_2_Inner_Layer_0:1 0.3333333333333333 0.3333333333333333 1.25 2.8 41 31 3.39 1
0
APP_2_Inner_Layer_0:2 0.13333333333333333 0.13333333333333333 0.5 3.36 48 7 1.43 1
0
APP_2_Inner_Layer_0:3 0.06666666666666667 0.06666666666666667 0.25 3.65 49 4 1.79 0
0
APP_2_Inner_Layer_1:0 0.6 0.6 2.25 3.51 8 46 3.32 1
1 2 3 4
APP_2_Inner_Layer_2:0 0.26666666666666666 0.26666666666666666 1.0 1.55 42 25 3.78 1
5
APP_2_Inner_Layer_2:1 0.06666666666666667 0.06666666666666667 0.25 2.36 2 42 2.61 1
5
APP_2_Inner_Layer_2:2 0.26666666666666666 0.26666666666666666 1.0 2.32 44 2 3.47 0
5
APP_2_Output_Layer_0 0.2 0.2 0.75 2.11 9 28 3.18 1
6 7 8
12
2.1048043169863466
APP_3_Input_Layer_0 0.2 0.2 0.75 3.51 48 24 1.41 1

APP_3_Inner_Layer_0:0 0.13333333333333333 0.13333333333333333 0.5 2.24 3 13 3.58 1
0
APP_3_Inner_Layer_0:1 0.4 0.4 1.5 1.3 23 13 2.46 1
0
APP_3_Inner_Layer_0:2 0.3333333333333333 0.3333333333333333 1.25 3.72 1 45 2.18 1
0
APP_3_Inner_Layer_0:3 0.2 0.2 0.75 2.63 20 11 2.14 1
0
APP_3_Inner_Layer_1:0 0.5333333333333333 0.5333333333333333 2.0 2.76 4 35 1.74 1
2 3 4
APP_3_Inner_Layer_1:1 0.2 0.2 0.75 1.66 49 31 2.43 0
1
APP_3_Inner_Layer_2:0 0.5333333333333333 0.5333333333333333 2.0 3.02 15 20 1.49 1
6
APP_3_Inner_Layer_2:1 0.06666666666666667 0.06666666666666667 0.25 1.85 36 28 1.86 0
5
APP_3_Inner_Layer_2:2 0.06666666666666667 0.06666666666666667 0.25 2.0 38 38 2.48 1
6
APP_3_Inner_Layer_2:3 0.6 0.6 2.25 1.72 1 21 3.1 1
6
APP_3_Output_Layer_0 0.4666666666666667 0.4666666666666667 1.75 2.66 34 29 1.98 1
7 8 9 10
5
2.434077693463828
APP_4_Input_Layer_0 0.06666666666666667 0.06666666666666667 0.25 1.46 16 10 3.08 1

APP_4_Inner_Layer_0:0 0.3333333333333333 0.3333333333333333 1.25 1.13 28 28 3.41 1
0
APP_4_Inner_Layer_1:0 0.4 0.4 1.5 3.72 31 9 3.43 0
1
APP_4_Inner_Layer_1:1 0.2 0.2 0.75 3.89 10 11 3.87 0
1
APP_4_Output_Layer_0 0.6 0.6 2.25 2.12 14 26 2.55 1
2 3
5
2.838912794537528
APP_5_Input_Layer_0 0.26666666666666666 0.26666666666666666 1.0 2.65 23 30 2.85 0

APP_5_Inner_Layer_0:0 0.13333333333333333 0.13333333333333333 0.5 3.19 47 35 2.13 1
0
APP_5_Inner_Layer_0:1 0.6 0.6 2.25 1.8 9 29 2.78 1
0
APP_5_Inner_Layer_1:0 0.13333333333333333 0.13333333333333333 0.5 2.44 44 35 1.86 1
1 2
APP_5_Output_Layer_0 0.4666666666666667 0.4666666666666667 1.75 3.31 30 49 3.7 1
3
6
3.6139750128420234
APP_6_Input_Layer_0 0.26666666666666666 0.26666666666666666 1.0 1.33 20 40 3.45 1

APP_6_Inner_Layer_0:0 0.3333333333333333 0.3333333333333333 1.25 1.08 18 4 3.38 0
0
APP_6_Inner_Layer_0:1 0.13333333333333333 0.13333333333333333 0.5 2.88 30 32 1.65 1
0
APP_6_Inner_Layer_1:0 0.06666666666666667 0.06666666666666667 0.25 2.3 28 38 2.23 0
2
APP_6_Inner_Layer_1:1 0.3333333333333333 0.3333333333333333 1.25 3.08 26 11 3.83 0
1
APP_6_Output_Layer_0 0.06666666666666667 0.06666666666666667 0.25 2.29 42 33 3.95 1
3 4
6
4.323907762341911
APP_7_Input_Layer_0 0.06666666666666667 0.06666666666666667 0.25 2.07 22 14 2.05 1

APP_7_Inner_Layer_0:0 0.5333333333333333 0.5333333333333333 2.0 2.52 24 47 2.88 1
0
APP_7_Inner_Layer_0:1 0.6 0.6 2.25 1.48 1 30 3.81 1
0
APP_7_Inner_Layer_0:2 0.6 0.6 2.25 3.56 36 2 3.35 0
0
APP_7_Inner_Layer_0:3 0.26666666666666666 0.26666666666666666 1.0 2.97 35 10 3.69 0
0
APP_7_Output_Layer_0 0.4 0.4 1.5 1.07 36 38 2.9 1
1 2 3 4
6
4.7029219935931135
APP_8_Input_Layer_0 0.2 0.2 0.75 2.94 4 49 3.4 1

APP_8_Inner_Layer_0:0 0.13333333333333333 0.13333333333333333 0.5 1.29 5 38 2.13 1
0
APP_8_Inner_Layer_0:1 0.4666666666666667 0.4666666666666667 1.75 1.48 4 26 1.24 1
0
APP_8_Inner_Layer_0:2 0.6 0.6 2.25 2.58 42 38 1.42 1
0
APP_8_Inner_Layer_1:0 0.13333333333333333 0.13333333333333333 0.5 2.79 5 9 1.92 0
1 2 3
APP_8_Output_Layer_0 0.26666666666666666 0.26666666666666666 1.0 1.09 13 43 1.93 1
4
6
5.243356731631924
APP_9_Input_Layer_0 0.4666666666666667 0.4666666666666667 1.75 2.25 22 27 3.75 1

APP_9_Inner_Layer_0:0 0.2 0.2 0.75 2.79 37 3 2.18 1
0
APP_9_Inner_Layer_0:1 0.13333333333333333 0.13333333333333333 0.5 1.83 16 34 3.64 1
0
APP_9_Inner_Layer_0:2 0.6 0.6 2.25 1.95 5 47 3.25 1
0
APP_9_Inner_Layer_1:0 0.5333333333333333 0.5333333333333333 2.0 1.91 24 10 1.14 0
1 2 3
APP_9_Output_Layer_0 0.26666666666666666 0.26666666666666666 1.0 2.23 30 21 2.83 1
4
4
5.978913652018048
APP_10_Input_Layer_0 0.5333333333333333 0.5333333333333333 2.0 1.21 38 32 1.45 1

APP_10_Inner_Layer_0:0 0.4 0.4 1.5 1.45 45 9 3.08 0
0
APP_10_Inner_Layer_0:1 0.26666666666666666 0.26666666666666666 1.0 2.38 26 7 2.72 1
0
APP_10_Output_Layer_0 0.26666666666666666 0.26666666666666666 1.0 2.6 2 47 2.39 1
1 2
10
6.384179732092496
APP_11_Input_Layer_0 0.5333333333333333 0.5333333333333333 2.0 3.8 12 14 1.78 1

APP_11_Inner_Layer_0:0 0.2 0.2 0.75 1.75 23 47 1.23 1
0
APP_11_Inner_Layer_0:1 0.3333333333333333 0.3333333333333333 1.25 1.02 30 37 2.52 0
0
APP_11_Inner_Layer_0:2 0.6 0.6 2.25 1.49 9 15 3.29 1
0
APP_11_Inner_Layer_0:3 0.26666666666666666 0.26666666666666666 1.0 1.09 6 22 2.16 1
0
APP_11_Inner_Layer_1:0 0.2 0.2 0.75 3.32 47 19 1.84 1
1 4
APP_11_Inner_Layer_1:1 0.2 0.2 0.75 1.92 48 36 3.41 1
4 1
APP_11_Inner_Layer_1:2 0.4666666666666667 0.4666666666666667 1.75 3.45 28 29 3.67 0
3 4
APP_11_Inner_Layer_1:3 0.26666666666666666 0.26666666666666666 1.0 1.27 31 15 1.84 1
1 2 4
APP_11_Output_Layer_0 0.3333333333333333 0.3333333333333333 1.25 2.55 35 17 3.63 1
5 6 7 8
