10
12
10
0
APP_0_Input_Layer_0 0.2 0.2 0.75 3.59 19 25 1.26 1

APP_0_Inner_Layer_0:0 0.4666666666666667 0.4666666666666667 1.75 1.19 4 15 3.7 1
0
APP_0_Inner_Layer_0:1 0.06666666666666667 0.06666666666666667 0.25 2.62 33 43 3.26 1
0
APP_0_Inner_Layer_1:0 0.06666666666666667 0.06666666666666667 0.25 3.29 7 47 2.32 0
1 2
APP_0_Inner_Layer_2:0 0.3333333333333333 0.3333333333333333 1.25 3.51 47 25 1.79 0
3
APP_0_Inner_Layer_2:1 0.6 0.6 2.25 3.39 24 49 1.33 1
3
APP_0_Inner_Layer_2:2 0.2 0.2 0.75 1.46 39 42 2.46 1
3
APP_0_Inner_Layer_3:0 0.2 0.2 0.75 2.36 12 40 3.34 1
4
APP_0_Inner_Layer_3:1 0.2 0.2 0.75 1.35 23 11 3.33 1
5 6
APP_0_Output_Layer_0 0.4666666666666667 0.4666666666666667 1.75 2.75 38 9 3.62 1
7 8
11
0.39517540722871286
APP_1_Input_Layer_0 0.3333333333333333 0.3333333333333333 1.25 2.03 19 10 1.16 1

APP_1_Inner_Layer_0:0 0.26666666666666666 0.26666666666666666 1.0 1.99 17 35 2.56 1
0
APP_1_Inner_Layer_0:1 0.4 0.4 1.5 2.04 37 23 3.95 1
0
APP_1_Inner_Layer_0:2 0.4 0.4 1.5 1.15 10 3 1.45 1
0
APP_1_Inner_Layer_1:0 0.5333333333333333 0.5333333333333333 2.0 1.73 46 13 3.95 1
1 2 3
APP_1_Inner_Layer_2:0 0.3333333333333333 0.3333333333333333 1.25 3.84 37 4 2.53 1
4
APP_1_Inner_Layer_3:0 0.3333333333333333 0.3333333333333333 1.25 2.17 24 42 2.03 1
5
APP_1_Inner_Layer_3:1 0.13333333333333333 0.13333333333333333 0.5 3.01 30 8 3.35 1
5
APP_1_Inner_Layer_3:2 0.06666666666666667 0.06666666666666667 0.25 3.46 40 40 2.0 0
5
APP_1_Inner_Layer_3:3 0.4666666666666667 0.4666666666666667 1.75 3.13 18 45 2.62 0
5
APP_1_Output_Layer_0 0.4666666666666667 0.4666666666666667 1.75 3.03 13 34 1.73 1
6 7 8 9
8
1.1151557153680132
APP_2_Input_Layer_0 0.26666666666666666 0.26666666666666666 1.0 2.03 39 48 1.67 1

APP_2_Inner_Layer_0:0 0.06666666666666667 0.06666666666666667 0.25 2.83 13 21 1.47 1
0
APP_2_Inner_Layer_1:0 0.6 0.6 2.25 3.23 47 30 2.43 0
1
APP_2_Inner_Layer_2:0 0.26666666666666666 0.26666666666666666 1.0 1.11 20 4 1.47 1
2
APP_2_Inner_Layer_2:1 0.06666666666666667 0.06666666666666667 0.25 3.82 21 40 3.95 0
2
APP_2_Inner_Layer_2:2 0.4 0.4 1.5 2.52 6 38 2.75 0
2
APP_2_Inner_Layer_2:3 0.5333333333333333 0.5333333333333333 2.0 2.55 49 46 3.61 1
2
APP_2_Output_Layer_0 0.2 0.2 0.75 1.37 20 9 3.23 1
3 4 5 6
6
1.8566381280216455
APP_3_Input_Layer_0 0.4 0.4 1.5 1.11 40 17 2.04 1

APP_3_Inner_Layer_0:0 0.4666666666666667 0.4666666666666667 1.75 2.15 30 20 2.17 1
0
APP_3_Inner_Layer_0:1 0.4666666666666667 0.4666666666666667 1.75 2.86 43 34 1.71 1
0
APP_3_Inner_Layer_0:2 0.6 0.6 2.25 1.73 11 38 1.31 1
0
APP_3_Inner_Layer_0:3 0.4 0.4 1.5 1.24 38 24 1.01 0
0
APP_3_Output_Layer_0 0.26666666666666666 0.26666666666666666 1.0 2.02 32 22 1.71 1
1 2 3 4
4
2.425336517460021
APP_4_Input_Layer_0 0.6 0.6 2.25 2.93 23 13 2.67 1

APP_4_Inner_Layer_0:0 0.4 0.4 1.5 2.83 17 37 1.04 1
0
APP_4_Inner_Layer_0:1 0.2 0.2 0.75 2.08 38 39 3.25 0
0
APP_4_Output_Layer_0 0.13333333333333333 0.13333333333333333 0.5 3.62 39 15 2.61 1
1 2
11
3.0789597515200615
APP_5_Input_Layer_0 0.6 0.6 2.25 3.06 30 6 2.73 1

APP_5_Inner_Layer_0:0 0.4666666666666667 0.4666666666666667 1.75 2.41 5 1 3.26 1
0
APP_5_Inner_Layer_0:1 0.4 0.4 1.5 2.43 5 17 2.5 0
0
APP_5_Inner_Layer_1:0 0.3333333333333333 0.3333333333333333 1.25 1.84 13 34 2.14 1
2
APP_5_Inner_Layer_1:1 0.2 0.2 0.75 1.26 14 1 2.9 0
2
APP_5_Inner_Layer_1:2 0.06666666666666667 0.06666666666666667 0.25 2.57 19 33 2.67 1
1
APP_5_Inner_Layer_2:0 0.5333333333333333 0.5333333333333333 2.0 2.16 47 2 3.35 1
3 4
APP_5_Inner_Layer_2:1 0.4666666666666667 0.4666666666666667 1.75 1.71 31 44 2.85 1
3
APP_5_Inner_Layer_2:2 0.13333333333333333 0.13333333333333333 0.5 3.23 48 19 2.1 1
5
APP_5_Inner_Layer_2:3 0.3333333333333333 0.3333333333333333 1.25 3.55 12 1 2.15 1
5
APP_5_Output_Layer_0 0.4666666666666667 0.4666666666666667 1.75 2.66 5 5 3.69 1
6 7 8 9
13
3.4840698718003194
APP_6_Input_Layer_0 0.6 0.6 2.25 2.47 41 20 2.64 1

APP_6_Inner_Layer_0:0 0.2 0.2 0.75 3.5 7 32 1.41 1
0
APP_6_Inner_Layer_0:1 0.2 0.2 0.75 3.32 28 17 1.22 0
0
APP_6_Inner_Layer_0:2 0.3333333333333333 0.3333333333333333 1.25 1.52 38 19 1.08 1
0
APP_6_Inner_Layer_1:0 0.13333333333333333 0.13333333333333333 0.5 2.89 6 40 1.13 1
2 3
APP_6_Inner_Layer_1:1 0.6 0.6 2.25 1.02 28 42 1.14 0
2 1
APP_6_Inner_Layer_1:2 0.6 0.6 2.25 1.86 27 5 1.45 1
2
APP_6_Inner_Layer_1:3 0.2 0.2 0.75 1.25 30 5 2.82 0
1 2
APP_6_Inner_Layer_2:0 0.26666666666666666 0.26666666666666666 1.0 3.03 21 12 1.54 0
5
APP_6_Inner_Layer_2:1 0.6 0.6 2.25 1.0 13 49 2.2 0
4 6 7
APP_6_Inner_Layer_3:0 0.2 0.2 0.75 2.65 46 9 2.67 0
9
APP_6_Inner_Layer_3:1 0.5333333333333333 0.5333333333333333 2.0 1.84 15 16 2.29 1
8 9
APP_6_Output_Layer_0 0.13333333333333333 0.13333333333333333 0.5 1.67 13 36 2.47 0
10 11
4
3.818669718942841
APP_7_Input_Layer_0 0.3333333333333333 0.3333333333333333 1.25 3.51 5 2 1.66 1

APP_7_Inner_Layer_0:0 0.4 0.4 1.5 1.56 36 41 3.43 0
0
APP_7_Inner_Layer_1:0 0.6 0.6 2.25 1.81 6 7 2.08 1
1
APP_7_Output_Layer_0 0.5333333333333333 0.5333333333333333 2.0 1.81 20 1 3.79 0
2
6
4.198781206795208
APP_8_Input_Layer_0 0.4666666666666667 0.4666666666666667 1.75 3.71 13 27 1.05 1

APP_8_Inner_Layer_0:0 0.5333333333333333 0.5333333333333333 2.0 3.64 43 31 2.96 1
0
APP_8_Inner_Layer_0:1 0.13333333333333333 0.13333333333333333 0.5 1.37 6 28 2.4 1
0
APP_8_Inner_Layer_1:0 0.2 0.2 0.75 1.1 20 45 3.69 1
1
APP_8_Inner_Layer_1:1 0.3333333333333333 0.3333333333333333 1.25 1.24 11 30 3.96 1
2
APP_8_Output_Layer_0 0.06666666666666667 0.06666666666666667 0.25 3.05 2 39 2.2 1
3 4
11
5.00907342163415
APP_9_Input_Layer_0 0.13333333333333333 0.13333333333333333 0.5 2.68 26 37 2.91 1

APP_9_Inner_Layer_0:0 0.4666666666666667 0.4666666666666667 1.75 1.8 35 45 3.12 1
0
APP_9_Inner_Layer_0:1 0.4666666666666667 0.4666666666666667 1.75 2.18 6 5 2.9 0
0
APP_9_Inner_Layer_0:2 0.6 0.6 2.25 2.66 47 23 1.62 1
0
APP_9_Inner_Layer_1:0 0.3333333333333333 0.3333333333333333 1.25 1.23 25 33 3.66 1
1
APP_9_Inner_Layer_1:1 0.4 0.4 1.5 1.3 42 38 3.66 1
2 3
APP_9_Inner_Layer_2:0 0.13333333333333333 0.13333333333333333 0.5 3.12 43 25 2.02 0
4 5
APP_9_Inner_Layer_3:0 0.5333333333333333 0.5333333333333333 2.0 2.42 45 29 2.72 1
6
APP_9_Inner_Layer_3:1 0.4 0.4 1.5 2.03 38 41 2.42 1
6
APP_9_Inner_Layer_3:2 0.3333333333333333 0.3333333333333333 1.25 2.72 22 34 1.56 0
6
APP_9_Output_Layer_0 0.4666666666666667 0.4666666666666667 1.75 3.82 1 1 2.69 1
7 8 9
8
5.5116279094504135
APP_10_Input_Layer_0 0.6 0.6 2.25 2.84 20 14 3.09 1

APP_10_Inner_Layer_0:0 0.3333333333333333 0.3333333333333333 1.25 3.44 15 3 1.25 1
0
APP_10_Inner_Layer_0:1 0.5333333333333333 0.5333333333333333 2.0 3.98 7 21 2.76 0
0
APP_10_Inner_Layer_1:0 0.06666666666666667 0.06666666666666667 0.25 3.54 39 14 2.16 1
1 2
APP_10_Inner_Layer_2:0 0.4666666666666667 0.4666666666666667 1.75 2.15 24 41 1.73 0
3
APP_10_Inner_Layer_2:1 0.5333333333333333 0.5333333333333333 2.0 1.67 4 2 1.16 0
3
APP_10_Inner_Layer_3:0 0.4666666666666667 0.4666666666666667 1.75 1.45 22 20 3.12 0
4 5
APP_10_Output_Layer_0 0.4666666666666667 0.4666666666666667 1.75 1.53 38 7 1.73 1
6
8
6.1299475150004135
APP_11_Input_Layer_0 0.13333333333333333 0.13333333333333333 0.5 1.93 18 12 1.77 1

APP_11_Inner_Layer_0:0 0.2 0.2 0.75 3.08 38 29 1.06 1
0
APP_11_Inner_Layer_0:1 0.2 0.2 0.75 3.24 28 35 3.04 1
0
APP_11_Inner_Layer_0:2 0.4666666666666667 0.4666666666666667 1.75 2.82 18 28 3.41 0
0
APP_11_Inner_Layer_0:3 0.6 0.6 2.25 2.44 22 39 1.1 0
0
APP_11_Inner_Layer_1:0 0.6 0.6 2.25 1.98 17 20 1.56 1
1 3 4
APP_11_Inner_Layer_1:1 0.6 0.6 2.25 2.06 28 34 3.77 1
2
APP_11_Output_Layer_0 0.2 0.2 0.75 1.81 48 8 2.49 1
5 6
