10
12
6
0
APP_0_Input_Layer_0 0.13333333333333333 0.13333333333333333 0.5 1.23 42 31 2.81 1

APP_0_Inner_Layer_0:0 0.3333333333333333 0.3333333333333333 1.25 2.41 11 34 2.11 1
0
APP_0_Inner_Layer_0:1 0.6 0.6 2.25 3.18 42 42 1.42 1
0
APP_0_Inner_Layer_0:2 0.5333333333333333 0.5333333333333333 2.0 3.31 25 7 1.67 0
0
APP_0_Inner_Layer_0:3 0.06666666666666667 0.06666666666666667 0.25 1.87 11 49 3.59 0
0
APP_0_Output_Layer_0 0.2 0.2 0.75 1.3 36 34 1.02 1
1 2 3 4
5
0.32473142230520224
APP_1_Input_Layer_0 0.06666666666666667 0.06666666666666667 0.25 3.41 15 21 3.45 1

APP_1_Inner_Layer_0:0 0.13333333333333333 0.13333333333333333 0.5 2.85 35 43 3.09 1
0
APP_1_Inner_Layer_0:1 0.13333333333333333 0.13333333333333333 0.5 1.86 35 30 2.16 1
0
APP_1_Inner_Layer_0:2 0.5333333333333333 0.5333333333333333 2.0 1.09 2 5 3.87 1
0
APP_1_Output_Layer_0 0.13333333333333333 0.13333333333333333 0.5 2.23 29 41 2.3 1
1 2 3
3
0.9359474160719315
APP_2_Input_Layer_0 0.5333333333333333 0.5333333333333333 2.0 3.22 41 34 1.26 1

APP_2_Inner_Layer_0:0 0.13333333333333333 0.13333333333333333 0.5 1.81 26 30 2.45 1
0
APP_2_Output_Layer_0 0.06666666666666667 0.06666666666666667 0.25 2.66 1 18 2.92 1
1
10
1.6635737753707556
APP_3_Input_Layer_0 0.3333333333333333 0.3333333333333333 1.25 2.64 6 20 2.92 1

APP_3_Inner_Layer_0:0 0.06666666666666667 0.06666666666666667 0.25 3.52 22 20 2.53 0
0
APP_3_Inner_Layer_0:1 0.13333333333333333 0.13333333333333333 0.5 3.48 26 25 2.73 1
0
APP_3_Inner_Layer_1:0 0.4666666666666667 0.4666666666666667 1.75 1.97 33 19 1.15 1
1
APP_3_Inner_Layer_1:1 0.06666666666666667 0.06666666666666667 0.25 1.37 36 3 3.73 0
2
APP_3_Inner_Layer_2:0 0.3333333333333333 0.3333333333333333 1.25 2.31 3 48 1.68 1
4
APP_3_Inner_Layer_2:1 0.6 0.6 2.25 2.59 41 25 3.31 1
3
APP_3_Inner_Layer_3:0 0.13333333333333333 0.13333333333333333 0.5 1.38 22 31 1.78 1
5
APP_3_Inner_Layer_3:1 0.13333333333333333 0.13333333333333333 0.5 3.6 4 7 1.36 1
6
APP_3_Output_Layer_0 0.4 0.4 1.5 3.43 39 8 1.05 1
7 8
7
2.1315949609687928
APP_4_Input_Layer_0 0.2 0.2 0.75 3.68 3 40 3.47 1

APP_4_Inner_Layer_0:0 0.13333333333333333 0.13333333333333333 0.5 1.79 33 16 3.81 1
0
APP_4_Inner_Layer_0:1 0.3333333333333333 0.3333333333333333 1.25 1.76 7 49 3.06 0
0
APP_4_Inner_Layer_1:0 0.4 0.4 1.5 2.11 26 38 2.85 1
1
APP_4_Inner_Layer_1:1 0.26666666666666666 0.26666666666666666 1.0 3.37 22 42 1.45 1
1
APP_4_Inner_Layer_1:2 0.13333333333333333 0.13333333333333333 0.5 2.84 29 39 3.83 1
1 2
APP_4_Output_Layer_0 0.06666666666666667 0.06666666666666667 0.25 1.24 14 38 2.85 1
3 4 5
11
2.599550859011556
APP_5_Input_Layer_0 0.6 0.6 2.25 1.85 25 29 1.7 1

APP_5_Inner_Layer_0:0 0.4 0.4 1.5 3.99 15 29 1.17 0
0
APP_5_Inner_Layer_0:1 0.26666666666666666 0.26666666666666666 1.0 2.85 49 47 3.3 1
0
APP_5_Inner_Layer_0:2 0.13333333333333333 0.13333333333333333 0.5 1.29 47 10 1.41 0
0
APP_5_Inner_Layer_1:0 0.13333333333333333 0.13333333333333333 0.5 2.59 4 36 2.96 1
3
APP_5_Inner_Layer_1:1 0.2 0.2 0.75 1.1 16 2 1.92 0
1 2
APP_5_Inner_Layer_2:0 0.06666666666666667 0.06666666666666667 0.25 2.66 39 48 3.08 1
5
APP_5_Inner_Layer_2:1 0.3333333333333333 0.3333333333333333 1.25 3.88 31 40 3.46 1
4
APP_5_Inner_Layer_2:2 0.2 0.2 0.75 2.12 11 17 2.15 1
4
APP_5_Inner_Layer_2:3 0.06666666666666667 0.06666666666666667 0.25 3.14 33 27 3.83 1
4
APP_5_Output_Layer_0 0.13333333333333333 0.13333333333333333 0.5 1.66 29 33 1.44 1
6 7 8 9
12
2.939180511799007
APP_6_Input_Layer_0 0.2 0.2 0.75 3.47 25 10 2.34 1

APP_6_Inner_Layer_0:0 0.2 0.2 0.75 3.81 24 40 1.52 1
0
APP_6_Inner_Layer_1:0 0.06666666666666667 0.06666666666666667 0.25 1.35 31 44 1.91 1
1
APP_6_Inner_Layer_1:1 0.13333333333333333 0.13333333333333333 0.5 2.0 13 20 2.94 0
1
APP_6_Inner_Layer_1:2 0.3333333333333333 0.3333333333333333 1.25 1.53 26 42 1.23 1
1
APP_6_Inner_Layer_1:3 0.26666666666666666 0.26666666666666666 1.0 1.66 47 47 2.05 1
1
APP_6_Inner_Layer_2:0 0.06666666666666667 0.06666666666666667 0.25 1.48 34 28 2.32 1
3 4 5
APP_6_Inner_Layer_2:1 0.4666666666666667 0.4666666666666667 1.75 2.28 19 3 2.99 1
2
APP_6_Inner_Layer_3:0 0.4 0.4 1.5 2.68 15 46 1.0 1
6 7
APP_6_Inner_Layer_3:1 0.13333333333333333 0.13333333333333333 0.5 2.76 34 42 2.58 1
6 7
APP_6_Inner_Layer_3:2 0.13333333333333333 0.13333333333333333 0.5 3.88 5 24 3.37 1
7
APP_6_Output_Layer_0 0.5333333333333333 0.5333333333333333 2.0 1.2 25 23 2.23 1
8 9 10
9
3.3285611599726064
APP_7_Input_Layer_0 0.6 0.6 2.25 1.21 17 46 1.28 1

APP_7_Inner_Layer_0:0 0.4666666666666667 0.4666666666666667 1.75 3.31 47 30 2.36 1
0
APP_7_Inner_Layer_0:1 0.5333333333333333 0.5333333333333333 2.0 2.68 19 49 1.58 1
0
APP_7_Inner_Layer_0:2 0.4 0.4 1.5 3.48 36 48 1.38 1
0
APP_7_Inner_Layer_1:0 0.5333333333333333 0.5333333333333333 2.0 2.1 43 46 2.47 1
2 3
APP_7_Inner_Layer_1:1 0.26666666666666666 0.26666666666666666 1.0 2.68 33 43 1.82 0
1 2
APP_7_Inner_Layer_1:2 0.2 0.2 0.75 1.81 49 40 2.93 1
1
APP_7_Inner_Layer_1:3 0.4666666666666667 0.4666666666666667 1.75 2.96 37 12 1.27 0
1
APP_7_Output_Layer_0 0.4666666666666667 0.4666666666666667 1.75 3.06 39 16 2.17 1
4 5 6 7
6
3.6358122900280962
APP_8_Input_Layer_0 0.13333333333333333 0.13333333333333333 0.5 2.99 46 49 3.02 1

APP_8_Inner_Layer_0:0 0.4 0.4 1.5 1.24 11 21 2.0 1
0
APP_8_Inner_Layer_0:1 0.06666666666666667 0.06666666666666667 0.25 3.45 49 21 3.57 1
0
APP_8_Inner_Layer_1:0 0.4 0.4 1.5 3.23 29 45 2.23 1
1 2
APP_8_Inner_Layer_1:1 0.6 0.6 2.25 3.93 10 2 1.65 1
1
APP_8_Output_Layer_0 0.3333333333333333 0.3333333333333333 1.25 2.13 28 23 1.1 1
3 4
5
4.251538940071575
APP_9_Input_Layer_0 0.5333333333333333 0.5333333333333333 2.0 3.85 33 42 2.38 1

APP_9_Inner_Layer_0:0 0.13333333333333333 0.13333333333333333 0.5 1.16 19 16 1.82 1
0
APP_9_Inner_Layer_0:1 0.13333333333333333 0.13333333333333333 0.5 1.18 28 18 2.68 1
0
APP_9_Inner_Layer_0:2 0.06666666666666667 0.06666666666666667 0.25 2.04 45 4 1.82 0
0
APP_9_Output_Layer_0 0.13333333333333333 0.13333333333333333 0.5 1.39 40 4 3.36 1
1 2 3
12
4.640621611695086
APP_10_Input_Layer_0 0.3333333333333333 0.3333333333333333 1.25 1.32 39 39 1.83 1

APP_10_Inner_Layer_0:0 0.6 0.6 2.25 2.65 1 24 3.6 0
0
APP_10_Inner_Layer_0:1 0.13333333333333333 0.13333333333333333 0.5 2.29 33 32 3.89 0
0
APP_10_Inner_Layer_0:2 0.2 0.2 0.75 2.27 21 21 2.26 0
0
APP_10_Inner_Layer_0:3 0.3333333333333333 0.3333333333333333 1.25 3.67 40 39 3.76 0
0
APP_10_Inner_Layer_1:0 0.4 0.4 1.5 3.78 14 2 2.11 1
2 3 4
APP_10_Inner_Layer_1:1 0.26666666666666666 0.26666666666666666 1.0 1.88 30 40 2.18 1
1
APP_10_Inner_Layer_2:0 0.26666666666666666 0.26666666666666666 1.0 1.31 32 22 2.6 1
6
APP_10_Inner_Layer_2:1 0.06666666666666667 0.06666666666666667 0.25 1.16 12 19 3.07 1
6
APP_10_Inner_Layer_2:2 0.4666666666666667 0.4666666666666667 1.75 2.25 24 22 3.33 0
5
APP_10_Inner_Layer_2:3 0.4 0.4 1.5 3.58 15 15 1.78 0
6
APP_10_Output_Layer_0 0.13333333333333333 0.13333333333333333 0.5 2.1 23 33 2.0 1
7 8 9 10
16
4.9483161504972815
APP_11_Input_Layer_0 0.4666666666666667 0.4666666666666667 1.75 2.95 11 42 1.85 1

APP_11_Inner_Layer_0:0 0.4 0.4 1.5 1.37 40 34 3.3 1
0
APP_11_Inner_Layer_0:1 0.4666666666666667 0.4666666666666667 1.75 3.31 26 34 2.11 0
0
APP_11_Inner_Layer_0:2 0.6 0.6 2.25 3.69 4 43 3.14 0
0
APP_11_Inner_Layer_0:3 0.3333333333333333 0.3333333333333333 1.25 2.95 25 26 1.58 0
0
APP_11_Inner_Layer_1:0 0.26666666666666666 0.26666666666666666 1.0 2.85 45 21 2.41 1
2 3
APP_11_Inner_Layer_1:1 0.13333333333333333 0.13333333333333333 0.5 2.15 36 1 1.86 0
1 2 4
APP_11_Inner_Layer_1:2 0.4 0.4 1.5 1.47 11 27 3.34 0
3
APP_11_Inner_Layer_2:0 0.6 0.6 2.25 1.15 12 38 1.41 1
5
APP_11_Inner_Layer_2:1 0.4666666666666667 0.4666666666666667 1.75 2.66 9 38 3.54 0
7
APP_11_Inner_Layer_2:2 0.06666666666666667 0.06666666666666667 0.25 3.42 49 1 1.99 1
6 7
APP_11_Inner_Layer_3:0 0.4666666666666667 0.4666666666666667 1.75 3.12 11 20 1.0 0
8 10
APP_11_Inner_Layer_3:1 0.26666666666666666 0.26666666666666666 1.0 2.34 23 48 3.87 1
8 9 10
APP_11_Inner_Layer_3:2 0.6 0.6 2.25 2.42 3 13 2.35 0
9 10
APP_11_Inner_Layer_3:3 0.13333333333333333 0.13333333333333333 0.5 2.07 5 17 2.2 1
9
APP_11_Output_Layer_0 0.4 0.4 1.5 2.98 2 38 3.3 1
11 12 13 14
