10
12
8
0
APP_0_Input_Layer_0 0.4666666666666667 0.4666666666666667 1.75 1.17 45 40 2.43 1

APP_0_Inner_Layer_0:0 0.6 0.6 2.25 2.78 39 27 1.44 1
0
APP_0_Inner_Layer_0:1 0.3333333333333333 0.3333333333333333 1.25 1.01 48 31 3.29 1
0
APP_0_Inner_Layer_0:2 0.5333333333333333 0.5333333333333333 2.0 2.85 31 13 2.86 0
0
APP_0_Inner_Layer_1:0 0.06666666666666667 0.06666666666666667 0.25 2.95 12 34 3.99 1
2
APP_0_Inner_Layer_1:1 0.5333333333333333 0.5333333333333333 2.0 3.41 36 22 3.68 0
1
APP_0_Inner_Layer_1:2 0.26666666666666666 0.26666666666666666 1.0 1.05 19 43 1.06 1
2 3
APP_0_Output_Layer_0 0.3333333333333333 0.3333333333333333 1.25 2.61 3 4 1.53 1
4 5 6
8
0.527205026780868
APP_1_Input_Layer_0 0.5333333333333333 0.5333333333333333 2.0 1.04 42 49 2.94 1

APP_1_Inner_Layer_0:0 0.4 0.4 1.5 1.96 29 12 1.12 1
0
APP_1_Inner_Layer_0:1 0.2 0.2 0.75 1.73 20 49 3.84 1
0
APP_1_Inner_Layer_0:2 0.26666666666666666 0.26666666666666666 1.0 1.25 20 31 3.97 1
0
APP_1_Inner_Layer_1:0 0.2 0.2 0.75 3.32 31 2 1.29 1
1 2 3
APP_1_Inner_Layer_2:0 0.6 0.6 2.25 3.73 40 18 2.3 0
4
APP_1_Inner_Layer_2:1 0.4 0.4 1.5 3.24 39 27 1.9 1
4
APP_1_Output_Layer_0 0.2 0.2 0.75 3.4 23 1 3.42 1
5 6
7
1.078288439048916
APP_2_Input_Layer_0 0.6 0.6 2.25 1.07 13 47 3.64 1

APP_2_Inner_Layer_0:0 0.4666666666666667 0.4666666666666667 1.75 3.24 38 28 1.43 1
0
APP_2_Inner_Layer_0:1 0.4666666666666667 0.4666666666666667 1.75 3.16 16 10 1.99 1
0
APP_2_Inner_Layer_0:2 0.26666666666666666 0.26666666666666666 1.0 3.92 21 48 1.72 1
0
APP_2_Inner_Layer_1:0 0.06666666666666667 0.06666666666666667 0.25 1.75 26 21 2.52 0
2 3
APP_2_Inner_Layer_1:1 0.13333333333333333 0.13333333333333333 0.5 2.37 38 16 2.52 0
1
APP_2_Output_Layer_0 0.5333333333333333 0.5333333333333333 2.0 2.42 10 16 3.21 0
4 5
7
1.41420167454362
APP_3_Input_Layer_0 0.2 0.2 0.75 2.85 42 17 3.37 1

APP_3_Inner_Layer_0:0 0.5333333333333333 0.5333333333333333 2.0 2.58 15 12 2.59 1
0
APP_3_Inner_Layer_0:1 0.4 0.4 1.5 3.21 45 21 2.62 1
0
APP_3_Inner_Layer_0:2 0.6 0.6 2.25 1.24 24 29 3.66 1
0
APP_3_Inner_Layer_1:0 0.3333333333333333 0.3333333333333333 1.25 2.37 43 21 3.45 1
1 2 3
APP_3_Inner_Layer_2:0 0.4666666666666667 0.4666666666666667 1.75 3.56 41 22 3.72 0
4
APP_3_Output_Layer_0 0.3333333333333333 0.3333333333333333 1.25 3.27 20 35 1.35 1
5
6
1.7674656239204374
APP_4_Input_Layer_0 0.26666666666666666 0.26666666666666666 1.0 2.74 19 49 1.25 1

APP_4_Inner_Layer_0:0 0.4666666666666667 0.4666666666666667 1.75 2.77 5 4 1.66 1
0
APP_4_Inner_Layer_0:1 0.4666666666666667 0.4666666666666667 1.75 1.79 46 9 3.08 1
0
APP_4_Inner_Layer_1:0 0.5333333333333333 0.5333333333333333 2.0 1.95 25 46 3.66 0
2
APP_4_Inner_Layer_1:1 0.5333333333333333 0.5333333333333333 2.0 3.74 46 30 3.22 1
1 2
APP_4_Output_Layer_0 0.3333333333333333 0.3333333333333333 1.25 3.65 32 19 2.41 1
3 4
7
2.11015735581211
APP_5_Input_Layer_0 0.2 0.2 0.75 2.78 2 33 3.01 1

APP_5_Inner_Layer_0:0 0.13333333333333333 0.13333333333333333 0.5 3.1 49 27 2.17 0
0
APP_5_Inner_Layer_1:0 0.26666666666666666 0.26666666666666666 1.0 2.04 39 10 3.8 0
1
APP_5_Inner_Layer_1:1 0.4 0.4 1.5 2.35 35 19 1.66 0
1
APP_5_Inner_Layer_1:2 0.3333333333333333 0.3333333333333333 1.25 1.74 12 15 1.2 1
1
APP_5_Inner_Layer_1:3 0.6 0.6 2.25 1.64 23 46 1.58 0
1
APP_5_Output_Layer_0 0.4666666666666667 0.4666666666666667 1.75 2.2 16 1 1.62 0
2 3 4 5
5
2.6079435502410346
APP_6_Input_Layer_0 0.6 0.6 2.25 1.32 24 16 1.91 1

APP_6_Inner_Layer_0:0 0.2 0.2 0.75 1.44 3 37 1.24 0
0
APP_6_Inner_Layer_0:1 0.13333333333333333 0.13333333333333333 0.5 1.2 1 16 1.29 0
0
APP_6_Inner_Layer_0:2 0.13333333333333333 0.13333333333333333 0.5 1.42 38 26 1.45 1
0
APP_6_Output_Layer_0 0.2 0.2 0.75 2.84 40 8 1.76 1
1 2 3
9
3.0135933067903706
APP_7_Input_Layer_0 0.6 0.6 2.25 2.02 35 13 1.2 1

APP_7_Inner_Layer_0:0 0.6 0.6 2.25 2.35 13 28 3.89 1
0
APP_7_Inner_Layer_0:1 0.5333333333333333 0.5333333333333333 2.0 2.05 36 6 3.7 0
0
APP_7_Inner_Layer_0:2 0.6 0.6 2.25 3.41 36 8 1.84 1
0
APP_7_Inner_Layer_1:0 0.6 0.6 2.25 1.37 5 2 3.29 1
3 1
APP_7_Inner_Layer_1:1 0.6 0.6 2.25 3.75 6 18 2.55 1
3
APP_7_Inner_Layer_1:2 0.4 0.4 1.5 1.61 47 17 3.46 1
1 3
APP_7_Inner_Layer_1:3 0.13333333333333333 0.13333333333333333 0.5 3.3 3 47 1.35 0
1 2 3
APP_7_Output_Layer_0 0.26666666666666666 0.26666666666666666 1.0 1.14 17 12 1.27 1
4 5 6 7
11
3.3335724891601695
APP_8_Input_Layer_0 0.26666666666666666 0.26666666666666666 1.0 1.19 36 15 3.69 1

APP_8_Inner_Layer_0:0 0.2 0.2 0.75 1.32 28 48 1.95 1
0
APP_8_Inner_Layer_0:1 0.06666666666666667 0.06666666666666667 0.25 1.38 34 1 1.88 1
0
APP_8_Inner_Layer_0:2 0.13333333333333333 0.13333333333333333 0.5 2.48 2 1 1.93 1
0
APP_8_Inner_Layer_0:3 0.4 0.4 1.5 3.95 18 4 2.77 1
0
APP_8_Inner_Layer_1:0 0.2 0.2 0.75 2.66 44 1 2.77 1
2 4
APP_8_Inner_Layer_1:1 0.06666666666666667 0.06666666666666667 0.25 1.67 42 25 3.45 0
1 3
APP_8_Inner_Layer_2:0 0.2 0.2 0.75 1.14 46 35 1.86 1
5 6
APP_8_Inner_Layer_3:0 0.06666666666666667 0.06666666666666667 0.25 3.2 7 13 2.62 0
7
APP_8_Inner_Layer_3:1 0.13333333333333333 0.13333333333333333 0.5 1.37 39 38 2.19 1
7
APP_8_Output_Layer_0 0.06666666666666667 0.06666666666666667 0.25 2.76 33 17 3.25 1
8 9
12
3.97607441452804
APP_9_Input_Layer_0 0.2 0.2 0.75 2.67 44 31 2.35 1

APP_9_Inner_Layer_0:0 0.4 0.4 1.5 2.88 5 1 3.64 1
0
APP_9_Inner_Layer_0:1 0.5333333333333333 0.5333333333333333 2.0 1.24 45 31 3.55 0
0
APP_9_Inner_Layer_0:2 0.4 0.4 1.5 3.98 6 17 2.26 1
0
APP_9_Inner_Layer_1:0 0.13333333333333333 0.13333333333333333 0.5 2.23 21 4 3.91 1
1 3
APP_9_Inner_Layer_1:1 0.6 0.6 2.25 3.85 29 6 2.91 1
1 3
APP_9_Inner_Layer_1:2 0.26666666666666666 0.26666666666666666 1.0 1.27 30 41 1.32 1
1
APP_9_Inner_Layer_1:3 0.4 0.4 1.5 1.9 45 35 2.58 1
2 3
APP_9_Inner_Layer_2:0 0.2 0.2 0.75 1.18 3 48 2.17 0
5
APP_9_Inner_Layer_2:1 0.3333333333333333 0.3333333333333333 1.25 2.78 4 11 3.11 1
4 6 7
APP_9_Inner_Layer_3:0 0.2 0.2 0.75 1.28 4 35 3.78 1
8 9
APP_9_Output_Layer_0 0.13333333333333333 0.13333333333333333 0.5 1.82 27 45 3.1 0
10
5
4.626262003149086
APP_10_Input_Layer_0 0.4 0.4 1.5 1.05 37 46 3.39 1

APP_10_Inner_Layer_0:0 0.2 0.2 0.75 2.74 23 13 3.09 1
0
APP_10_Inner_Layer_0:1 0.13333333333333333 0.13333333333333333 0.5 3.91 27 17 3.59 1
0
APP_10_Inner_Layer_1:0 0.06666666666666667 0.06666666666666667 0.25 3.62 41 22 2.34 1
1 2
APP_10_Output_Layer_0 0.26666666666666666 0.26666666666666666 1.0 3.67 40 41 1.72 1
3
14
5.3609071881228285
APP_11_Input_Layer_0 0.4666666666666667 0.4666666666666667 1.75 2.14 25 3 3.68 1

APP_11_Inner_Layer_0:0 0.6 0.6 2.25 1.58 23 38 2.9 1
0
APP_11_Inner_Layer_0:1 0.13333333333333333 0.13333333333333333 0.5 3.77 32 34 3.34 0
0
APP_11_Inner_Layer_1:0 0.13333333333333333 0.13333333333333333 0.5 1.46 2 20 1.84 1
1
APP_11_Inner_Layer_1:1 0.5333333333333333 0.5333333333333333 2.0 3.02 5 29 3.63 1
1 2
APP_11_Inner_Layer_1:2 0.4666666666666667 0.4666666666666667 1.75 1.16 15 14 1.81 1
2
APP_11_Inner_Layer_1:3 0.06666666666666667 0.06666666666666667 0.25 2.3 18 44 3.6 0
1 2
APP_11_Inner_Layer_2:0 0.6 0.6 2.25 1.43 26 10 3.35 1
3 5 6
APP_11_Inner_Layer_2:1 0.6 0.6 2.25 2.96 43 29 1.51 1
4
APP_11_Inner_Layer_2:2 0.06666666666666667 0.06666666666666667 0.25 3.5 33 21 3.45 1
3 4 6
APP_11_Inner_Layer_2:3 0.26666666666666666 0.26666666666666666 1.0 1.34 29 5 2.62 1
4
APP_11_Inner_Layer_3:0 0.2 0.2 0.75 3.28 18 4 3.16 1
9
APP_11_Inner_Layer_3:1 0.4666666666666667 0.4666666666666667 1.75 2.06 13 26 3.5 0
7 8 10
APP_11_Output_Layer_0 0.13333333333333333 0.13333333333333333 0.5 1.62 44 6 3.82 1
11 12
