10
12
4
0
APP_0_Input_Layer_0 0.5333333333333333 0.5333333333333333 2.0 2.02 46 2 1.82 0

APP_0_Inner_Layer_0:0 0.5333333333333333 0.5333333333333333 2.0 2.44 29 47 2.45 0
0
APP_0_Inner_Layer_0:1 0.13333333333333333 0.13333333333333333 0.5 3.59 30 39 3.46 1
0
APP_0_Output_Layer_0 0.5333333333333333 0.5333333333333333 2.0 3.8 6 35 1.26 1
1 2
8
0.4877614629607714
APP_1_Input_Layer_0 0.3333333333333333 0.3333333333333333 1.25 2.23 21 4 2.25 1

APP_1_Inner_Layer_0:0 0.13333333333333333 0.13333333333333333 0.5 2.38 10 49 2.81 1
0
APP_1_Inner_Layer_0:1 0.13333333333333333 0.13333333333333333 0.5 1.71 48 47 2.6 1
0
APP_1_Inner_Layer_0:2 0.6 0.6 2.25 3.28 42 19 1.34 1
0
APP_1_Inner_Layer_0:3 0.2 0.2 0.75 1.08 38 10 1.97 1
0
APP_1_Inner_Layer_1:0 0.2 0.2 0.75 2.4 13 33 1.17 1
3 4
APP_1_Inner_Layer_1:1 0.6 0.6 2.25 3.05 2 13 3.18 0
1 2
APP_1_Output_Layer_0 0.4 0.4 1.5 1.44 15 45 2.13 1
5 6
9
1.2890122808642563
APP_2_Input_Layer_0 0.26666666666666666 0.26666666666666666 1.0 2.72 15 49 3.45 1

APP_2_Inner_Layer_0:0 0.06666666666666667 0.06666666666666667 0.25 2.77 5 26 2.83 1
0
APP_2_Inner_Layer_0:1 0.6 0.6 2.25 3.7 44 29 3.98 1
0
APP_2_Inner_Layer_1:0 0.3333333333333333 0.3333333333333333 1.25 2.23 18 32 3.98 0
1 2
APP_2_Inner_Layer_2:0 0.06666666666666667 0.06666666666666667 0.25 2.95 43 38 3.1 1
3
APP_2_Inner_Layer_2:1 0.6 0.6 2.25 2.01 27 30 2.59 0
3
APP_2_Inner_Layer_2:2 0.26666666666666666 0.26666666666666666 1.0 2.4 43 4 1.27 1
3
APP_2_Inner_Layer_2:3 0.2 0.2 0.75 1.08 10 33 2.68 1
3
APP_2_Output_Layer_0 0.5333333333333333 0.5333333333333333 2.0 1.12 33 15 3.71 1
4 5 6 7
6
2.047282044343675
APP_3_Input_Layer_0 0.26666666666666666 0.26666666666666666 1.0 3.19 44 30 1.29 1

APP_3_Inner_Layer_0:0 0.13333333333333333 0.13333333333333333 0.5 3.49 22 41 3.38 0
0
APP_3_Inner_Layer_0:1 0.13333333333333333 0.13333333333333333 0.5 1.34 19 7 1.76 0
0
APP_3_Inner_Layer_0:2 0.2 0.2 0.75 3.43 10 44 2.89 1
0
APP_3_Inner_Layer_0:3 0.13333333333333333 0.13333333333333333 0.5 2.75 5 14 3.45 1
0
APP_3_Output_Layer_0 0.2 0.2 0.75 1.04 38 17 2.85 1
1 2 3 4
9
2.5237499595931916
APP_4_Input_Layer_0 0.3333333333333333 0.3333333333333333 1.25 1.98 3 38 2.58 1

APP_4_Inner_Layer_0:0 0.06666666666666667 0.06666666666666667 0.25 3.65 27 27 3.84 1
0
APP_4_Inner_Layer_0:1 0.5333333333333333 0.5333333333333333 2.0 2.14 9 28 3.58 1
0
APP_4_Inner_Layer_0:2 0.26666666666666666 0.26666666666666666 1.0 1.63 9 12 2.12 1
0
APP_4_Inner_Layer_1:0 0.4 0.4 1.5 1.63 23 17 3.48 1
1
APP_4_Inner_Layer_1:1 0.26666666666666666 0.26666666666666666 1.0 1.34 31 20 1.87 1
1 2 3
APP_4_Inner_Layer_2:0 0.4 0.4 1.5 2.36 3 21 1.24 0
4 5
APP_4_Inner_Layer_2:1 0.5333333333333333 0.5333333333333333 2.0 2.26 46 7 1.83 0
4
APP_4_Output_Layer_0 0.06666666666666667 0.06666666666666667 0.25 1.69 42 31 2.6 1
6 7
10
2.861167760469357
APP_5_Input_Layer_0 0.06666666666666667 0.06666666666666667 0.25 2.34 8 40 3.85 1

APP_5_Inner_Layer_0:0 0.6 0.6 2.25 2.74 8 19 2.86 0
0
APP_5_Inner_Layer_1:0 0.6 0.6 2.25 3.65 46 47 3.16 1
1
APP_5_Inner_Layer_1:1 0.5333333333333333 0.5333333333333333 2.0 2.31 11 8 2.05 1
1
APP_5_Inner_Layer_1:2 0.3333333333333333 0.3333333333333333 1.25 2.6 13 47 3.08 1
1
APP_5_Inner_Layer_1:3 0.4 0.4 1.5 1.92 30 19 1.63 1
1
APP_5_Inner_Layer_2:0 0.2 0.2 0.75 3.78 9 33 2.72 0
4 5
APP_5_Inner_Layer_2:1 0.2 0.2 0.75 1.34 1 40 1.71 1
5
APP_5_Inner_Layer_2:2 0.26666666666666666 0.26666666666666666 1.0 3.3 27 15 2.18 1
2 3
APP_5_Output_Layer_0 0.3333333333333333 0.3333333333333333 1.25 3.12 27 32 1.1 1
6 7 8
11
3.170881742272263
APP_6_Input_Layer_0 0.13333333333333333 0.13333333333333333 0.5 1.05 38 6 3.18 1

APP_6_Inner_Layer_0:0 0.2 0.2 0.75 1.6 42 18 2.88 1
0
APP_6_Inner_Layer_1:0 0.06666666666666667 0.06666666666666667 0.25 2.02 8 31 3.2 0
1
APP_6_Inner_Layer_1:1 0.4 0.4 1.5 2.47 49 11 3.72 1
1
APP_6_Inner_Layer_1:2 0.5333333333333333 0.5333333333333333 2.0 3.79 46 46 3.89 1
1
APP_6_Inner_Layer_1:3 0.26666666666666666 0.26666666666666666 1.0 1.29 45 30 2.1 1
1
APP_6_Inner_Layer_2:0 0.5333333333333333 0.5333333333333333 2.0 2.81 28 32 2.62 1
2 5
APP_6_Inner_Layer_2:1 0.2 0.2 0.75 1.94 25 35 1.04 1
2 3
APP_6_Inner_Layer_2:2 0.13333333333333333 0.13333333333333333 0.5 1.47 40 21 1.18 1
3 4 5
APP_6_Inner_Layer_3:0 0.5333333333333333 0.5333333333333333 2.0 2.32 39 36 3.14 0
6 7 8
APP_6_Output_Layer_0 0.5333333333333333 0.5333333333333333 2.0 3.35 8 32 1.95 1
9
10
3.8034816464756376
APP_7_Input_Layer_0 0.4666666666666667 0.4666666666666667 1.75 1.75 43 45 3.14 1

APP_7_Inner_Layer_0:0 0.4 0.4 1.5 2.88 33 3 3.78 1
0
APP_7_Inner_Layer_0:1 0.5333333333333333 0.5333333333333333 2.0 2.53 7 11 1.65 1
0
APP_7_Inner_Layer_1:0 0.26666666666666666 0.26666666666666666 1.0 2.96 2 39 3.56 1
1
APP_7_Inner_Layer_1:1 0.13333333333333333 0.13333333333333333 0.5 3.81 22 12 1.97 1
2
APP_7_Inner_Layer_2:0 0.4666666666666667 0.4666666666666667 1.75 1.47 31 46 1.71 0
4
APP_7_Inner_Layer_2:1 0.26666666666666666 0.26666666666666666 1.0 3.42 48 18 3.65 1
3 4
APP_7_Inner_Layer_2:2 0.4666666666666667 0.4666666666666667 1.75 1.65 3 33 3.68 0
3 4
APP_7_Inner_Layer_2:3 0.2 0.2 0.75 2.28 6 3 1.06 0
3
APP_7_Output_Layer_0 0.2 0.2 0.75 1.17 23 44 3.91 1
5 6 7 8
12
4.595928996556328
APP_8_Input_Layer_0 0.4 0.4 1.5 2.37 7 44 2.32 1

APP_8_Inner_Layer_0:0 0.2 0.2 0.75 3.25 36 5 2.34 0
0
APP_8_Inner_Layer_0:1 0.4 0.4 1.5 2.39 47 40 1.62 1
0
APP_8_Inner_Layer_0:2 0.13333333333333333 0.13333333333333333 0.5 3.89 21 6 3.2 1
0
APP_8_Inner_Layer_1:0 0.4 0.4 1.5 1.25 5 40 1.7 1
1
APP_8_Inner_Layer_1:1 0.3333333333333333 0.3333333333333333 1.25 1.48 35 31 1.56 1
3
APP_8_Inner_Layer_1:2 0.2 0.2 0.75 1.92 31 2 2.54 1
3
APP_8_Inner_Layer_1:3 0.6 0.6 2.25 2.67 5 35 2.96 0
2
APP_8_Inner_Layer_2:0 0.06666666666666667 0.06666666666666667 0.25 2.11 42 46 1.27 0
5 7
APP_8_Inner_Layer_2:1 0.3333333333333333 0.3333333333333333 1.25 2.32 23 18 2.69 1
5 6
APP_8_Inner_Layer_2:2 0.4666666666666667 0.4666666666666667 1.75 2.51 24 40 3.88 1
4 6 7
APP_8_Output_Layer_0 0.3333333333333333 0.3333333333333333 1.25 2.32 26 27 2.99 1
8 9 10
10
4.930796107268781
APP_9_Input_Layer_0 0.3333333333333333 0.3333333333333333 1.25 2.84 47 35 2.95 0

APP_9_Inner_Layer_0:0 0.6 0.6 2.25 3.68 2 26 2.28 1
0
APP_9_Inner_Layer_0:1 0.13333333333333333 0.13333333333333333 0.5 3.3 40 48 2.78 1
0
APP_9_Inner_Layer_0:2 0.3333333333333333 0.3333333333333333 1.25 2.55 2 22 2.39 1
0
APP_9_Inner_Layer_1:0 0.3333333333333333 0.3333333333333333 1.25 3.92 48 48 2.25 1
1 2 3
APP_9_Inner_Layer_2:0 0.2 0.2 0.75 3.27 26 16 3.54 1
4
APP_9_Inner_Layer_2:1 0.5333333333333333 0.5333333333333333 2.0 3.27 39 21 3.89 1
4
APP_9_Inner_Layer_2:2 0.5333333333333333 0.5333333333333333 2.0 1.49 12 17 2.65 0
4
APP_9_Inner_Layer_3:0 0.4 0.4 1.5 3.45 35 33 1.15 0
5 6 7
APP_9_Output_Layer_0 0.3333333333333333 0.3333333333333333 1.25 3.61 1 46 2.32 0
8
5
5.2669689696863005
APP_10_Input_Layer_0 0.26666666666666666 0.26666666666666666 1.0 2.85 23 11 2.48 1

APP_10_Inner_Layer_0:0 0.13333333333333333 0.13333333333333333 0.5 3.16 7 13 2.39 1
0
APP_10_Inner_Layer_0:1 0.2 0.2 0.75 3.43 39 4 1.18 1
0
APP_10_Inner_Layer_0:2 0.06666666666666667 0.06666666666666667 0.25 3.18 11 3 1.88 0
0
APP_10_Output_Layer_0 0.2 0.2 0.75 3.33 27 49 3.0 1
1 2 3
14
5.576881428954693
APP_11_Input_Layer_0 0.13333333333333333 0.13333333333333333 0.5 2.16 32 1 1.07 1

APP_11_Inner_Layer_0:0 0.06666666666666667 0.06666666666666667 0.25 2.73 1 35 2.2 1
0
APP_11_Inner_Layer_0:1 0.3333333333333333 0.3333333333333333 1.25 2.2 23 47 1.53 1
0
APP_11_Inner_Layer_0:2 0.06666666666666667 0.06666666666666667 0.25 3.54 11 36 3.17 1
0
APP_11_Inner_Layer_0:3 0.6 0.6 2.25 2.95 8 37 3.64 0
0
APP_11_Inner_Layer_1:0 0.06666666666666667 0.06666666666666667 0.25 3.86 26 40 2.36 0
1
APP_11_Inner_Layer_1:1 0.13333333333333333 0.13333333333333333 0.5 1.21 7 41 2.83 1
1 3 4
APP_11_Inner_Layer_1:2 0.4666666666666667 0.4666666666666667 1.75 2.41 21 48 1.22 1
2 3 4
APP_11_Inner_Layer_2:0 0.2 0.2 0.75 2.6 32 8 1.27 0
5 6
APP_11_Inner_Layer_2:1 0.6 0.6 2.25 3.15 17 37 2.27 1
7
APP_11_Inner_Layer_3:0 0.4666666666666667 0.4666666666666667 1.75 1.28 39 42 2.75 0
8 9
APP_11_Inner_Layer_3:1 0.2 0.2 0.75 1.53 40 40 1.06 1
9
APP_11_Inner_Layer_3:2 0.4 0.4 1.5 3.58 25 31 1.93 1
8 9
APP_11_Output_Layer_0 0.5333333333333333 0.5333333333333333 2.0 3.76 1 22 2.81 1
10 11 12
