10
17
13
0
APP_0_Input_Layer_0 0.3333333333333333 0.3333333333333333 1.25 1.96 11 38 3.73 1

APP_0_Inner_Layer_0:0 0.3333333333333333 0.3333333333333333 1.25 2.91 38 35 1.74 0
0
APP_0_Inner_Layer_1:0 0.06666666666666667 0.06666666666666667 0.25 3.43 10 33 2.78 1
1
APP_0_Inner_Layer_1:1 0.4666666666666667 0.4666666666666667 1.75 2.49 30 17 1.82 1
1
APP_0_Inner_Layer_2:0 0.06666666666666667 0.06666666666666667 0.25 1.79 33 12 2.74 1
3
APP_0_Inner_Layer_2:1 0.4 0.4 1.5 1.52 31 41 3.12 0
2
APP_0_Inner_Layer_2:2 0.13333333333333333 0.13333333333333333 0.5 2.82 7 19 1.45 1
2
APP_0_Inner_Layer_2:3 0.4666666666666667 0.4666666666666667 1.75 3.53 38 2 3.64 0
2
APP_0_Inner_Layer_3:0 0.4 0.4 1.5 3.2 42 45 3.06 1
6 4 7
APP_0_Inner_Layer_3:1 0.3333333333333333 0.3333333333333333 1.25 3.23 7 20 2.06 1
6
APP_0_Inner_Layer_3:2 0.4 0.4 1.5 1.14 37 20 2.31 1
4 5 6
APP_0_Inner_Layer_3:3 0.4 0.4 1.5 3.78 5 30 2.63 0
6 7
APP_0_Output_Layer_0 0.5333333333333333 0.5333333333333333 2.0 1.18 41 41 2.14 1
8 9 10 11
11
0.23077603143674785
APP_1_Input_Layer_0 0.13333333333333333 0.13333333333333333 0.5 1.01 3 3 3.96 1

APP_1_Inner_Layer_0:0 0.4666666666666667 0.4666666666666667 1.75 3.02 17 48 1.21 0
0
APP_1_Inner_Layer_0:1 0.06666666666666667 0.06666666666666667 0.25 2.17 14 2 2.8 1
0
APP_1_Inner_Layer_1:0 0.06666666666666667 0.06666666666666667 0.25 1.01 25 4 2.38 1
1
APP_1_Inner_Layer_1:1 0.4666666666666667 0.4666666666666667 1.75 1.71 15 21 2.92 1
2
APP_1_Inner_Layer_2:0 0.5333333333333333 0.5333333333333333 2.0 2.44 16 35 2.94 1
3 4
APP_1_Inner_Layer_2:1 0.4 0.4 1.5 1.81 24 14 2.92 1
3 4
APP_1_Inner_Layer_2:2 0.6 0.6 2.25 3.4 8 37 2.14 0
3
APP_1_Inner_Layer_3:0 0.5333333333333333 0.5333333333333333 2.0 2.43 9 8 1.56 1
5 6
APP_1_Inner_Layer_3:1 0.5333333333333333 0.5333333333333333 2.0 1.79 3 42 1.55 1
5 6 7
APP_1_Output_Layer_0 0.06666666666666667 0.06666666666666667 0.25 2.33 43 40 3.46 1
8 9
16
0.6409361776881419
APP_2_Input_Layer_0 0.06666666666666667 0.06666666666666667 0.25 2.31 11 15 3.82 1

APP_2_Inner_Layer_0:0 0.4 0.4 1.5 2.39 6 35 1.75 0
0
APP_2_Inner_Layer_0:1 0.26666666666666666 0.26666666666666666 1.0 3.38 18 27 2.84 1
0
APP_2_Inner_Layer_1:0 0.5333333333333333 0.5333333333333333 2.0 3.89 37 4 3.06 1
2
APP_2_Inner_Layer_1:1 0.3333333333333333 0.3333333333333333 1.25 2.69 15 31 2.78 0
1
APP_2_Inner_Layer_1:2 0.5333333333333333 0.5333333333333333 2.0 1.84 24 3 2.82 1
2
APP_2_Inner_Layer_1:3 0.4 0.4 1.5 2.36 27 24 3.75 1
1
APP_2_Inner_Layer_2:0 0.13333333333333333 0.13333333333333333 0.5 2.93 42 47 1.5 1
3 6
APP_2_Inner_Layer_2:1 0.3333333333333333 0.3333333333333333 1.25 2.69 36 43 3.69 0
4 5
APP_2_Inner_Layer_2:2 0.4666666666666667 0.4666666666666667 1.75 2.06 31 6 3.0 1
3 6
APP_2_Inner_Layer_2:3 0.13333333333333333 0.13333333333333333 0.5 3.52 40 46 1.16 0
4
APP_2_Inner_Layer_3:0 0.6 0.6 2.25 2.91 27 33 2.62 0
7 10
APP_2_Inner_Layer_3:1 0.2 0.2 0.75 3.47 15 42 2.45 0
7 9
APP_2_Inner_Layer_3:2 0.5333333333333333 0.5333333333333333 2.0 3.28 36 4 2.11 1
8 10
APP_2_Inner_Layer_3:3 0.26666666666666666 0.26666666666666666 1.0 3.94 24 40 3.4 1
7 8
APP_2_Output_Layer_0 0.5333333333333333 0.5333333333333333 2.0 3.08 39 24 1.26 1
11 12 13 14
7
1.0045357101013679
APP_3_Input_Layer_0 0.3333333333333333 0.3333333333333333 1.25 1.88 9 35 1.85 1

APP_3_Inner_Layer_0:0 0.3333333333333333 0.3333333333333333 1.25 3.1 23 48 1.65 1
0
APP_3_Inner_Layer_1:0 0.6 0.6 2.25 1.24 27 16 1.26 0
1
APP_3_Inner_Layer_1:1 0.2 0.2 0.75 1.31 26 47 2.0 1
1
APP_3_Inner_Layer_1:2 0.06666666666666667 0.06666666666666667 0.25 2.26 44 23 2.48 1
1
APP_3_Inner_Layer_2:0 0.6 0.6 2.25 1.94 8 46 3.22 1
2 3 4
APP_3_Output_Layer_0 0.6 0.6 2.25 3.56 7 11 1.91 1
5
6
1.3046155773863093
APP_4_Input_Layer_0 0.4 0.4 1.5 1.79 32 30 3.8 1

APP_4_Inner_Layer_0:0 0.06666666666666667 0.06666666666666667 0.25 3.27 37 21 1.22 1
0
APP_4_Inner_Layer_0:1 0.4666666666666667 0.4666666666666667 1.75 2.57 44 36 3.41 1
0
APP_4_Inner_Layer_0:2 0.4666666666666667 0.4666666666666667 1.75 2.57 25 2 2.56 0
0
APP_4_Inner_Layer_0:3 0.13333333333333333 0.13333333333333333 0.5 1.73 31 16 3.5 0
0
APP_4_Output_Layer_0 0.06666666666666667 0.06666666666666667 0.25 2.6 22 2 3.97 1
1 2 3 4
8
1.541770535967848
APP_5_Input_Layer_0 0.5333333333333333 0.5333333333333333 2.0 2.14 33 39 3.79 1

APP_5_Inner_Layer_0:0 0.06666666666666667 0.06666666666666667 0.25 2.95 20 24 3.85 0
0
APP_5_Inner_Layer_0:1 0.3333333333333333 0.3333333333333333 1.25 3.09 27 46 3.51 1
0
APP_5_Inner_Layer_1:0 0.3333333333333333 0.3333333333333333 1.25 1.51 27 17 1.66 1
2
APP_5_Inner_Layer_1:1 0.13333333333333333 0.13333333333333333 0.5 1.93 11 19 1.05 0
1 2
APP_5_Inner_Layer_1:2 0.4 0.4 1.5 3.87 35 4 1.55 1
1
APP_5_Inner_Layer_1:3 0.4 0.4 1.5 1.96 30 15 3.01 0
1
APP_5_Output_Layer_0 0.5333333333333333 0.5333333333333333 2.0 3.03 32 2 2.95 1
3 4 5 6
7
2.0379078011894833
APP_6_Input_Layer_0 0.5333333333333333 0.5333333333333333 2.0 3.75 18 21 2.26 1

APP_6_Inner_Layer_0:0 0.2 0.2 0.75 2.4 18 31 2.86 1
0
APP_6_Inner_Layer_0:1 0.2 0.2 0.75 1.08 48 7 1.09 1
0
APP_6_Inner_Layer_1:0 0.26666666666666666 0.26666666666666666 1.0 1.68 9 19 2.48 0
1 2
APP_6_Inner_Layer_1:1 0.3333333333333333 0.3333333333333333 1.25 2.09 18 9 3.14 0
2
APP_6_Inner_Layer_1:2 0.6 0.6 2.25 3.41 27 15 2.81 0
1
APP_6_Output_Layer_0 0.06666666666666667 0.06666666666666667 0.25 1.37 33 36 1.08 1
3 4 5
6
2.4107109690930795
APP_7_Input_Layer_0 0.06666666666666667 0.06666666666666667 0.25 3.4 12 41 3.12 1

APP_7_Inner_Layer_0:0 0.4 0.4 1.5 2.31 3 19 2.9 0
0
APP_7_Inner_Layer_0:1 0.26666666666666666 0.26666666666666666 1.0 2.39 2 21 3.44 1
0
APP_7_Inner_Layer_0:2 0.5333333333333333 0.5333333333333333 2.0 2.37 16 21 1.87 0
0
APP_7_Inner_Layer_0:3 0.4666666666666667 0.4666666666666667 1.75 1.3 2 13 1.9 1
0
APP_7_Output_Layer_0 0.3333333333333333 0.3333333333333333 1.25 2.1 49 30 3.7 0
1 2 3 4
7
2.7174362704230974
APP_8_Input_Layer_0 0.2 0.2 0.75 3.87 41 28 1.06 1

APP_8_Inner_Layer_0:0 0.6 0.6 2.25 1.96 24 16 2.75 1
0
APP_8_Inner_Layer_0:1 0.5333333333333333 0.5333333333333333 2.0 3.33 45 31 1.04 1
0
APP_8_Inner_Layer_1:0 0.4 0.4 1.5 2.99 29 12 2.33 1
1 2
APP_8_Inner_Layer_1:1 0.6 0.6 2.25 1.61 5 47 2.05 0
2
APP_8_Inner_Layer_2:0 0.4 0.4 1.5 3.75 46 24 3.07 1
3 4
APP_8_Output_Layer_0 0.06666666666666667 0.06666666666666667 0.25 3.65 47 12 2.18 1
5
4
3.269502715875945
APP_9_Input_Layer_0 0.4 0.4 1.5 3.11 38 3 2.81 1

APP_9_Inner_Layer_0:0 0.5333333333333333 0.5333333333333333 2.0 1.56 30 31 3.77 1
0
APP_9_Inner_Layer_1:0 0.26666666666666666 0.26666666666666666 1.0 1.53 12 44 2.65 1
1
APP_9_Output_Layer_0 0.5333333333333333 0.5333333333333333 2.0 3.96 8 21 2.41 1
2
13
3.7498705509813672
APP_10_Input_Layer_0 0.3333333333333333 0.3333333333333333 1.25 2.88 19 35 2.58 1

APP_10_Inner_Layer_0:0 0.4 0.4 1.5 3.78 11 37 1.33 0
0
APP_10_Inner_Layer_0:1 0.2 0.2 0.75 2.75 16 16 2.7 0
0
APP_10_Inner_Layer_0:2 0.06666666666666667 0.06666666666666667 0.25 1.01 40 44 3.91 0
0
APP_10_Inner_Layer_0:3 0.6 0.6 2.25 1.49 30 28 3.93 1
0
APP_10_Inner_Layer_1:0 0.3333333333333333 0.3333333333333333 1.25 3.16 16 12 1.75 1
1 2 3 4
APP_10_Inner_Layer_1:1 0.13333333333333333 0.13333333333333333 0.5 3.26 35 3 3.03 1
2
APP_10_Inner_Layer_2:0 0.26666666666666666 0.26666666666666666 1.0 1.83 19 19 3.41 1
5 6
APP_10_Inner_Layer_2:1 0.5333333333333333 0.5333333333333333 2.0 1.51 34 15 1.84 0
5
APP_10_Inner_Layer_2:2 0.5333333333333333 0.5333333333333333 2.0 3.2 16 3 2.17 1
6
APP_10_Inner_Layer_3:0 0.4666666666666667 0.4666666666666667 1.75 2.39 13 22 3.9 0
7 8 9
APP_10_Inner_Layer_3:1 0.3333333333333333 0.3333333333333333 1.25 3.67 17 10 1.36 0
8 9
APP_10_Output_Layer_0 0.2 0.2 0.75 3.12 34 32 2.59 1
10 11
12
4.141361712739565
APP_11_Input_Layer_0 0.4 0.4 1.5 3.24 49 26 1.18 1

APP_11_Inner_Layer_0:0 0.6 0.6 2.25 1.86 25 34 3.22 1
0
APP_11_Inner_Layer_0:1 0.2 0.2 0.75 2.23 15 41 3.83 1
0
APP_11_Inner_Layer_0:2 0.3333333333333333 0.3333333333333333 1.25 2.94 25 31 2.06 1
0
APP_11_Inner_Layer_0:3 0.5333333333333333 0.5333333333333333 2.0 2.66 31 35 2.77 0
0
APP_11_Inner_Layer_1:0 0.6 0.6 2.25 3.52 36 5 1.61 0
1 4
APP_11_Inner_Layer_1:1 0.06666666666666667 0.06666666666666667 0.25 1.43 23 49 2.63 1
1
APP_11_Inner_Layer_1:2 0.4666666666666667 0.4666666666666667 1.75 1.73 1 22 3.27 1
2 3
APP_11_Inner_Layer_1:3 0.5333333333333333 0.5333333333333333 2.0 3.87 49 16 1.73 1
1
APP_11_Inner_Layer_2:0 0.26666666666666666 0.26666666666666666 1.0 3.16 22 34 1.58 1
5 7
APP_11_Inner_Layer_2:1 0.13333333333333333 0.13333333333333333 0.5 2.04 1 49 3.8 1
6 8
APP_11_Output_Layer_0 0.06666666666666667 0.06666666666666667 0.25 2.63 23 40 2.48 1
9 10
5
4.443929710631893
APP_12_Input_Layer_0 0.26666666666666666 0.26666666666666666 1.0 2.79 44 34 2.91 0

APP_12_Inner_Layer_0:0 0.6 0.6 2.25 2.39 18 12 1.77 1
0
APP_12_Inner_Layer_0:1 0.5333333333333333 0.5333333333333333 2.0 3.46 25 23 3.54 1
0
APP_12_Inner_Layer_0:2 0.5333333333333333 0.5333333333333333 2.0 3.15 5 4 2.93 0
0
APP_12_Output_Layer_0 0.06666666666666667 0.06666666666666667 0.25 3.88 46 42 1.37 1
1 2 3
11
4.827698126533666
APP_13_Input_Layer_0 0.5333333333333333 0.5333333333333333 2.0 1.23 49 24 2.87 1

APP_13_Inner_Layer_0:0 0.4666666666666667 0.4666666666666667 1.75 2.25 9 42 2.12 1
0
APP_13_Inner_Layer_0:1 0.3333333333333333 0.3333333333333333 1.25 2.6 43 42 3.99 1
0
APP_13_Inner_Layer_1:0 0.3333333333333333 0.3333333333333333 1.25 3.61 46 6 1.09 0
1
APP_13_Inner_Layer_1:1 0.2 0.2 0.75 2.98 47 28 3.39 0
1
APP_13_Inner_Layer_1:2 0.13333333333333333 0.13333333333333333 0.5 2.93 14 45 1.76 0
1 2
APP_13_Inner_Layer_1:3 0.5333333333333333 0.5333333333333333 2.0 3.92 2 13 3.38 0
2
APP_13_Inner_Layer_2:0 0.13333333333333333 0.13333333333333333 0.5 2.59 35 21 3.74 1
3 4 5 6
APP_13_Inner_Layer_2:1 0.6 0.6 2.25 1.27 36 2 1.05 1
3 6
APP_13_Inner_Layer_3:0 0.4 0.4 1.5 2.0 14 3 3.6 0
7 8
APP_13_Output_Layer_0 0.06666666666666667 0.06666666666666667 0.25 2.0 36 39 2.82 1
9
11
5.122657189947795
APP_14_Input_Layer_0 0.5333333333333333 0.5333333333333333 2.0 2.16 44 11 1.65 1

APP_14_Inner_Layer_0:0 0.3333333333333333 0.3333333333333333 1.25 1.34 18 46 1.26 1
0
APP_14_Inner_Layer_0:1 0.2 0.2 0.75 1.91 30 20 1.62 1
0
APP_14_Inner_Layer_0:2 0.06666666666666667 0.06666666666666667 0.25 2.58 19 23 1.02 0
0
APP_14_Inner_Layer_0:3 0.6 0.6 2.25 2.8 30 49 2.22 1
0
APP_14_Inner_Layer_1:0 0.06666666666666667 0.06666666666666667 0.25 1.95 22 42 3.04 1
1 2 3 4
APP_14_Inner_Layer_2:0 0.26666666666666666 0.26666666666666666 1.0 3.93 21 40 1.28 0
5
APP_14_Inner_Layer_2:1 0.4666666666666667 0.4666666666666667 1.75 1.01 8 5 3.4 1
5
APP_14_Inner_Layer_2:2 0.13333333333333333 0.13333333333333333 0.5 1.57 16 18 3.62 1
5
APP_14_Inner_Layer_2:3 0.5333333333333333 0.5333333333333333 2.0 3.22 2 35 2.51 1
5
APP_14_Output_Layer_0 0.3333333333333333 0.3333333333333333 1.25 3.79 22 16 1.19 1
6 7 8 9
10
5.349349446841735
APP_15_Input_Layer_0 0.4 0.4 1.5 1.88 18 30 2.45 1

APP_15_Inner_Layer_0:0 0.4666666666666667 0.4666666666666667 1.75 1.87 25 12 3.65 1
0
APP_15_Inner_Layer_0:1 0.4666666666666667 0.4666666666666667 1.75 2.73 25 3 3.94 1
0
APP_15_Inner_Layer_0:2 0.13333333333333333 0.13333333333333333 0.5 3.85 13 11 1.99 1
0
APP_15_Inner_Layer_1:0 0.2 0.2 0.75 3.53 31 3 1.65 1
1 2 3
APP_15_Inner_Layer_2:0 0.3333333333333333 0.3333333333333333 1.25 1.4 16 11 3.82 1
4
APP_15_Inner_Layer_2:1 0.3333333333333333 0.3333333333333333 1.25 3.13 42 32 3.37 1
4
APP_15_Inner_Layer_3:0 0.06666666666666667 0.06666666666666667 0.25 3.97 25 28 1.5 0
6
APP_15_Inner_Layer_3:1 0.2 0.2 0.75 3.96 45 17 2.63 1
5
APP_15_Output_Layer_0 0.4 0.4 1.5 2.51 26 16 3.48 1
7 8
6
5.636977873767381
APP_16_Input_Layer_0 0.4666666666666667 0.4666666666666667 1.75 1.54 44 28 3.89 1

APP_16_Inner_Layer_0:0 0.4 0.4 1.5 2.35 25 33 3.66 1
0
APP_16_Inner_Layer_0:1 0.5333333333333333 0.5333333333333333 2.0 2.32 42 44 4.0 1
0
APP_16_Inner_Layer_1:0 0.13333333333333333 0.13333333333333333 0.5 1.27 19 35 3.48 1
1
APP_16_Inner_Layer_1:1 0.26666666666666666 0.26666666666666666 1.0 2.72 40 40 3.88 1
2
APP_16_Output_Layer_0 0.4666666666666667 0.4666666666666667 1.75 3.59 28 20 2.29 1
3 4
