10
17
12
0
APP_0_Input_Layer_0 0.5333333333333333 0.5333333333333333 2.0 1.59 17 7 1.31 0

APP_0_Inner_Layer_0:0 0.2 0.2 0.75 2.5 44 1 2.87 1
0
APP_0_Inner_Layer_0:1 0.6 0.6 2.25 3.69 32 25 3.28 1
0
APP_0_Inner_Layer_0:2 0.6 0.6 2.25 1.27 39 36 2.32 1
0
APP_0_Inner_Layer_0:3 0.5333333333333333 0.5333333333333333 2.0 2.39 49 34 2.79 1
0
APP_0_Inner_Layer_1:0 0.4 0.4 1.5 3.26 3 37 2.7 1
2 4
APP_0_Inner_Layer_1:1 0.06666666666666667 0.06666666666666667 0.25 2.9 38 23 2.17 1
3 4
APP_0_Inner_Layer_1:2 0.6 0.6 2.25 2.83 42 20 2.21 0
1
APP_0_Inner_Layer_2:0 0.26666666666666666 0.26666666666666666 1.0 2.38 12 21 2.97 1
7
APP_0_Inner_Layer_2:1 0.3333333333333333 0.3333333333333333 1.25 2.54 10 25 1.55 1
5 6 7
APP_0_Inner_Layer_2:2 0.13333333333333333 0.13333333333333333 0.5 3.59 26 15 3.23 1
6
APP_0_Output_Layer_0 0.4 0.4 1.5 1.31 26 46 2.72 1
8 9 10
5
0.26463134284207224
APP_1_Input_Layer_0 0.2 0.2 0.75 4.0 25 4 3.6 1

APP_1_Inner_Layer_0:0 0.4 0.4 1.5 3.13 20 6 2.54 1
0
APP_1_Inner_Layer_0:1 0.13333333333333333 0.13333333333333333 0.5 2.06 24 5 3.83 0
0
APP_1_Inner_Layer_0:2 0.5333333333333333 0.5333333333333333 2.0 2.73 44 12 1.62 0
0
APP_1_Output_Layer_0 0.3333333333333333 0.3333333333333333 1.25 3.54 9 23 2.64 1
1 2 3
12
0.49506883294123716
APP_2_Input_Layer_0 0.13333333333333333 0.13333333333333333 0.5 1.3 45 45 2.24 1

APP_2_Inner_Layer_0:0 0.4 0.4 1.5 1.17 20 5 2.76 1
0
APP_2_Inner_Layer_0:1 0.2 0.2 0.75 2.9 38 34 3.86 1
0
APP_2_Inner_Layer_0:2 0.26666666666666666 0.26666666666666666 1.0 1.04 27 42 1.34 1
0
APP_2_Inner_Layer_0:3 0.2 0.2 0.75 3.4 15 11 1.03 0
0
APP_2_Inner_Layer_1:0 0.13333333333333333 0.13333333333333333 0.5 3.41 24 31 3.21 0
3 4
APP_2_Inner_Layer_1:1 0.4666666666666667 0.4666666666666667 1.75 1.69 37 49 1.34 1
1 2
APP_2_Inner_Layer_2:0 0.3333333333333333 0.3333333333333333 1.25 2.98 36 46 3.23 0
5
APP_2_Inner_Layer_2:1 0.4666666666666667 0.4666666666666667 1.75 1.45 49 7 1.25 0
5
APP_2_Inner_Layer_2:2 0.4666666666666667 0.4666666666666667 1.75 2.88 32 33 1.22 0
5 6
APP_2_Inner_Layer_3:0 0.06666666666666667 0.06666666666666667 0.25 2.0 28 46 2.0 1
7 8 9
APP_2_Output_Layer_0 0.5333333333333333 0.5333333333333333 2.0 2.97 38 32 2.75 1
10
9
0.9760639201296952
APP_3_Input_Layer_0 0.6 0.6 2.25 1.48 29 9 2.69 1

APP_3_Inner_Layer_0:0 0.3333333333333333 0.3333333333333333 1.25 1.32 33 28 1.82 1
0
APP_3_Inner_Layer_0:1 0.3333333333333333 0.3333333333333333 1.25 3.86 43 43 1.1 1
0
APP_3_Inner_Layer_1:0 0.4666666666666667 0.4666666666666667 1.75 3.22 38 45 1.9 1
1
APP_3_Inner_Layer_1:1 0.4 0.4 1.5 1.29 5 17 3.33 0
1 2
APP_3_Inner_Layer_1:2 0.6 0.6 2.25 3.62 22 47 3.06 1
2
APP_3_Inner_Layer_2:0 0.3333333333333333 0.3333333333333333 1.25 2.61 18 35 3.4 1
3
APP_3_Inner_Layer_2:1 0.4 0.4 1.5 2.59 7 1 3.22 0
4 5
APP_3_Output_Layer_0 0.5333333333333333 0.5333333333333333 2.0 1.37 47 8 1.76 1
6 7
7
1.4548221298046524
APP_4_Input_Layer_0 0.06666666666666667 0.06666666666666667 0.25 2.82 8 27 2.96 0

APP_4_Inner_Layer_0:0 0.6 0.6 2.25 2.55 34 6 1.02 1
0
APP_4_Inner_Layer_0:1 0.3333333333333333 0.3333333333333333 1.25 1.27 11 34 3.28 1
0
APP_4_Inner_Layer_0:2 0.13333333333333333 0.13333333333333333 0.5 1.59 34 49 1.76 1
0
APP_4_Inner_Layer_1:0 0.4 0.4 1.5 1.76 34 23 2.8 1
1
APP_4_Inner_Layer_1:1 0.4666666666666667 0.4666666666666667 1.75 2.73 15 4 1.11 1
2 3
APP_4_Output_Layer_0 0.3333333333333333 0.3333333333333333 1.25 1.13 22 9 1.24 1
4 5
3
1.8710304618740292
APP_5_Input_Layer_0 0.06666666666666667 0.06666666666666667 0.25 2.6 18 39 2.72 1

APP_5_Inner_Layer_0:0 0.06666666666666667 0.06666666666666667 0.25 3.12 12 13 3.28 1
0
APP_5_Output_Layer_0 0.2 0.2 0.75 1.21 42 9 1.89 1
1
9
2.371123667395924
APP_6_Input_Layer_0 0.26666666666666666 0.26666666666666666 1.0 1.96 13 5 3.46 1

APP_6_Inner_Layer_0:0 0.5333333333333333 0.5333333333333333 2.0 1.42 16 21 2.5 1
0
APP_6_Inner_Layer_0:1 0.5333333333333333 0.5333333333333333 2.0 3.57 4 48 3.93 1
0
APP_6_Inner_Layer_0:2 0.4666666666666667 0.4666666666666667 1.75 1.3 13 41 2.67 1
0
APP_6_Inner_Layer_1:0 0.06666666666666667 0.06666666666666667 0.25 2.71 24 28 1.96 1
2 3
APP_6_Inner_Layer_1:1 0.26666666666666666 0.26666666666666666 1.0 3.97 22 12 3.68 1
2
APP_6_Inner_Layer_1:2 0.4666666666666667 0.4666666666666667 1.75 1.73 12 13 1.7 1
1 2
APP_6_Inner_Layer_1:3 0.4666666666666667 0.4666666666666667 1.75 2.19 21 46 3.54 1
1 3
APP_6_Output_Layer_0 0.13333333333333333 0.13333333333333333 0.5 2.43 33 35 1.32 1
4 5 6 7
5
2.6039197871831186
APP_7_Input_Layer_0 0.2 0.2 0.75 1.3 21 35 3.8 1

APP_7_Inner_Layer_0:0 0.13333333333333333 0.13333333333333333 0.5 3.02 23 10 2.02 0
0
APP_7_Inner_Layer_0:1 0.4666666666666667 0.4666666666666667 1.75 1.49 5 34 2.77 1
0
APP_7_Inner_Layer_0:2 0.06666666666666667 0.06666666666666667 0.25 1.54 18 6 2.73 0
0
APP_7_Output_Layer_0 0.13333333333333333 0.13333333333333333 0.5 2.79 34 20 1.35 1
1 2 3
14
2.8618367027625173
APP_8_Input_Layer_0 0.2 0.2 0.75 3.05 12 39 3.87 1

APP_8_Inner_Layer_0:0 0.06666666666666667 0.06666666666666667 0.25 3.45 23 41 2.08 1
0
APP_8_Inner_Layer_0:1 0.2 0.2 0.75 3.96 24 30 3.82 0
0
APP_8_Inner_Layer_0:2 0.13333333333333333 0.13333333333333333 0.5 3.45 8 47 1.2 1
0
APP_8_Inner_Layer_0:3 0.2 0.2 0.75 3.01 7 8 2.27 1
0
APP_8_Inner_Layer_1:0 0.4666666666666667 0.4666666666666667 1.75 2.49 1 3 3.73 0
1 3 4
APP_8_Inner_Layer_1:1 0.5333333333333333 0.5333333333333333 2.0 1.5 24 48 1.51 1
2 3 4
APP_8_Inner_Layer_1:2 0.4 0.4 1.5 1.31 7 2 3.55 1
4
APP_8_Inner_Layer_1:3 0.3333333333333333 0.3333333333333333 1.25 3.11 45 21 1.96 0
3
APP_8_Inner_Layer_2:0 0.2 0.2 0.75 3.01 12 43 3.63 1
5 6 7 8
APP_8_Inner_Layer_3:0 0.13333333333333333 0.13333333333333333 0.5 2.16 30 38 3.0 1
9
APP_8_Inner_Layer_3:1 0.26666666666666666 0.26666666666666666 1.0 1.26 39 40 2.23 1
9
APP_8_Inner_Layer_3:2 0.4 0.4 1.5 3.85 37 15 3.01 1
9
APP_8_Output_Layer_0 0.2 0.2 0.75 3.09 21 18 2.57 1
10 11 12
4
3.3004515084529253
APP_9_Input_Layer_0 0.06666666666666667 0.06666666666666667 0.25 3.85 6 42 3.25 0

APP_9_Inner_Layer_0:0 0.5333333333333333 0.5333333333333333 2.0 1.25 10 9 1.8 0
0
APP_9_Inner_Layer_0:1 0.2 0.2 0.75 2.39 39 15 2.34 1
0
APP_9_Output_Layer_0 0.3333333333333333 0.3333333333333333 1.25 1.11 27 23 2.76 1
1 2
3
3.6633169236112524
APP_10_Input_Layer_0 0.06666666666666667 0.06666666666666667 0.25 3.51 14 8 3.75 1

APP_10_Inner_Layer_0:0 0.4 0.4 1.5 3.98 7 41 2.95 1
0
APP_10_Output_Layer_0 0.3333333333333333 0.3333333333333333 1.25 2.85 44 46 3.11 1
1
7
4.050276016374387
APP_11_Input_Layer_0 0.5333333333333333 0.5333333333333333 2.0 2.04 13 34 3.52 1

APP_11_Inner_Layer_0:0 0.4666666666666667 0.4666666666666667 1.75 1.32 17 28 2.02 1
0
APP_11_Inner_Layer_0:1 0.2 0.2 0.75 3.21 40 23 1.76 1
0
APP_11_Inner_Layer_1:0 0.06666666666666667 0.06666666666666667 0.25 1.81 49 28 1.32 0
1 2
APP_11_Inner_Layer_1:1 0.06666666666666667 0.06666666666666667 0.25 1.57 17 7 2.21 1
1
APP_11_Inner_Layer_1:2 0.2 0.2 0.75 3.31 42 44 3.82 0
2
APP_11_Output_Layer_0 0.5333333333333333 0.5333333333333333 2.0 2.57 20 12 1.33 1
3 4 5
5
4.271399853673012
APP_12_Input_Layer_0 0.26666666666666666 0.26666666666666666 1.0 2.61 43 31 1.03 1

APP_12_Inner_Layer_0:0 0.2 0.2 0.75 3.24 17 27 3.85 1
0
APP_12_Inner_Layer_0:1 0.26666666666666666 0.26666666666666666 1.0 3.59 11 36 1.69 1
0
APP_12_Inner_Layer_0:2 0.13333333333333333 0.13333333333333333 0.5 1.96 26 10 2.41 0
0
APP_12_Output_Layer_0 0.4 0.4 1.5 3.4 2 12 1.24 1
1 2 3
10
4.507782357269716
APP_13_Input_Layer_0 0.5333333333333333 0.5333333333333333 2.0 3.63 29 38 2.7 1

APP_13_Inner_Layer_0:0 0.4666666666666667 0.4666666666666667 1.75 2.23 1 14 1.67 0
0
APP_13_Inner_Layer_0:1 0.4 0.4 1.5 3.48 47 30 1.43 1
0
APP_13_Inner_Layer_0:2 0.5333333333333333 0.5333333333333333 2.0 2.48 12 9 3.83 1
0
APP_13_Inner_Layer_1:0 0.2 0.2 0.75 2.62 43 14 3.79 1
1 2 3
APP_13_Inner_Layer_1:1 0.2 0.2 0.75 1.45 21 3 1.79 1
1 3
APP_13_Inner_Layer_2:0 0.6 0.6 2.25 1.79 48 28 2.73 0
5
APP_13_Inner_Layer_2:1 0.06666666666666667 0.06666666666666667 0.25 2.38 13 30 2.69 0
4
APP_13_Inner_Layer_2:2 0.5333333333333333 0.5333333333333333 2.0 1.32 31 16 3.88 1
4
APP_13_Output_Layer_0 0.6 0.6 2.25 3.12 13 33 3.9 1
6 7 8
11
4.8007054024764555
APP_14_Input_Layer_0 0.26666666666666666 0.26666666666666666 1.0 2.5 46 13 3.47 1

APP_14_Inner_Layer_0:0 0.13333333333333333 0.13333333333333333 0.5 1.42 38 36 1.51 1
0
APP_14_Inner_Layer_0:1 0.5333333333333333 0.5333333333333333 2.0 3.31 17 11 1.6 1
0
APP_14_Inner_Layer_0:2 0.2 0.2 0.75 3.18 34 15 3.61 1
0
APP_14_Inner_Layer_0:3 0.2 0.2 0.75 3.36 43 23 2.25 1
0
APP_14_Inner_Layer_1:0 0.3333333333333333 0.3333333333333333 1.25 2.37 49 12 3.09 0
1 2 4
APP_14_Inner_Layer_1:1 0.6 0.6 2.25 3.71 41 31 1.76 1
4
APP_14_Inner_Layer_1:2 0.5333333333333333 0.5333333333333333 2.0 3.98 14 47 1.45 0
4
APP_14_Inner_Layer_1:3 0.26666666666666666 0.26666666666666666 1.0 1.35 40 45 2.05 0
2 3
APP_14_Inner_Layer_2:0 0.6 0.6 2.25 2.87 48 9 2.99 1
5 6 7 8
APP_14_Output_Layer_0 0.4666666666666667 0.4666666666666667 1.75 1.79 29 34 2.7 1
9
9
5.305031404892208
APP_15_Input_Layer_0 0.4666666666666667 0.4666666666666667 1.75 3.23 26 14 2.88 1

APP_15_Inner_Layer_0:0 0.2 0.2 0.75 1.46 4 8 1.69 1
0
APP_15_Inner_Layer_0:1 0.4 0.4 1.5 3.95 16 14 3.0 1
0
APP_15_Inner_Layer_0:2 0.4 0.4 1.5 2.43 39 18 3.97 0
0
APP_15_Inner_Layer_0:3 0.6 0.6 2.25 2.71 21 40 2.24 1
0
APP_15_Inner_Layer_1:0 0.3333333333333333 0.3333333333333333 1.25 1.07 1 33 2.69 0
2 4
APP_15_Inner_Layer_1:1 0.4666666666666667 0.4666666666666667 1.75 2.32 30 35 2.82 0
1 3 4
APP_15_Inner_Layer_1:2 0.3333333333333333 0.3333333333333333 1.25 3.34 13 12 1.83 0
1 2
APP_15_Output_Layer_0 0.3333333333333333 0.3333333333333333 1.25 2.06 21 8 3.08 0
5 6 7
4
5.729104935051038
APP_16_Input_Layer_0 0.3333333333333333 0.3333333333333333 1.25 3.35 8 32 1.06 1

APP_16_Inner_Layer_0:0 0.3333333333333333 0.3333333333333333 1.25 1.92 44 39 1.18 0
0
APP_16_Inner_Layer_0:1 0.2 0.2 0.75 2.47 16 21 3.8 1
0
APP_16_Output_Layer_0 0.2 0.2 0.75 2.49 27 15 1.15 1
1 2
