10
17
8
0
APP_0_Input_Layer_0 0.4 0.4 1.5 1.3 37 21 1.73 1

APP_0_Inner_Layer_0:0 0.2 0.2 0.75 1.35 48 23 3.29 0
0
APP_0_Inner_Layer_1:0 0.4 0.4 1.5 3.59 26 8 1.85 1
1
APP_0_Inner_Layer_1:1 0.06666666666666667 0.06666666666666667 0.25 1.76 7 48 1.4 1
1
APP_0_Inner_Layer_1:2 0.6 0.6 2.25 3.74 13 1 1.77 0
1
APP_0_Inner_Layer_2:0 0.3333333333333333 0.3333333333333333 1.25 3.54 37 3 2.6 1
2 3 4
APP_0_Inner_Layer_2:1 0.6 0.6 2.25 3.09 42 18 1.15 1
4
APP_0_Output_Layer_0 0.4666666666666667 0.4666666666666667 1.75 2.17 27 13 3.33 1
5 6
6
0.23981618827743637
APP_1_Input_Layer_0 0.4666666666666667 0.4666666666666667 1.75 2.0 42 35 1.94 1

APP_1_Inner_Layer_0:0 0.4666666666666667 0.4666666666666667 1.75 3.32 44 21 2.75 0
0
APP_1_Inner_Layer_0:1 0.2 0.2 0.75 1.01 47 15 1.16 1
0
APP_1_Inner_Layer_1:0 0.26666666666666666 0.26666666666666666 1.0 3.28 9 4 2.49 1
1 2
APP_1_Inner_Layer_1:1 0.2 0.2 0.75 2.57 38 14 1.16 0
2
APP_1_Output_Layer_0 0.5333333333333333 0.5333333333333333 2.0 2.96 44 38 2.86 1
3 4
9
0.775116964455925
APP_2_Input_Layer_0 0.26666666666666666 0.26666666666666666 1.0 1.78 23 11 2.69 1

APP_2_Inner_Layer_0:0 0.3333333333333333 0.3333333333333333 1.25 3.53 21 5 3.14 1
0
APP_2_Inner_Layer_0:1 0.3333333333333333 0.3333333333333333 1.25 1.95 19 12 1.98 1
0
APP_2_Inner_Layer_1:0 0.5333333333333333 0.5333333333333333 2.0 1.95 38 18 3.85 1
2
APP_2_Inner_Layer_1:1 0.4666666666666667 0.4666666666666667 1.75 2.95 12 24 3.25 0
1
APP_2_Inner_Layer_2:0 0.4666666666666667 0.4666666666666667 1.75 1.27 25 42 3.88 1
3 4
APP_2_Inner_Layer_2:1 0.4 0.4 1.5 3.01 36 5 3.55 0
3
APP_2_Inner_Layer_3:0 0.4 0.4 1.5 1.84 28 11 1.28 1
5 6
APP_2_Output_Layer_0 0.4666666666666667 0.4666666666666667 1.75 2.96 33 13 2.81 1
7
17
1.0435092618684334
APP_3_Input_Layer_0 0.13333333333333333 0.13333333333333333 0.5 3.79 36 41 3.98 1

APP_3_Inner_Layer_0:0 0.06666666666666667 0.06666666666666667 0.25 1.6 26 6 3.15 1
0
APP_3_Inner_Layer_0:1 0.26666666666666666 0.26666666666666666 1.0 3.71 42 36 2.46 1
0
APP_3_Inner_Layer_0:2 0.26666666666666666 0.26666666666666666 1.0 1.32 2 14 3.0 0
0
APP_3_Inner_Layer_1:0 0.4666666666666667 0.4666666666666667 1.75 2.53 25 31 3.44 0
1 3
APP_3_Inner_Layer_1:1 0.2 0.2 0.75 1.2 4 8 2.7 1
1 3
APP_3_Inner_Layer_1:2 0.3333333333333333 0.3333333333333333 1.25 3.29 11 28 1.12 1
1
APP_3_Inner_Layer_1:3 0.06666666666666667 0.06666666666666667 0.25 1.49 21 27 3.35 0
2
APP_3_Inner_Layer_2:0 0.2 0.2 0.75 2.56 30 2 1.96 1
4 6 7
APP_3_Inner_Layer_2:1 0.5333333333333333 0.5333333333333333 2.0 1.45 9 23 3.88 1
5 7
APP_3_Inner_Layer_2:2 0.13333333333333333 0.13333333333333333 0.5 1.73 26 29 3.24 0
5 6
APP_3_Inner_Layer_2:3 0.13333333333333333 0.13333333333333333 0.5 1.6 11 5 2.85 1
5 6
APP_3_Inner_Layer_3:0 0.3333333333333333 0.3333333333333333 1.25 2.79 19 15 3.97 0
8 10
APP_3_Inner_Layer_3:1 0.26666666666666666 0.26666666666666666 1.0 1.14 1 49 1.55 1
10 11
APP_3_Inner_Layer_3:2 0.2 0.2 0.75 3.73 39 45 3.98 1
10 11
APP_3_Inner_Layer_3:3 0.6 0.6 2.25 2.87 11 27 3.06 1
9
APP_3_Output_Layer_0 0.4 0.4 1.5 2.88 40 37 1.25 1
12 13 14 15
10
1.3481713077884976
APP_4_Input_Layer_0 0.4 0.4 1.5 2.56 44 37 1.53 1

APP_4_Inner_Layer_0:0 0.06666666666666667 0.06666666666666667 0.25 1.14 43 32 3.14 0
0
APP_4_Inner_Layer_0:1 0.4666666666666667 0.4666666666666667 1.75 2.86 13 18 2.73 0
0
APP_4_Inner_Layer_0:2 0.3333333333333333 0.3333333333333333 1.25 1.23 34 35 3.95 1
0
APP_4_Inner_Layer_0:3 0.4 0.4 1.5 2.7 11 9 1.68 0
0
APP_4_Inner_Layer_1:0 0.4666666666666667 0.4666666666666667 1.75 1.12 33 11 1.63 0
2 1 4
APP_4_Inner_Layer_1:1 0.4666666666666667 0.4666666666666667 1.75 1.8 42 37 2.44 0
2 4
APP_4_Inner_Layer_1:2 0.06666666666666667 0.06666666666666667 0.25 1.0 30 22 1.85 1
2 3 4
APP_4_Inner_Layer_1:3 0.3333333333333333 0.3333333333333333 1.25 1.21 24 12 1.06 1
1 3
APP_4_Output_Layer_0 0.13333333333333333 0.13333333333333333 0.5 3.36 23 36 2.88 1
5 6 7 8
9
1.583658297909807
APP_5_Input_Layer_0 0.6 0.6 2.25 2.6 9 28 1.59 1

APP_5_Inner_Layer_0:0 0.26666666666666666 0.26666666666666666 1.0 2.97 35 46 3.01 1
0
APP_5_Inner_Layer_1:0 0.4666666666666667 0.4666666666666667 1.75 1.02 16 32 1.22 0
1
APP_5_Inner_Layer_1:1 0.26666666666666666 0.26666666666666666 1.0 3.94 21 13 3.39 1
1
APP_5_Inner_Layer_2:0 0.4 0.4 1.5 3.09 22 17 1.94 1
3
APP_5_Inner_Layer_2:1 0.4666666666666667 0.4666666666666667 1.75 1.52 35 27 1.85 0
3
APP_5_Inner_Layer_2:2 0.5333333333333333 0.5333333333333333 2.0 3.78 49 12 3.26 0
2
APP_5_Inner_Layer_2:3 0.6 0.6 2.25 3.57 30 12 2.76 0
2
APP_5_Output_Layer_0 0.2 0.2 0.75 3.51 11 12 2.81 1
4 5 6 7
4
2.0302493708964353
APP_6_Input_Layer_0 0.13333333333333333 0.13333333333333333 0.5 3.92 31 22 3.0 0

APP_6_Inner_Layer_0:0 0.26666666666666666 0.26666666666666666 1.0 3.89 30 28 2.37 1
0
APP_6_Inner_Layer_1:0 0.5333333333333333 0.5333333333333333 2.0 2.13 40 48 3.25 1
1
APP_6_Output_Layer_0 0.6 0.6 2.25 2.82 19 41 2.17 1
2
8
2.3451255447059927
APP_7_Input_Layer_0 0.4666666666666667 0.4666666666666667 1.75 3.14 35 23 1.38 1

APP_7_Inner_Layer_0:0 0.4666666666666667 0.4666666666666667 1.75 1.13 9 28 1.72 1
0
APP_7_Inner_Layer_0:1 0.2 0.2 0.75 3.35 43 25 1.74 0
0
APP_7_Inner_Layer_1:0 0.2 0.2 0.75 1.34 15 18 2.39 1
1 2
APP_7_Inner_Layer_2:0 0.6 0.6 2.25 3.61 25 49 1.79 1
3
APP_7_Inner_Layer_2:1 0.13333333333333333 0.13333333333333333 0.5 1.4 23 29 2.74 1
3
APP_7_Inner_Layer_2:2 0.6 0.6 2.25 3.47 37 42 3.75 0
3
APP_7_Output_Layer_0 0.6 0.6 2.25 1.57 2 23 2.96 1
4 5 6
10
2.5675697262986223
APP_8_Input_Layer_0 0.13333333333333333 0.13333333333333333 0.5 3.08 21 2 1.38 1

APP_8_Inner_Layer_0:0 0.3333333333333333 0.3333333333333333 1.25 3.35 46 10 2.34 1
0
APP_8_Inner_Layer_0:1 0.4666666666666667 0.4666666666666667 1.75 2.53 36 29 1.95 1
0
APP_8_Inner_Layer_1:0 0.06666666666666667 0.06666666666666667 0.25 2.41 33 49 1.44 1
2
APP_8_Inner_Layer_1:1 0.3333333333333333 0.3333333333333333 1.25 2.0 49 15 2.99 1
1
APP_8_Inner_Layer_1:2 0.6 0.6 2.25 3.09 20 20 3.15 0
1
APP_8_Inner_Layer_2:0 0.6 0.6 2.25 2.67 12 3 1.89 0
3 4 5
APP_8_Inner_Layer_3:0 0.4 0.4 1.5 2.76 28 8 1.82 1
6
APP_8_Inner_Layer_3:1 0.3333333333333333 0.3333333333333333 1.25 1.03 34 7 1.46 1
6
APP_8_Output_Layer_0 0.4 0.4 1.5 3.46 10 17 3.28 1
7 8
8
2.7918653998423943
APP_9_Input_Layer_0 0.6 0.6 2.25 1.2 5 24 2.64 1

APP_9_Inner_Layer_0:0 0.3333333333333333 0.3333333333333333 1.25 2.81 44 21 3.68 1
0
APP_9_Inner_Layer_0:1 0.4666666666666667 0.4666666666666667 1.75 1.11 1 27 3.07 1
0
APP_9_Inner_Layer_0:2 0.3333333333333333 0.3333333333333333 1.25 1.16 23 41 2.63 0
0
APP_9_Inner_Layer_0:3 0.5333333333333333 0.5333333333333333 2.0 2.97 14 9 2.9 0
0
APP_9_Inner_Layer_1:0 0.5333333333333333 0.5333333333333333 2.0 3.19 14 49 2.69 1
1 2 3 4
APP_9_Inner_Layer_1:1 0.06666666666666667 0.06666666666666667 0.25 1.56 23 30 3.43 1
2
APP_9_Output_Layer_0 0.2 0.2 0.75 3.12 3 24 3.71 1
5 6
4
3.044005897214253
APP_10_Input_Layer_0 0.5333333333333333 0.5333333333333333 2.0 3.47 39 48 3.03 1

APP_10_Inner_Layer_0:0 0.06666666666666667 0.06666666666666667 0.25 2.38 36 9 3.41 0
0
APP_10_Inner_Layer_0:1 0.4666666666666667 0.4666666666666667 1.75 2.92 44 37 3.77 1
0
APP_10_Output_Layer_0 0.6 0.6 2.25 2.07 33 24 2.33 1
1 2
13
3.357010077176988
APP_11_Input_Layer_0 0.5333333333333333 0.5333333333333333 2.0 2.18 27 21 1.99 1

APP_11_Inner_Layer_0:0 0.6 0.6 2.25 1.92 45 32 1.94 1
0
APP_11_Inner_Layer_0:1 0.4666666666666667 0.4666666666666667 1.75 1.48 38 32 2.84 1
0
APP_11_Inner_Layer_0:2 0.6 0.6 2.25 2.42 2 16 2.78 1
0
APP_11_Inner_Layer_0:3 0.2 0.2 0.75 3.35 26 2 3.17 1
0
APP_11_Inner_Layer_1:0 0.6 0.6 2.25 3.95 49 49 3.18 1
1 3 4
APP_11_Inner_Layer_1:1 0.13333333333333333 0.13333333333333333 0.5 1.76 1 14 2.59 1
2 4
APP_11_Inner_Layer_1:2 0.13333333333333333 0.13333333333333333 0.5 1.33 19 6 3.8 0
2 4
APP_11_Inner_Layer_1:3 0.06666666666666667 0.06666666666666667 0.25 1.63 33 45 1.17 1
2
APP_11_Inner_Layer_2:0 0.5333333333333333 0.5333333333333333 2.0 3.07 7 4 3.17 0
6
APP_11_Inner_Layer_2:1 0.13333333333333333 0.13333333333333333 0.5 3.25 33 27 2.03 0
8
APP_11_Inner_Layer_2:2 0.13333333333333333 0.13333333333333333 0.5 2.95 17 3 1.47 1
5 7
APP_11_Output_Layer_0 0.26666666666666666 0.26666666666666666 1.0 3.16 15 22 3.84 1
9 10 11
13
3.642338960017287
APP_12_Input_Layer_0 0.4 0.4 1.5 1.04 38 28 2.35 1

APP_12_Inner_Layer_0:0 0.26666666666666666 0.26666666666666666 1.0 1.58 33 46 3.87 1
0
APP_12_Inner_Layer_0:1 0.06666666666666667 0.06666666666666667 0.25 3.8 14 8 2.94 1
0
APP_12_Inner_Layer_0:2 0.4 0.4 1.5 2.67 7 6 1.67 0
0
APP_12_Inner_Layer_1:0 0.5333333333333333 0.5333333333333333 2.0 1.04 32 49 2.24 0
2
APP_12_Inner_Layer_1:1 0.4 0.4 1.5 1.25 27 12 2.15 1
3
APP_12_Inner_Layer_1:2 0.06666666666666667 0.06666666666666667 0.25 2.55 10 24 3.05 1
1 2
APP_12_Inner_Layer_1:3 0.5333333333333333 0.5333333333333333 2.0 3.09 27 16 1.18 1
2 1
APP_12_Inner_Layer_2:0 0.4 0.4 1.5 2.33 4 12 3.4 0
4
APP_12_Inner_Layer_2:1 0.26666666666666666 0.26666666666666666 1.0 2.87 17 31 1.68 1
5 7
APP_12_Inner_Layer_2:2 0.13333333333333333 0.13333333333333333 0.5 1.85 49 8 1.63 0
4 6 7
APP_12_Inner_Layer_2:3 0.3333333333333333 0.3333333333333333 1.25 1.26 19 39 3.66 1
7
APP_12_Output_Layer_0 0.2 0.2 0.75 3.59 27 27 2.58 1
8 9 10 11
15
3.916078481068896
APP_13_Input_Layer_0 0.4 0.4 1.5 1.46 16 40 2.09 1

APP_13_Inner_Layer_0:0 0.13333333333333333 0.13333333333333333 0.5 3.86 22 39 3.67 1
0
APP_13_Inner_Layer_0:1 0.3333333333333333 0.3333333333333333 1.25 3.55 26 39 2.04 1
0
APP_13_Inner_Layer_0:2 0.3333333333333333 0.3333333333333333 1.25 3.06 18 8 2.04 0
0
APP_13_Inner_Layer_1:0 0.06666666666666667 0.06666666666666667 0.25 1.62 1 34 1.78 1
1 3
APP_13_Inner_Layer_1:1 0.5333333333333333 0.5333333333333333 2.0 2.21 20 4 2.8 1
2 3
APP_13_Inner_Layer_1:2 0.6 0.6 2.25 2.1 35 3 1.04 1
2 3
APP_13_Inner_Layer_1:3 0.26666666666666666 0.26666666666666666 1.0 2.49 20 38 2.14 1
1 2
APP_13_Inner_Layer_2:0 0.26666666666666666 0.26666666666666666 1.0 2.06 46 5 1.48 1
4
APP_13_Inner_Layer_2:1 0.26666666666666666 0.26666666666666666 1.0 3.61 36 47 3.03 1
5 6 7
APP_13_Inner_Layer_2:2 0.06666666666666667 0.06666666666666667 0.25 1.38 2 5 1.74 1
4 6
APP_13_Inner_Layer_3:0 0.06666666666666667 0.06666666666666667 0.25 2.09 18 19 1.81 1
8 10
APP_13_Inner_Layer_3:1 0.5333333333333333 0.5333333333333333 2.0 3.92 46 2 1.24 1
9
APP_13_Inner_Layer_3:2 0.6 0.6 2.25 3.79 17 28 2.7 1
10
APP_13_Output_Layer_0 0.5333333333333333 0.5333333333333333 2.0 2.36 35 38 3.99 1
11 12 13
11
4.343686564072263
APP_14_Input_Layer_0 0.2 0.2 0.75 1.78 30 28 1.01 0

APP_14_Inner_Layer_0:0 0.3333333333333333 0.3333333333333333 1.25 3.59 31 34 3.58 1
0
APP_14_Inner_Layer_0:1 0.06666666666666667 0.06666666666666667 0.25 2.79 17 13 3.38 1
0
APP_14_Inner_Layer_1:0 0.4666666666666667 0.4666666666666667 1.75 1.75 23 39 2.22 0
1
APP_14_Inner_Layer_1:1 0.4 0.4 1.5 3.67 27 32 2.28 1
2
APP_14_Inner_Layer_1:2 0.4666666666666667 0.4666666666666667 1.75 1.0 46 40 3.33 0
2
APP_14_Inner_Layer_1:3 0.4666666666666667 0.4666666666666667 1.75 1.98 20 31 2.71 1
1 2
APP_14_Inner_Layer_2:0 0.4 0.4 1.5 1.99 25 7 1.49 1
5 6
APP_14_Inner_Layer_2:1 0.06666666666666667 0.06666666666666667 0.25 1.25 3 42 2.4 0
3 4
APP_14_Inner_Layer_3:0 0.5333333333333333 0.5333333333333333 2.0 3.29 23 12 1.08 0
7 8
APP_14_Output_Layer_0 0.26666666666666666 0.26666666666666666 1.0 2.13 46 17 3.04 1
9
12
4.722179071373873
APP_15_Input_Layer_0 0.3333333333333333 0.3333333333333333 1.25 3.27 24 12 3.84 1

APP_15_Inner_Layer_0:0 0.4666666666666667 0.4666666666666667 1.75 2.62 1 31 2.47 1
0
APP_15_Inner_Layer_0:1 0.6 0.6 2.25 3.69 38 6 2.93 1
0
APP_15_Inner_Layer_0:2 0.4666666666666667 0.4666666666666667 1.75 3.68 21 36 3.65 0
0
APP_15_Inner_Layer_0:3 0.4 0.4 1.5 1.87 28 21 2.11 0
0
APP_15_Inner_Layer_1:0 0.4666666666666667 0.4666666666666667 1.75 3.66 24 38 1.5 1
2 1
APP_15_Inner_Layer_1:1 0.3333333333333333 0.3333333333333333 1.25 2.43 33 11 1.13 1
1 2 3 4
APP_15_Inner_Layer_2:0 0.2 0.2 0.75 1.05 11 4 1.17 1
6
APP_15_Inner_Layer_2:1 0.4 0.4 1.5 1.42 37 15 3.88 1
5
APP_15_Inner_Layer_2:2 0.4 0.4 1.5 2.62 30 24 1.68 1
5 6
APP_15_Inner_Layer_2:3 0.13333333333333333 0.13333333333333333 0.5 1.94 49 27 3.7 1
6
APP_15_Output_Layer_0 0.5333333333333333 0.5333333333333333 2.0 2.08 5 22 2.19 1
7 8 9 10
6
4.958671683295681
APP_16_Input_Layer_0 0.26666666666666666 0.26666666666666666 1.0 1.64 14 15 3.3 1

APP_16_Inner_Layer_0:0 0.26666666666666666 0.26666666666666666 1.0 3.59 21 36 3.19 1
0
APP_16_Inner_Layer_0:1 0.26666666666666666 0.26666666666666666 1.0 1.28 34 3 2.79 1
0
APP_16_Inner_Layer_0:2 0.3333333333333333 0.3333333333333333 1.25 2.84 8 30 2.07 1
0
APP_16_Inner_Layer_0:3 0.4 0.4 1.5 1.04 6 21 3.04 1
0
APP_16_Output_Layer_0 0.6 0.6 2.25 1.38 39 20 3.8 1
1 2 3 4
