10
17
8
0
APP_0_Input_Layer_0 0.06666666666666667 0.06666666666666667 0.25 1.35 39 2 1.41 1

APP_0_Inner_Layer_0:0 0.2 0.2 0.75 3.63 5 32 3.56 0
0
APP_0_Inner_Layer_0:1 0.3333333333333333 0.3333333333333333 1.25 1.81 35 39 2.2 1
0
APP_0_Inner_Layer_0:2 0.6 0.6 2.25 3.97 3 46 2.69 0
0
APP_0_Inner_Layer_0:3 0.3333333333333333 0.3333333333333333 1.25 1.32 2 28 2.27 1
0
APP_0_Inner_Layer_1:0 0.4 0.4 1.5 3.0 44 32 1.5 1
4
APP_0_Inner_Layer_1:1 0.13333333333333333 0.13333333333333333 0.5 3.96 34 2 1.23 1
1 2 3
APP_0_Output_Layer_0 0.5333333333333333 0.5333333333333333 2.0 1.3 15 13 2.08 1
5 6
12
0.3428849103181003
APP_1_Input_Layer_0 0.6 0.6 2.25 3.01 5 25 2.36 1

APP_1_Inner_Layer_0:0 0.2 0.2 0.75 1.02 41 1 2.07 0
0
APP_1_Inner_Layer_0:1 0.06666666666666667 0.06666666666666667 0.25 2.13 12 34 2.42 1
0
APP_1_Inner_Layer_0:2 0.2 0.2 0.75 3.26 20 26 2.65 1
0
APP_1_Inner_Layer_0:3 0.3333333333333333 0.3333333333333333 1.25 3.03 26 1 2.28 0
0
APP_1_Inner_Layer_1:0 0.26666666666666666 0.26666666666666666 1.0 2.49 31 28 3.3 1
3 4
APP_1_Inner_Layer_1:1 0.2 0.2 0.75 1.92 47 23 3.98 1
1 4 2
APP_1_Inner_Layer_1:2 0.4 0.4 1.5 1.62 48 15 3.33 0
1 2 3
APP_1_Inner_Layer_2:0 0.3333333333333333 0.3333333333333333 1.25 3.27 37 40 2.59 1
5 6 7
APP_1_Inner_Layer_2:1 0.4 0.4 1.5 1.94 19 21 2.95 0
5 7
APP_1_Inner_Layer_2:2 0.6 0.6 2.25 2.29 3 48 1.28 1
6
APP_1_Output_Layer_0 0.2 0.2 0.75 1.94 26 47 3.44 1
8 9 10
8
0.6469024188298547
APP_2_Input_Layer_0 0.6 0.6 2.25 1.55 42 16 2.26 1

APP_2_Inner_Layer_0:0 0.13333333333333333 0.13333333333333333 0.5 2.77 13 6 1.39 1
0
APP_2_Inner_Layer_0:1 0.13333333333333333 0.13333333333333333 0.5 1.04 32 36 2.18 0
0
APP_2_Inner_Layer_1:0 0.4 0.4 1.5 1.36 31 39 3.61 1
2
APP_2_Inner_Layer_1:1 0.06666666666666667 0.06666666666666667 0.25 2.1 23 33 3.05 0
1 2
APP_2_Inner_Layer_2:0 0.2 0.2 0.75 3.01 12 15 1.1 1
4
APP_2_Inner_Layer_2:1 0.2 0.2 0.75 1.98 22 19 3.03 1
3
APP_2_Output_Layer_0 0.06666666666666667 0.06666666666666667 0.25 3.7 9 44 1.27 1
5 6
9
0.9259335824202304
APP_3_Input_Layer_0 0.13333333333333333 0.13333333333333333 0.5 1.73 38 37 2.69 1

APP_3_Inner_Layer_0:0 0.26666666666666666 0.26666666666666666 1.0 1.55 19 41 1.16 1
0
APP_3_Inner_Layer_0:1 0.06666666666666667 0.06666666666666667 0.25 2.7 24 27 1.6 0
0
APP_3_Inner_Layer_0:2 0.06666666666666667 0.06666666666666667 0.25 3.07 9 37 1.39 1
0
APP_3_Inner_Layer_1:0 0.4666666666666667 0.4666666666666667 1.75 2.25 16 1 3.48 0
1 2 3
APP_3_Inner_Layer_2:0 0.5333333333333333 0.5333333333333333 2.0 1.97 47 30 1.78 0
4
APP_3_Inner_Layer_2:1 0.6 0.6 2.25 3.1 23 15 2.32 1
4
APP_3_Inner_Layer_2:2 0.5333333333333333 0.5333333333333333 2.0 3.11 27 47 1.86 0
4
APP_3_Output_Layer_0 0.26666666666666666 0.26666666666666666 1.0 2.36 30 11 1.26 1
5 6 7
8
1.2688238162863865
APP_4_Input_Layer_0 0.3333333333333333 0.3333333333333333 1.25 2.37 5 20 2.56 1

APP_4_Inner_Layer_0:0 0.26666666666666666 0.26666666666666666 1.0 1.21 23 48 2.4 1
0
APP_4_Inner_Layer_0:1 0.4 0.4 1.5 1.36 36 10 3.71 1
0
APP_4_Inner_Layer_1:0 0.5333333333333333 0.5333333333333333 2.0 3.25 47 1 1.61 0
2
APP_4_Inner_Layer_1:1 0.13333333333333333 0.13333333333333333 0.5 3.83 9 22 1.56 1
1
APP_4_Inner_Layer_1:2 0.4666666666666667 0.4666666666666667 1.75 1.11 3 45 1.76 0
1 2
APP_4_Inner_Layer_2:0 0.4 0.4 1.5 3.65 14 49 1.91 0
3 4 5
APP_4_Output_Layer_0 0.3333333333333333 0.3333333333333333 1.25 2.36 44 18 1.91 1
6
8
1.579378790283318
APP_5_Input_Layer_0 0.06666666666666667 0.06666666666666667 0.25 3.41 8 45 2.3 1

APP_5_Inner_Layer_0:0 0.06666666666666667 0.06666666666666667 0.25 2.69 14 33 1.8 1
0
APP_5_Inner_Layer_0:1 0.13333333333333333 0.13333333333333333 0.5 1.11 28 10 1.87 1
0
APP_5_Inner_Layer_0:2 0.4666666666666667 0.4666666666666667 1.75 2.26 35 42 3.93 1
0
APP_5_Inner_Layer_0:3 0.06666666666666667 0.06666666666666667 0.25 2.4 9 35 2.84 1
0
APP_5_Inner_Layer_1:0 0.4 0.4 1.5 1.18 7 13 3.0 1
4 1 2
APP_5_Inner_Layer_1:1 0.26666666666666666 0.26666666666666666 1.0 3.66 34 42 3.86 1
1 2 3 4
APP_5_Output_Layer_0 0.06666666666666667 0.06666666666666667 0.25 2.34 14 39 3.16 1
5 6
10
1.9824179068005414
APP_6_Input_Layer_0 0.13333333333333333 0.13333333333333333 0.5 2.61 3 45 1.16 0

APP_6_Inner_Layer_0:0 0.2 0.2 0.75 3.48 27 46 2.49 1
0
APP_6_Inner_Layer_0:1 0.13333333333333333 0.13333333333333333 0.5 2.21 21 42 2.69 1
0
APP_6_Inner_Layer_0:2 0.4 0.4 1.5 1.87 19 45 2.61 1
0
APP_6_Inner_Layer_0:3 0.4666666666666667 0.4666666666666667 1.75 3.26 45 14 2.13 1
0
APP_6_Inner_Layer_1:0 0.6 0.6 2.25 1.37 41 27 1.97 1
2 3 4
APP_6_Inner_Layer_1:1 0.5333333333333333 0.5333333333333333 2.0 3.25 35 38 1.23 0
1 4
APP_6_Inner_Layer_1:2 0.13333333333333333 0.13333333333333333 0.5 2.65 39 28 2.29 1
1 4 2
APP_6_Inner_Layer_1:3 0.6 0.6 2.25 2.91 20 22 1.77 1
3
APP_6_Output_Layer_0 0.4 0.4 1.5 2.61 21 22 3.86 1
5 6 7 8
13
2.246554801086369
APP_7_Input_Layer_0 0.2 0.2 0.75 1.4 2 21 1.23 1

APP_7_Inner_Layer_0:0 0.5333333333333333 0.5333333333333333 2.0 1.67 13 17 2.73 1
0
APP_7_Inner_Layer_0:1 0.6 0.6 2.25 1.85 47 16 2.21 1
0
APP_7_Inner_Layer_0:2 0.26666666666666666 0.26666666666666666 1.0 3.93 26 16 2.09 0
0
APP_7_Inner_Layer_1:0 0.06666666666666667 0.06666666666666667 0.25 2.27 28 8 1.21 1
1 2 3
APP_7_Inner_Layer_2:0 0.6 0.6 2.25 3.81 2 6 2.52 1
4
APP_7_Inner_Layer_2:1 0.26666666666666666 0.26666666666666666 1.0 1.82 32 2 1.72 1
4
APP_7_Inner_Layer_2:2 0.6 0.6 2.25 1.48 19 29 3.44 0
4
APP_7_Inner_Layer_3:0 0.5333333333333333 0.5333333333333333 2.0 3.43 48 22 1.9 0
5 7
APP_7_Inner_Layer_3:1 0.4 0.4 1.5 1.54 22 15 1.22 1
5
APP_7_Inner_Layer_3:2 0.4666666666666667 0.4666666666666667 1.75 1.94 36 46 3.03 0
7
APP_7_Inner_Layer_3:3 0.3333333333333333 0.3333333333333333 1.25 1.7 1 49 1.83 0
5 6
APP_7_Output_Layer_0 0.4 0.4 1.5 1.84 24 13 3.15 0
8 9 10 11
8
2.51458949977803
APP_8_Input_Layer_0 0.13333333333333333 0.13333333333333333 0.5 1.58 39 39 1.45 1

APP_8_Inner_Layer_0:0 0.6 0.6 2.25 1.79 28 33 2.61 1
0
APP_8_Inner_Layer_1:0 0.2 0.2 0.75 2.33 14 42 2.0 0
1
APP_8_Inner_Layer_2:0 0.2 0.2 0.75 2.6 4 36 1.43 0
2
APP_8_Inner_Layer_3:0 0.4 0.4 1.5 3.04 13 1 3.02 1
3
APP_8_Inner_Layer_3:1 0.6 0.6 2.25 3.55 48 18 1.32 1
3
APP_8_Inner_Layer_3:2 0.26666666666666666 0.26666666666666666 1.0 3.83 20 39 1.18 1
3
APP_8_Output_Layer_0 0.4666666666666667 0.4666666666666667 1.75 1.93 28 45 2.38 1
4 5 6
5
3.0341636989590697
APP_9_Input_Layer_0 0.4666666666666667 0.4666666666666667 1.75 1.62 48 28 1.85 1

APP_9_Inner_Layer_0:0 0.6 0.6 2.25 1.24 22 49 2.55 1
0
APP_9_Inner_Layer_1:0 0.2 0.2 0.75 3.56 15 21 3.63 0
1
APP_9_Inner_Layer_1:1 0.26666666666666666 0.26666666666666666 1.0 3.3 28 48 2.09 1
1
APP_9_Output_Layer_0 0.5333333333333333 0.5333333333333333 2.0 3.93 6 19 1.01 1
2 3
12
3.333173400320006
APP_10_Input_Layer_0 0.3333333333333333 0.3333333333333333 1.25 2.55 43 5 3.26 1

APP_10_Inner_Layer_0:0 0.5333333333333333 0.5333333333333333 2.0 3.77 15 32 3.28 1
0
APP_10_Inner_Layer_0:1 0.4666666666666667 0.4666666666666667 1.75 3.47 25 31 3.51 0
0
APP_10_Inner_Layer_1:0 0.4666666666666667 0.4666666666666667 1.75 3.38 18 23 3.11 1
2
APP_10_Inner_Layer_1:1 0.26666666666666666 0.26666666666666666 1.0 3.86 46 10 3.44 0
1 2
APP_10_Inner_Layer_1:2 0.3333333333333333 0.3333333333333333 1.25 3.63 29 12 3.02 1
1
APP_10_Inner_Layer_1:3 0.06666666666666667 0.06666666666666667 0.25 1.96 22 11 2.14 1
1 2
APP_10_Inner_Layer_2:0 0.4666666666666667 0.4666666666666667 1.75 3.39 49 16 2.56 0
5 6
APP_10_Inner_Layer_2:1 0.13333333333333333 0.13333333333333333 0.5 3.16 1 8 1.72 1
4 5
APP_10_Inner_Layer_2:2 0.4666666666666667 0.4666666666666667 1.75 3.1 13 45 3.2 1
4 5 6
APP_10_Inner_Layer_2:3 0.2 0.2 0.75 1.37 11 27 3.8 0
3 6
APP_10_Output_Layer_0 0.5333333333333333 0.5333333333333333 2.0 3.79 30 34 2.53 1
7 8 9 10
6
3.70286609760992
APP_11_Input_Layer_0 0.3333333333333333 0.3333333333333333 1.25 1.11 21 34 2.0 1

APP_11_Inner_Layer_0:0 0.6 0.6 2.25 1.83 5 31 2.57 1
0
APP_11_Inner_Layer_1:0 0.2 0.2 0.75 3.07 24 14 1.5 0
1
APP_11_Inner_Layer_1:1 0.2 0.2 0.75 3.62 16 32 3.26 1
1
APP_11_Inner_Layer_1:2 0.13333333333333333 0.13333333333333333 0.5 2.64 8 47 3.02 1
1
APP_11_Output_Layer_0 0.6 0.6 2.25 1.3 11 10 1.31 1
2 3 4
9
4.086131794105336
APP_12_Input_Layer_0 0.2 0.2 0.75 2.09 43 40 1.39 1

APP_12_Inner_Layer_0:0 0.5333333333333333 0.5333333333333333 2.0 2.47 34 15 3.37 0
0
APP_12_Inner_Layer_0:1 0.2 0.2 0.75 1.94 27 21 2.83 0
0
APP_12_Inner_Layer_1:0 0.4666666666666667 0.4666666666666667 1.75 2.33 40 37 3.46 1
1
APP_12_Inner_Layer_1:1 0.26666666666666666 0.26666666666666666 1.0 1.58 17 40 1.89 0
1 2
APP_12_Inner_Layer_1:2 0.2 0.2 0.75 3.27 31 3 2.18 1
1
APP_12_Inner_Layer_1:3 0.26666666666666666 0.26666666666666666 1.0 2.54 49 40 1.22 0
2
APP_12_Inner_Layer_2:0 0.26666666666666666 0.26666666666666666 1.0 3.3 31 11 1.73 1
3 4 5 6
APP_12_Output_Layer_0 0.4 0.4 1.5 2.08 8 32 2.71 1
7
6
4.434161866575015
APP_13_Input_Layer_0 0.4666666666666667 0.4666666666666667 1.75 3.03 2 28 2.65 1

APP_13_Inner_Layer_0:0 0.2 0.2 0.75 1.88 36 34 2.75 1
0
APP_13_Inner_Layer_0:1 0.26666666666666666 0.26666666666666666 1.0 2.88 42 39 3.54 1
0
APP_13_Inner_Layer_0:2 0.6 0.6 2.25 2.43 29 30 2.34 1
0
APP_13_Inner_Layer_0:3 0.2 0.2 0.75 1.73 15 6 3.44 0
0
APP_13_Output_Layer_0 0.2 0.2 0.75 1.38 1 9 3.77 1
1 2 3 4
7
4.829232930141766
APP_14_Input_Layer_0 0.6 0.6 2.25 2.74 8 42 3.67 0

APP_14_Inner_Layer_0:0 0.5333333333333333 0.5333333333333333 2.0 2.79 27 12 3.06 1
0
APP_14_Inner_Layer_1:0 0.3333333333333333 0.3333333333333333 1.25 1.46 41 18 1.37 0
1
APP_14_Inner_Layer_1:1 0.2 0.2 0.75 2.83 20 23 2.02 1
1
APP_14_Inner_Layer_2:0 0.6 0.6 2.25 3.89 20 45 3.52 1
2
APP_14_Inner_Layer_2:1 0.4666666666666667 0.4666666666666667 1.75 1.81 49 45 1.1 1
3
APP_14_Output_Layer_0 0.26666666666666666 0.26666666666666666 1.0 2.99 8 18 3.11 1
4 5
8
5.113218524830537
APP_15_Input_Layer_0 0.4666666666666667 0.4666666666666667 1.75 2.44 34 43 3.58 1

APP_15_Inner_Layer_0:0 0.6 0.6 2.25 3.43 14 37 1.2 1
0
APP_15_Inner_Layer_0:1 0.3333333333333333 0.3333333333333333 1.25 1.36 20 25 2.99 1
0
APP_15_Inner_Layer_0:2 0.4666666666666667 0.4666666666666667 1.75 3.4 47 6 3.31 0
0
APP_15_Inner_Layer_1:0 0.2 0.2 0.75 2.41 21 42 1.34 1
1 2 3
APP_15_Inner_Layer_1:1 0.5333333333333333 0.5333333333333333 2.0 2.87 25 28 1.67 1
3 2
APP_15_Inner_Layer_1:2 0.6 0.6 2.25 1.08 39 12 3.7 0
2
APP_15_Output_Layer_0 0.4 0.4 1.5 2.46 20 7 2.62 0
4 5 6
6
5.490750226622376
APP_16_Input_Layer_0 0.06666666666666667 0.06666666666666667 0.25 3.81 3 44 1.54 0

APP_16_Inner_Layer_0:0 0.06666666666666667 0.06666666666666667 0.25 3.33 32 37 3.63 1
0
APP_16_Inner_Layer_0:1 0.4 0.4 1.5 1.19 7 7 3.11 1
0
APP_16_Inner_Layer_0:2 0.06666666666666667 0.06666666666666667 0.25 3.0 19 41 2.92 1
0
APP_16_Inner_Layer_1:0 0.2 0.2 0.75 3.66 42 9 3.21 1
1 2 3
APP_16_Output_Layer_0 0.6 0.6 2.25 2.99 18 43 1.78 1
4
