10
17
7
0
APP_0_Input_Layer_0 0.4666666666666667 0.4666666666666667 1.75 3.97 38 4 3.64 1

APP_0_Inner_Layer_0:0 0.4 0.4 1.5 2.98 30 46 3.41 1
0
APP_0_Inner_Layer_1:0 0.4 0.4 1.5 3.61 6 39 1.13 0
1
APP_0_Inner_Layer_1:1 0.3333333333333333 0.3333333333333333 1.25 3.93 33 13 1.44 1
1
APP_0_Inner_Layer_1:2 0.5333333333333333 0.5333333333333333 2.0 1.11 47 3 3.75 0
1
APP_0_Inner_Layer_1:3 0.5333333333333333 0.5333333333333333 2.0 3.36 27 12 3.1 1
1
APP_0_Output_Layer_0 0.5333333333333333 0.5333333333333333 2.0 1.88 9 5 3.9 1
2 3 4 5
4
0.4271501966872579
APP_1_Input_Layer_0 0.5333333333333333 0.5333333333333333 2.0 2.19 13 43 1.72 0

APP_1_Inner_Layer_0:0 0.6 0.6 2.25 3.22 4 28 3.22 1
0
APP_1_Inner_Layer_0:1 0.26666666666666666 0.26666666666666666 1.0 2.38 31 36 1.5 1
0
APP_1_Output_Layer_0 0.6 0.6 2.25 2.58 1 4 3.31 1
1 2
9
0.9252572580659479
APP_2_Input_Layer_0 0.06666666666666667 0.06666666666666667 0.25 2.29 8 45 1.79 1

APP_2_Inner_Layer_0:0 0.3333333333333333 0.3333333333333333 1.25 2.46 41 14 1.74 1
0
APP_2_Inner_Layer_0:1 0.3333333333333333 0.3333333333333333 1.25 2.38 22 5 3.63 1
0
APP_2_Inner_Layer_0:2 0.5333333333333333 0.5333333333333333 2.0 2.22 49 28 1.33 1
0
APP_2_Inner_Layer_1:0 0.6 0.6 2.25 3.89 30 42 2.8 1
1
APP_2_Inner_Layer_1:1 0.4666666666666667 0.4666666666666667 1.75 2.94 2 47 2.19 0
1 3
APP_2_Inner_Layer_1:2 0.4666666666666667 0.4666666666666667 1.75 3.54 26 9 2.29 0
2
APP_2_Inner_Layer_1:3 0.4 0.4 1.5 2.37 34 37 2.09 1
3 1
APP_2_Output_Layer_0 0.6 0.6 2.25 3.81 20 43 2.37 1
4 5 6 7
6
1.3951742554633135
APP_3_Input_Layer_0 0.06666666666666667 0.06666666666666667 0.25 1.26 49 46 1.64 1

APP_3_Inner_Layer_0:0 0.4666666666666667 0.4666666666666667 1.75 2.98 16 49 3.65 1
0
APP_3_Inner_Layer_0:1 0.13333333333333333 0.13333333333333333 0.5 2.28 40 11 3.77 0
0
APP_3_Inner_Layer_0:2 0.6 0.6 2.25 3.66 23 21 1.26 1
0
APP_3_Inner_Layer_1:0 0.13333333333333333 0.13333333333333333 0.5 3.56 21 35 1.97 1
1 2 3
APP_3_Output_Layer_0 0.4666666666666667 0.4666666666666667 1.75 2.79 33 7 3.31 1
4
9
1.7435010185341573
APP_4_Input_Layer_0 0.2 0.2 0.75 2.54 21 39 1.26 1

APP_4_Inner_Layer_0:0 0.3333333333333333 0.3333333333333333 1.25 2.97 24 25 2.21 1
0
APP_4_Inner_Layer_0:1 0.06666666666666667 0.06666666666666667 0.25 2.52 33 46 3.87 1
0
APP_4_Inner_Layer_0:2 0.2 0.2 0.75 2.73 35 45 3.27 1
0
APP_4_Inner_Layer_1:0 0.26666666666666666 0.26666666666666666 1.0 1.28 20 19 1.29 1
1 2 3
APP_4_Inner_Layer_2:0 0.2 0.2 0.75 3.03 45 30 1.4 1
4
APP_4_Inner_Layer_2:1 0.4 0.4 1.5 2.36 39 41 1.33 0
4
APP_4_Inner_Layer_2:2 0.4 0.4 1.5 1.89 28 47 2.95 1
4
APP_4_Output_Layer_0 0.2 0.2 0.75 3.47 23 19 1.13 1
5 6 7
8
2.16038298637452
APP_5_Input_Layer_0 0.4666666666666667 0.4666666666666667 1.75 2.98 17 38 2.13 1

APP_5_Inner_Layer_0:0 0.4 0.4 1.5 3.14 5 34 2.7 1
0
APP_5_Inner_Layer_1:0 0.13333333333333333 0.13333333333333333 0.5 3.22 9 1 3.48 1
1
APP_5_Inner_Layer_1:1 0.5333333333333333 0.5333333333333333 2.0 3.44 4 9 2.35 1
1
APP_5_Inner_Layer_1:2 0.3333333333333333 0.3333333333333333 1.25 3.11 46 27 3.46 1
1
APP_5_Inner_Layer_1:3 0.4666666666666667 0.4666666666666667 1.75 3.97 21 33 2.21 0
1
APP_5_Inner_Layer_2:0 0.2 0.2 0.75 2.86 30 29 1.7 1
2 3 4 5
APP_5_Output_Layer_0 0.3333333333333333 0.3333333333333333 1.25 3.12 16 6 1.45 1
6
4
2.5496450051638235
APP_6_Input_Layer_0 0.5333333333333333 0.5333333333333333 2.0 3.69 48 39 3.92 0

APP_6_Inner_Layer_0:0 0.3333333333333333 0.3333333333333333 1.25 2.29 16 4 1.6 0
0
APP_6_Inner_Layer_0:1 0.4666666666666667 0.4666666666666667 1.75 1.83 5 42 3.78 0
0
APP_6_Output_Layer_0 0.26666666666666666 0.26666666666666666 1.0 2.41 36 10 3.45 1
1 2
7
2.9924059291747325
APP_7_Input_Layer_0 0.2 0.2 0.75 1.4 20 46 3.96 1

APP_7_Inner_Layer_0:0 0.2 0.2 0.75 2.93 44 35 2.96 1
0
APP_7_Inner_Layer_0:1 0.26666666666666666 0.26666666666666666 1.0 3.02 7 38 2.62 1
0
APP_7_Inner_Layer_0:2 0.26666666666666666 0.26666666666666666 1.0 2.35 3 38 2.76 1
0
APP_7_Inner_Layer_0:3 0.6 0.6 2.25 1.98 18 17 3.77 1
0
APP_7_Inner_Layer_1:0 0.4 0.4 1.5 3.3 46 21 2.69 1
1 2 3 4
APP_7_Output_Layer_0 0.06666666666666667 0.06666666666666667 0.25 3.97 46 43 3.14 1
5
4
3.2352648793006327
APP_8_Input_Layer_0 0.13333333333333333 0.13333333333333333 0.5 2.86 33 9 2.67 1

APP_8_Inner_Layer_0:0 0.06666666666666667 0.06666666666666667 0.25 1.92 42 5 2.74 0
0
APP_8_Inner_Layer_0:1 0.2 0.2 0.75 3.03 48 37 1.58 0
0
APP_8_Output_Layer_0 0.5333333333333333 0.5333333333333333 2.0 1.92 7 41 3.23 1
1 2
13
3.819159583067859
APP_9_Input_Layer_0 0.6 0.6 2.25 3.88 31 10 3.98 1

APP_9_Inner_Layer_0:0 0.4666666666666667 0.4666666666666667 1.75 2.96 8 9 1.94 0
0
APP_9_Inner_Layer_0:1 0.5333333333333333 0.5333333333333333 2.0 3.72 32 45 1.53 1
0
APP_9_Inner_Layer_0:2 0.26666666666666666 0.26666666666666666 1.0 1.39 3 2 1.99 1
0
APP_9_Inner_Layer_0:3 0.4666666666666667 0.4666666666666667 1.75 2.81 27 11 2.28 1
0
APP_9_Inner_Layer_1:0 0.5333333333333333 0.5333333333333333 2.0 2.16 37 27 3.37 1
2 3
APP_9_Inner_Layer_1:1 0.3333333333333333 0.3333333333333333 1.25 2.94 39 14 1.7 0
1 3 4
APP_9_Inner_Layer_1:2 0.4 0.4 1.5 3.53 6 48 2.75 1
2 3
APP_9_Inner_Layer_1:3 0.2 0.2 0.75 3.81 45 10 3.08 1
3 4
APP_9_Inner_Layer_2:0 0.3333333333333333 0.3333333333333333 1.25 3.79 8 21 3.5 0
6 7 8
APP_9_Inner_Layer_2:1 0.2 0.2 0.75 2.72 18 22 1.12 1
5 6
APP_9_Inner_Layer_2:2 0.06666666666666667 0.06666666666666667 0.25 2.13 16 33 3.26 0
5 7
APP_9_Output_Layer_0 0.2 0.2 0.75 1.84 42 49 2.5 1
9 10 11
15
4.058845972820502
APP_10_Input_Layer_0 0.6 0.6 2.25 3.61 49 22 2.72 1

APP_10_Inner_Layer_0:0 0.06666666666666667 0.06666666666666667 0.25 2.54 10 39 2.31 0
0
APP_10_Inner_Layer_0:1 0.4666666666666667 0.4666666666666667 1.75 2.22 38 48 2.67 0
0
APP_10_Inner_Layer_0:2 0.5333333333333333 0.5333333333333333 2.0 2.29 48 24 3.95 1
0
APP_10_Inner_Layer_1:0 0.5333333333333333 0.5333333333333333 2.0 1.86 9 49 1.7 1
1
APP_10_Inner_Layer_1:1 0.4666666666666667 0.4666666666666667 1.75 3.24 29 14 2.74 1
3
APP_10_Inner_Layer_1:2 0.26666666666666666 0.26666666666666666 1.0 2.91 2 38 1.97 0
1 2 3
APP_10_Inner_Layer_2:0 0.26666666666666666 0.26666666666666666 1.0 1.11 11 34 1.88 1
4
APP_10_Inner_Layer_2:1 0.2 0.2 0.75 3.67 47 33 3.68 1
5
APP_10_Inner_Layer_2:2 0.4666666666666667 0.4666666666666667 1.75 2.75 9 44 3.7 0
4
APP_10_Inner_Layer_2:3 0.13333333333333333 0.13333333333333333 0.5 2.21 27 9 2.8 1
4 6
APP_10_Inner_Layer_3:0 0.5333333333333333 0.5333333333333333 2.0 3.36 46 44 3.03 0
7 9 10
APP_10_Inner_Layer_3:1 0.26666666666666666 0.26666666666666666 1.0 3.83 9 31 1.82 1
8
APP_10_Inner_Layer_3:2 0.4666666666666667 0.4666666666666667 1.75 1.49 41 33 1.51 1
7 8 9
APP_10_Output_Layer_0 0.6 0.6 2.25 3.38 22 44 1.49 1
11 12 13
8
4.423206596363628
APP_11_Input_Layer_0 0.3333333333333333 0.3333333333333333 1.25 3.92 9 21 1.53 1

APP_11_Inner_Layer_0:0 0.13333333333333333 0.13333333333333333 0.5 1.82 31 41 2.95 1
0
APP_11_Inner_Layer_0:1 0.5333333333333333 0.5333333333333333 2.0 3.05 45 6 2.3 0
0
APP_11_Inner_Layer_1:0 0.5333333333333333 0.5333333333333333 2.0 2.52 39 44 3.53 0
1 2
APP_11_Inner_Layer_1:1 0.2 0.2 0.75 3.78 7 12 3.35 1
2
APP_11_Inner_Layer_1:2 0.5333333333333333 0.5333333333333333 2.0 1.28 14 27 1.09 1
2
APP_11_Inner_Layer_2:0 0.4666666666666667 0.4666666666666667 1.75 1.49 47 13 2.11 0
3 4 5
APP_11_Output_Layer_0 0.6 0.6 2.25 1.45 32 1 2.14 1
6
15
4.865380186261737
APP_12_Input_Layer_0 0.5333333333333333 0.5333333333333333 2.0 1.14 20 6 1.21 1

APP_12_Inner_Layer_0:0 0.4666666666666667 0.4666666666666667 1.75 1.37 40 46 2.34 1
0
APP_12_Inner_Layer_0:1 0.3333333333333333 0.3333333333333333 1.25 3.2 31 14 2.99 0
0
APP_12_Inner_Layer_0:2 0.4666666666666667 0.4666666666666667 1.75 3.79 8 18 2.47 1
0
APP_12_Inner_Layer_0:3 0.3333333333333333 0.3333333333333333 1.25 2.34 6 32 2.65 0
0
APP_12_Inner_Layer_1:0 0.2 0.2 0.75 1.5 3 6 2.4 1
1 2
APP_12_Inner_Layer_1:1 0.4 0.4 1.5 1.32 3 29 2.6 1
2 3
APP_12_Inner_Layer_1:2 0.2 0.2 0.75 3.07 10 29 1.28 0
3 4
APP_12_Inner_Layer_2:0 0.6 0.6 2.25 3.98 13 43 2.43 1
5 6
APP_12_Inner_Layer_2:1 0.4 0.4 1.5 1.57 15 7 3.94 1
6 5
APP_12_Inner_Layer_2:2 0.06666666666666667 0.06666666666666667 0.25 2.61 24 3 1.49 1
5 7
APP_12_Inner_Layer_2:3 0.6 0.6 2.25 3.58 33 40 2.78 1
5 7
APP_12_Inner_Layer_3:0 0.2 0.2 0.75 3.09 30 45 2.9 1
10
APP_12_Inner_Layer_3:1 0.6 0.6 2.25 3.49 37 49 3.06 1
8 9 10 11
APP_12_Output_Layer_0 0.3333333333333333 0.3333333333333333 1.25 1.7 24 16 3.94 1
12 13
12
5.285616172329651
APP_13_Input_Layer_0 0.13333333333333333 0.13333333333333333 0.5 3.4 2 47 3.7 1

APP_13_Inner_Layer_0:0 0.4666666666666667 0.4666666666666667 1.75 3.58 35 47 1.97 1
0
APP_13_Inner_Layer_0:1 0.4666666666666667 0.4666666666666667 1.75 1.47 31 46 2.73 1
0
APP_13_Inner_Layer_1:0 0.4 0.4 1.5 2.11 12 49 3.77 1
1 2
APP_13_Inner_Layer_2:0 0.2 0.2 0.75 2.2 12 16 3.54 1
3
APP_13_Inner_Layer_2:1 0.2 0.2 0.75 3.68 44 25 2.36 1
3
APP_13_Inner_Layer_2:2 0.5333333333333333 0.5333333333333333 2.0 3.54 3 17 1.84 1
3
APP_13_Inner_Layer_2:3 0.06666666666666667 0.06666666666666667 0.25 2.88 33 10 2.37 1
3
APP_13_Inner_Layer_3:0 0.06666666666666667 0.06666666666666667 0.25 1.39 21 40 3.97 0
6 7
APP_13_Inner_Layer_3:1 0.5333333333333333 0.5333333333333333 2.0 1.94 3 49 2.43 1
4
APP_13_Inner_Layer_3:2 0.6 0.6 2.25 1.93 3 16 3.63 0
5
APP_13_Output_Layer_0 0.2 0.2 0.75 1.68 14 46 1.31 1
8 9 10
8
5.835685288147435
APP_14_Input_Layer_0 0.4666666666666667 0.4666666666666667 1.75 2.38 16 32 1.68 1

APP_14_Inner_Layer_0:0 0.3333333333333333 0.3333333333333333 1.25 1.95 22 12 2.98 1
0
APP_14_Inner_Layer_1:0 0.4666666666666667 0.4666666666666667 1.75 2.86 21 42 3.1 1
1
APP_14_Inner_Layer_1:1 0.3333333333333333 0.3333333333333333 1.25 3.85 20 6 1.59 0
1
APP_14_Inner_Layer_2:0 0.6 0.6 2.25 3.29 21 4 3.26 1
2 3
APP_14_Inner_Layer_3:0 0.4 0.4 1.5 2.05 45 40 1.72 1
4
APP_14_Inner_Layer_3:1 0.5333333333333333 0.5333333333333333 2.0 3.21 3 27 3.1 1
4
APP_14_Output_Layer_0 0.5333333333333333 0.5333333333333333 2.0 2.24 36 3 4.0 1
5 6
12
6.290450365358969
APP_15_Input_Layer_0 0.2 0.2 0.75 2.88 47 15 3.63 1

APP_15_Inner_Layer_0:0 0.4 0.4 1.5 2.98 6 44 1.49 1
0
APP_15_Inner_Layer_0:1 0.26666666666666666 0.26666666666666666 1.0 2.78 23 38 1.75 0
0
APP_15_Inner_Layer_0:2 0.5333333333333333 0.5333333333333333 2.0 2.96 23 13 1.55 1
0
APP_15_Inner_Layer_0:3 0.06666666666666667 0.06666666666666667 0.25 3.36 40 1 3.32 1
0
APP_15_Inner_Layer_1:0 0.4666666666666667 0.4666666666666667 1.75 2.87 1 23 2.54 0
1 2
APP_15_Inner_Layer_1:1 0.3333333333333333 0.3333333333333333 1.25 2.85 48 35 1.36 1
4
APP_15_Inner_Layer_1:2 0.26666666666666666 0.26666666666666666 1.0 3.92 18 17 2.48 1
4
APP_15_Inner_Layer_1:3 0.6 0.6 2.25 1.3 23 17 2.18 1
1 3
APP_15_Inner_Layer_2:0 0.4 0.4 1.5 3.51 16 1 3.06 0
5
APP_15_Inner_Layer_2:1 0.4666666666666667 0.4666666666666667 1.75 2.79 44 14 2.07 0
6 7 8
APP_15_Output_Layer_0 0.13333333333333333 0.13333333333333333 0.5 1.36 45 2 3.34 1
9 10
6
6.6629120638864325
APP_16_Input_Layer_0 0.5333333333333333 0.5333333333333333 2.0 2.82 40 29 2.86 1

APP_16_Inner_Layer_0:0 0.2 0.2 0.75 1.67 49 46 3.74 1
0
APP_16_Inner_Layer_0:1 0.2 0.2 0.75 3.41 4 30 2.28 1
0
APP_16_Inner_Layer_0:2 0.3333333333333333 0.3333333333333333 1.25 2.0 1 23 1.92 1
0
APP_16_Inner_Layer_1:0 0.06666666666666667 0.06666666666666667 0.25 1.05 41 28 3.88 1
1 2 3
APP_16_Output_Layer_0 0.26666666666666666 0.26666666666666666 1.0 2.55 37 38 3.12 1
4
