10
17
11
0
APP_0_Input_Layer_0 0.26666666666666666 0.26666666666666666 1.0 2.56 31 6 3.59 1

APP_0_Inner_Layer_0:0 0.5333333333333333 0.5333333333333333 2.0 1.77 34 35 3.58 0
0
APP_0_Inner_Layer_0:1 0.6 0.6 2.25 1.39 2 48 2.85 1
0
APP_0_Inner_Layer_1:0 0.06666666666666667 0.06666666666666667 0.25 3.65 39 41 2.76 1
1
APP_0_Inner_Layer_1:1 0.06666666666666667 0.06666666666666667 0.25 1.54 38 1 3.3 1
2
APP_0_Inner_Layer_1:2 0.13333333333333333 0.13333333333333333 0.5 2.79 23 1 1.44 1
1
APP_0_Inner_Layer_2:0 0.6 0.6 2.25 1.11 2 27 2.54 0
3
APP_0_Inner_Layer_2:1 0.5333333333333333 0.5333333333333333 2.0 1.76 14 42 1.2 1
4 5
APP_0_Inner_Layer_2:2 0.2 0.2 0.75 3.09 12 36 1.15 1
3 4
APP_0_Inner_Layer_3:0 0.4666666666666667 0.4666666666666667 1.75 1.24 41 19 2.57 0
6 7 8
APP_0_Output_Layer_0 0.2 0.2 0.75 1.29 34 41 3.24 0
9
14
0.23192675167265883
APP_1_Input_Layer_0 0.06666666666666667 0.06666666666666667 0.25 2.42 44 8 2.28 1

APP_1_Inner_Layer_0:0 0.2 0.2 0.75 3.73 46 30 2.36 1
0
APP_1_Inner_Layer_0:1 0.26666666666666666 0.26666666666666666 1.0 3.14 40 44 3.06 0
0
APP_1_Inner_Layer_0:2 0.26666666666666666 0.26666666666666666 1.0 2.2 39 39 2.15 0
0
APP_1_Inner_Layer_0:3 0.3333333333333333 0.3333333333333333 1.25 3.45 45 39 3.26 0
0
APP_1_Inner_Layer_1:0 0.5333333333333333 0.5333333333333333 2.0 1.01 21 27 3.99 1
1 2 4
APP_1_Inner_Layer_1:1 0.06666666666666667 0.06666666666666667 0.25 3.96 4 47 2.19 1
3
APP_1_Inner_Layer_2:0 0.06666666666666667 0.06666666666666667 0.25 1.5 8 23 3.03 0
5 6
APP_1_Inner_Layer_2:1 0.13333333333333333 0.13333333333333333 0.5 2.33 13 49 3.86 0
5
APP_1_Inner_Layer_2:2 0.6 0.6 2.25 2.96 21 39 1.12 1
5 6
APP_1_Inner_Layer_3:0 0.5333333333333333 0.5333333333333333 2.0 2.57 12 3 3.82 0
7 9
APP_1_Inner_Layer_3:1 0.13333333333333333 0.13333333333333333 0.5 3.44 39 25 2.42 1
7 9
APP_1_Inner_Layer_3:2 0.6 0.6 2.25 1.18 42 46 2.43 1
8 9
APP_1_Output_Layer_0 0.6 0.6 2.25 3.58 33 42 2.27 1
10 11 12
13
0.5337652086801637
APP_2_Input_Layer_0 0.13333333333333333 0.13333333333333333 0.5 1.34 3 42 2.58 1

APP_2_Inner_Layer_0:0 0.5333333333333333 0.5333333333333333 2.0 3.7 45 34 3.17 0
0
APP_2_Inner_Layer_0:1 0.6 0.6 2.25 3.55 18 35 1.78 1
0
APP_2_Inner_Layer_0:2 0.26666666666666666 0.26666666666666666 1.0 3.07 25 28 2.48 1
0
APP_2_Inner_Layer_0:3 0.13333333333333333 0.13333333333333333 0.5 2.87 19 49 3.73 0
0
APP_2_Inner_Layer_1:0 0.13333333333333333 0.13333333333333333 0.5 3.26 15 5 1.41 0
2
APP_2_Inner_Layer_1:1 0.4 0.4 1.5 3.98 21 30 1.83 1
2 4
APP_2_Inner_Layer_1:2 0.6 0.6 2.25 1.67 13 43 3.39 1
1 3 4
APP_2_Inner_Layer_1:3 0.06666666666666667 0.06666666666666667 0.25 2.45 31 40 3.32 1
2 4
APP_2_Inner_Layer_2:0 0.2 0.2 0.75 2.0 25 38 1.5 1
5
APP_2_Inner_Layer_2:1 0.13333333333333333 0.13333333333333333 0.5 3.57 31 40 1.71 0
7
APP_2_Inner_Layer_2:2 0.2 0.2 0.75 3.69 35 22 1.84 1
6 7 8
APP_2_Output_Layer_0 0.5333333333333333 0.5333333333333333 2.0 2.18 25 49 2.54 1
9 10 11
9
0.908712279378656
APP_3_Input_Layer_0 0.26666666666666666 0.26666666666666666 1.0 3.41 35 45 1.39 1

APP_3_Inner_Layer_0:0 0.3333333333333333 0.3333333333333333 1.25 3.08 18 29 1.06 0
0
APP_3_Inner_Layer_0:1 0.6 0.6 2.25 3.06 28 38 3.35 1
0
APP_3_Inner_Layer_0:2 0.2 0.2 0.75 1.81 13 47 3.94 1
0
APP_3_Inner_Layer_0:3 0.4 0.4 1.5 3.57 21 8 2.06 0
0
APP_3_Inner_Layer_1:0 0.26666666666666666 0.26666666666666666 1.0 3.38 6 1 2.51 1
1 2
APP_3_Inner_Layer_1:1 0.3333333333333333 0.3333333333333333 1.25 1.51 45 10 1.81 1
3
APP_3_Inner_Layer_1:2 0.5333333333333333 0.5333333333333333 2.0 3.48 17 43 1.03 1
3 4
APP_3_Output_Layer_0 0.06666666666666667 0.06666666666666667 0.25 3.71 6 35 3.26 1
5 6 7
12
1.2015557593261839
APP_4_Input_Layer_0 0.26666666666666666 0.26666666666666666 1.0 1.28 40 24 1.56 1

APP_4_Inner_Layer_0:0 0.5333333333333333 0.5333333333333333 2.0 1.57 23 43 1.45 0
0
APP_4_Inner_Layer_0:1 0.4 0.4 1.5 1.53 28 6 1.96 1
0
APP_4_Inner_Layer_1:0 0.2 0.2 0.75 1.05 31 9 3.52 0
1 2
APP_4_Inner_Layer_1:1 0.13333333333333333 0.13333333333333333 0.5 3.35 31 21 3.22 1
2
APP_4_Inner_Layer_1:2 0.13333333333333333 0.13333333333333333 0.5 1.97 1 8 2.58 1
2
APP_4_Inner_Layer_1:3 0.13333333333333333 0.13333333333333333 0.5 2.31 28 19 2.62 0
1
APP_4_Inner_Layer_2:0 0.06666666666666667 0.06666666666666667 0.25 3.05 22 34 3.26 1
3 6
APP_4_Inner_Layer_2:1 0.6 0.6 2.25 1.93 46 46 1.06 0
4 5
APP_4_Inner_Layer_3:0 0.2 0.2 0.75 2.38 26 25 2.71 0
7
APP_4_Inner_Layer_3:1 0.3333333333333333 0.3333333333333333 1.25 2.84 38 34 1.19 1
7 8
APP_4_Output_Layer_0 0.3333333333333333 0.3333333333333333 1.25 3.73 38 1 3.56 1
9 10
10
1.4768905120759874
APP_5_Input_Layer_0 0.2 0.2 0.75 3.74 2 39 3.17 1

APP_5_Inner_Layer_0:0 0.6 0.6 2.25 2.68 36 4 1.66 1
0
APP_5_Inner_Layer_0:1 0.6 0.6 2.25 2.34 10 30 3.07 1
0
APP_5_Inner_Layer_1:0 0.26666666666666666 0.26666666666666666 1.0 1.35 28 41 3.79 1
1 2
APP_5_Inner_Layer_2:0 0.6 0.6 2.25 3.27 27 13 3.37 0
3
APP_5_Inner_Layer_2:1 0.3333333333333333 0.3333333333333333 1.25 1.99 33 4 2.65 1
3
APP_5_Inner_Layer_2:2 0.6 0.6 2.25 1.09 11 9 2.18 0
3
APP_5_Inner_Layer_2:3 0.4 0.4 1.5 2.05 47 43 1.04 1
3
APP_5_Inner_Layer_3:0 0.2 0.2 0.75 2.45 41 34 1.8 1
4 5 6 7
APP_5_Output_Layer_0 0.26666666666666666 0.26666666666666666 1.0 1.98 1 16 1.12 1
8
6
1.9332258599097099
APP_6_Input_Layer_0 0.3333333333333333 0.3333333333333333 1.25 3.25 27 12 1.36 1

APP_6_Inner_Layer_0:0 0.2 0.2 0.75 1.21 11 18 1.17 1
0
APP_6_Inner_Layer_0:1 0.6 0.6 2.25 3.19 19 44 2.97 0
0
APP_6_Inner_Layer_0:2 0.4666666666666667 0.4666666666666667 1.75 3.97 4 7 2.45 1
0
APP_6_Inner_Layer_1:0 0.13333333333333333 0.13333333333333333 0.5 1.85 7 39 3.25 0
1 2 3
APP_6_Output_Layer_0 0.2 0.2 0.75 1.13 16 20 3.86 1
4
9
2.2199705522907487
APP_7_Input_Layer_0 0.06666666666666667 0.06666666666666667 0.25 1.53 1 26 3.58 1

APP_7_Inner_Layer_0:0 0.5333333333333333 0.5333333333333333 2.0 2.23 41 7 2.0 1
0
APP_7_Inner_Layer_0:1 0.4 0.4 1.5 2.48 27 19 1.14 0
0
APP_7_Inner_Layer_1:0 0.3333333333333333 0.3333333333333333 1.25 3.04 19 29 3.64 0
2
APP_7_Inner_Layer_1:1 0.4666666666666667 0.4666666666666667 1.75 3.3 18 47 1.79 1
2
APP_7_Inner_Layer_1:2 0.13333333333333333 0.13333333333333333 0.5 2.1 32 13 2.5 1
1
APP_7_Inner_Layer_2:0 0.5333333333333333 0.5333333333333333 2.0 2.4 29 2 1.42 1
3
APP_7_Inner_Layer_2:1 0.26666666666666666 0.26666666666666666 1.0 2.78 12 49 1.85 0
4 5
APP_7_Output_Layer_0 0.26666666666666666 0.26666666666666666 1.0 3.74 48 38 1.44 1
6 7
4
2.529416431258648
APP_8_Input_Layer_0 0.3333333333333333 0.3333333333333333 1.25 2.26 13 48 1.3 1

APP_8_Inner_Layer_0:0 0.6 0.6 2.25 2.7 38 23 3.46 1
0
APP_8_Inner_Layer_0:1 0.6 0.6 2.25 1.03 47 48 3.29 0
0
APP_8_Output_Layer_0 0.4666666666666667 0.4666666666666667 1.75 2.14 11 22 1.4 1
1 2
3
2.949621369027907
APP_9_Input_Layer_0 0.13333333333333333 0.13333333333333333 0.5 3.52 44 45 2.83 1

APP_9_Inner_Layer_0:0 0.6 0.6 2.25 3.76 1 4 2.86 1
0
APP_9_Output_Layer_0 0.3333333333333333 0.3333333333333333 1.25 1.32 1 18 2.2 1
1
11
3.327378381182717
APP_10_Input_Layer_0 0.4666666666666667 0.4666666666666667 1.75 3.04 27 34 1.63 1

APP_10_Inner_Layer_0:0 0.5333333333333333 0.5333333333333333 2.0 1.83 30 24 3.44 0
0
APP_10_Inner_Layer_0:1 0.4666666666666667 0.4666666666666667 1.75 3.87 30 30 2.48 1
0
APP_10_Inner_Layer_0:2 0.6 0.6 2.25 1.18 8 16 1.75 0
0
APP_10_Inner_Layer_1:0 0.13333333333333333 0.13333333333333333 0.5 3.11 34 36 3.99 1
1 3
APP_10_Inner_Layer_1:1 0.3333333333333333 0.3333333333333333 1.25 1.36 47 8 1.02 0
2 3
APP_10_Inner_Layer_1:2 0.4 0.4 1.5 1.21 46 22 3.51 0
1 2 3
APP_10_Inner_Layer_1:3 0.4666666666666667 0.4666666666666667 1.75 2.67 40 37 3.79 0
1
APP_10_Inner_Layer_2:0 0.5333333333333333 0.5333333333333333 2.0 1.75 41 23 3.13 1
5 6 7
APP_10_Inner_Layer_2:1 0.2 0.2 0.75 1.96 26 26 3.6 0
4
APP_10_Output_Layer_0 0.2 0.2 0.75 1.92 32 32 3.84 1
8 9
11
3.891609593709135
APP_11_Input_Layer_0 0.5333333333333333 0.5333333333333333 2.0 1.29 37 44 1.34 1

APP_11_Inner_Layer_0:0 0.06666666666666667 0.06666666666666667 0.25 2.19 3 16 2.6 1
0
APP_11_Inner_Layer_0:1 0.5333333333333333 0.5333333333333333 2.0 1.4 28 28 3.76 0
0
APP_11_Inner_Layer_1:0 0.5333333333333333 0.5333333333333333 2.0 1.0 29 44 1.7 0
1 2
APP_11_Inner_Layer_1:1 0.13333333333333333 0.13333333333333333 0.5 3.95 48 15 2.9 0
2
APP_11_Inner_Layer_1:2 0.3333333333333333 0.3333333333333333 1.25 2.21 12 4 3.68 1
1
APP_11_Inner_Layer_2:0 0.4 0.4 1.5 1.38 35 18 2.65 1
4
APP_11_Inner_Layer_2:1 0.13333333333333333 0.13333333333333333 0.5 3.29 45 5 3.28 0
3 5
APP_11_Inner_Layer_2:2 0.13333333333333333 0.13333333333333333 0.5 1.94 33 33 3.49 1
4 5
APP_11_Inner_Layer_2:3 0.06666666666666667 0.06666666666666667 0.25 2.3 5 45 3.82 1
3 5
APP_11_Output_Layer_0 0.6 0.6 2.25 3.56 32 45 3.11 1
6 7 8 9
14
4.4579581336038885
APP_12_Input_Layer_0 0.2 0.2 0.75 2.71 22 29 2.68 0

APP_12_Inner_Layer_0:0 0.6 0.6 2.25 3.65 29 44 2.25 0
0
APP_12_Inner_Layer_0:1 0.2 0.2 0.75 1.15 21 18 1.74 1
0
APP_12_Inner_Layer_0:2 0.06666666666666667 0.06666666666666667 0.25 1.19 31 6 3.78 1
0
APP_12_Inner_Layer_1:0 0.5333333333333333 0.5333333333333333 2.0 3.49 17 33 2.43 1
2
APP_12_Inner_Layer_1:1 0.5333333333333333 0.5333333333333333 2.0 1.49 20 6 1.11 0
1 3
APP_12_Inner_Layer_1:2 0.4 0.4 1.5 3.71 37 4 1.32 1
2
APP_12_Inner_Layer_2:0 0.3333333333333333 0.3333333333333333 1.25 3.03 20 6 2.97 1
4
APP_12_Inner_Layer_2:1 0.4 0.4 1.5 3.83 27 39 1.28 1
5 6
APP_12_Inner_Layer_3:0 0.13333333333333333 0.13333333333333333 0.5 3.25 36 15 2.2 1
7
APP_12_Inner_Layer_3:1 0.2 0.2 0.75 3.46 26 5 1.17 0
8
APP_12_Inner_Layer_3:2 0.13333333333333333 0.13333333333333333 0.5 3.38 34 19 3.87 1
7 8
APP_12_Inner_Layer_3:3 0.4666666666666667 0.4666666666666667 1.75 2.11 13 30 3.47 0
7
APP_12_Output_Layer_0 0.4 0.4 1.5 1.45 5 1 2.31 0
9 10 11 12
12
4.7269839429833915
APP_13_Input_Layer_0 0.06666666666666667 0.06666666666666667 0.25 2.39 38 8 2.65 1

APP_13_Inner_Layer_0:0 0.6 0.6 2.25 1.08 34 32 2.28 0
0
APP_13_Inner_Layer_0:1 0.06666666666666667 0.06666666666666667 0.25 1.79 48 26 3.85 1
0
APP_13_Inner_Layer_0:2 0.5333333333333333 0.5333333333333333 2.0 2.69 37 12 3.32 1
0
APP_13_Inner_Layer_0:3 0.13333333333333333 0.13333333333333333 0.5 3.67 48 19 2.59 1
0
APP_13_Inner_Layer_1:0 0.4666666666666667 0.4666666666666667 1.75 3.65 9 22 3.9 1
1
APP_13_Inner_Layer_1:1 0.26666666666666666 0.26666666666666666 1.0 1.48 15 32 1.91 1
3
APP_13_Inner_Layer_1:2 0.5333333333333333 0.5333333333333333 2.0 3.88 16 38 1.56 1
2 3
APP_13_Inner_Layer_1:3 0.6 0.6 2.25 2.93 14 40 3.21 1
1 3 4
APP_13_Inner_Layer_2:0 0.2 0.2 0.75 1.19 18 27 1.41 1
6 7
APP_13_Inner_Layer_2:1 0.6 0.6 2.25 2.41 39 41 2.93 0
5 8
APP_13_Output_Layer_0 0.13333333333333333 0.13333333333333333 0.5 3.02 3 30 3.85 1
9 10
5
4.994412292136763
APP_14_Input_Layer_0 0.4666666666666667 0.4666666666666667 1.75 1.33 36 39 1.97 1

APP_14_Inner_Layer_0:0 0.4 0.4 1.5 3.68 21 1 3.85 1
0
APP_14_Inner_Layer_0:1 0.06666666666666667 0.06666666666666667 0.25 3.16 28 15 3.62 1
0
APP_14_Inner_Layer_0:2 0.2 0.2 0.75 3.48 41 5 1.42 1
0
APP_14_Output_Layer_0 0.06666666666666667 0.06666666666666667 0.25 1.18 2 21 3.86 1
1 2 3
13
5.225833985020453
APP_15_Input_Layer_0 0.3333333333333333 0.3333333333333333 1.25 2.32 45 38 3.49 1

APP_15_Inner_Layer_0:0 0.13333333333333333 0.13333333333333333 0.5 3.9 30 13 2.74 1
0
APP_15_Inner_Layer_0:1 0.4666666666666667 0.4666666666666667 1.75 1.73 15 3 2.42 1
0
APP_15_Inner_Layer_0:2 0.6 0.6 2.25 1.02 28 7 3.42 1
0
APP_15_Inner_Layer_0:3 0.13333333333333333 0.13333333333333333 0.5 2.12 37 3 1.19 0
0
APP_15_Inner_Layer_1:0 0.26666666666666666 0.26666666666666666 1.0 2.49 16 33 1.28 1
1 4
APP_15_Inner_Layer_1:1 0.2 0.2 0.75 3.46 28 2 3.2 0
2 3
APP_15_Inner_Layer_2:0 0.6 0.6 2.25 1.95 30 49 3.28 0
5 6
APP_15_Inner_Layer_3:0 0.4666666666666667 0.4666666666666667 1.75 1.94 35 25 2.13 1
7
APP_15_Inner_Layer_3:1 0.13333333333333333 0.13333333333333333 0.5 2.92 43 44 1.86 1
7
APP_15_Inner_Layer_3:2 0.6 0.6 2.25 1.5 29 9 2.88 1
7
APP_15_Inner_Layer_3:3 0.2 0.2 0.75 3.98 39 14 1.21 1
7
APP_15_Output_Layer_0 0.2 0.2 0.75 2.84 38 25 3.72 1
8 9 10 11
4
5.658991150983393
APP_16_Input_Layer_0 0.3333333333333333 0.3333333333333333 1.25 2.15 44 23 2.92 0

APP_16_Inner_Layer_0:0 0.4666666666666667 0.4666666666666667 1.75 2.23 31 32 1.59 1
0
APP_16_Inner_Layer_0:1 0.4 0.4 1.5 1.75 29 24 1.35 1
0
APP_16_Output_Layer_0 0.5333333333333333 0.5333333333333333 2.0 3.32 33 41 3.92 1
1 2
