10
17
13
0
APP_0_Input_Layer_0 0.6 0.6 2.25 2.43 30 46 2.1 1

APP_0_Inner_Layer_0:0 0.2 0.2 0.75 3.37 6 3 3.8 1
0
APP_0_Inner_Layer_0:1 0.6 0.6 2.25 1.24 42 26 2.37 1
0
APP_0_Inner_Layer_0:2 0.13333333333333333 0.13333333333333333 0.5 2.66 19 13 1.63 0
0
APP_0_Inner_Layer_0:3 0.4666666666666667 0.4666666666666667 1.75 4.0 37 10 2.49 0
0
APP_0_Inner_Layer_1:0 0.4 0.4 1.5 3.68 24 12 3.4 0
2
APP_0_Inner_Layer_1:1 0.6 0.6 2.25 2.49 43 36 2.0 1
1 3 4
APP_0_Inner_Layer_2:0 0.06666666666666667 0.06666666666666667 0.25 2.05 24 24 2.12 1
5
APP_0_Inner_Layer_2:1 0.6 0.6 2.25 3.33 31 40 2.62 1
5 6
APP_0_Inner_Layer_3:0 0.06666666666666667 0.06666666666666667 0.25 3.8 8 28 2.17 0
7
APP_0_Inner_Layer_3:1 0.4 0.4 1.5 2.11 35 41 3.07 1
8
APP_0_Inner_Layer_3:2 0.5333333333333333 0.5333333333333333 2.0 1.65 34 47 1.93 1
7 8
APP_0_Output_Layer_0 0.6 0.6 2.25 3.26 43 14 1.0 1
9 10 11
10
0.5642605177195693
APP_1_Input_Layer_0 0.06666666666666667 0.06666666666666667 0.25 3.79 47 44 2.72 1

APP_1_Inner_Layer_0:0 0.13333333333333333 0.13333333333333333 0.5 3.63 25 9 1.08 1
0
APP_1_Inner_Layer_0:1 0.3333333333333333 0.3333333333333333 1.25 3.52 38 19 1.07 1
0
APP_1_Inner_Layer_0:2 0.2 0.2 0.75 3.29 38 7 3.43 1
0
APP_1_Inner_Layer_0:3 0.6 0.6 2.25 3.47 41 3 1.29 0
0
APP_1_Inner_Layer_1:0 0.26666666666666666 0.26666666666666666 1.0 2.15 19 45 2.79 1
1 2 3
APP_1_Inner_Layer_1:1 0.4666666666666667 0.4666666666666667 1.75 1.66 30 16 3.52 1
2 4
APP_1_Inner_Layer_1:2 0.6 0.6 2.25 1.36 2 26 2.43 1
3 4
APP_1_Inner_Layer_1:3 0.3333333333333333 0.3333333333333333 1.25 3.11 16 9 3.3 1
2 4
APP_1_Output_Layer_0 0.5333333333333333 0.5333333333333333 2.0 3.88 35 17 1.29 1
5 6 7 8
13
1.1046811115526611
APP_2_Input_Layer_0 0.06666666666666667 0.06666666666666667 0.25 3.69 41 41 3.48 1

APP_2_Inner_Layer_0:0 0.06666666666666667 0.06666666666666667 0.25 1.07 12 32 3.03 0
0
APP_2_Inner_Layer_0:1 0.06666666666666667 0.06666666666666667 0.25 2.83 8 49 2.2 1
0
APP_2_Inner_Layer_1:0 0.2 0.2 0.75 2.71 45 25 1.14 1
1 2
APP_2_Inner_Layer_2:0 0.06666666666666667 0.06666666666666667 0.25 2.76 10 7 3.83 0
3
APP_2_Inner_Layer_2:1 0.6 0.6 2.25 3.39 12 14 1.19 1
3
APP_2_Inner_Layer_2:2 0.2 0.2 0.75 2.98 45 48 1.9 0
3
APP_2_Inner_Layer_2:3 0.06666666666666667 0.06666666666666667 0.25 1.52 9 18 1.26 1
3
APP_2_Inner_Layer_3:0 0.4666666666666667 0.4666666666666667 1.75 3.33 43 1 2.44 1
4
APP_2_Inner_Layer_3:1 0.4 0.4 1.5 1.48 20 35 1.43 0
5 6 7
APP_2_Inner_Layer_3:2 0.4 0.4 1.5 3.73 43 19 1.31 1
4 7
APP_2_Inner_Layer_3:3 0.5333333333333333 0.5333333333333333 2.0 2.36 27 33 3.62 1
5
APP_2_Output_Layer_0 0.2 0.2 0.75 3.32 1 21 1.64 1
8 9 10 11
7
1.385060362269561
APP_3_Input_Layer_0 0.6 0.6 2.25 3.56 14 13 3.16 1

APP_3_Inner_Layer_0:0 0.3333333333333333 0.3333333333333333 1.25 1.62 20 29 3.12 1
0
APP_3_Inner_Layer_0:1 0.2 0.2 0.75 2.88 11 40 2.82 1
0
APP_3_Inner_Layer_1:0 0.13333333333333333 0.13333333333333333 0.5 1.78 21 19 2.64 1
1 2
APP_3_Inner_Layer_1:1 0.06666666666666667 0.06666666666666667 0.25 3.97 11 27 1.59 1
1
APP_3_Inner_Layer_2:0 0.26666666666666666 0.26666666666666666 1.0 3.32 29 39 2.32 1
3 4
APP_3_Output_Layer_0 0.13333333333333333 0.13333333333333333 0.5 1.89 43 15 3.86 1
5
9
1.609570788992674
APP_4_Input_Layer_0 0.4666666666666667 0.4666666666666667 1.75 2.09 25 19 1.83 1

APP_4_Inner_Layer_0:0 0.06666666666666667 0.06666666666666667 0.25 1.87 2 20 1.13 0
0
APP_4_Inner_Layer_1:0 0.6 0.6 2.25 1.9 8 5 3.53 1
1
APP_4_Inner_Layer_1:1 0.06666666666666667 0.06666666666666667 0.25 1.42 23 24 2.98 1
1
APP_4_Inner_Layer_1:2 0.3333333333333333 0.3333333333333333 1.25 2.72 42 12 2.89 1
1
APP_4_Inner_Layer_2:0 0.13333333333333333 0.13333333333333333 0.5 2.12 15 3 3.74 1
2 3 4
APP_4_Inner_Layer_2:1 0.13333333333333333 0.13333333333333333 0.5 3.05 2 28 2.54 0
3 4
APP_4_Inner_Layer_3:0 0.4 0.4 1.5 1.98 21 30 1.42 1
5 6
APP_4_Output_Layer_0 0.6 0.6 2.25 1.58 31 31 1.27 0
7
8
2.071362803445704
APP_5_Input_Layer_0 0.13333333333333333 0.13333333333333333 0.5 1.54 26 33 1.3 1

APP_5_Inner_Layer_0:0 0.2 0.2 0.75 2.78 38 11 2.78 1
0
APP_5_Inner_Layer_0:1 0.26666666666666666 0.26666666666666666 1.0 3.13 19 46 2.75 0
0
APP_5_Inner_Layer_1:0 0.26666666666666666 0.26666666666666666 1.0 3.74 23 15 3.37 1
1 2
APP_5_Inner_Layer_2:0 0.4666666666666667 0.4666666666666667 1.75 2.33 2 1 3.43 0
3
APP_5_Inner_Layer_2:1 0.13333333333333333 0.13333333333333333 0.5 1.81 4 25 1.74 0
3
APP_5_Inner_Layer_2:2 0.4666666666666667 0.4666666666666667 1.75 1.87 39 45 3.97 1
3
APP_5_Output_Layer_0 0.06666666666666667 0.06666666666666667 0.25 3.36 12 44 3.69 1
4 5 6
5
2.546342357945412
APP_6_Input_Layer_0 0.3333333333333333 0.3333333333333333 1.25 3.47 8 39 3.55 1

APP_6_Inner_Layer_0:0 0.13333333333333333 0.13333333333333333 0.5 2.95 14 37 2.58 1
0
APP_6_Inner_Layer_0:1 0.4 0.4 1.5 1.14 45 44 3.76 1
0
APP_6_Inner_Layer_0:2 0.5333333333333333 0.5333333333333333 2.0 2.36 30 45 3.51 1
0
APP_6_Output_Layer_0 0.26666666666666666 0.26666666666666666 1.0 3.29 1 15 2.76 1
1 2 3
6
2.7746469819818302
APP_7_Input_Layer_0 0.4 0.4 1.5 3.29 49 24 3.65 1

APP_7_Inner_Layer_0:0 0.2 0.2 0.75 3.93 21 16 1.25 0
0
APP_7_Inner_Layer_0:1 0.6 0.6 2.25 2.64 25 34 2.41 0
0
APP_7_Inner_Layer_0:2 0.3333333333333333 0.3333333333333333 1.25 3.34 33 32 2.98 1
0
APP_7_Inner_Layer_1:0 0.4666666666666667 0.4666666666666667 1.75 1.29 11 26 2.35 1
1 2 3
APP_7_Output_Layer_0 0.2 0.2 0.75 3.41 11 23 2.29 1
4
4
3.358764437510273
APP_8_Input_Layer_0 0.13333333333333333 0.13333333333333333 0.5 1.63 48 31 2.93 0

APP_8_Inner_Layer_0:0 0.13333333333333333 0.13333333333333333 0.5 2.71 23 38 3.31 1
0
APP_8_Inner_Layer_0:1 0.4 0.4 1.5 3.99 46 18 2.52 1
0
APP_8_Output_Layer_0 0.2 0.2 0.75 1.69 9 38 1.8 1
1 2
15
3.876355838624593
APP_9_Input_Layer_0 0.6 0.6 2.25 3.05 14 39 2.27 1

APP_9_Inner_Layer_0:0 0.4 0.4 1.5 3.39 46 15 2.44 0
0
APP_9_Inner_Layer_0:1 0.13333333333333333 0.13333333333333333 0.5 3.98 22 36 2.42 0
0
APP_9_Inner_Layer_1:0 0.4 0.4 1.5 2.3 8 41 2.76 1
2
APP_9_Inner_Layer_1:1 0.4 0.4 1.5 1.88 7 12 1.86 1
1
APP_9_Inner_Layer_1:2 0.2 0.2 0.75 3.31 1 1 3.07 1
2
APP_9_Inner_Layer_1:3 0.13333333333333333 0.13333333333333333 0.5 3.63 36 29 2.93 0
1 2
APP_9_Inner_Layer_2:0 0.4666666666666667 0.4666666666666667 1.75 3.73 36 8 2.81 0
4
APP_9_Inner_Layer_2:1 0.3333333333333333 0.3333333333333333 1.25 1.7 35 4 2.57 0
3 4
APP_9_Inner_Layer_2:2 0.26666666666666666 0.26666666666666666 1.0 3.0 7 38 3.7 0
3 5 6
APP_9_Inner_Layer_2:3 0.13333333333333333 0.13333333333333333 0.5 2.62 31 11 2.29 1
3 4 6
APP_9_Inner_Layer_3:0 0.06666666666666667 0.06666666666666667 0.25 3.72 47 3 2.94 1
9 10
APP_9_Inner_Layer_3:1 0.3333333333333333 0.3333333333333333 1.25 1.9 29 41 1.46 1
7 9
APP_9_Inner_Layer_3:2 0.26666666666666666 0.26666666666666666 1.0 3.87 9 12 3.48 1
8 10
APP_9_Output_Layer_0 0.06666666666666667 0.06666666666666667 0.25 1.71 29 16 2.01 1
11 12 13
5
4.223729781069331
APP_10_Input_Layer_0 0.2 0.2 0.75 3.6 29 23 3.24 1

APP_10_Inner_Layer_0:0 0.2 0.2 0.75 1.11 12 24 3.18 1
0
APP_10_Inner_Layer_0:1 0.26666666666666666 0.26666666666666666 1.0 2.94 42 30 3.49 0
0
APP_10_Inner_Layer_0:2 0.4 0.4 1.5 2.89 35 40 3.59 1
0
APP_10_Output_Layer_0 0.26666666666666666 0.26666666666666666 1.0 2.27 30 10 1.14 1
1 2 3
10
4.509739055460543
APP_11_Input_Layer_0 0.13333333333333333 0.13333333333333333 0.5 3.27 36 48 2.22 1

APP_11_Inner_Layer_0:0 0.06666666666666667 0.06666666666666667 0.25 2.89 47 6 2.19 1
0
APP_11_Inner_Layer_0:1 0.2 0.2 0.75 2.52 42 5 2.9 1
0
APP_11_Inner_Layer_0:2 0.5333333333333333 0.5333333333333333 2.0 2.17 8 6 1.87 1
0
APP_11_Inner_Layer_0:3 0.2 0.2 0.75 2.37 1 16 1.3 1
0
APP_11_Inner_Layer_1:0 0.4 0.4 1.5 2.91 47 2 3.85 1
1 2 3
APP_11_Inner_Layer_1:1 0.06666666666666667 0.06666666666666667 0.25 2.79 36 49 2.01 0
4
APP_11_Inner_Layer_2:0 0.13333333333333333 0.13333333333333333 0.5 2.15 8 6 3.44 1
5 6
APP_11_Inner_Layer_3:0 0.5333333333333333 0.5333333333333333 2.0 2.08 45 39 3.07 1
7
APP_11_Output_Layer_0 0.4 0.4 1.5 1.44 9 7 2.11 1
8
7
4.8433719880805395
APP_12_Input_Layer_0 0.2 0.2 0.75 3.54 8 1 1.04 0

APP_12_Inner_Layer_0:0 0.13333333333333333 0.13333333333333333 0.5 1.16 11 20 2.3 1
0
APP_12_Inner_Layer_0:1 0.26666666666666666 0.26666666666666666 1.0 1.12 23 11 3.18 1
0
APP_12_Inner_Layer_1:0 0.5333333333333333 0.5333333333333333 2.0 1.37 30 24 3.2 1
2
APP_12_Inner_Layer_1:1 0.6 0.6 2.25 1.14 9 22 3.49 0
1 2
APP_12_Inner_Layer_2:0 0.26666666666666666 0.26666666666666666 1.0 2.17 30 9 3.86 1
3 4
APP_12_Output_Layer_0 0.2 0.2 0.75 3.46 22 20 3.67 1
5
10
5.260397882437901
APP_13_Input_Layer_0 0.5333333333333333 0.5333333333333333 2.0 1.89 19 4 1.19 1

APP_13_Inner_Layer_0:0 0.06666666666666667 0.06666666666666667 0.25 3.87 19 1 2.67 1
0
APP_13_Inner_Layer_0:1 0.13333333333333333 0.13333333333333333 0.5 1.77 29 33 1.77 0
0
APP_13_Inner_Layer_1:0 0.13333333333333333 0.13333333333333333 0.5 2.19 34 19 1.56 0
1 2
APP_13_Inner_Layer_1:1 0.3333333333333333 0.3333333333333333 1.25 3.32 4 42 2.69 1
1
APP_13_Inner_Layer_1:2 0.06666666666666667 0.06666666666666667 0.25 3.62 45 9 3.59 0
2
APP_13_Inner_Layer_2:0 0.26666666666666666 0.26666666666666666 1.0 2.34 12 22 2.42 0
3 4
APP_13_Inner_Layer_2:1 0.2 0.2 0.75 1.67 23 39 3.7 0
4 5
APP_13_Inner_Layer_2:2 0.4666666666666667 0.4666666666666667 1.75 2.86 46 35 1.94 1
4
APP_13_Output_Layer_0 0.3333333333333333 0.3333333333333333 1.25 3.93 7 42 3.56 1
6 7 8
4
5.696036557520654
APP_14_Input_Layer_0 0.5333333333333333 0.5333333333333333 2.0 2.51 21 40 2.07 1

APP_14_Inner_Layer_0:0 0.5333333333333333 0.5333333333333333 2.0 1.54 31 46 1.6 0
0
APP_14_Inner_Layer_1:0 0.2 0.2 0.75 3.84 15 11 3.16 1
1
APP_14_Output_Layer_0 0.4 0.4 1.5 1.81 24 43 3.79 1
2
8
6.113133933347408
APP_15_Input_Layer_0 0.2 0.2 0.75 3.02 4 18 2.97 1

APP_15_Inner_Layer_0:0 0.2 0.2 0.75 2.81 45 11 2.9 1
0
APP_15_Inner_Layer_1:0 0.06666666666666667 0.06666666666666667 0.25 3.9 49 39 3.58 1
1
APP_15_Inner_Layer_2:0 0.3333333333333333 0.3333333333333333 1.25 2.56 3 14 2.84 1
2
APP_15_Inner_Layer_2:1 0.4666666666666667 0.4666666666666667 1.75 3.5 8 36 2.28 0
2
APP_15_Inner_Layer_2:2 0.2 0.2 0.75 1.56 36 2 2.28 1
2
APP_15_Inner_Layer_2:3 0.26666666666666666 0.26666666666666666 1.0 2.95 37 47 1.4 1
2
APP_15_Output_Layer_0 0.26666666666666666 0.26666666666666666 1.0 4.0 36 1 3.51 1
3 4 5 6
10
6.415553218738741
APP_16_Input_Layer_0 0.4666666666666667 0.4666666666666667 1.75 3.63 10 32 2.06 1

APP_16_Inner_Layer_0:0 0.3333333333333333 0.3333333333333333 1.25 2.18 28 43 2.65 0
0
APP_16_Inner_Layer_0:1 0.26666666666666666 0.26666666666666666 1.0 2.24 34 26 3.08 1
0
APP_16_Inner_Layer_0:2 0.3333333333333333 0.3333333333333333 1.25 2.01 26 37 3.53 0
0
APP_16_Inner_Layer_0:3 0.2 0.2 0.75 2.85 13 34 2.25 1
0
APP_16_Inner_Layer_1:0 0.06666666666666667 0.06666666666666667 0.25 2.03 32 34 1.81 1
2 3
APP_16_Inner_Layer_1:1 0.2 0.2 0.75 2.41 26 11 1.39 1
1 2
APP_16_Inner_Layer_1:2 0.4 0.4 1.5 3.5 23 15 3.48 1
1 4
APP_16_Inner_Layer_1:3 0.4 0.4 1.5 3.23 49 9 2.07 1
1 2
APP_16_Output_Layer_0 0.26666666666666666 0.26666666666666666 1.0 1.37 20 49 3.27 1
5 6 7 8
