10
10
5
0
APP_0_Input_Layer_0 0.4 0.4 1.5 2.99 34 37 1.66 1

APP_0_Inner_Layer_0:0 0.13333333333333333 0.13333333333333333 0.5 1.07 41 24 3.14 1
0
APP_0_Inner_Layer_0:1 0.3333333333333333 0.3333333333333333 1.25 2.75 11 34 3.12 1
0
APP_0_Inner_Layer_0:2 0.6 0.6 2.25 1.77 11 43 3.5 1
0
APP_0_Output_Layer_0 0.3333333333333333 0.3333333333333333 1.25 1.85 7 13 1.39 1
1 2 3
10
0.41010386077070066
APP_1_Input_Layer_0 0.3333333333333333 0.3333333333333333 1.25 2.85 23 14 2.11 1

APP_1_Inner_Layer_0:0 0.6 0.6 2.25 2.23 43 28 2.72 1
0
APP_1_Inner_Layer_0:1 0.6 0.6 2.25 1.95 45 24 3.66 1
0
APP_1_Inner_Layer_0:2 0.3333333333333333 0.3333333333333333 1.25 1.23 16 5 1.79 1
0
APP_1_Inner_Layer_0:3 0.06666666666666667 0.06666666666666667 0.25 3.58 30 46 2.22 1
0
APP_1_Inner_Layer_1:0 0.4666666666666667 0.4666666666666667 1.75 3.59 26 11 3.31 0
1 2 4
APP_1_Inner_Layer_1:1 0.6 0.6 2.25 3.47 3 33 3.56 1
2 3 4
APP_1_Inner_Layer_1:2 0.06666666666666667 0.06666666666666667 0.25 2.45 30 3 2.45 0
1 2 3
APP_1_Inner_Layer_1:3 0.6 0.6 2.25 1.62 2 38 1.13 1
4
APP_1_Output_Layer_0 0.13333333333333333 0.13333333333333333 0.5 1.7 10 10 3.4 1
5 6 7 8
14
0.8021635019369593
APP_2_Input_Layer_0 0.13333333333333333 0.13333333333333333 0.5 1.86 43 23 1.77 1

APP_2_Inner_Layer_0:0 0.26666666666666666 0.26666666666666666 1.0 1.64 20 13 2.09 1
0
APP_2_Inner_Layer_0:1 0.6 0.6 2.25 1.68 34 46 2.87 1
0
APP_2_Inner_Layer_0:2 0.4666666666666667 0.4666666666666667 1.75 1.76 49 44 3.6 0
0
APP_2_Inner_Layer_0:3 0.26666666666666666 0.26666666666666666 1.0 1.7 9 38 1.71 1
0
APP_2_Inner_Layer_1:0 0.3333333333333333 0.3333333333333333 1.25 3.82 16 44 2.52 1
1 3 4
APP_2_Inner_Layer_1:1 0.06666666666666667 0.06666666666666667 0.25 3.23 24 16 3.03 0
2 3
APP_2_Inner_Layer_1:2 0.13333333333333333 0.13333333333333333 0.5 2.67 8 20 3.17 1
1 4
APP_2_Inner_Layer_2:0 0.4666666666666667 0.4666666666666667 1.75 2.7 21 14 1.16 0
5 6 7
APP_2_Inner_Layer_3:0 0.6 0.6 2.25 1.61 21 2 2.35 1
8
APP_2_Inner_Layer_3:1 0.2 0.2 0.75 2.43 11 12 1.04 1
8
APP_2_Inner_Layer_3:2 0.2 0.2 0.75 1.81 1 16 1.59 1
8
APP_2_Inner_Layer_3:3 0.06666666666666667 0.06666666666666667 0.25 3.04 36 34 3.36 1
8
APP_2_Output_Layer_0 0.06666666666666667 0.06666666666666667 0.25 2.22 19 39 2.07 1
9 10 11 12
6
1.203386593000495
APP_3_Input_Layer_0 0.13333333333333333 0.13333333333333333 0.5 1.46 29 14 2.19 1

APP_3_Inner_Layer_0:0 0.4666666666666667 0.4666666666666667 1.75 3.11 5 46 1.38 1
0
APP_3_Inner_Layer_0:1 0.6 0.6 2.25 3.94 26 44 1.86 1
0
APP_3_Inner_Layer_1:0 0.6 0.6 2.25 3.1 38 9 1.33 1
1 2
APP_3_Inner_Layer_1:1 0.4 0.4 1.5 3.26 1 7 3.94 1
1
APP_3_Output_Layer_0 0.26666666666666666 0.26666666666666666 1.0 3.08 21 1 2.72 1
3 4
5
1.9654350646142205
APP_4_Input_Layer_0 0.13333333333333333 0.13333333333333333 0.5 2.59 20 11 2.41 1

APP_4_Inner_Layer_0:0 0.6 0.6 2.25 3.73 41 6 2.05 1
0
APP_4_Inner_Layer_0:1 0.2 0.2 0.75 2.96 26 2 3.74 0
0
APP_4_Inner_Layer_1:0 0.3333333333333333 0.3333333333333333 1.25 3.17 5 37 2.01 1
1 2
APP_4_Output_Layer_0 0.2 0.2 0.75 2.99 32 47 3.02 1
3
3
2.446544375927492
APP_5_Input_Layer_0 0.6 0.6 2.25 2.69 6 34 3.03 1

APP_5_Inner_Layer_0:0 0.4666666666666667 0.4666666666666667 1.75 3.8 31 49 1.42 1
0
APP_5_Output_Layer_0 0.13333333333333333 0.13333333333333333 0.5 3.67 37 40 3.54 1
1
5
2.923768173527526
APP_6_Input_Layer_0 0.5333333333333333 0.5333333333333333 2.0 3.48 47 1 3.32 1

APP_6_Inner_Layer_0:0 0.2 0.2 0.75 2.45 46 46 2.37 1
0
APP_6_Inner_Layer_0:1 0.26666666666666666 0.26666666666666666 1.0 1.13 16 11 3.58 1
0
APP_6_Inner_Layer_0:2 0.4666666666666667 0.4666666666666667 1.75 2.96 44 19 1.19 1
0
APP_6_Output_Layer_0 0.4 0.4 1.5 2.35 49 44 1.56 0
1 2 3
6
3.5565935162131677
APP_7_Input_Layer_0 0.06666666666666667 0.06666666666666667 0.25 3.49 33 13 1.48 1

APP_7_Inner_Layer_0:0 0.2 0.2 0.75 1.7 44 32 2.63 1
0
APP_7_Inner_Layer_1:0 0.4666666666666667 0.4666666666666667 1.75 3.72 6 13 2.18 1
1
APP_7_Inner_Layer_1:1 0.26666666666666666 0.26666666666666666 1.0 2.23 18 42 3.35 1
1
APP_7_Inner_Layer_1:2 0.6 0.6 2.25 2.89 15 25 3.44 1
1
APP_7_Output_Layer_0 0.4666666666666667 0.4666666666666667 1.75 2.27 41 17 2.4 1
2 3 4
5
4.137077620477697
APP_8_Input_Layer_0 0.4 0.4 1.5 3.92 4 12 1.02 1

APP_8_Inner_Layer_0:0 0.26666666666666666 0.26666666666666666 1.0 3.46 43 10 3.09 1
0
APP_8_Inner_Layer_1:0 0.2 0.2 0.75 3.79 16 44 1.34 1
1
APP_8_Inner_Layer_2:0 0.4 0.4 1.5 2.97 6 6 2.3 1
2
APP_8_Output_Layer_0 0.5333333333333333 0.5333333333333333 2.0 3.73 17 25 3.82 0
3
9
4.540637715468665
APP_9_Input_Layer_0 0.3333333333333333 0.3333333333333333 1.25 3.73 14 26 1.28 1

APP_9_Inner_Layer_0:0 0.6 0.6 2.25 2.74 26 44 2.74 1
0
APP_9_Inner_Layer_0:1 0.2 0.2 0.75 3.45 6 47 1.77 0
0
APP_9_Inner_Layer_1:0 0.4 0.4 1.5 2.88 38 9 2.62 1
1
APP_9_Inner_Layer_1:1 0.6 0.6 2.25 1.72 28 9 2.42 1
1
APP_9_Inner_Layer_1:2 0.2 0.2 0.75 3.06 34 40 2.16 1
2
APP_9_Inner_Layer_2:0 0.5333333333333333 0.5333333333333333 2.0 3.16 18 18 3.49 1
3 4 5
APP_9_Inner_Layer_3:0 0.5333333333333333 0.5333333333333333 2.0 3.67 14 12 2.82 1
6
APP_9_Output_Layer_0 0.4666666666666667 0.4666666666666667 1.75 2.25 37 24 1.81 1
7
