10
10
9
0
APP_0_Input_Layer_0 0.06666666666666667 0.06666666666666667 0.25 1.27 9 49 1.34 0

APP_0_Inner_Layer_0:0 0.06666666666666667 0.06666666666666667 0.25 2.59 35 43 2.51 1
0
APP_0_Inner_Layer_0:1 0.26666666666666666 0.26666666666666666 1.0 2.64 14 17 3.88 1
0
APP_0_Inner_Layer_0:2 0.4 0.4 1.5 2.68 49 13 3.55 1
0
APP_0_Inner_Layer_1:0 0.2 0.2 0.75 1.85 13 30 3.39 1
1 2
APP_0_Inner_Layer_1:1 0.3333333333333333 0.3333333333333333 1.25 1.63 31 24 3.61 1
2 3
APP_0_Inner_Layer_1:2 0.5333333333333333 0.5333333333333333 2.0 2.46 30 39 2.24 1
1 3
APP_0_Inner_Layer_1:3 0.5333333333333333 0.5333333333333333 2.0 1.74 41 14 3.13 1
2
APP_0_Output_Layer_0 0.13333333333333333 0.13333333333333333 0.5 1.96 17 7 1.07 1
4 5 6 7
8
0.8938778463066576
APP_1_Input_Layer_0 0.5333333333333333 0.5333333333333333 2.0 1.71 46 17 3.35 0

APP_1_Inner_Layer_0:0 0.6 0.6 2.25 1.23 47 3 3.71 1
0
APP_1_Inner_Layer_0:1 0.5333333333333333 0.5333333333333333 2.0 1.68 22 45 3.67 0
0
APP_1_Inner_Layer_1:0 0.2 0.2 0.75 2.02 40 46 2.6 0
1
APP_1_Inner_Layer_1:1 0.4666666666666667 0.4666666666666667 1.75 2.76 39 7 1.59 1
1 2
APP_1_Inner_Layer_2:0 0.26666666666666666 0.26666666666666666 1.0 3.22 41 10 3.09 1
3 4
APP_1_Inner_Layer_3:0 0.26666666666666666 0.26666666666666666 1.0 3.05 27 10 1.43 1
5
APP_1_Output_Layer_0 0.26666666666666666 0.26666666666666666 1.0 3.45 40 23 1.05 1
6
3
1.347937625646079
APP_2_Input_Layer_0 0.4666666666666667 0.4666666666666667 1.75 1.98 3 13 3.33 1

APP_2_Inner_Layer_0:0 0.5333333333333333 0.5333333333333333 2.0 2.7 21 47 2.54 1
0
APP_2_Output_Layer_0 0.5333333333333333 0.5333333333333333 2.0 3.84 6 16 3.87 1
1
7
2.2333111230743437
APP_3_Input_Layer_0 0.4 0.4 1.5 3.26 45 28 2.15 1

APP_3_Inner_Layer_0:0 0.13333333333333333 0.13333333333333333 0.5 3.18 29 35 3.78 1
0
APP_3_Inner_Layer_0:1 0.4 0.4 1.5 2.31 35 11 2.19 1
0
APP_3_Inner_Layer_0:2 0.4666666666666667 0.4666666666666667 1.75 1.79 12 29 2.54 1
0
APP_3_Inner_Layer_0:3 0.13333333333333333 0.13333333333333333 0.5 3.87 18 40 1.31 1
0
APP_3_Inner_Layer_1:0 0.4 0.4 1.5 1.35 18 25 2.35 1
1 2 3 4
APP_3_Output_Layer_0 0.4666666666666667 0.4666666666666667 1.75 1.48 21 18 2.38 1
5
6
3.090794115892992
APP_4_Input_Layer_0 0.4 0.4 1.5 3.46 21 11 1.69 1

APP_4_Inner_Layer_0:0 0.06666666666666667 0.06666666666666667 0.25 1.68 1 30 2.52 1
0
APP_4_Inner_Layer_0:1 0.26666666666666666 0.26666666666666666 1.0 2.19 11 1 1.4 0
0
APP_4_Inner_Layer_0:2 0.4 0.4 1.5 1.67 23 8 1.79 1
0
APP_4_Inner_Layer_0:3 0.6 0.6 2.25 1.94 37 43 1.07 1
0
APP_4_Output_Layer_0 0.26666666666666666 0.26666666666666666 1.0 1.97 49 35 3.91 1
1 2 3 4
5
4.068704571958875
APP_5_Input_Layer_0 0.2 0.2 0.75 1.9 13 12 2.79 1

APP_5_Inner_Layer_0:0 0.6 0.6 2.25 2.4 6 10 1.99 1
0
APP_5_Inner_Layer_0:1 0.26666666666666666 0.26666666666666666 1.0 2.55 10 15 2.69 1
0
APP_5_Inner_Layer_0:2 0.4 0.4 1.5 1.75 32 39 1.34 1
0
APP_5_Output_Layer_0 0.06666666666666667 0.06666666666666667 0.25 2.69 36 12 3.25 1
1 2 3
11
5.029194889582775
APP_6_Input_Layer_0 0.5333333333333333 0.5333333333333333 2.0 2.64 38 29 1.02 1

APP_6_Inner_Layer_0:0 0.3333333333333333 0.3333333333333333 1.25 2.48 13 28 1.17 1
0
APP_6_Inner_Layer_0:1 0.26666666666666666 0.26666666666666666 1.0 1.19 8 38 3.85 1
0
APP_6_Inner_Layer_1:0 0.3333333333333333 0.3333333333333333 1.25 2.06 31 21 1.97 1
2
APP_6_Inner_Layer_1:1 0.4666666666666667 0.4666666666666667 1.75 3.13 11 40 1.41 1
1
APP_6_Inner_Layer_1:2 0.6 0.6 2.25 1.14 44 13 2.3 1
2
APP_6_Inner_Layer_2:0 0.3333333333333333 0.3333333333333333 1.25 2.38 8 46 3.0 1
3 5
APP_6_Inner_Layer_2:1 0.5333333333333333 0.5333333333333333 2.0 2.33 36 49 3.03 1
4 5
APP_6_Inner_Layer_2:2 0.4666666666666667 0.4666666666666667 1.75 3.28 9 8 1.65 0
3 4 5
APP_6_Inner_Layer_2:3 0.26666666666666666 0.26666666666666666 1.0 2.51 3 25 3.27 1
4 3
APP_6_Output_Layer_0 0.5333333333333333 0.5333333333333333 2.0 1.92 8 35 3.26 1
6 7 8 9
9
5.891875476545619
APP_7_Input_Layer_0 0.26666666666666666 0.26666666666666666 1.0 1.56 28 44 3.6 1

APP_7_Inner_Layer_0:0 0.06666666666666667 0.06666666666666667 0.25 1.06 32 44 1.36 1
0
APP_7_Inner_Layer_0:1 0.2 0.2 0.75 1.15 28 36 1.24 1
0
APP_7_Inner_Layer_0:2 0.5333333333333333 0.5333333333333333 2.0 3.03 11 48 2.67 1
0
APP_7_Inner_Layer_0:3 0.3333333333333333 0.3333333333333333 1.25 1.07 42 35 3.58 1
0
APP_7_Inner_Layer_1:0 0.2 0.2 0.75 1.54 23 37 2.57 1
4
APP_7_Inner_Layer_1:1 0.6 0.6 2.25 1.7 36 18 2.75 1
3 4
APP_7_Inner_Layer_1:2 0.6 0.6 2.25 2.06 19 2 3.31 1
1 2
APP_7_Output_Layer_0 0.6 0.6 2.25 3.47 25 22 1.09 1
5 6 7
13
6.2798275887695345
APP_8_Input_Layer_0 0.3333333333333333 0.3333333333333333 1.25 1.75 26 15 1.52 1

APP_8_Inner_Layer_0:0 0.4666666666666667 0.4666666666666667 1.75 1.81 26 6 1.46 1
0
APP_8_Inner_Layer_0:1 0.6 0.6 2.25 2.59 14 30 2.2 1
0
APP_8_Inner_Layer_0:2 0.5333333333333333 0.5333333333333333 2.0 2.09 47 26 3.1 1
0
APP_8_Inner_Layer_1:0 0.13333333333333333 0.13333333333333333 0.5 3.76 46 29 1.54 1
2
APP_8_Inner_Layer_1:1 0.6 0.6 2.25 1.22 14 30 4.0 1
1 2
APP_8_Inner_Layer_1:2 0.13333333333333333 0.13333333333333333 0.5 1.81 8 36 3.88 0
1
APP_8_Inner_Layer_1:3 0.4 0.4 1.5 3.67 31 33 2.21 1
1 3
APP_8_Inner_Layer_2:0 0.4 0.4 1.5 3.93 32 16 3.52 0
4 5 6
APP_8_Inner_Layer_2:1 0.4 0.4 1.5 1.11 42 32 2.94 1
6 7
APP_8_Inner_Layer_2:2 0.13333333333333333 0.13333333333333333 0.5 3.99 30 44 3.04 1
4 6
APP_8_Inner_Layer_2:3 0.13333333333333333 0.13333333333333333 0.5 2.16 4 49 1.81 1
5 7
APP_8_Output_Layer_0 0.26666666666666666 0.26666666666666666 1.0 2.82 9 45 1.5 1
8 9 10 11
11
6.881406218392055
APP_9_Input_Layer_0 0.5333333333333333 0.5333333333333333 2.0 2.29 28 21 3.63 1

APP_9_Inner_Layer_0:0 0.4666666666666667 0.4666666666666667 1.75 3.73 1 18 3.54 1
0
APP_9_Inner_Layer_0:1 0.06666666666666667 0.06666666666666667 0.25 3.02 30 20 2.17 1
0
APP_9_Inner_Layer_0:2 0.4 0.4 1.5 3.59 41 49 1.02 1
0
APP_9_Inner_Layer_1:0 0.26666666666666666 0.26666666666666666 1.0 1.37 46 6 3.63 1
2 3
APP_9_Inner_Layer_1:1 0.6 0.6 2.25 3.34 8 29 2.69 1
1 3
APP_9_Inner_Layer_1:2 0.26666666666666666 0.26666666666666666 1.0 3.65 39 5 2.76 1
1 2
APP_9_Inner_Layer_2:0 0.5333333333333333 0.5333333333333333 2.0 3.64 7 39 1.07 1
4 6
APP_9_Inner_Layer_2:1 0.2 0.2 0.75 2.09 35 23 1.72 1
5
APP_9_Inner_Layer_2:2 0.06666666666666667 0.06666666666666667 0.25 3.2 12 10 3.47 1
6
APP_9_Output_Layer_0 0.4 0.4 1.5 2.43 41 4 3.4 1
7 8 9
