10
10
5
0
APP_0_Input_Layer_0 0.4 0.4 1.5 1.55 41 29 3.29 1

APP_0_Inner_Layer_0:0 0.13333333333333333 0.13333333333333333 0.5 3.37 16 13 3.94 1
0
APP_0_Inner_Layer_0:1 0.2 0.2 0.75 2.64 13 2 1.45 1
0
APP_0_Inner_Layer_0:2 0.06666666666666667 0.06666666666666667 0.25 1.5 18 43 3.04 1
0
APP_0_Output_Layer_0 0.2 0.2 0.75 3.93 32 34 2.69 1
1 2 3
5
0.8903095778713219
APP_1_Input_Layer_0 0.26666666666666666 0.26666666666666666 1.0 2.99 27 49 3.13 1

APP_1_Inner_Layer_0:0 0.3333333333333333 0.3333333333333333 1.25 2.46 4 28 1.79 1
0
APP_1_Inner_Layer_1:0 0.5333333333333333 0.5333333333333333 2.0 1.11 41 10 2.85 1
1
APP_1_Inner_Layer_1:1 0.5333333333333333 0.5333333333333333 2.0 1.74 19 36 2.8 1
1
APP_1_Output_Layer_0 0.3333333333333333 0.3333333333333333 1.25 2.92 25 23 1.3 1
2 3
6
1.3342249551859364
APP_2_Input_Layer_0 0.4 0.4 1.5 3.28 11 38 1.33 1

APP_2_Inner_Layer_0:0 0.13333333333333333 0.13333333333333333 0.5 3.68 26 14 1.81 1
0
APP_2_Inner_Layer_0:1 0.5333333333333333 0.5333333333333333 2.0 3.8 48 23 2.69 1
0
APP_2_Inner_Layer_1:0 0.3333333333333333 0.3333333333333333 1.25 3.28 25 44 2.9 1
1 2
APP_2_Inner_Layer_2:0 0.13333333333333333 0.13333333333333333 0.5 2.1 20 24 2.69 1
3
APP_2_Output_Layer_0 0.4 0.4 1.5 2.1 49 15 1.49 1
4
5
1.849519477329415
APP_3_Input_Layer_0 0.06666666666666667 0.06666666666666667 0.25 2.66 8 34 2.01 1

APP_3_Inner_Layer_0:0 0.26666666666666666 0.26666666666666666 1.0 2.81 27 12 3.09 1
0
APP_3_Inner_Layer_0:1 0.3333333333333333 0.3333333333333333 1.25 3.07 19 19 1.99 0
0
APP_3_Inner_Layer_1:0 0.26666666666666666 0.26666666666666666 1.0 2.67 27 20 1.93 1
1 2
APP_3_Output_Layer_0 0.5333333333333333 0.5333333333333333 2.0 1.15 1 1 2.59 1
3
13
2.8454065165667775
APP_4_Input_Layer_0 0.06666666666666667 0.06666666666666667 0.25 2.91 39 27 1.94 1

APP_4_Inner_Layer_0:0 0.4 0.4 1.5 2.85 24 39 1.92 1
0
APP_4_Inner_Layer_0:1 0.3333333333333333 0.3333333333333333 1.25 3.76 45 9 1.14 1
0
APP_4_Inner_Layer_0:2 0.3333333333333333 0.3333333333333333 1.25 3.49 43 24 2.34 1
0
APP_4_Inner_Layer_0:3 0.26666666666666666 0.26666666666666666 1.0 3.66 18 33 3.31 1
0
APP_4_Inner_Layer_1:0 0.2 0.2 0.75 2.77 33 1 1.5 0
1 2 3 4
APP_4_Inner_Layer_2:0 0.26666666666666666 0.26666666666666666 1.0 2.27 6 36 1.7 1
5
APP_4_Inner_Layer_2:1 0.6 0.6 2.25 2.27 11 37 1.48 1
5
APP_4_Inner_Layer_3:0 0.2 0.2 0.75 2.94 26 23 1.06 0
7
APP_4_Inner_Layer_3:1 0.4 0.4 1.5 3.39 3 24 2.81 1
6
APP_4_Inner_Layer_3:2 0.4666666666666667 0.4666666666666667 1.75 1.81 4 7 3.23 1
6 7
APP_4_Inner_Layer_3:3 0.06666666666666667 0.06666666666666667 0.25 3.72 3 23 2.99 1
6
APP_4_Output_Layer_0 0.6 0.6 2.25 1.78 33 9 3.67 1
8 9 10 11
10
3.6975213772927837
APP_5_Input_Layer_0 0.06666666666666667 0.06666666666666667 0.25 3.45 40 40 3.73 1

APP_5_Inner_Layer_0:0 0.13333333333333333 0.13333333333333333 0.5 1.53 25 23 3.44 1
0
APP_5_Inner_Layer_0:1 0.4666666666666667 0.4666666666666667 1.75 2.23 31 1 1.48 1
0
APP_5_Inner_Layer_0:2 0.5333333333333333 0.5333333333333333 2.0 1.19 33 32 1.46 1
0
APP_5_Inner_Layer_1:0 0.4666666666666667 0.4666666666666667 1.75 3.1 18 33 3.17 1
1
APP_5_Inner_Layer_1:1 0.4666666666666667 0.4666666666666667 1.75 1.46 6 23 2.98 1
2 3
APP_5_Inner_Layer_1:2 0.5333333333333333 0.5333333333333333 2.0 1.33 8 48 3.75 1
2
APP_5_Inner_Layer_1:3 0.4 0.4 1.5 3.48 4 30 3.59 1
3
APP_5_Inner_Layer_2:0 0.2 0.2 0.75 2.84 33 44 1.78 0
4 5 6 7
APP_5_Output_Layer_0 0.13333333333333333 0.13333333333333333 0.5 2.71 2 5 2.96 1
8
5
4.401882990612631
APP_6_Input_Layer_0 0.26666666666666666 0.26666666666666666 1.0 3.63 31 18 1.36 1

APP_6_Inner_Layer_0:0 0.4666666666666667 0.4666666666666667 1.75 3.18 20 31 3.48 1
0
APP_6_Inner_Layer_0:1 0.2 0.2 0.75 1.66 36 42 2.54 0
0
APP_6_Inner_Layer_0:2 0.2 0.2 0.75 3.03 13 17 3.44 1
0
APP_6_Output_Layer_0 0.4666666666666667 0.4666666666666667 1.75 2.24 39 25 2.33 1
1 2 3
5
5.0556343800098675
APP_7_Input_Layer_0 0.26666666666666666 0.26666666666666666 1.0 1.98 48 20 3.1 1

APP_7_Inner_Layer_0:0 0.5333333333333333 0.5333333333333333 2.0 3.58 8 23 2.41 1
0
APP_7_Inner_Layer_0:1 0.5333333333333333 0.5333333333333333 2.0 2.74 7 10 3.48 1
0
APP_7_Inner_Layer_0:2 0.3333333333333333 0.3333333333333333 1.25 1.38 37 36 1.48 1
0
APP_7_Output_Layer_0 0.5333333333333333 0.5333333333333333 2.0 2.03 19 46 1.56 1
1 2 3
8
5.9577561087392805
APP_8_Input_Layer_0 0.06666666666666667 0.06666666666666667 0.25 1.56 42 7 2.24 1

APP_8_Inner_Layer_0:0 0.13333333333333333 0.13333333333333333 0.5 3.44 10 16 2.18 1
0
APP_8_Inner_Layer_1:0 0.4666666666666667 0.4666666666666667 1.75 3.44 5 11 1.28 1
1
APP_8_Inner_Layer_1:1 0.4666666666666667 0.4666666666666667 1.75 3.23 49 12 3.06 0
1
APP_8_Inner_Layer_1:2 0.13333333333333333 0.13333333333333333 0.5 2.77 12 25 1.91 1
1
APP_8_Inner_Layer_2:0 0.13333333333333333 0.13333333333333333 0.5 3.48 46 1 2.52 1
2 4
APP_8_Inner_Layer_2:1 0.06666666666666667 0.06666666666666667 0.25 1.02 28 25 2.35 1
3
APP_8_Output_Layer_0 0.3333333333333333 0.3333333333333333 1.25 1.87 22 21 1.24 0
5 6
5
6.432485598027557
APP_9_Input_Layer_0 0.26666666666666666 0.26666666666666666 1.0 2.98 16 48 3.22 1

APP_9_Inner_Layer_0:0 0.2 0.2 0.75 1.52 43 48 2.86 1
0
APP_9_Inner_Layer_0:1 0.6 0.6 2.25 1.18 48 9 3.12 1
0
APP_9_Inner_Layer_0:2 0.06666666666666667 0.06666666666666667 0.25 1.08 49 33 3.94 1
0
APP_9_Output_Layer_0 0.2 0.2 0.75 3.79 43 46 3.56 1
1 2 3
