10
10
3
0
APP_0_Input_Layer_0 0.26666666666666666 0.26666666666666666 1.0 1.1 38 40 2.9 1

APP_0_Inner_Layer_0:0 0.3333333333333333 0.3333333333333333 1.25 3.08 11 13 2.62 1
0
APP_0_Output_Layer_0 0.6 0.6 2.25 2.57 36 7 1.02 1
1
4
0.8940825761475175
APP_1_Input_Layer_0 0.2 0.2 0.75 2.5 21 6 3.64 1

APP_1_Inner_Layer_0:0 0.26666666666666666 0.26666666666666666 1.0 3.36 4 32 2.13 1
0
APP_1_Inner_Layer_0:1 0.6 0.6 2.25 1.55 17 18 2.8 1
0
APP_1_Output_Layer_0 0.13333333333333333 0.13333333333333333 0.5 3.83 34 46 2.8 1
1 2
4
1.2814295723958429
APP_2_Input_Layer_0 0.3333333333333333 0.3333333333333333 1.25 1.37 13 17 2.79 1

APP_2_Inner_Layer_0:0 0.2 0.2 0.75 2.33 27 36 2.28 1
0
APP_2_Inner_Layer_0:1 0.5333333333333333 0.5333333333333333 2.0 1.09 4 23 2.7 1
0
APP_2_Output_Layer_0 0.6 0.6 2.25 2.05 33 46 3.79 1
1 2
12
1.8825584404922795
APP_3_Input_Layer_0 0.06666666666666667 0.06666666666666667 0.25 2.28 33 41 3.23 1

APP_3_Inner_Layer_0:0 0.2 0.2 0.75 3.59 14 46 1.93 1
0
APP_3_Inner_Layer_0:1 0.5333333333333333 0.5333333333333333 2.0 2.85 36 27 2.51 1
0
APP_3_Inner_Layer_0:2 0.4666666666666667 0.4666666666666667 1.75 1.09 6 41 3.95 1
0
APP_3_Inner_Layer_1:0 0.6 0.6 2.25 3.29 7 12 1.32 0
1 2 3
APP_3_Inner_Layer_1:1 0.06666666666666667 0.06666666666666667 0.25 1.32 21 16 1.59 1
2 3
APP_3_Inner_Layer_1:2 0.26666666666666666 0.26666666666666666 1.0 1.32 11 10 3.48 1
1 2
APP_3_Inner_Layer_1:3 0.5333333333333333 0.5333333333333333 2.0 2.45 39 7 3.02 1
3
APP_3_Inner_Layer_2:0 0.6 0.6 2.25 1.48 31 9 2.38 1
4 6
APP_3_Inner_Layer_2:1 0.26666666666666666 0.26666666666666666 1.0 2.01 13 6 2.14 1
4 5 7
APP_3_Inner_Layer_2:2 0.06666666666666667 0.06666666666666667 0.25 3.34 27 11 2.29 1
6 7
APP_3_Output_Layer_0 0.6 0.6 2.25 3.97 45 26 2.11 1
8 9 10
3
2.610876749243761
APP_4_Input_Layer_0 0.2 0.2 0.75 3.95 32 10 1.69 1

APP_4_Inner_Layer_0:0 0.6 0.6 2.25 2.76 39 15 2.95 1
0
APP_4_Output_Layer_0 0.6 0.6 2.25 3.91 14 2 2.12 1
1
7
3.3951729100553276
APP_5_Input_Layer_0 0.06666666666666667 0.06666666666666667 0.25 3.37 40 35 3.53 1

APP_5_Inner_Layer_0:0 0.4666666666666667 0.4666666666666667 1.75 1.54 2 17 3.73 1
0
APP_5_Inner_Layer_1:0 0.6 0.6 2.25 1.39 21 43 2.31 1
1
APP_5_Inner_Layer_1:1 0.2 0.2 0.75 3.75 10 43 1.48 1
1
APP_5_Inner_Layer_1:2 0.4666666666666667 0.4666666666666667 1.75 3.14 42 33 2.9 0
1
APP_5_Inner_Layer_1:3 0.4 0.4 1.5 3.95 30 7 1.36 1
1
APP_5_Output_Layer_0 0.3333333333333333 0.3333333333333333 1.25 3.93 40 24 3.44 1
2 3 4 5
14
3.828785499782855
APP_6_Input_Layer_0 0.4666666666666667 0.4666666666666667 1.75 3.34 27 21 2.26 1

APP_6_Inner_Layer_0:0 0.4 0.4 1.5 1.78 44 13 1.96 1
0
APP_6_Inner_Layer_1:0 0.5333333333333333 0.5333333333333333 2.0 3.69 47 21 1.62 1
1
APP_6_Inner_Layer_1:1 0.3333333333333333 0.3333333333333333 1.25 1.71 41 48 3.86 1
1
APP_6_Inner_Layer_1:2 0.4666666666666667 0.4666666666666667 1.75 1.63 33 21 1.21 1
1
APP_6_Inner_Layer_1:3 0.4666666666666667 0.4666666666666667 1.75 1.26 35 33 1.73 0
1
APP_6_Inner_Layer_2:0 0.6 0.6 2.25 2.39 4 25 3.48 1
5
APP_6_Inner_Layer_2:1 0.5333333333333333 0.5333333333333333 2.0 3.05 26 41 1.3 1
3 5
APP_6_Inner_Layer_2:2 0.2 0.2 0.75 1.64 14 34 2.97 1
2 3 5
APP_6_Inner_Layer_2:3 0.3333333333333333 0.3333333333333333 1.25 1.82 46 49 1.72 1
4
APP_6_Inner_Layer_3:0 0.2 0.2 0.75 2.53 12 11 2.93 1
6
APP_6_Inner_Layer_3:1 0.06666666666666667 0.06666666666666667 0.25 3.49 20 31 1.63 1
6 7 8
APP_6_Inner_Layer_3:2 0.13333333333333333 0.13333333333333333 0.5 1.56 8 45 2.57 1
7 9
APP_6_Output_Layer_0 0.2 0.2 0.75 2.44 36 12 3.56 1
10 11 12
7
4.473334725993776
APP_7_Input_Layer_0 0.5333333333333333 0.5333333333333333 2.0 3.62 49 41 3.72 1

APP_7_Inner_Layer_0:0 0.4666666666666667 0.4666666666666667 1.75 3.89 42 17 1.85 1
0
APP_7_Inner_Layer_0:1 0.3333333333333333 0.3333333333333333 1.25 3.47 20 34 3.81 1
0
APP_7_Inner_Layer_0:2 0.4 0.4 1.5 1.81 31 44 3.9 1
0
APP_7_Inner_Layer_1:0 0.6 0.6 2.25 3.79 2 22 3.95 1
2 3
APP_7_Inner_Layer_1:1 0.4 0.4 1.5 1.7 28 27 2.41 1
1
APP_7_Output_Layer_0 0.4 0.4 1.5 1.54 10 27 2.08 1
4 5
14
5.155712072149667
APP_8_Input_Layer_0 0.4 0.4 1.5 3.04 47 18 1.78 1

APP_8_Inner_Layer_0:0 0.6 0.6 2.25 3.81 10 14 1.71 0
0
APP_8_Inner_Layer_0:1 0.3333333333333333 0.3333333333333333 1.25 3.22 22 39 2.15 1
0
APP_8_Inner_Layer_0:2 0.5333333333333333 0.5333333333333333 2.0 3.72 40 25 1.93 0
0
APP_8_Inner_Layer_0:3 0.4 0.4 1.5 2.31 31 5 2.07 1
0
APP_8_Inner_Layer_1:0 0.2 0.2 0.75 1.62 8 45 2.21 0
2 3
APP_8_Inner_Layer_1:1 0.5333333333333333 0.5333333333333333 2.0 3.04 10 11 1.39 1
1
APP_8_Inner_Layer_1:2 0.5333333333333333 0.5333333333333333 2.0 2.15 8 24 2.32 1
1 2 4
APP_8_Inner_Layer_2:0 0.26666666666666666 0.26666666666666666 1.0 3.49 39 42 2.07 1
5 6
APP_8_Inner_Layer_2:1 0.3333333333333333 0.3333333333333333 1.25 2.99 35 44 2.22 1
7 6
APP_8_Inner_Layer_2:2 0.5333333333333333 0.5333333333333333 2.0 3.68 22 1 3.37 1
6 7
APP_8_Inner_Layer_2:3 0.06666666666666667 0.06666666666666667 0.25 3.5 27 21 2.8 1
7
APP_8_Inner_Layer_3:0 0.2 0.2 0.75 2.82 10 21 2.42 1
8 9 10 11
APP_8_Output_Layer_0 0.4 0.4 1.5 2.2 6 45 2.55 1
12
3
5.568422108045974
APP_9_Input_Layer_0 0.4 0.4 1.5 2.35 24 45 3.01 1

APP_9_Inner_Layer_0:0 0.4666666666666667 0.4666666666666667 1.75 3.72 23 4 1.16 1
0
APP_9_Output_Layer_0 0.4666666666666667 0.4666666666666667 1.75 1.79 4 13 2.71 0
1
