10
10
7
0
APP_0_Input_Layer_0 0.3333333333333333 0.3333333333333333 1.25 3.95 41 32 2.74 1

APP_0_Inner_Layer_0:0 0.13333333333333333 0.13333333333333333 0.5 1.46 7 4 3.7 1
0
APP_0_Inner_Layer_0:1 0.3333333333333333 0.3333333333333333 1.25 2.86 29 23 3.65 1
0
APP_0_Inner_Layer_0:2 0.5333333333333333 0.5333333333333333 2.0 2.79 9 7 1.9 1
0
APP_0_Inner_Layer_0:3 0.06666666666666667 0.06666666666666667 0.25 3.45 19 19 1.02 1
0
APP_0_Inner_Layer_1:0 0.6 0.6 2.25 3.08 47 39 3.82 1
1 2 3 4
APP_0_Output_Layer_0 0.2 0.2 0.75 2.2 43 21 2.27 1
5
9
0.39652213217701576
APP_1_Input_Layer_0 0.13333333333333333 0.13333333333333333 0.5 3.62 11 42 2.96 1

APP_1_Inner_Layer_0:0 0.6 0.6 2.25 1.81 7 31 2.15 1
0
APP_1_Inner_Layer_1:0 0.06666666666666667 0.06666666666666667 0.25 3.15 6 36 1.12 1
1
APP_1_Inner_Layer_2:0 0.13333333333333333 0.13333333333333333 0.5 3.84 34 48 3.45 1
2
APP_1_Inner_Layer_2:1 0.13333333333333333 0.13333333333333333 0.5 2.05 42 31 3.28 1
2
APP_1_Inner_Layer_2:2 0.4 0.4 1.5 2.94 48 35 1.14 1
2
APP_1_Inner_Layer_2:3 0.13333333333333333 0.13333333333333333 0.5 3.08 41 3 1.54 1
2
APP_1_Inner_Layer_3:0 0.26666666666666666 0.26666666666666666 1.0 3.34 45 25 3.63 1
3 4 5 6
APP_1_Output_Layer_0 0.13333333333333333 0.13333333333333333 0.5 2.71 30 11 3.57 1
7
7
0.9349148702737267
APP_2_Input_Layer_0 0.4666666666666667 0.4666666666666667 1.75 3.27 39 21 2.7 1

APP_2_Inner_Layer_0:0 0.2 0.2 0.75 3.46 22 15 2.17 1
0
APP_2_Inner_Layer_0:1 0.5333333333333333 0.5333333333333333 2.0 3.61 5 47 3.11 1
0
APP_2_Inner_Layer_0:2 0.3333333333333333 0.3333333333333333 1.25 1.23 49 1 3.0 1
0
APP_2_Inner_Layer_0:3 0.06666666666666667 0.06666666666666667 0.25 1.21 31 5 3.2 1
0
APP_2_Inner_Layer_1:0 0.3333333333333333 0.3333333333333333 1.25 2.05 30 10 3.2 1
1 2 3 4
APP_2_Output_Layer_0 0.13333333333333333 0.13333333333333333 0.5 2.27 20 4 1.28 1
5
12
1.5067878805857045
APP_3_Input_Layer_0 0.26666666666666666 0.26666666666666666 1.0 3.47 49 15 3.07 1

APP_3_Inner_Layer_0:0 0.3333333333333333 0.3333333333333333 1.25 2.34 41 1 2.0 1
0
APP_3_Inner_Layer_0:1 0.2 0.2 0.75 1.6 1 31 3.06 1
0
APP_3_Inner_Layer_0:2 0.06666666666666667 0.06666666666666667 0.25 1.64 1 40 2.76 1
0
APP_3_Inner_Layer_1:0 0.4 0.4 1.5 1.04 15 37 3.99 1
2 3
APP_3_Inner_Layer_1:1 0.6 0.6 2.25 1.8 13 31 1.38 1
1
APP_3_Inner_Layer_2:0 0.2 0.2 0.75 1.66 48 4 1.85 1
5
APP_3_Inner_Layer_2:1 0.6 0.6 2.25 1.48 24 40 2.41 1
5
APP_3_Inner_Layer_2:2 0.4 0.4 1.5 3.36 16 21 2.78 1
4
APP_3_Inner_Layer_3:0 0.26666666666666666 0.26666666666666666 1.0 3.18 27 10 2.98 1
6 8
APP_3_Inner_Layer_3:1 0.4 0.4 1.5 2.66 32 20 1.79 1
7
APP_3_Output_Layer_0 0.4 0.4 1.5 1.93 4 9 1.96 0
9 10
6
1.962189002444307
APP_4_Input_Layer_0 0.26666666666666666 0.26666666666666666 1.0 3.26 32 28 1.32 1

APP_4_Inner_Layer_0:0 0.5333333333333333 0.5333333333333333 2.0 1.81 42 39 2.59 1
0
APP_4_Inner_Layer_0:1 0.26666666666666666 0.26666666666666666 1.0 3.16 22 21 3.96 1
0
APP_4_Inner_Layer_0:2 0.4666666666666667 0.4666666666666667 1.75 1.11 45 37 3.02 1
0
APP_4_Inner_Layer_0:3 0.3333333333333333 0.3333333333333333 1.25 1.3 11 30 1.5 0
0
APP_4_Output_Layer_0 0.5333333333333333 0.5333333333333333 2.0 1.84 26 27 3.49 1
1 2 3 4
3
2.334554261527179
APP_5_Input_Layer_0 0.2 0.2 0.75 1.17 2 37 1.26 1

APP_5_Inner_Layer_0:0 0.3333333333333333 0.3333333333333333 1.25 3.85 41 45 1.67 1
0
APP_5_Output_Layer_0 0.3333333333333333 0.3333333333333333 1.25 3.29 47 15 3.92 1
1
13
2.832437349888626
APP_6_Input_Layer_0 0.5333333333333333 0.5333333333333333 2.0 1.26 6 35 1.61 1

APP_6_Inner_Layer_0:0 0.26666666666666666 0.26666666666666666 1.0 1.17 33 24 2.37 1
0
APP_6_Inner_Layer_0:1 0.5333333333333333 0.5333333333333333 2.0 2.79 24 11 1.59 1
0
APP_6_Inner_Layer_1:0 0.6 0.6 2.25 2.04 14 40 3.14 1
2
APP_6_Inner_Layer_1:1 0.5333333333333333 0.5333333333333333 2.0 2.96 27 42 2.31 1
1 2
APP_6_Inner_Layer_1:2 0.2 0.2 0.75 3.2 30 2 3.33 1
1
APP_6_Inner_Layer_1:3 0.13333333333333333 0.13333333333333333 0.5 1.46 47 43 1.88 1
1 2
APP_6_Inner_Layer_2:0 0.4 0.4 1.5 1.32 32 48 1.84 1
5 6
APP_6_Inner_Layer_2:1 0.2 0.2 0.75 3.06 49 19 1.68 1
3 4 6
APP_6_Inner_Layer_2:2 0.2 0.2 0.75 3.0 49 14 3.24 1
5 6
APP_6_Inner_Layer_2:3 0.2 0.2 0.75 1.58 38 12 3.37 1
5
APP_6_Inner_Layer_3:0 0.5333333333333333 0.5333333333333333 2.0 2.48 10 44 1.09 1
7 8 9 10
APP_6_Output_Layer_0 0.2 0.2 0.75 2.31 10 43 1.47 1
11
4
3.214587474435021
APP_7_Input_Layer_0 0.13333333333333333 0.13333333333333333 0.5 1.05 27 38 2.73 1

APP_7_Inner_Layer_0:0 0.4 0.4 1.5 1.62 44 44 3.85 0
0
APP_7_Inner_Layer_1:0 0.4666666666666667 0.4666666666666667 1.75 2.37 1 44 2.62 1
1
APP_7_Output_Layer_0 0.4666666666666667 0.4666666666666667 1.75 3.38 34 19 1.43 1
2
8
3.933150152370154
APP_8_Input_Layer_0 0.3333333333333333 0.3333333333333333 1.25 2.59 42 2 3.71 1

APP_8_Inner_Layer_0:0 0.6 0.6 2.25 3.08 12 12 2.46 1
0
APP_8_Inner_Layer_0:1 0.4666666666666667 0.4666666666666667 1.75 2.94 49 16 1.96 0
0
APP_8_Inner_Layer_0:2 0.4666666666666667 0.4666666666666667 1.75 2.11 16 30 1.74 1
0
APP_8_Inner_Layer_1:0 0.4666666666666667 0.4666666666666667 1.75 1.77 47 42 2.92 0
2 3
APP_8_Inner_Layer_1:1 0.3333333333333333 0.3333333333333333 1.25 2.57 21 3 1.47 1
1
APP_8_Inner_Layer_1:2 0.6 0.6 2.25 3.2 34 38 1.5 1
3
APP_8_Output_Layer_0 0.26666666666666666 0.26666666666666666 1.0 2.94 7 44 1.35 1
4 5 6
5
4.571114737649609
APP_9_Input_Layer_0 0.4 0.4 1.5 2.76 20 3 2.53 1

APP_9_Inner_Layer_0:0 0.26666666666666666 0.26666666666666666 1.0 1.72 10 17 3.95 1
0
APP_9_Inner_Layer_0:1 0.4666666666666667 0.4666666666666667 1.75 3.66 47 32 3.15 0
0
APP_9_Inner_Layer_0:2 0.6 0.6 2.25 3.68 13 35 3.32 1
0
APP_9_Output_Layer_0 0.2 0.2 0.75 2.79 44 46 3.11 1
1 2 3
