10
10
6
0
APP_0_Input_Layer_0 0.3333333333333333 0.3333333333333333 1.25 3.98 30 40 3.2 1

APP_0_Inner_Layer_0:0 0.3333333333333333 0.3333333333333333 1.25 2.29 17 11 1.45 0
0
APP_0_Inner_Layer_0:1 0.13333333333333333 0.13333333333333333 0.5 2.35 4 46 1.09 0
0
APP_0_Inner_Layer_1:0 0.4666666666666667 0.4666666666666667 1.75 1.82 40 18 1.45 1
2
APP_0_Inner_Layer_1:1 0.3333333333333333 0.3333333333333333 1.25 2.53 25 27 3.23 1
1 2
APP_0_Output_Layer_0 0.6 0.6 2.25 1.64 6 38 1.18 1
3 4
4
0.9476136267406694
APP_1_Input_Layer_0 0.13333333333333333 0.13333333333333333 0.5 3.14 23 7 1.7 1

APP_1_Inner_Layer_0:0 0.13333333333333333 0.13333333333333333 0.5 3.06 30 45 3.62 0
0
APP_1_Inner_Layer_1:0 0.2 0.2 0.75 2.45 44 28 3.94 1
1
APP_1_Output_Layer_0 0.6 0.6 2.25 2.75 32 21 1.93 1
2
13
1.9423017480208649
APP_2_Input_Layer_0 0.06666666666666667 0.06666666666666667 0.25 3.44 6 29 3.64 1

APP_2_Inner_Layer_0:0 0.6 0.6 2.25 1.52 16 3 1.84 1
0
APP_2_Inner_Layer_0:1 0.13333333333333333 0.13333333333333333 0.5 3.54 8 35 3.42 1
0
APP_2_Inner_Layer_1:0 0.2 0.2 0.75 2.84 7 24 3.67 1
1 2
APP_2_Inner_Layer_2:0 0.4666666666666667 0.4666666666666667 1.75 2.68 21 15 1.69 1
3
APP_2_Inner_Layer_2:1 0.5333333333333333 0.5333333333333333 2.0 3.69 33 26 3.99 0
3
APP_2_Inner_Layer_2:2 0.06666666666666667 0.06666666666666667 0.25 1.58 18 15 1.76 1
3
APP_2_Inner_Layer_2:3 0.3333333333333333 0.3333333333333333 1.25 1.95 42 19 1.71 0
3
APP_2_Inner_Layer_3:0 0.26666666666666666 0.26666666666666666 1.0 2.63 21 25 2.35 0
4 5 7
APP_2_Inner_Layer_3:1 0.6 0.6 2.25 2.94 30 35 2.93 1
4 6 7
APP_2_Inner_Layer_3:2 0.3333333333333333 0.3333333333333333 1.25 3.17 22 48 3.76 1
4 5 6 7
APP_2_Inner_Layer_3:3 0.4 0.4 1.5 1.83 2 10 2.06 1
5
APP_2_Output_Layer_0 0.06666666666666667 0.06666666666666667 0.25 1.33 29 16 1.15 1
8 9 10 11
9
2.9386428723000115
APP_3_Input_Layer_0 0.5333333333333333 0.5333333333333333 2.0 1.45 10 27 1.96 1

APP_3_Inner_Layer_0:0 0.2 0.2 0.75 3.7 41 2 1.34 0
0
APP_3_Inner_Layer_0:1 0.2 0.2 0.75 2.27 37 36 3.85 1
0
APP_3_Inner_Layer_0:2 0.13333333333333333 0.13333333333333333 0.5 3.96 26 13 1.37 1
0
APP_3_Inner_Layer_1:0 0.3333333333333333 0.3333333333333333 1.25 2.43 33 38 2.33 1
1 2
APP_3_Inner_Layer_1:1 0.26666666666666666 0.26666666666666666 1.0 2.08 34 35 1.92 1
1 2
APP_3_Inner_Layer_1:2 0.13333333333333333 0.13333333333333333 0.5 3.96 37 22 2.48 1
1
APP_3_Inner_Layer_1:3 0.6 0.6 2.25 1.89 34 44 1.22 1
3
APP_3_Output_Layer_0 0.13333333333333333 0.13333333333333333 0.5 2.25 26 32 3.9 1
4 5 6 7
9
3.486921678309362
APP_4_Input_Layer_0 0.13333333333333333 0.13333333333333333 0.5 2.72 14 17 1.02 1

APP_4_Inner_Layer_0:0 0.5333333333333333 0.5333333333333333 2.0 1.69 19 21 3.15 1
0
APP_4_Inner_Layer_0:1 0.4 0.4 1.5 2.45 24 38 1.86 1
0
APP_4_Inner_Layer_0:2 0.2 0.2 0.75 1.12 19 43 1.67 0
0
APP_4_Inner_Layer_1:0 0.2 0.2 0.75 3.24 14 21 1.71 1
2 3
APP_4_Inner_Layer_1:1 0.13333333333333333 0.13333333333333333 0.5 2.85 17 27 3.0 1
3
APP_4_Inner_Layer_1:2 0.13333333333333333 0.13333333333333333 0.5 2.2 16 43 3.96 1
3 2
APP_4_Inner_Layer_1:3 0.4666666666666667 0.4666666666666667 1.75 3.91 7 34 1.22 1
1 3
APP_4_Output_Layer_0 0.4 0.4 1.5 2.09 46 34 3.03 1
4 5 6 7
7
4.237790932483899
APP_5_Input_Layer_0 0.13333333333333333 0.13333333333333333 0.5 1.17 44 5 3.85 1

APP_5_Inner_Layer_0:0 0.4 0.4 1.5 3.75 24 32 3.27 0
0
APP_5_Inner_Layer_0:1 0.6 0.6 2.25 1.58 17 15 2.25 1
0
APP_5_Inner_Layer_1:0 0.2 0.2 0.75 3.02 45 13 2.09 0
2
APP_5_Inner_Layer_1:1 0.13333333333333333 0.13333333333333333 0.5 3.23 29 19 2.06 1
1
APP_5_Inner_Layer_2:0 0.3333333333333333 0.3333333333333333 1.25 2.99 22 5 3.94 1
3 4
APP_5_Output_Layer_0 0.4 0.4 1.5 1.56 20 18 3.95 1
5
9
4.7432423353698105
APP_6_Input_Layer_0 0.06666666666666667 0.06666666666666667 0.25 1.83 47 36 2.89 1

APP_6_Inner_Layer_0:0 0.4 0.4 1.5 2.41 1 28 2.94 1
0
APP_6_Inner_Layer_0:1 0.3333333333333333 0.3333333333333333 1.25 2.83 1 7 1.1 1
0
APP_6_Inner_Layer_1:0 0.26666666666666666 0.26666666666666666 1.0 2.78 11 45 2.79 1
1
APP_6_Inner_Layer_1:1 0.26666666666666666 0.26666666666666666 1.0 2.67 22 10 3.09 1
1
APP_6_Inner_Layer_1:2 0.3333333333333333 0.3333333333333333 1.25 1.79 24 12 1.44 0
2
APP_6_Inner_Layer_2:0 0.06666666666666667 0.06666666666666667 0.25 3.92 21 42 1.34 1
3 4 5
APP_6_Inner_Layer_2:1 0.3333333333333333 0.3333333333333333 1.25 2.7 16 25 2.51 1
4
APP_6_Output_Layer_0 0.4 0.4 1.5 1.86 28 44 1.92 1
6 7
11
5.396366780505794
APP_7_Input_Layer_0 0.4666666666666667 0.4666666666666667 1.75 1.44 45 8 1.49 1

APP_7_Inner_Layer_0:0 0.4666666666666667 0.4666666666666667 1.75 3.12 4 17 3.68 1
0
APP_7_Inner_Layer_0:1 0.2 0.2 0.75 1.38 49 20 3.79 1
0
APP_7_Inner_Layer_0:2 0.3333333333333333 0.3333333333333333 1.25 2.3 6 12 3.73 1
0
APP_7_Inner_Layer_0:3 0.6 0.6 2.25 1.33 49 43 1.86 0
0
APP_7_Inner_Layer_1:0 0.6 0.6 2.25 1.27 16 23 1.55 1
1 2 3 4
APP_7_Inner_Layer_2:0 0.13333333333333333 0.13333333333333333 0.5 3.85 38 14 3.55 1
5
APP_7_Inner_Layer_2:1 0.6 0.6 2.25 1.34 9 49 3.76 1
5
APP_7_Inner_Layer_2:2 0.4 0.4 1.5 3.09 44 6 2.96 1
5
APP_7_Inner_Layer_2:3 0.4 0.4 1.5 3.17 16 9 3.05 0
5
APP_7_Output_Layer_0 0.06666666666666667 0.06666666666666667 0.25 3.21 34 13 2.04 1
6 7 8 9
11
6.295632788217572
APP_8_Input_Layer_0 0.6 0.6 2.25 1.61 11 12 3.74 1

APP_8_Inner_Layer_0:0 0.13333333333333333 0.13333333333333333 0.5 3.91 24 49 3.8 1
0
APP_8_Inner_Layer_1:0 0.4666666666666667 0.4666666666666667 1.75 3.2 43 37 3.43 1
1
APP_8_Inner_Layer_1:1 0.4666666666666667 0.4666666666666667 1.75 2.11 1 4 3.85 1
1
APP_8_Inner_Layer_2:0 0.3333333333333333 0.3333333333333333 1.25 1.4 33 14 2.21 1
3
APP_8_Inner_Layer_2:1 0.6 0.6 2.25 2.91 25 32 3.97 1
2 3
APP_8_Inner_Layer_2:2 0.3333333333333333 0.3333333333333333 1.25 2.53 12 18 3.14 1
2
APP_8_Inner_Layer_2:3 0.5333333333333333 0.5333333333333333 2.0 3.98 10 48 1.59 1
2 3
APP_8_Inner_Layer_3:0 0.5333333333333333 0.5333333333333333 2.0 3.59 31 47 2.58 1
4 7
APP_8_Inner_Layer_3:1 0.06666666666666667 0.06666666666666667 0.25 3.51 11 36 1.63 0
5 6
APP_8_Output_Layer_0 0.3333333333333333 0.3333333333333333 1.25 2.66 11 30 1.69 0
8 9
13
6.861419629080338
APP_9_Input_Layer_0 0.2 0.2 0.75 3.75 17 2 2.71 0

APP_9_Inner_Layer_0:0 0.3333333333333333 0.3333333333333333 1.25 1.68 22 4 2.51 0
0
APP_9_Inner_Layer_0:1 0.4666666666666667 0.4666666666666667 1.75 1.68 29 40 1.71 0
0
APP_9_Inner_Layer_0:2 0.5333333333333333 0.5333333333333333 2.0 3.58 3 29 1.43 0
0
APP_9_Inner_Layer_0:3 0.2 0.2 0.75 2.84 36 34 3.94 0
0
APP_9_Inner_Layer_1:0 0.6 0.6 2.25 3.59 46 31 3.9 1
1 2 3 4
APP_9_Inner_Layer_2:0 0.3333333333333333 0.3333333333333333 1.25 3.25 8 43 3.33 1
5
APP_9_Inner_Layer_2:1 0.13333333333333333 0.13333333333333333 0.5 1.11 38 24 2.59 1
5
APP_9_Inner_Layer_2:2 0.26666666666666666 0.26666666666666666 1.0 2.92 2 9 3.72 0
5
APP_9_Inner_Layer_3:0 0.26666666666666666 0.26666666666666666 1.0 2.17 6 18 3.44 1
6 7 8
APP_9_Inner_Layer_3:1 0.13333333333333333 0.13333333333333333 0.5 2.4 12 13 1.64 1
6 7 8
APP_9_Inner_Layer_3:2 0.6 0.6 2.25 1.91 42 34 1.08 0
6 7
APP_9_Output_Layer_0 0.4 0.4 1.5 2.75 20 48 3.88 1
9 10 11
