10
10
13
0
APP_0_Input_Layer_0 0.13333333333333333 0.13333333333333333 0.5 2.65 14 25 2.51 1

APP_0_Inner_Layer_0:0 0.6 0.6 2.25 3.36 14 28 1.06 1
0
APP_0_Inner_Layer_0:1 0.13333333333333333 0.13333333333333333 0.5 1.24 46 18 3.44 1
0
APP_0_Inner_Layer_1:0 0.13333333333333333 0.13333333333333333 0.5 3.3 20 45 2.16 0
2
APP_0_Inner_Layer_1:1 0.5333333333333333 0.5333333333333333 2.0 3.2 33 32 2.16 1
2
APP_0_Inner_Layer_1:2 0.6 0.6 2.25 1.71 1 5 1.17 1
1
APP_0_Inner_Layer_2:0 0.3333333333333333 0.3333333333333333 1.25 1.89 44 49 3.54 1
3 4 5
APP_0_Inner_Layer_2:1 0.06666666666666667 0.06666666666666667 0.25 3.62 39 36 2.66 1
5
APP_0_Inner_Layer_3:0 0.13333333333333333 0.13333333333333333 0.5 1.28 2 32 2.22 1
6
APP_0_Inner_Layer_3:1 0.2 0.2 0.75 2.44 13 31 2.44 1
7
APP_0_Inner_Layer_3:2 0.4 0.4 1.5 1.8 25 21 1.72 0
6
APP_0_Inner_Layer_3:3 0.26666666666666666 0.26666666666666666 1.0 3.46 47 12 3.44 0
7
APP_0_Output_Layer_0 0.6 0.6 2.25 3.06 18 6 1.11 1
8 9 10 11
7
0.4396286359021479
APP_1_Input_Layer_0 0.13333333333333333 0.13333333333333333 0.5 1.5 20 11 2.53 1

APP_1_Inner_Layer_0:0 0.2 0.2 0.75 2.84 48 17 1.99 1
0
APP_1_Inner_Layer_1:0 0.2 0.2 0.75 3.7 18 32 3.7 1
1
APP_1_Inner_Layer_2:0 0.6 0.6 2.25 1.2 37 1 1.59 1
2
APP_1_Inner_Layer_3:0 0.4 0.4 1.5 1.99 20 6 2.34 0
3
APP_1_Inner_Layer_3:1 0.4666666666666667 0.4666666666666667 1.75 1.76 39 19 2.25 0
3
APP_1_Output_Layer_0 0.06666666666666667 0.06666666666666667 0.25 3.19 9 27 3.01 1
4 5
5
1.060933379499852
APP_2_Input_Layer_0 0.13333333333333333 0.13333333333333333 0.5 2.68 20 33 2.13 1

APP_2_Inner_Layer_0:0 0.4 0.4 1.5 1.57 43 44 3.86 1
0
APP_2_Inner_Layer_0:1 0.6 0.6 2.25 3.24 12 30 2.11 0
0
APP_2_Inner_Layer_0:2 0.5333333333333333 0.5333333333333333 2.0 2.55 48 7 1.01 1
0
APP_2_Output_Layer_0 0.13333333333333333 0.13333333333333333 0.5 3.9 28 13 3.7 1
1 2 3
9
1.5741997437159454
APP_3_Input_Layer_0 0.4 0.4 1.5 3.09 4 4 2.6 1

APP_3_Inner_Layer_0:0 0.5333333333333333 0.5333333333333333 2.0 1.98 21 46 2.51 1
0
APP_3_Inner_Layer_1:0 0.06666666666666667 0.06666666666666667 0.25 2.38 42 14 1.1 1
1
APP_3_Inner_Layer_1:1 0.6 0.6 2.25 1.35 6 7 3.33 1
1
APP_3_Inner_Layer_2:0 0.5333333333333333 0.5333333333333333 2.0 1.98 45 44 1.35 0
2 3
APP_3_Inner_Layer_2:1 0.4 0.4 1.5 3.67 32 27 1.99 1
2
APP_3_Inner_Layer_2:2 0.6 0.6 2.25 2.23 24 18 1.7 1
2 3
APP_3_Inner_Layer_3:0 0.4666666666666667 0.4666666666666667 1.75 2.96 17 25 1.65 1
4 5 6
APP_3_Output_Layer_0 0.4 0.4 1.5 2.83 27 46 2.73 1
7
3
2.3985785018753156
APP_4_Input_Layer_0 0.5333333333333333 0.5333333333333333 2.0 1.62 42 20 2.33 1

APP_4_Inner_Layer_0:0 0.2 0.2 0.75 3.78 14 3 1.67 1
0
APP_4_Output_Layer_0 0.4666666666666667 0.4666666666666667 1.75 3.95 3 20 2.7 1
1
5
2.9423687916944896
APP_5_Input_Layer_0 0.3333333333333333 0.3333333333333333 1.25 3.9 43 21 3.26 1

APP_5_Inner_Layer_0:0 0.3333333333333333 0.3333333333333333 1.25 3.76 21 18 3.04 0
0
APP_5_Inner_Layer_0:1 0.26666666666666666 0.26666666666666666 1.0 3.15 5 19 2.97 1
0
APP_5_Inner_Layer_0:2 0.2 0.2 0.75 2.54 37 44 3.01 1
0
APP_5_Output_Layer_0 0.4666666666666667 0.4666666666666667 1.75 1.16 17 28 3.13 0
1 2 3
8
3.543477963529367
APP_6_Input_Layer_0 0.5333333333333333 0.5333333333333333 2.0 2.28 25 41 2.65 1

APP_6_Inner_Layer_0:0 0.6 0.6 2.25 2.35 2 21 1.46 0
0
APP_6_Inner_Layer_0:1 0.6 0.6 2.25 3.14 38 21 1.47 1
0
APP_6_Inner_Layer_1:0 0.06666666666666667 0.06666666666666667 0.25 3.65 31 46 3.68 0
1 2
APP_6_Inner_Layer_2:0 0.13333333333333333 0.13333333333333333 0.5 2.29 19 32 1.49 1
3
APP_6_Inner_Layer_2:1 0.4666666666666667 0.4666666666666667 1.75 1.78 15 12 2.88 1
3
APP_6_Inner_Layer_2:2 0.2 0.2 0.75 2.8 47 15 3.86 1
3
APP_6_Output_Layer_0 0.13333333333333333 0.13333333333333333 0.5 1.66 14 44 1.0 1
4 5 6
4
3.947542270089757
APP_7_Input_Layer_0 0.13333333333333333 0.13333333333333333 0.5 3.28 31 36 1.33 1

APP_7_Inner_Layer_0:0 0.13333333333333333 0.13333333333333333 0.5 2.16 16 24 3.85 0
0
APP_7_Inner_Layer_0:1 0.3333333333333333 0.3333333333333333 1.25 2.86 28 13 3.94 0
0
APP_7_Output_Layer_0 0.26666666666666666 0.26666666666666666 1.0 1.92 24 16 3.92 1
1 2
6
4.3395227487556065
APP_8_Input_Layer_0 0.2 0.2 0.75 2.79 15 14 3.86 0

APP_8_Inner_Layer_0:0 0.3333333333333333 0.3333333333333333 1.25 3.2 41 25 3.56 1
0
APP_8_Inner_Layer_0:1 0.5333333333333333 0.5333333333333333 2.0 1.82 39 27 3.24 1
0
APP_8_Inner_Layer_0:2 0.13333333333333333 0.13333333333333333 0.5 3.66 2 43 1.45 0
0
APP_8_Inner_Layer_0:3 0.5333333333333333 0.5333333333333333 2.0 1.24 46 45 3.11 1
0
APP_8_Output_Layer_0 0.13333333333333333 0.13333333333333333 0.5 3.32 36 40 1.1 1
1 2 3 4
5
5.148396512316934
APP_9_Input_Layer_0 0.4 0.4 1.5 3.0 29 2 3.27 1

APP_9_Inner_Layer_0:0 0.26666666666666666 0.26666666666666666 1.0 2.67 43 9 4.0 1
0
APP_9_Inner_Layer_0:1 0.5333333333333333 0.5333333333333333 2.0 2.76 31 9 2.82 0
0
APP_9_Inner_Layer_0:2 0.13333333333333333 0.13333333333333333 0.5 1.65 31 16 1.5 0
0
APP_9_Output_Layer_0 0.13333333333333333 0.13333333333333333 0.5 2.93 4 12 3.99 1
1 2 3
