10
10
3
0
APP_0_Input_Layer_0 0.5333333333333333 0.5333333333333333 2.0 1.96 13 10 3.12 1

APP_0_Inner_Layer_0:0 0.6 0.6 2.25 1.44 3 38 2.03 1
0
APP_0_Output_Layer_0 0.6 0.6 2.25 1.71 24 6 3.39 0
1
12
0.9874731350039986
APP_1_Input_Layer_0 0.4666666666666667 0.4666666666666667 1.75 2.14 41 30 2.1 1

APP_1_Inner_Layer_0:0 0.4 0.4 1.5 3.97 42 1 2.15 1
0
APP_1_Inner_Layer_0:1 0.5333333333333333 0.5333333333333333 2.0 3.53 21 3 2.89 1
0
APP_1_Inner_Layer_1:0 0.4666666666666667 0.4666666666666667 1.75 3.34 41 1 2.57 0
2
APP_1_Inner_Layer_1:1 0.06666666666666667 0.06666666666666667 0.25 2.7 44 3 3.39 1
1
APP_1_Inner_Layer_1:2 0.13333333333333333 0.13333333333333333 0.5 1.06 6 8 3.59 1
2
APP_1_Inner_Layer_2:0 0.3333333333333333 0.3333333333333333 1.25 2.11 6 41 2.54 0
5 4
APP_1_Inner_Layer_2:1 0.26666666666666666 0.26666666666666666 1.0 1.8 16 11 1.92 0
3 4 5
APP_1_Inner_Layer_3:0 0.3333333333333333 0.3333333333333333 1.25 1.86 39 37 3.06 1
7
APP_1_Inner_Layer_3:1 0.06666666666666667 0.06666666666666667 0.25 3.17 30 29 2.38 1
6
APP_1_Inner_Layer_3:2 0.6 0.6 2.25 3.41 36 3 2.25 1
7
APP_1_Output_Layer_0 0.3333333333333333 0.3333333333333333 1.25 1.59 44 3 3.37 1
8 9 10
9
1.6691442738430926
APP_2_Input_Layer_0 0.5333333333333333 0.5333333333333333 2.0 2.66 43 34 1.66 1

APP_2_Inner_Layer_0:0 0.2 0.2 0.75 3.41 18 10 1.47 1
0
APP_2_Inner_Layer_1:0 0.5333333333333333 0.5333333333333333 2.0 1.71 27 16 2.35 1
1
APP_2_Inner_Layer_1:1 0.06666666666666667 0.06666666666666667 0.25 1.85 49 7 1.71 0
1
APP_2_Inner_Layer_1:2 0.4 0.4 1.5 1.98 27 38 3.89 1
1
APP_2_Inner_Layer_2:0 0.2 0.2 0.75 1.87 33 15 2.15 1
2 4
APP_2_Inner_Layer_2:1 0.5333333333333333 0.5333333333333333 2.0 3.79 35 32 1.58 1
3
APP_2_Inner_Layer_3:0 0.4666666666666667 0.4666666666666667 1.75 2.23 11 15 1.32 0
5 6
APP_2_Output_Layer_0 0.6 0.6 2.25 3.31 33 35 1.51 1
7
6
2.247218653792798
APP_3_Input_Layer_0 0.5333333333333333 0.5333333333333333 2.0 3.3 45 16 1.52 1

APP_3_Inner_Layer_0:0 0.2 0.2 0.75 1.32 21 42 1.01 1
0
APP_3_Inner_Layer_0:1 0.4 0.4 1.5 1.16 2 16 2.72 0
0
APP_3_Inner_Layer_0:2 0.4666666666666667 0.4666666666666667 1.75 1.65 43 29 2.4 1
0
APP_3_Inner_Layer_0:3 0.13333333333333333 0.13333333333333333 0.5 1.1 22 3 2.06 0
0
APP_3_Output_Layer_0 0.13333333333333333 0.13333333333333333 0.5 1.99 18 27 1.93 1
1 2 3 4
5
3.2421676409039657
APP_4_Input_Layer_0 0.4666666666666667 0.4666666666666667 1.75 3.94 11 32 2.33 0

APP_4_Inner_Layer_0:0 0.13333333333333333 0.13333333333333333 0.5 3.43 29 4 1.78 1
0
APP_4_Inner_Layer_0:1 0.26666666666666666 0.26666666666666666 1.0 1.56 20 19 1.18 1
0
APP_4_Inner_Layer_0:2 0.26666666666666666 0.26666666666666666 1.0 3.15 25 13 2.33 1
0
APP_4_Output_Layer_0 0.5333333333333333 0.5333333333333333 2.0 2.26 24 3 2.5 1
1 2 3
8
3.979781229799605
APP_5_Input_Layer_0 0.4666666666666667 0.4666666666666667 1.75 2.11 34 45 4.0 1

APP_5_Inner_Layer_0:0 0.2 0.2 0.75 2.48 20 19 3.07 0
0
APP_5_Inner_Layer_0:1 0.5333333333333333 0.5333333333333333 2.0 1.68 14 26 1.52 0
0
APP_5_Inner_Layer_1:0 0.26666666666666666 0.26666666666666666 1.0 1.64 1 27 3.3 0
2
APP_5_Inner_Layer_1:1 0.3333333333333333 0.3333333333333333 1.25 3.71 33 10 1.5 1
1
APP_5_Inner_Layer_1:2 0.06666666666666667 0.06666666666666667 0.25 1.89 45 6 1.45 1
2
APP_5_Inner_Layer_1:3 0.13333333333333333 0.13333333333333333 0.5 1.48 38 35 2.3 0
1
APP_5_Output_Layer_0 0.26666666666666666 0.26666666666666666 1.0 2.72 37 12 3.33 1
3 4 5 6
7
4.434702794059354
APP_6_Input_Layer_0 0.4666666666666667 0.4666666666666667 1.75 3.25 41 29 3.55 1

APP_6_Inner_Layer_0:0 0.2 0.2 0.75 1.41 49 21 1.13 0
0
APP_6_Inner_Layer_1:0 0.3333333333333333 0.3333333333333333 1.25 2.65 44 8 2.76 1
1
APP_6_Inner_Layer_1:1 0.26666666666666666 0.26666666666666666 1.0 3.23 49 14 3.98 1
1
APP_6_Inner_Layer_1:2 0.6 0.6 2.25 3.95 45 32 2.2 1
1
APP_6_Inner_Layer_2:0 0.3333333333333333 0.3333333333333333 1.25 2.06 22 34 3.54 0
2 3 4
APP_6_Output_Layer_0 0.06666666666666667 0.06666666666666667 0.25 1.99 47 32 1.58 1
5
5
4.940028829148533
APP_7_Input_Layer_0 0.3333333333333333 0.3333333333333333 1.25 3.11 18 15 2.61 1

APP_7_Inner_Layer_0:0 0.4666666666666667 0.4666666666666667 1.75 1.06 44 10 2.13 1
0
APP_7_Inner_Layer_0:1 0.3333333333333333 0.3333333333333333 1.25 3.48 37 41 3.22 0
0
APP_7_Inner_Layer_0:2 0.26666666666666666 0.26666666666666666 1.0 3.77 3 8 1.99 1
0
APP_7_Output_Layer_0 0.6 0.6 2.25 3.99 40 43 3.37 0
1 2 3
4
5.510886559695653
APP_8_Input_Layer_0 0.3333333333333333 0.3333333333333333 1.25 3.89 22 41 3.64 1

APP_8_Inner_Layer_0:0 0.13333333333333333 0.13333333333333333 0.5 3.4 41 36 1.61 1
0
APP_8_Inner_Layer_0:1 0.3333333333333333 0.3333333333333333 1.25 1.21 47 32 3.47 1
0
APP_8_Output_Layer_0 0.13333333333333333 0.13333333333333333 0.5 1.93 46 10 2.96 1
1 2
5
5.981698612382253
APP_9_Input_Layer_0 0.5333333333333333 0.5333333333333333 2.0 2.15 40 43 2.58 1

APP_9_Inner_Layer_0:0 0.13333333333333333 0.13333333333333333 0.5 2.86 44 41 2.75 1
0
APP_9_Inner_Layer_0:1 0.26666666666666666 0.26666666666666666 1.0 2.08 9 5 3.65 1
0
APP_9_Inner_Layer_1:0 0.6 0.6 2.25 2.45 9 1 2.42 1
1 2
APP_9_Output_Layer_0 0.2 0.2 0.75 1.68 3 9 2.5 1
3
