10
10
5
0
APP_0_Input_Layer_0 0.4666666666666667 0.4666666666666667 1.75 2.29 44 47 2.2 1

APP_0_Inner_Layer_0:0 0.2 0.2 0.75 2.38 32 28 1.79 1
0
APP_0_Inner_Layer_0:1 0.4 0.4 1.5 1.46 31 31 1.29 0
0
APP_0_Inner_Layer_0:2 0.6 0.6 2.25 2.71 45 11 3.85 1
0
APP_0_Output_Layer_0 0.4 0.4 1.5 2.07 29 35 1.4 0
1 2 3
8
0.8085464126628663
APP_1_Input_Layer_0 0.5333333333333333 0.5333333333333333 2.0 3.52 27 12 3.65 1

APP_1_Inner_Layer_0:0 0.4 0.4 1.5 1.68 25 41 1.04 0
0
APP_1_Inner_Layer_0:1 0.2 0.2 0.75 2.63 14 15 3.14 1
0
APP_1_Inner_Layer_1:0 0.5333333333333333 0.5333333333333333 2.0 2.8 11 45 1.36 1
2
APP_1_Inner_Layer_1:1 0.2 0.2 0.75 1.49 26 22 1.55 1
1 2
APP_1_Inner_Layer_2:0 0.13333333333333333 0.13333333333333333 0.5 3.88 38 13 1.54 1
3 4
APP_1_Inner_Layer_2:1 0.2 0.2 0.75 1.38 24 29 2.21 1
3
APP_1_Output_Layer_0 0.13333333333333333 0.13333333333333333 0.5 3.91 39 1 1.84 1
5 6
10
1.5767044780595838
APP_2_Input_Layer_0 0.4 0.4 1.5 1.63 20 42 3.43 1

APP_2_Inner_Layer_0:0 0.5333333333333333 0.5333333333333333 2.0 1.83 22 44 1.52 1
0
APP_2_Inner_Layer_1:0 0.2 0.2 0.75 2.56 45 48 2.79 0
1
APP_2_Inner_Layer_2:0 0.6 0.6 2.25 3.96 31 28 3.96 1
2
APP_2_Inner_Layer_2:1 0.26666666666666666 0.26666666666666666 1.0 1.69 7 47 2.23 0
2
APP_2_Inner_Layer_3:0 0.4 0.4 1.5 3.81 27 2 2.19 1
3 4
APP_2_Inner_Layer_3:1 0.2 0.2 0.75 1.55 39 36 1.82 1
4
APP_2_Inner_Layer_3:2 0.2 0.2 0.75 2.11 35 45 1.36 1
4
APP_2_Inner_Layer_3:3 0.06666666666666667 0.06666666666666667 0.25 3.17 8 24 1.65 1
4
APP_2_Output_Layer_0 0.26666666666666666 0.26666666666666666 1.0 1.11 31 39 1.39 1
5 6 7 8
10
2.2967404964085065
APP_3_Input_Layer_0 0.5333333333333333 0.5333333333333333 2.0 2.72 48 2 2.9 1

APP_3_Inner_Layer_0:0 0.5333333333333333 0.5333333333333333 2.0 1.91 32 46 1.31 1
0
APP_3_Inner_Layer_1:0 0.2 0.2 0.75 1.56 30 49 2.93 1
1
APP_3_Inner_Layer_1:1 0.2 0.2 0.75 1.84 21 40 2.53 1
1
APP_3_Inner_Layer_1:2 0.2 0.2 0.75 1.18 35 4 1.1 1
1
APP_3_Inner_Layer_2:0 0.4666666666666667 0.4666666666666667 1.75 2.12 31 39 3.75 1
4
APP_3_Inner_Layer_2:1 0.3333333333333333 0.3333333333333333 1.25 2.6 18 25 1.09 1
2 4
APP_3_Inner_Layer_2:2 0.2 0.2 0.75 2.33 1 6 3.58 1
2 3 4
APP_3_Inner_Layer_3:0 0.5333333333333333 0.5333333333333333 2.0 3.69 26 31 2.81 1
5 6 7
APP_3_Output_Layer_0 0.3333333333333333 0.3333333333333333 1.25 2.71 8 41 2.14 1
8
7
2.877859234565893
APP_4_Input_Layer_0 0.4666666666666667 0.4666666666666667 1.75 3.29 31 43 2.78 1

APP_4_Inner_Layer_0:0 0.4666666666666667 0.4666666666666667 1.75 3.0 10 5 3.13 1
0
APP_4_Inner_Layer_0:1 0.06666666666666667 0.06666666666666667 0.25 1.8 2 49 1.68 1
0
APP_4_Inner_Layer_1:0 0.3333333333333333 0.3333333333333333 1.25 2.75 20 4 3.05 1
2
APP_4_Inner_Layer_1:1 0.5333333333333333 0.5333333333333333 2.0 3.57 15 13 2.06 1
2
APP_4_Inner_Layer_1:2 0.4666666666666667 0.4666666666666667 1.75 3.39 33 30 1.86 1
1
APP_4_Output_Layer_0 0.6 0.6 2.25 3.99 3 46 1.8 1
3 4 5
8
3.5526239320531454
APP_5_Input_Layer_0 0.6 0.6 2.25 3.63 40 43 3.79 1

APP_5_Inner_Layer_0:0 0.4666666666666667 0.4666666666666667 1.75 3.79 38 26 3.68 1
0
APP_5_Inner_Layer_0:1 0.2 0.2 0.75 2.66 36 47 3.37 1
0
APP_5_Inner_Layer_0:2 0.06666666666666667 0.06666666666666667 0.25 1.28 40 6 1.53 0
0
APP_5_Inner_Layer_0:3 0.5333333333333333 0.5333333333333333 2.0 2.57 37 22 2.75 1
0
APP_5_Inner_Layer_1:0 0.06666666666666667 0.06666666666666667 0.25 1.83 15 11 2.27 1
3 4
APP_5_Inner_Layer_1:1 0.3333333333333333 0.3333333333333333 1.25 2.33 26 23 2.68 1
1 2
APP_5_Output_Layer_0 0.13333333333333333 0.13333333333333333 0.5 3.15 32 10 3.76 1
5 6
10
4.013794651784253
APP_6_Input_Layer_0 0.13333333333333333 0.13333333333333333 0.5 3.65 41 20 2.53 1

APP_6_Inner_Layer_0:0 0.3333333333333333 0.3333333333333333 1.25 2.43 24 40 1.37 1
0
APP_6_Inner_Layer_0:1 0.5333333333333333 0.5333333333333333 2.0 2.52 41 5 3.72 0
0
APP_6_Inner_Layer_1:0 0.5333333333333333 0.5333333333333333 2.0 2.63 30 25 1.98 1
1
APP_6_Inner_Layer_1:1 0.6 0.6 2.25 3.13 27 30 1.84 1
1 2
APP_6_Inner_Layer_2:0 0.6 0.6 2.25 1.29 8 37 2.58 1
3
APP_6_Inner_Layer_2:1 0.26666666666666666 0.26666666666666666 1.0 3.28 1 2 2.1 1
3 4
APP_6_Inner_Layer_3:0 0.2 0.2 0.75 3.96 31 1 3.99 1
6
APP_6_Inner_Layer_3:1 0.06666666666666667 0.06666666666666667 0.25 3.23 33 14 2.13 1
5
APP_6_Output_Layer_0 0.4 0.4 1.5 3.52 38 9 2.1 1
7 8
3
4.7538509656327745
APP_7_Input_Layer_0 0.6 0.6 2.25 1.66 20 41 2.65 1

APP_7_Inner_Layer_0:0 0.2 0.2 0.75 3.18 9 40 1.91 0
0
APP_7_Output_Layer_0 0.5333333333333333 0.5333333333333333 2.0 3.57 22 3 2.03 0
1
6
5.472211496471036
APP_8_Input_Layer_0 0.06666666666666667 0.06666666666666667 0.25 3.1 11 28 3.64 1

APP_8_Inner_Layer_0:0 0.26666666666666666 0.26666666666666666 1.0 3.22 18 28 3.16 1
0
APP_8_Inner_Layer_0:1 0.5333333333333333 0.5333333333333333 2.0 2.45 30 23 2.26 1
0
APP_8_Inner_Layer_0:2 0.26666666666666666 0.26666666666666666 1.0 1.24 21 19 3.92 0
0
APP_8_Inner_Layer_0:3 0.13333333333333333 0.13333333333333333 0.5 3.07 3 5 1.0 1
0
APP_8_Output_Layer_0 0.13333333333333333 0.13333333333333333 0.5 2.11 2 9 2.01 1
1 2 3 4
8
6.27342584510526
APP_9_Input_Layer_0 0.4 0.4 1.5 1.53 13 34 1.83 1

APP_9_Inner_Layer_0:0 0.4 0.4 1.5 3.4 46 3 2.32 1
0
APP_9_Inner_Layer_0:1 0.26666666666666666 0.26666666666666666 1.0 2.19 3 45 3.0 1
0
APP_9_Inner_Layer_1:0 0.06666666666666667 0.06666666666666667 0.25 2.88 48 32 2.27 1
1
APP_9_Inner_Layer_1:1 0.4666666666666667 0.4666666666666667 1.75 2.74 10 2 1.4 0
1 2
APP_9_Inner_Layer_1:2 0.4666666666666667 0.4666666666666667 1.75 2.22 16 31 1.11 1
1
APP_9_Inner_Layer_1:3 0.4666666666666667 0.4666666666666667 1.75 3.76 42 7 3.7 1
1 2
APP_9_Output_Layer_0 0.3333333333333333 0.3333333333333333 1.25 1.5 10 9 3.33 1
3 4 5 6
