10
10
4
0
APP_0_Input_Layer_0 0.3333333333333333 0.3333333333333333 1.25 1.13 4 21 1.1 1

APP_0_Inner_Layer_0:0 0.4 0.4 1.5 2.75 26 17 2.1 1
0
APP_0_Inner_Layer_0:1 0.2 0.2 0.75 2.95 42 28 2.07 0
0
APP_0_Output_Layer_0 0.06666666666666667 0.06666666666666667 0.25 1.79 46 9 1.45 1
1 2
3
0.49633079740361247
APP_1_Input_Layer_0 0.13333333333333333 0.13333333333333333 0.5 3.36 34 37 1.74 1

APP_1_Inner_Layer_0:0 0.4666666666666667 0.4666666666666667 1.75 2.4 29 26 3.98 1
0
APP_1_Output_Layer_0 0.4666666666666667 0.4666666666666667 1.75 2.1 7 38 1.78 1
1
11
1.2104550173939743
APP_2_Input_Layer_0 0.26666666666666666 0.26666666666666666 1.0 1.47 33 15 2.46 0

APP_2_Inner_Layer_0:0 0.3333333333333333 0.3333333333333333 1.25 1.54 7 8 2.76 1
0
APP_2_Inner_Layer_0:1 0.3333333333333333 0.3333333333333333 1.25 2.89 26 40 2.96 0
0
APP_2_Inner_Layer_0:2 0.2 0.2 0.75 2.33 44 13 1.9 1
0
APP_2_Inner_Layer_1:0 0.13333333333333333 0.13333333333333333 0.5 1.38 8 8 1.68 1
1 2
APP_2_Inner_Layer_1:1 0.2 0.2 0.75 1.67 48 11 3.36 1
2
APP_2_Inner_Layer_1:2 0.3333333333333333 0.3333333333333333 1.25 3.38 17 11 1.28 0
1 2
APP_2_Inner_Layer_1:3 0.6 0.6 2.25 2.0 47 16 2.45 0
2 3
APP_2_Inner_Layer_2:0 0.26666666666666666 0.26666666666666666 1.0 2.86 15 6 3.44 1
4 5 6 7
APP_2_Inner_Layer_2:1 0.06666666666666667 0.06666666666666667 0.25 1.44 9 21 2.58 1
4
APP_2_Output_Layer_0 0.3333333333333333 0.3333333333333333 1.25 3.79 3 27 1.35 1
8 9
11
1.6341258743329334
APP_3_Input_Layer_0 0.6 0.6 2.25 2.45 43 25 2.41 1

APP_3_Inner_Layer_0:0 0.3333333333333333 0.3333333333333333 1.25 2.42 20 35 2.2 1
0
APP_3_Inner_Layer_0:1 0.6 0.6 2.25 2.52 20 38 3.46 0
0
APP_3_Inner_Layer_1:0 0.4 0.4 1.5 3.27 10 12 1.85 0
1
APP_3_Inner_Layer_1:1 0.06666666666666667 0.06666666666666667 0.25 2.92 30 38 3.7 0
2
APP_3_Inner_Layer_1:2 0.06666666666666667 0.06666666666666667 0.25 2.76 33 36 2.33 1
1 2
APP_3_Inner_Layer_2:0 0.5333333333333333 0.5333333333333333 2.0 3.37 11 43 1.23 1
3
APP_3_Inner_Layer_2:1 0.2 0.2 0.75 3.47 8 27 1.46 1
5
APP_3_Inner_Layer_2:2 0.5333333333333333 0.5333333333333333 2.0 3.77 29 48 1.49 1
3 4 5
APP_3_Inner_Layer_3:0 0.5333333333333333 0.5333333333333333 2.0 1.63 22 34 2.1 1
6 7 8
APP_3_Output_Layer_0 0.4 0.4 1.5 2.04 25 45 2.69 0
9
9
2.062577167720068
APP_4_Input_Layer_0 0.6 0.6 2.25 3.64 2 25 2.63 1

APP_4_Inner_Layer_0:0 0.2 0.2 0.75 1.71 10 39 1.51 1
0
APP_4_Inner_Layer_1:0 0.4 0.4 1.5 2.85 30 24 2.6 1
1
APP_4_Inner_Layer_1:1 0.6 0.6 2.25 2.06 6 43 3.78 0
1
APP_4_Inner_Layer_2:0 0.4 0.4 1.5 2.03 20 47 3.47 0
3
APP_4_Inner_Layer_2:1 0.6 0.6 2.25 3.9 6 47 1.49 0
3
APP_4_Inner_Layer_2:2 0.3333333333333333 0.3333333333333333 1.25 2.17 42 40 1.29 1
2 3
APP_4_Inner_Layer_2:3 0.26666666666666666 0.26666666666666666 1.0 2.9 4 44 2.66 1
3
APP_4_Output_Layer_0 0.5333333333333333 0.5333333333333333 2.0 3.71 12 10 2.8 1
4 5 6 7
8
2.478387182519544
APP_5_Input_Layer_0 0.6 0.6 2.25 2.13 10 36 3.14 1

APP_5_Inner_Layer_0:0 0.6 0.6 2.25 1.49 31 12 1.52 1
0
APP_5_Inner_Layer_0:1 0.3333333333333333 0.3333333333333333 1.25 1.52 15 48 3.29 1
0
APP_5_Inner_Layer_1:0 0.5333333333333333 0.5333333333333333 2.0 4.0 45 45 3.77 1
1 2
APP_5_Inner_Layer_2:0 0.6 0.6 2.25 1.81 49 38 3.29 1
3
APP_5_Inner_Layer_2:1 0.2 0.2 0.75 2.19 21 21 3.04 0
3
APP_5_Inner_Layer_3:0 0.6 0.6 2.25 2.54 23 33 1.27 1
4 5
APP_5_Output_Layer_0 0.3333333333333333 0.3333333333333333 1.25 3.78 47 25 3.06 1
6
6
2.9079669721168546
APP_6_Input_Layer_0 0.5333333333333333 0.5333333333333333 2.0 3.52 41 19 2.27 1

APP_6_Inner_Layer_0:0 0.13333333333333333 0.13333333333333333 0.5 3.44 3 17 1.3 1
0
APP_6_Inner_Layer_0:1 0.5333333333333333 0.5333333333333333 2.0 3.6 36 17 2.82 1
0
APP_6_Inner_Layer_0:2 0.6 0.6 2.25 2.46 3 33 2.74 1
0
APP_6_Inner_Layer_1:0 0.13333333333333333 0.13333333333333333 0.5 3.27 38 20 3.88 1
1 2 3
APP_6_Output_Layer_0 0.4 0.4 1.5 1.09 45 4 1.32 1
4
4
3.2890257921533603
APP_7_Input_Layer_0 0.2 0.2 0.75 2.16 26 31 1.28 0

APP_7_Inner_Layer_0:0 0.2 0.2 0.75 3.25 1 6 2.33 0
0
APP_7_Inner_Layer_1:0 0.2 0.2 0.75 3.4 12 22 1.5 1
1
APP_7_Output_Layer_0 0.5333333333333333 0.5333333333333333 2.0 2.4 16 49 3.47 1
2
9
3.6691257364812326
APP_8_Input_Layer_0 0.4666666666666667 0.4666666666666667 1.75 2.59 15 24 1.71 1

APP_8_Inner_Layer_0:0 0.06666666666666667 0.06666666666666667 0.25 3.0 46 32 1.14 1
0
APP_8_Inner_Layer_1:0 0.26666666666666666 0.26666666666666666 1.0 3.92 12 44 1.8 1
1
APP_8_Inner_Layer_2:0 0.3333333333333333 0.3333333333333333 1.25 2.63 19 41 3.97 0
2
APP_8_Inner_Layer_2:1 0.4666666666666667 0.4666666666666667 1.75 3.34 45 2 1.13 0
2
APP_8_Inner_Layer_2:2 0.3333333333333333 0.3333333333333333 1.25 2.24 23 10 2.17 1
2
APP_8_Inner_Layer_3:0 0.13333333333333333 0.13333333333333333 0.5 1.61 15 11 3.16 0
4 5
APP_8_Inner_Layer_3:1 0.6 0.6 2.25 2.01 45 44 3.04 1
3
APP_8_Output_Layer_0 0.26666666666666666 0.26666666666666666 1.0 1.31 45 39 3.54 1
6 7
6
4.3712420066720625
APP_9_Input_Layer_0 0.13333333333333333 0.13333333333333333 0.5 3.37 37 42 2.97 0

APP_9_Inner_Layer_0:0 0.4666666666666667 0.4666666666666667 1.75 3.82 10 20 1.89 1
0
APP_9_Inner_Layer_0:1 0.2 0.2 0.75 3.19 17 3 1.15 1
0
APP_9_Inner_Layer_0:2 0.06666666666666667 0.06666666666666667 0.25 3.32 9 8 1.59 1
0
APP_9_Inner_Layer_0:3 0.2 0.2 0.75 2.61 3 29 2.06 1
0
APP_9_Output_Layer_0 0.26666666666666666 0.26666666666666666 1.0 3.79 28 3 2.45 0
1 2 3 4
