10
10
11
0
APP_0_Input_Layer_0 0.6 0.6 2.25 2.54 46 25 1.64 1

APP_0_Inner_Layer_0:0 0.4 0.4 1.5 1.0 48 36 2.57 0
0
APP_0_Inner_Layer_0:1 0.6 0.6 2.25 1.8 17 19 3.48 0
0
APP_0_Inner_Layer_0:2 0.6 0.6 2.25 1.3 28 41 1.48 1
0
APP_0_Inner_Layer_0:3 0.26666666666666666 0.26666666666666666 1.0 2.02 25 44 2.61 1
0
APP_0_Inner_Layer_1:0 0.4666666666666667 0.4666666666666667 1.75 3.53 26 5 1.28 1
1 3 4
APP_0_Inner_Layer_1:1 0.5333333333333333 0.5333333333333333 2.0 3.51 11 36 3.41 0
2 3 4
APP_0_Inner_Layer_1:2 0.5333333333333333 0.5333333333333333 2.0 2.73 25 43 2.09 0
1
APP_0_Inner_Layer_2:0 0.06666666666666667 0.06666666666666667 0.25 3.08 15 37 3.55 1
5 6
APP_0_Inner_Layer_2:1 0.5333333333333333 0.5333333333333333 2.0 1.35 24 27 1.27 1
7
APP_0_Output_Layer_0 0.06666666666666667 0.06666666666666667 0.25 1.35 44 4 1.27 1
8 9
5
0.38502953844765925
APP_1_Input_Layer_0 0.5333333333333333 0.5333333333333333 2.0 1.24 19 22 1.7 1

APP_1_Inner_Layer_0:0 0.06666666666666667 0.06666666666666667 0.25 2.16 27 10 1.88 0
0
APP_1_Inner_Layer_0:1 0.06666666666666667 0.06666666666666667 0.25 1.57 18 42 1.84 1
0
APP_1_Inner_Layer_0:2 0.6 0.6 2.25 2.97 3 30 3.03 0
0
APP_1_Output_Layer_0 0.26666666666666666 0.26666666666666666 1.0 1.31 44 31 1.49 0
1 2 3
10
1.3470554276013016
APP_2_Input_Layer_0 0.6 0.6 2.25 1.7 33 44 3.57 1

APP_2_Inner_Layer_0:0 0.3333333333333333 0.3333333333333333 1.25 3.52 23 21 1.99 1
0
APP_2_Inner_Layer_0:1 0.5333333333333333 0.5333333333333333 2.0 1.82 22 17 3.6 1
0
APP_2_Inner_Layer_0:2 0.26666666666666666 0.26666666666666666 1.0 1.79 39 32 1.13 0
0
APP_2_Inner_Layer_1:0 0.13333333333333333 0.13333333333333333 0.5 3.02 14 30 1.88 0
2
APP_2_Inner_Layer_1:1 0.6 0.6 2.25 1.16 25 4 1.29 1
1 2
APP_2_Inner_Layer_1:2 0.3333333333333333 0.3333333333333333 1.25 1.53 30 5 3.7 0
3
APP_2_Inner_Layer_2:0 0.5333333333333333 0.5333333333333333 2.0 2.24 27 4 1.21 0
4 5 6
APP_2_Inner_Layer_2:1 0.4 0.4 1.5 2.05 45 31 1.76 1
5
APP_2_Output_Layer_0 0.6 0.6 2.25 2.27 48 16 3.52 1
7 8
6
1.7465155932546694
APP_3_Input_Layer_0 0.5333333333333333 0.5333333333333333 2.0 1.56 35 10 3.19 0

APP_3_Inner_Layer_0:0 0.13333333333333333 0.13333333333333333 0.5 2.39 22 31 3.48 0
0
APP_3_Inner_Layer_0:1 0.4 0.4 1.5 2.5 36 18 3.27 1
0
APP_3_Inner_Layer_0:2 0.3333333333333333 0.3333333333333333 1.25 3.58 48 20 1.42 0
0
APP_3_Inner_Layer_0:3 0.5333333333333333 0.5333333333333333 2.0 2.69 42 36 2.22 1
0
APP_3_Output_Layer_0 0.4666666666666667 0.4666666666666667 1.75 1.67 14 20 1.33 1
1 2 3 4
11
2.415320539607053
APP_4_Input_Layer_0 0.5333333333333333 0.5333333333333333 2.0 2.62 45 29 1.77 1

APP_4_Inner_Layer_0:0 0.06666666666666667 0.06666666666666667 0.25 3.73 17 1 2.78 1
0
APP_4_Inner_Layer_0:1 0.26666666666666666 0.26666666666666666 1.0 1.5 15 40 3.4 1
0
APP_4_Inner_Layer_0:2 0.2 0.2 0.75 2.15 36 12 2.19 0
0
APP_4_Inner_Layer_0:3 0.5333333333333333 0.5333333333333333 2.0 2.38 41 21 1.39 1
0
APP_4_Inner_Layer_1:0 0.13333333333333333 0.13333333333333333 0.5 3.81 14 32 3.18 1
2 3
APP_4_Inner_Layer_1:1 0.6 0.6 2.25 3.46 32 5 4.0 0
3
APP_4_Inner_Layer_1:2 0.26666666666666666 0.26666666666666666 1.0 2.83 28 36 3.19 1
2 3
APP_4_Inner_Layer_1:3 0.4666666666666667 0.4666666666666667 1.75 3.21 23 7 2.95 1
1 4
APP_4_Inner_Layer_2:0 0.06666666666666667 0.06666666666666667 0.25 3.87 31 32 1.25 1
5 6 7 8
APP_4_Output_Layer_0 0.3333333333333333 0.3333333333333333 1.25 1.85 28 19 1.29 1
9
8
2.8478420437265894
APP_5_Input_Layer_0 0.06666666666666667 0.06666666666666667 0.25 2.34 12 30 1.97 1

APP_5_Inner_Layer_0:0 0.3333333333333333 0.3333333333333333 1.25 3.33 34 37 2.13 1
0
APP_5_Inner_Layer_0:1 0.5333333333333333 0.5333333333333333 2.0 2.52 35 32 1.5 1
0
APP_5_Inner_Layer_1:0 0.06666666666666667 0.06666666666666667 0.25 3.21 3 1 3.54 0
2
APP_5_Inner_Layer_1:1 0.3333333333333333 0.3333333333333333 1.25 3.23 25 1 1.44 1
1
APP_5_Inner_Layer_2:0 0.5333333333333333 0.5333333333333333 2.0 3.1 13 35 3.1 0
3 4
APP_5_Inner_Layer_2:1 0.13333333333333333 0.13333333333333333 0.5 2.48 41 1 2.89 0
3
APP_5_Output_Layer_0 0.6 0.6 2.25 2.69 46 4 2.98 1
5 6
14
3.3141923741342576
APP_6_Input_Layer_0 0.5333333333333333 0.5333333333333333 2.0 3.93 39 44 1.47 1

APP_6_Inner_Layer_0:0 0.6 0.6 2.25 1.83 29 6 2.13 1
0
APP_6_Inner_Layer_0:1 0.6 0.6 2.25 1.96 33 14 2.53 1
0
APP_6_Inner_Layer_0:2 0.06666666666666667 0.06666666666666667 0.25 1.73 2 45 1.12 0
0
APP_6_Inner_Layer_0:3 0.3333333333333333 0.3333333333333333 1.25 3.99 5 4 3.48 0
0
APP_6_Inner_Layer_1:0 0.3333333333333333 0.3333333333333333 1.25 2.62 20 18 1.78 1
1 2 3 4
APP_6_Inner_Layer_1:1 0.06666666666666667 0.06666666666666667 0.25 1.86 3 5 1.75 1
1 3
APP_6_Inner_Layer_1:2 0.4 0.4 1.5 2.5 18 47 3.16 1
2
APP_6_Inner_Layer_1:3 0.2 0.2 0.75 3.02 23 25 3.85 1
2 3
APP_6_Inner_Layer_2:0 0.13333333333333333 0.13333333333333333 0.5 1.2 10 9 2.96 0
5 6 7 8
APP_6_Inner_Layer_3:0 0.26666666666666666 0.26666666666666666 1.0 3.78 42 12 3.71 1
9
APP_6_Inner_Layer_3:1 0.06666666666666667 0.06666666666666667 0.25 3.23 19 26 3.63 1
9
APP_6_Inner_Layer_3:2 0.6 0.6 2.25 1.97 5 21 2.82 1
9
APP_6_Output_Layer_0 0.13333333333333333 0.13333333333333333 0.5 3.64 7 12 2.24 1
10 11 12
9
3.7558880755514217
APP_7_Input_Layer_0 0.6 0.6 2.25 3.81 32 28 1.55 1

APP_7_Inner_Layer_0:0 0.4 0.4 1.5 3.19 1 30 1.33 1
0
APP_7_Inner_Layer_1:0 0.13333333333333333 0.13333333333333333 0.5 2.25 40 27 3.62 0
1
APP_7_Inner_Layer_1:1 0.6 0.6 2.25 3.48 35 44 3.17 0
1
APP_7_Inner_Layer_2:0 0.13333333333333333 0.13333333333333333 0.5 2.2 27 24 2.2 1
2
APP_7_Inner_Layer_2:1 0.4 0.4 1.5 2.95 22 46 2.48 1
2 3
APP_7_Inner_Layer_2:2 0.4 0.4 1.5 3.43 16 26 2.61 1
3
APP_7_Inner_Layer_2:3 0.06666666666666667 0.06666666666666667 0.25 1.2 43 8 3.68 1
2
APP_7_Output_Layer_0 0.13333333333333333 0.13333333333333333 0.5 3.93 32 43 1.05 1
4 5 6 7
7
4.203772444052842
APP_8_Input_Layer_0 0.5333333333333333 0.5333333333333333 2.0 2.15 37 42 2.56 1

APP_8_Inner_Layer_0:0 0.2 0.2 0.75 3.44 25 13 3.66 0
0
APP_8_Inner_Layer_0:1 0.13333333333333333 0.13333333333333333 0.5 3.28 48 44 3.92 1
0
APP_8_Inner_Layer_0:2 0.4 0.4 1.5 2.77 28 9 1.1 0
0
APP_8_Inner_Layer_1:0 0.06666666666666667 0.06666666666666667 0.25 1.33 17 12 3.4 1
3
APP_8_Inner_Layer_1:1 0.26666666666666666 0.26666666666666666 1.0 2.86 36 35 1.01 0
1 2
APP_8_Output_Layer_0 0.06666666666666667 0.06666666666666667 0.25 1.55 29 29 1.77 1
4 5
10
5.053799715442718
APP_9_Input_Layer_0 0.4666666666666667 0.4666666666666667 1.75 2.75 9 12 3.02 1

APP_9_Inner_Layer_0:0 0.6 0.6 2.25 3.95 46 26 2.7 1
0
APP_9_Inner_Layer_0:1 0.6 0.6 2.25 3.91 31 31 2.95 1
0
APP_9_Inner_Layer_0:2 0.3333333333333333 0.3333333333333333 1.25 3.91 2 38 2.52 0
0
APP_9_Inner_Layer_0:3 0.06666666666666667 0.06666666666666667 0.25 2.2 16 21 3.7 1
0
APP_9_Inner_Layer_1:0 0.3333333333333333 0.3333333333333333 1.25 1.81 15 44 1.61 0
1 3
APP_9_Inner_Layer_1:1 0.6 0.6 2.25 1.16 7 2 2.15 1
1 3 4
APP_9_Inner_Layer_1:2 0.06666666666666667 0.06666666666666667 0.25 1.88 31 33 2.15 1
1 2 3
APP_9_Inner_Layer_1:3 0.5333333333333333 0.5333333333333333 2.0 3.44 41 24 2.39 1
4
APP_9_Output_Layer_0 0.4 0.4 1.5 2.21 43 32 3.74 1
5 6 7 8
