10
10
6
0
APP_0_Input_Layer_0 0.3333333333333333 0.3333333333333333 1.25 2.05 10 23 3.8 1

APP_0_Inner_Layer_0:0 0.13333333333333333 0.13333333333333333 0.5 3.58 9 39 1.19 1
0
APP_0_Inner_Layer_0:1 0.3333333333333333 0.3333333333333333 1.25 3.24 24 39 3.73 1
0
APP_0_Inner_Layer_0:2 0.26666666666666666 0.26666666666666666 1.0 3.26 40 17 1.58 1
0
APP_0_Inner_Layer_0:3 0.06666666666666667 0.06666666666666667 0.25 1.84 13 47 2.02 1
0
APP_0_Output_Layer_0 0.3333333333333333 0.3333333333333333 1.25 3.56 4 13 2.67 1
1 2 3 4
8
0.9932013921887282
APP_1_Input_Layer_0 0.3333333333333333 0.3333333333333333 1.25 2.66 26 38 1.78 1

APP_1_Inner_Layer_0:0 0.13333333333333333 0.13333333333333333 0.5 2.06 19 24 2.72 0
0
APP_1_Inner_Layer_1:0 0.06666666666666667 0.06666666666666667 0.25 2.78 16 15 3.96 1
1
APP_1_Inner_Layer_1:1 0.06666666666666667 0.06666666666666667 0.25 2.04 5 28 1.97 1
1
APP_1_Inner_Layer_1:2 0.6 0.6 2.25 3.0 11 4 1.98 1
1
APP_1_Inner_Layer_1:3 0.13333333333333333 0.13333333333333333 0.5 2.54 31 44 3.81 1
1
APP_1_Inner_Layer_2:0 0.3333333333333333 0.3333333333333333 1.25 3.24 31 45 3.11 1
2 3 4 5
APP_1_Output_Layer_0 0.26666666666666666 0.26666666666666666 1.0 3.83 39 36 3.62 1
6
5
1.5811606999921688
APP_2_Input_Layer_0 0.13333333333333333 0.13333333333333333 0.5 1.81 14 36 1.25 0

APP_2_Inner_Layer_0:0 0.4666666666666667 0.4666666666666667 1.75 1.13 23 14 2.23 1
0
APP_2_Inner_Layer_0:1 0.06666666666666667 0.06666666666666667 0.25 2.66 5 34 2.21 0
0
APP_2_Inner_Layer_0:2 0.26666666666666666 0.26666666666666666 1.0 3.06 30 4 1.21 0
0
APP_2_Output_Layer_0 0.3333333333333333 0.3333333333333333 1.25 3.14 41 33 2.71 1
1 2 3
5
2.2137488457598185
APP_3_Input_Layer_0 0.2 0.2 0.75 1.86 8 38 2.11 1

APP_3_Inner_Layer_0:0 0.06666666666666667 0.06666666666666667 0.25 3.69 19 23 3.32 1
0
APP_3_Inner_Layer_0:1 0.6 0.6 2.25 3.53 47 1 3.4 1
0
APP_3_Inner_Layer_1:0 0.13333333333333333 0.13333333333333333 0.5 1.1 22 19 2.12 1
1 2
APP_3_Output_Layer_0 0.3333333333333333 0.3333333333333333 1.25 2.52 28 2 2.66 1
3
13
2.750412218701225
APP_4_Input_Layer_0 0.4 0.4 1.5 2.82 26 39 1.09 1

APP_4_Inner_Layer_0:0 0.3333333333333333 0.3333333333333333 1.25 2.59 48 5 1.65 1
0
APP_4_Inner_Layer_0:1 0.2 0.2 0.75 3.16 16 22 1.97 0
0
APP_4_Inner_Layer_0:2 0.4666666666666667 0.4666666666666667 1.75 1.78 29 41 1.86 1
0
APP_4_Inner_Layer_0:3 0.4666666666666667 0.4666666666666667 1.75 3.71 21 38 2.01 1
0
APP_4_Inner_Layer_1:0 0.3333333333333333 0.3333333333333333 1.25 2.08 31 35 2.05 0
1 4
APP_4_Inner_Layer_1:1 0.06666666666666667 0.06666666666666667 0.25 1.85 19 26 3.74 1
1 2 3
APP_4_Inner_Layer_1:2 0.06666666666666667 0.06666666666666667 0.25 1.44 46 14 1.35 1
3
APP_4_Inner_Layer_2:0 0.6 0.6 2.25 1.14 48 1 3.27 0
6 7
APP_4_Inner_Layer_2:1 0.5333333333333333 0.5333333333333333 2.0 3.57 13 44 3.48 1
6
APP_4_Inner_Layer_2:2 0.13333333333333333 0.13333333333333333 0.5 1.6 44 41 2.48 1
5
APP_4_Inner_Layer_2:3 0.4 0.4 1.5 1.63 1 37 2.43 0
6 7
APP_4_Output_Layer_0 0.2 0.2 0.75 2.16 35 7 3.33 0
8 9 10 11
6
3.3622216086765873
APP_5_Input_Layer_0 0.5333333333333333 0.5333333333333333 2.0 3.99 28 21 1.14 0

APP_5_Inner_Layer_0:0 0.6 0.6 2.25 1.38 40 44 1.05 0
0
APP_5_Inner_Layer_0:1 0.6 0.6 2.25 1.31 13 25 2.03 1
0
APP_5_Inner_Layer_1:0 0.6 0.6 2.25 2.28 45 4 3.13 1
2
APP_5_Inner_Layer_1:1 0.4 0.4 1.5 3.92 23 28 2.66 0
1
APP_5_Output_Layer_0 0.06666666666666667 0.06666666666666667 0.25 1.19 11 37 2.3 0
3 4
9
3.75228938843194
APP_6_Input_Layer_0 0.4 0.4 1.5 2.64 18 31 2.22 1

APP_6_Inner_Layer_0:0 0.2 0.2 0.75 3.36 46 37 3.57 1
0
APP_6_Inner_Layer_1:0 0.06666666666666667 0.06666666666666667 0.25 1.74 6 8 3.6 1
1
APP_6_Inner_Layer_2:0 0.26666666666666666 0.26666666666666666 1.0 3.74 31 23 3.09 1
2
APP_6_Inner_Layer_2:1 0.06666666666666667 0.06666666666666667 0.25 3.27 40 7 1.26 1
2
APP_6_Inner_Layer_2:2 0.6 0.6 2.25 2.08 45 21 3.61 1
2
APP_6_Inner_Layer_3:0 0.6 0.6 2.25 3.89 17 2 3.06 1
3
APP_6_Inner_Layer_3:1 0.2 0.2 0.75 3.86 34 19 1.08 1
4 5
APP_6_Output_Layer_0 0.5333333333333333 0.5333333333333333 2.0 1.89 41 26 3.65 1
6 7
5
4.298003470317403
APP_7_Input_Layer_0 0.2 0.2 0.75 1.82 18 6 2.37 1

APP_7_Inner_Layer_0:0 0.5333333333333333 0.5333333333333333 2.0 3.86 14 29 3.78 0
0
APP_7_Inner_Layer_0:1 0.13333333333333333 0.13333333333333333 0.5 3.19 21 20 1.06 1
0
APP_7_Inner_Layer_0:2 0.26666666666666666 0.26666666666666666 1.0 3.63 45 32 1.15 0
0
APP_7_Output_Layer_0 0.6 0.6 2.25 3.84 36 5 2.17 1
1 2 3
6
5.167409694342391
APP_8_Input_Layer_0 0.13333333333333333 0.13333333333333333 0.5 2.91 15 20 1.09 1

APP_8_Inner_Layer_0:0 0.26666666666666666 0.26666666666666666 1.0 2.31 25 9 3.18 1
0
APP_8_Inner_Layer_0:1 0.13333333333333333 0.13333333333333333 0.5 1.87 2 6 3.03 0
0
APP_8_Inner_Layer_0:2 0.26666666666666666 0.26666666666666666 1.0 2.74 40 43 2.8 1
0
APP_8_Inner_Layer_0:3 0.5333333333333333 0.5333333333333333 2.0 2.86 9 29 3.1 0
0
APP_8_Output_Layer_0 0.5333333333333333 0.5333333333333333 2.0 2.06 20 49 3.42 1
1 2 3 4
15
5.665479063414725
APP_9_Input_Layer_0 0.3333333333333333 0.3333333333333333 1.25 3.74 21 37 2.97 1

APP_9_Inner_Layer_0:0 0.13333333333333333 0.13333333333333333 0.5 3.11 4 41 1.85 1
0
APP_9_Inner_Layer_0:1 0.3333333333333333 0.3333333333333333 1.25 3.68 2 16 2.09 1
0
APP_9_Inner_Layer_0:2 0.4 0.4 1.5 3.33 35 17 2.57 0
0
APP_9_Inner_Layer_1:0 0.2 0.2 0.75 2.47 32 36 1.76 1
1
APP_9_Inner_Layer_1:1 0.4666666666666667 0.4666666666666667 1.75 1.09 1 14 1.63 1
3
APP_9_Inner_Layer_1:2 0.13333333333333333 0.13333333333333333 0.5 1.79 28 43 1.51 1
1
APP_9_Inner_Layer_1:3 0.3333333333333333 0.3333333333333333 1.25 1.21 13 38 2.59 1
2
APP_9_Inner_Layer_2:0 0.5333333333333333 0.5333333333333333 2.0 1.14 4 22 2.41 1
7
APP_9_Inner_Layer_2:1 0.3333333333333333 0.3333333333333333 1.25 2.5 33 14 3.75 1
5 6 7
APP_9_Inner_Layer_2:2 0.13333333333333333 0.13333333333333333 0.5 1.75 17 34 2.82 1
4 5
APP_9_Inner_Layer_3:0 0.26666666666666666 0.26666666666666666 1.0 3.2 20 9 3.33 1
8 9
APP_9_Inner_Layer_3:1 0.2 0.2 0.75 3.8 48 33 1.12 0
8 10
APP_9_Inner_Layer_3:2 0.26666666666666666 0.26666666666666666 1.0 3.42 13 34 1.95 1
10
APP_9_Output_Layer_0 0.6 0.6 2.25 3.38 36 12 1.61 1
11 12 13
