10
15
11
0
APP_0_Input_Layer_0 0.4 0.4 1.5 2.26 10 5 2.81 1

APP_0_Inner_Layer_0:0 0.26666666666666666 0.26666666666666666 1.0 3.0 13 2 1.71 1
0
APP_0_Inner_Layer_0:1 0.26666666666666666 0.26666666666666666 1.0 3.45 13 46 2.11 1
0
APP_0_Inner_Layer_0:2 0.4666666666666667 0.4666666666666667 1.75 1.23 43 35 2.42 1
0
APP_0_Inner_Layer_0:3 0.5333333333333333 0.5333333333333333 2.0 3.3 12 4 2.81 1
0
APP_0_Inner_Layer_1:0 0.5333333333333333 0.5333333333333333 2.0 3.65 3 13 1.66 1
1 2 3 4
APP_0_Inner_Layer_2:0 0.4 0.4 1.5 3.65 43 35 1.25 0
5
APP_0_Inner_Layer_2:1 0.06666666666666667 0.06666666666666667 0.25 3.94 19 3 1.71 1
5
APP_0_Inner_Layer_2:2 0.6 0.6 2.25 1.93 39 12 1.73 0
5
APP_0_Inner_Layer_2:3 0.4666666666666667 0.4666666666666667 1.75 2.28 24 30 1.2 1
5
APP_0_Output_Layer_0 0.2 0.2 0.75 2.37 5 35 1.38 1
6 7 8 9
3
0.2575796948833318
APP_1_Input_Layer_0 0.5333333333333333 0.5333333333333333 2.0 2.7 41 32 3.69 1

APP_1_Inner_Layer_0:0 0.5333333333333333 0.5333333333333333 2.0 1.43 36 25 1.87 0
0
APP_1_Output_Layer_0 0.5333333333333333 0.5333333333333333 2.0 1.9 4 20 1.68 1
1
17
0.7158918058798512
APP_2_Input_Layer_0 0.06666666666666667 0.06666666666666667 0.25 1.22 32 6 2.54 0

APP_2_Inner_Layer_0:0 0.4 0.4 1.5 1.1 34 8 3.37 1
0
APP_2_Inner_Layer_0:1 0.3333333333333333 0.3333333333333333 1.25 1.01 39 27 2.11 1
0
APP_2_Inner_Layer_0:2 0.4 0.4 1.5 3.58 40 38 1.68 1
0
APP_2_Inner_Layer_0:3 0.26666666666666666 0.26666666666666666 1.0 3.44 19 17 2.49 1
0
APP_2_Inner_Layer_1:0 0.06666666666666667 0.06666666666666667 0.25 1.01 49 19 3.81 1
1 2 3
APP_2_Inner_Layer_1:1 0.06666666666666667 0.06666666666666667 0.25 3.32 43 45 1.28 1
4
APP_2_Inner_Layer_1:2 0.3333333333333333 0.3333333333333333 1.25 2.6 1 14 2.84 1
2 3 4
APP_2_Inner_Layer_2:0 0.2 0.2 0.75 2.55 44 28 3.54 1
7
APP_2_Inner_Layer_2:1 0.4666666666666667 0.4666666666666667 1.75 2.4 43 12 1.3 1
5
APP_2_Inner_Layer_2:2 0.2 0.2 0.75 2.64 29 9 1.15 0
6
APP_2_Inner_Layer_2:3 0.26666666666666666 0.26666666666666666 1.0 1.67 35 20 2.91 1
5 6 7
APP_2_Inner_Layer_3:0 0.4666666666666667 0.4666666666666667 1.75 1.87 15 28 2.67 1
11
APP_2_Inner_Layer_3:1 0.4 0.4 1.5 1.04 19 40 3.2 1
10 11
APP_2_Inner_Layer_3:2 0.06666666666666667 0.06666666666666667 0.25 1.71 44 2 3.2 1
8 9 10
APP_2_Inner_Layer_3:3 0.5333333333333333 0.5333333333333333 2.0 1.58 24 20 1.52 0
8 9 10
APP_2_Output_Layer_0 0.26666666666666666 0.26666666666666666 1.0 1.49 13 10 3.46 1
12 13 14 15
10
0.9803635648514468
APP_3_Input_Layer_0 0.6 0.6 2.25 2.59 14 3 3.0 1

APP_3_Inner_Layer_0:0 0.4 0.4 1.5 2.74 25 17 3.61 0
0
APP_3_Inner_Layer_0:1 0.13333333333333333 0.13333333333333333 0.5 1.59 7 7 2.81 0
0
APP_3_Inner_Layer_0:2 0.26666666666666666 0.26666666666666666 1.0 2.64 42 34 1.96 0
0
APP_3_Inner_Layer_0:3 0.26666666666666666 0.26666666666666666 1.0 1.25 21 42 3.45 0
0
APP_3_Inner_Layer_1:0 0.2 0.2 0.75 3.46 24 23 3.63 1
2 3 4
APP_3_Inner_Layer_1:1 0.06666666666666667 0.06666666666666667 0.25 2.72 29 23 3.26 0
2 3
APP_3_Inner_Layer_1:2 0.4 0.4 1.5 1.21 26 2 1.61 0
2
APP_3_Inner_Layer_1:3 0.5333333333333333 0.5333333333333333 2.0 2.02 10 24 3.67 1
1 3
APP_3_Output_Layer_0 0.4666666666666667 0.4666666666666667 1.75 3.18 12 38 2.37 1
5 6 7 8
5
1.4061049247763908
APP_4_Input_Layer_0 0.13333333333333333 0.13333333333333333 0.5 2.21 23 16 1.16 1

APP_4_Inner_Layer_0:0 0.4666666666666667 0.4666666666666667 1.75 3.89 11 38 2.44 0
0
APP_4_Inner_Layer_0:1 0.26666666666666666 0.26666666666666666 1.0 3.51 27 47 2.29 1
0
APP_4_Inner_Layer_0:2 0.4 0.4 1.5 2.59 4 18 3.7 0
0
APP_4_Output_Layer_0 0.4666666666666667 0.4666666666666667 1.75 2.09 42 34 2.22 1
1 2 3
3
1.7431226566421512
APP_5_Input_Layer_0 0.6 0.6 2.25 1.24 41 15 2.63 1

APP_5_Inner_Layer_0:0 0.13333333333333333 0.13333333333333333 0.5 1.21 24 3 2.52 1
0
APP_5_Output_Layer_0 0.5333333333333333 0.5333333333333333 2.0 3.11 2 4 2.36 1
1
5
2.0275965050718545
APP_6_Input_Layer_0 0.5333333333333333 0.5333333333333333 2.0 3.43 34 21 1.96 1

APP_6_Inner_Layer_0:0 0.06666666666666667 0.06666666666666667 0.25 1.39 16 41 3.85 0
0
APP_6_Inner_Layer_0:1 0.26666666666666666 0.26666666666666666 1.0 2.87 22 2 1.8 1
0
APP_6_Inner_Layer_0:2 0.13333333333333333 0.13333333333333333 0.5 1.41 16 39 2.24 1
0
APP_6_Output_Layer_0 0.3333333333333333 0.3333333333333333 1.25 1.28 35 32 2.68 1
1 2 3
6
2.295388761882844
APP_7_Input_Layer_0 0.2 0.2 0.75 3.05 27 46 1.21 1

APP_7_Inner_Layer_0:0 0.5333333333333333 0.5333333333333333 2.0 1.51 36 13 2.12 1
0
APP_7_Inner_Layer_0:1 0.4666666666666667 0.4666666666666667 1.75 3.78 5 26 2.57 1
0
APP_7_Inner_Layer_0:2 0.26666666666666666 0.26666666666666666 1.0 2.48 29 27 3.9 1
0
APP_7_Inner_Layer_0:3 0.06666666666666667 0.06666666666666667 0.25 1.88 46 40 2.46 0
0
APP_7_Output_Layer_0 0.13333333333333333 0.13333333333333333 0.5 2.36 9 22 1.31 1
1 2 3 4
8
2.5911923663493326
APP_8_Input_Layer_0 0.2 0.2 0.75 2.59 1 19 1.75 1

APP_8_Inner_Layer_0:0 0.13333333333333333 0.13333333333333333 0.5 2.28 6 12 3.49 0
0
APP_8_Inner_Layer_0:1 0.3333333333333333 0.3333333333333333 1.25 2.5 41 1 1.97 1
0
APP_8_Inner_Layer_0:2 0.26666666666666666 0.26666666666666666 1.0 3.99 9 23 3.44 0
0
APP_8_Inner_Layer_0:3 0.2 0.2 0.75 1.45 23 23 2.25 1
0
APP_8_Inner_Layer_1:0 0.4666666666666667 0.4666666666666667 1.75 2.78 30 42 3.62 1
4
APP_8_Inner_Layer_1:1 0.2 0.2 0.75 2.22 10 47 1.27 1
1 2 3
APP_8_Output_Layer_0 0.3333333333333333 0.3333333333333333 1.25 2.0 31 42 1.16 1
5 6
10
2.9599159463549447
APP_9_Input_Layer_0 0.4666666666666667 0.4666666666666667 1.75 1.34 7 11 2.19 1

APP_9_Inner_Layer_0:0 0.3333333333333333 0.3333333333333333 1.25 1.57 36 17 3.93 1
0
APP_9_Inner_Layer_0:1 0.06666666666666667 0.06666666666666667 0.25 1.35 46 46 1.43 0
0
APP_9_Inner_Layer_1:0 0.3333333333333333 0.3333333333333333 1.25 1.61 46 19 1.47 0
1 2
APP_9_Inner_Layer_1:1 0.26666666666666666 0.26666666666666666 1.0 2.68 47 12 2.42 1
1
APP_9_Inner_Layer_2:0 0.4666666666666667 0.4666666666666667 1.75 1.22 3 10 2.81 0
3 4
APP_9_Inner_Layer_3:0 0.13333333333333333 0.13333333333333333 0.5 3.9 47 41 3.76 1
5
APP_9_Inner_Layer_3:1 0.3333333333333333 0.3333333333333333 1.25 2.36 33 24 1.9 0
5
APP_9_Inner_Layer_3:2 0.4666666666666667 0.4666666666666667 1.75 3.46 37 45 1.33 1
5
APP_9_Output_Layer_0 0.06666666666666667 0.06666666666666667 0.25 2.56 21 6 2.44 1
6 7 8
6
3.2233443828214328
APP_10_Input_Layer_0 0.2 0.2 0.75 2.66 1 43 1.51 1

APP_10_Inner_Layer_0:0 0.4666666666666667 0.4666666666666667 1.75 2.05 29 32 2.35 1
0
APP_10_Inner_Layer_0:1 0.4 0.4 1.5 3.6 24 39 2.65 1
0
APP_10_Inner_Layer_1:0 0.6 0.6 2.25 1.55 36 30 1.05 1
1 2
APP_10_Inner_Layer_1:1 0.6 0.6 2.25 1.82 30 31 3.29 1
2
APP_10_Output_Layer_0 0.13333333333333333 0.13333333333333333 0.5 1.91 40 2 1.06 1
3 4
8
3.5170549972068432
APP_11_Input_Layer_0 0.6 0.6 2.25 3.77 35 40 1.11 1

APP_11_Inner_Layer_0:0 0.26666666666666666 0.26666666666666666 1.0 2.89 33 32 1.1 1
0
APP_11_Inner_Layer_1:0 0.3333333333333333 0.3333333333333333 1.25 3.49 21 31 1.1 1
1
APP_11_Inner_Layer_1:1 0.13333333333333333 0.13333333333333333 0.5 1.81 20 33 3.16 0
1
APP_11_Inner_Layer_1:2 0.2 0.2 0.75 3.69 28 44 2.61 0
1
APP_11_Inner_Layer_2:0 0.26666666666666666 0.26666666666666666 1.0 2.0 12 29 2.61 1
4
APP_11_Inner_Layer_2:1 0.13333333333333333 0.13333333333333333 0.5 3.79 30 19 1.28 0
2 3
APP_11_Output_Layer_0 0.26666666666666666 0.26666666666666666 1.0 3.5 19 33 3.75 1
5 6
8
3.8241018604101638
APP_12_Input_Layer_0 0.4666666666666667 0.4666666666666667 1.75 1.44 6 18 2.32 1

APP_12_Inner_Layer_0:0 0.2 0.2 0.75 1.13 24 41 3.21 0
0
APP_12_Inner_Layer_1:0 0.4 0.4 1.5 2.56 31 6 1.26 1
1
APP_12_Inner_Layer_1:1 0.4 0.4 1.5 2.07 1 44 1.89 1
1
APP_12_Inner_Layer_1:2 0.13333333333333333 0.13333333333333333 0.5 1.6 35 36 2.63 0
1
APP_12_Inner_Layer_2:0 0.2 0.2 0.75 2.07 3 22 2.89 1
2 3 4
APP_12_Inner_Layer_3:0 0.6 0.6 2.25 2.63 26 19 2.05 1
5
APP_12_Output_Layer_0 0.06666666666666667 0.06666666666666667 0.25 1.71 35 43 1.01 1
6
5
4.128794369954394
APP_13_Input_Layer_0 0.06666666666666667 0.06666666666666667 0.25 3.68 26 38 3.16 1

APP_13_Inner_Layer_0:0 0.4 0.4 1.5 1.31 18 21 1.29 0
0
APP_13_Inner_Layer_0:1 0.4666666666666667 0.4666666666666667 1.75 1.12 3 41 1.22 0
0
APP_13_Inner_Layer_1:0 0.26666666666666666 0.26666666666666666 1.0 1.35 42 12 3.76 0
1 2
APP_13_Output_Layer_0 0.13333333333333333 0.13333333333333333 0.5 3.7 7 16 1.55 0
3
6
4.397600735785818
APP_14_Input_Layer_0 0.6 0.6 2.25 1.47 14 35 2.92 1

APP_14_Inner_Layer_0:0 0.26666666666666666 0.26666666666666666 1.0 2.15 16 38 1.02 1
0
APP_14_Inner_Layer_0:1 0.13333333333333333 0.13333333333333333 0.5 2.4 13 44 2.88 1
0
APP_14_Inner_Layer_0:2 0.06666666666666667 0.06666666666666667 0.25 1.49 37 34 3.05 0
0
APP_14_Inner_Layer_0:3 0.06666666666666667 0.06666666666666667 0.25 1.35 24 40 1.65 1
0
APP_14_Output_Layer_0 0.2 0.2 0.75 3.94 28 19 2.63 1
1 2 3 4
