10
15
14
0
APP_0_Input_Layer_0 0.06666666666666667 0.06666666666666667 0.25 2.12 39 30 2.72 1

APP_0_Inner_Layer_0:0 0.3333333333333333 0.3333333333333333 1.25 1.85 44 11 2.49 0
0
APP_0_Inner_Layer_0:1 0.06666666666666667 0.06666666666666667 0.25 2.01 18 25 1.73 1
0
APP_0_Inner_Layer_1:0 0.06666666666666667 0.06666666666666667 0.25 2.89 15 34 3.48 1
1
APP_0_Inner_Layer_1:1 0.06666666666666667 0.06666666666666667 0.25 1.73 26 39 3.96 0
2
APP_0_Inner_Layer_2:0 0.13333333333333333 0.13333333333333333 0.5 1.86 28 35 1.41 1
3 4
APP_0_Inner_Layer_2:1 0.2 0.2 0.75 1.95 36 2 1.38 0
4
APP_0_Inner_Layer_2:2 0.2 0.2 0.75 3.49 37 15 3.22 0
3
APP_0_Inner_Layer_2:3 0.13333333333333333 0.13333333333333333 0.5 3.76 34 46 1.86 0
3
APP_0_Inner_Layer_3:0 0.3333333333333333 0.3333333333333333 1.25 3.28 49 5 1.13 1
8
APP_0_Inner_Layer_3:1 0.4 0.4 1.5 3.96 24 8 2.98 1
5 6 7 8
APP_0_Inner_Layer_3:2 0.4 0.4 1.5 1.88 45 36 3.02 1
6
APP_0_Inner_Layer_3:3 0.3333333333333333 0.3333333333333333 1.25 1.08 28 30 1.34 1
5 6 8
APP_0_Output_Layer_0 0.06666666666666667 0.06666666666666667 0.25 1.64 45 24 1.23 1
9 10 11 12
8
0.41980303670993857
APP_1_Input_Layer_0 0.4 0.4 1.5 2.97 24 42 2.94 1

APP_1_Inner_Layer_0:0 0.13333333333333333 0.13333333333333333 0.5 3.85 7 9 1.05 0
0
APP_1_Inner_Layer_0:1 0.4666666666666667 0.4666666666666667 1.75 3.04 29 32 2.96 0
0
APP_1_Inner_Layer_1:0 0.26666666666666666 0.26666666666666666 1.0 2.03 34 43 2.71 0
1 2
APP_1_Inner_Layer_2:0 0.4 0.4 1.5 2.56 44 23 2.16 1
3
APP_1_Inner_Layer_2:1 0.3333333333333333 0.3333333333333333 1.25 3.39 49 4 1.58 1
3
APP_1_Inner_Layer_3:0 0.2 0.2 0.75 1.02 19 37 1.99 1
4 5
APP_1_Output_Layer_0 0.06666666666666667 0.06666666666666667 0.25 1.52 24 45 3.68 1
6
8
0.7178911943942283
APP_2_Input_Layer_0 0.13333333333333333 0.13333333333333333 0.5 2.04 48 11 3.15 1

APP_2_Inner_Layer_0:0 0.3333333333333333 0.3333333333333333 1.25 3.56 13 8 3.24 1
0
APP_2_Inner_Layer_0:1 0.2 0.2 0.75 3.47 17 42 2.58 0
0
APP_2_Inner_Layer_1:0 0.2 0.2 0.75 1.1 11 35 2.17 1
1 2
APP_2_Inner_Layer_2:0 0.4 0.4 1.5 3.01 31 2 3.41 1
3
APP_2_Inner_Layer_2:1 0.6 0.6 2.25 2.59 12 17 3.3 1
3
APP_2_Inner_Layer_2:2 0.2 0.2 0.75 2.64 40 2 1.49 0
3
APP_2_Output_Layer_0 0.26666666666666666 0.26666666666666666 1.0 1.71 10 25 1.04 1
4 5 6
4
0.9875115880641865
APP_3_Input_Layer_0 0.6 0.6 2.25 1.6 43 5 1.55 1

APP_3_Inner_Layer_0:0 0.3333333333333333 0.3333333333333333 1.25 1.78 29 34 3.8 0
0
APP_3_Inner_Layer_0:1 0.13333333333333333 0.13333333333333333 0.5 1.64 21 41 2.04 1
0
APP_3_Output_Layer_0 0.26666666666666666 0.26666666666666666 1.0 2.6 42 24 3.96 1
1 2
11
1.3078827663310477
APP_4_Input_Layer_0 0.4666666666666667 0.4666666666666667 1.75 1.48 31 40 3.52 1

APP_4_Inner_Layer_0:0 0.06666666666666667 0.06666666666666667 0.25 1.11 10 22 3.66 1
0
APP_4_Inner_Layer_1:0 0.4666666666666667 0.4666666666666667 1.75 1.88 48 45 2.13 1
1
APP_4_Inner_Layer_1:1 0.5333333333333333 0.5333333333333333 2.0 3.21 38 2 1.45 0
1
APP_4_Inner_Layer_1:2 0.26666666666666666 0.26666666666666666 1.0 1.95 23 47 2.81 1
1
APP_4_Inner_Layer_1:3 0.5333333333333333 0.5333333333333333 2.0 3.84 8 24 1.81 0
1
APP_4_Inner_Layer_2:0 0.5333333333333333 0.5333333333333333 2.0 3.78 14 1 3.76 1
3
APP_4_Inner_Layer_2:1 0.06666666666666667 0.06666666666666667 0.25 3.28 24 40 3.44 1
3 4 5
APP_4_Inner_Layer_2:2 0.4 0.4 1.5 2.33 17 19 2.83 1
2 4
APP_4_Inner_Layer_3:0 0.26666666666666666 0.26666666666666666 1.0 3.22 28 33 1.4 1
6 7 8
APP_4_Output_Layer_0 0.3333333333333333 0.3333333333333333 1.25 1.45 24 38 3.97 1
9
9
1.69413679126612
APP_5_Input_Layer_0 0.13333333333333333 0.13333333333333333 0.5 2.11 26 14 3.89 1

APP_5_Inner_Layer_0:0 0.4666666666666667 0.4666666666666667 1.75 2.76 39 46 3.61 1
0
APP_5_Inner_Layer_0:1 0.5333333333333333 0.5333333333333333 2.0 2.05 23 18 1.97 1
0
APP_5_Inner_Layer_0:2 0.26666666666666666 0.26666666666666666 1.0 3.93 2 1 3.55 0
0
APP_5_Inner_Layer_0:3 0.06666666666666667 0.06666666666666667 0.25 1.71 41 45 3.53 0
0
APP_5_Inner_Layer_1:0 0.2 0.2 0.75 3.02 38 39 1.4 1
2
APP_5_Inner_Layer_1:1 0.2 0.2 0.75 3.21 47 47 2.81 0
1 2 4
APP_5_Inner_Layer_1:2 0.3333333333333333 0.3333333333333333 1.25 2.87 42 7 3.12 1
3 4
APP_5_Output_Layer_0 0.6 0.6 2.25 1.7 48 15 1.94 1
5 6 7
15
2.23861727266552
APP_6_Input_Layer_0 0.13333333333333333 0.13333333333333333 0.5 1.89 13 36 2.97 1

APP_6_Inner_Layer_0:0 0.13333333333333333 0.13333333333333333 0.5 1.37 7 42 1.01 0
0
APP_6_Inner_Layer_0:1 0.26666666666666666 0.26666666666666666 1.0 3.31 45 13 3.75 1
0
APP_6_Inner_Layer_1:0 0.6 0.6 2.25 3.33 40 44 3.56 0
1
APP_6_Inner_Layer_1:1 0.13333333333333333 0.13333333333333333 0.5 2.76 28 45 3.65 0
2
APP_6_Inner_Layer_1:2 0.4 0.4 1.5 2.65 13 31 3.27 0
1 2
APP_6_Inner_Layer_1:3 0.6 0.6 2.25 3.78 20 49 3.49 1
1
APP_6_Inner_Layer_2:0 0.3333333333333333 0.3333333333333333 1.25 3.26 18 46 2.79 1
3 6
APP_6_Inner_Layer_2:1 0.2 0.2 0.75 2.37 11 20 1.52 0
3 6
APP_6_Inner_Layer_2:2 0.06666666666666667 0.06666666666666667 0.25 2.11 4 18 3.46 1
3
APP_6_Inner_Layer_2:3 0.13333333333333333 0.13333333333333333 0.5 2.74 28 41 2.37 0
4 5 6
APP_6_Inner_Layer_3:0 0.3333333333333333 0.3333333333333333 1.25 2.7 47 11 3.64 1
7 8 9 10
APP_6_Inner_Layer_3:1 0.5333333333333333 0.5333333333333333 2.0 1.07 48 38 1.52 1
7 10
APP_6_Inner_Layer_3:2 0.13333333333333333 0.13333333333333333 0.5 1.75 6 7 1.07 1
8
APP_6_Output_Layer_0 0.4666666666666667 0.4666666666666667 1.75 1.11 38 13 3.43 1
11 12 13
11
2.853774053142661
APP_7_Input_Layer_0 0.2 0.2 0.75 3.34 14 45 3.35 1

APP_7_Inner_Layer_0:0 0.6 0.6 2.25 2.91 19 44 1.35 1
0
APP_7_Inner_Layer_0:1 0.2 0.2 0.75 3.66 38 20 3.01 1
0
APP_7_Inner_Layer_1:0 0.3333333333333333 0.3333333333333333 1.25 2.43 23 10 2.77 1
1
APP_7_Inner_Layer_1:1 0.06666666666666667 0.06666666666666667 0.25 2.41 28 27 2.12 1
1 2
APP_7_Inner_Layer_1:2 0.26666666666666666 0.26666666666666666 1.0 2.79 44 29 1.79 0
2
APP_7_Inner_Layer_2:0 0.4 0.4 1.5 1.12 3 27 1.66 1
3 5
APP_7_Inner_Layer_2:1 0.4666666666666667 0.4666666666666667 1.75 2.63 2 25 2.25 0
3 5
APP_7_Inner_Layer_2:2 0.3333333333333333 0.3333333333333333 1.25 2.08 16 33 1.83 1
4
APP_7_Inner_Layer_2:3 0.06666666666666667 0.06666666666666667 0.25 3.42 38 13 1.82 1
3 5
APP_7_Output_Layer_0 0.6 0.6 2.25 3.62 8 19 1.42 1
6 7 8 9
8
3.1065109438389373
APP_8_Input_Layer_0 0.26666666666666666 0.26666666666666666 1.0 1.52 15 23 3.94 1

APP_8_Inner_Layer_0:0 0.2 0.2 0.75 1.87 16 9 1.33 0
0
APP_8_Inner_Layer_0:1 0.4 0.4 1.5 1.24 29 31 3.32 1
0
APP_8_Inner_Layer_0:2 0.06666666666666667 0.06666666666666667 0.25 1.32 44 35 1.53 1
0
APP_8_Inner_Layer_1:0 0.5333333333333333 0.5333333333333333 2.0 2.14 48 42 1.98 0
1 2 3
APP_8_Inner_Layer_2:0 0.13333333333333333 0.13333333333333333 0.5 2.23 32 6 2.18 0
4
APP_8_Inner_Layer_3:0 0.4 0.4 1.5 1.23 5 2 3.33 1
5
APP_8_Output_Layer_0 0.13333333333333333 0.13333333333333333 0.5 2.72 9 26 2.33 1
6
3
3.4635511931801193
APP_9_Input_Layer_0 0.26666666666666666 0.26666666666666666 1.0 1.58 33 32 3.71 1

APP_9_Inner_Layer_0:0 0.06666666666666667 0.06666666666666667 0.25 3.14 32 4 2.65 1
0
APP_9_Output_Layer_0 0.6 0.6 2.25 1.7 13 24 1.47 1
1
15
3.8818176150752204
APP_10_Input_Layer_0 0.2 0.2 0.75 2.8 21 41 1.09 1

APP_10_Inner_Layer_0:0 0.2 0.2 0.75 3.21 22 30 3.23 1
0
APP_10_Inner_Layer_0:1 0.26666666666666666 0.26666666666666666 1.0 2.29 11 15 1.86 1
0
APP_10_Inner_Layer_0:2 0.5333333333333333 0.5333333333333333 2.0 1.46 16 20 1.24 1
0
APP_10_Inner_Layer_1:0 0.4 0.4 1.5 1.27 12 43 1.82 1
2
APP_10_Inner_Layer_1:1 0.3333333333333333 0.3333333333333333 1.25 1.08 12 10 2.0 1
1 2 3
APP_10_Inner_Layer_1:2 0.06666666666666667 0.06666666666666667 0.25 3.46 28 11 3.42 1
1
APP_10_Inner_Layer_1:3 0.4666666666666667 0.4666666666666667 1.75 3.61 37 40 1.32 1
2 3
APP_10_Inner_Layer_2:0 0.26666666666666666 0.26666666666666666 1.0 3.43 35 17 2.58 1
6 7
APP_10_Inner_Layer_2:1 0.26666666666666666 0.26666666666666666 1.0 3.76 33 45 2.35 1
4 5
APP_10_Inner_Layer_3:0 0.4666666666666667 0.4666666666666667 1.75 2.88 34 13 1.76 1
8 9
APP_10_Inner_Layer_3:1 0.3333333333333333 0.3333333333333333 1.25 3.02 6 17 3.77 1
8
APP_10_Inner_Layer_3:2 0.3333333333333333 0.3333333333333333 1.25 3.46 44 40 3.07 1
9
APP_10_Inner_Layer_3:3 0.26666666666666666 0.26666666666666666 1.0 2.52 15 17 3.61 1
8
APP_10_Output_Layer_0 0.5333333333333333 0.5333333333333333 2.0 2.52 12 39 3.95 1
10 11 12 13
5
4.221851884071396
APP_11_Input_Layer_0 0.26666666666666666 0.26666666666666666 1.0 2.07 31 41 1.32 1

APP_11_Inner_Layer_0:0 0.4666666666666667 0.4666666666666667 1.75 3.53 16 44 1.13 1
0
APP_11_Inner_Layer_0:1 0.4 0.4 1.5 2.21 14 19 2.9 0
0
APP_11_Inner_Layer_0:2 0.6 0.6 2.25 3.44 31 23 2.62 0
0
APP_11_Output_Layer_0 0.13333333333333333 0.13333333333333333 0.5 3.84 28 24 2.64 1
1 2 3
5
4.658761747167106
APP_12_Input_Layer_0 0.26666666666666666 0.26666666666666666 1.0 3.34 10 6 3.45 1

APP_12_Inner_Layer_0:0 0.26666666666666666 0.26666666666666666 1.0 2.98 18 45 1.04 1
0
APP_12_Inner_Layer_0:1 0.06666666666666667 0.06666666666666667 0.25 1.54 22 1 3.74 0
0
APP_12_Inner_Layer_0:2 0.5333333333333333 0.5333333333333333 2.0 1.32 31 3 1.9 1
0
APP_12_Output_Layer_0 0.5333333333333333 0.5333333333333333 2.0 2.31 3 1 3.12 1
1 2 3
10
4.9416575505194364
APP_13_Input_Layer_0 0.6 0.6 2.25 1.36 5 16 3.0 1

APP_13_Inner_Layer_0:0 0.26666666666666666 0.26666666666666666 1.0 1.68 31 22 3.29 1
0
APP_13_Inner_Layer_0:1 0.13333333333333333 0.13333333333333333 0.5 1.61 28 21 3.94 1
0
APP_13_Inner_Layer_0:2 0.2 0.2 0.75 2.13 40 20 1.44 1
0
APP_13_Inner_Layer_1:0 0.13333333333333333 0.13333333333333333 0.5 1.86 26 25 1.08 1
1 2
APP_13_Inner_Layer_1:1 0.5333333333333333 0.5333333333333333 2.0 3.28 35 17 1.94 1
3
APP_13_Inner_Layer_1:2 0.13333333333333333 0.13333333333333333 0.5 2.59 16 14 2.8 0
2
APP_13_Inner_Layer_2:0 0.5333333333333333 0.5333333333333333 2.0 2.46 41 23 1.95 1
5
APP_13_Inner_Layer_2:1 0.13333333333333333 0.13333333333333333 0.5 3.76 15 29 3.52 1
4 6
APP_13_Output_Layer_0 0.4666666666666667 0.4666666666666667 1.75 1.15 30 2 2.82 1
7 8
9
5.212268874088471
APP_14_Input_Layer_0 0.5333333333333333 0.5333333333333333 2.0 2.62 8 37 2.36 1

APP_14_Inner_Layer_0:0 0.06666666666666667 0.06666666666666667 0.25 2.27 1 20 3.66 1
0
APP_14_Inner_Layer_0:1 0.6 0.6 2.25 1.16 40 35 2.71 0
0
APP_14_Inner_Layer_0:2 0.5333333333333333 0.5333333333333333 2.0 3.14 43 13 2.19 0
0
APP_14_Inner_Layer_1:0 0.2 0.2 0.75 2.75 15 24 3.51 1
2 3
APP_14_Inner_Layer_1:1 0.06666666666666667 0.06666666666666667 0.25 2.7 4 40 1.39 1
1
APP_14_Inner_Layer_2:0 0.13333333333333333 0.13333333333333333 0.5 1.63 49 5 2.94 1
4
APP_14_Inner_Layer_2:1 0.4 0.4 1.5 3.94 19 22 2.95 1
4 5
APP_14_Output_Layer_0 0.4666666666666667 0.4666666666666667 1.75 1.69 30 4 2.23 1
6 7
