10
15
9
0
APP_0_Input_Layer_0 0.26666666666666666 0.26666666666666666 1.0 3.26 37 45 1.27 1

APP_0_Inner_Layer_0:0 0.6 0.6 2.25 2.97 12 36 2.72 0
0
APP_0_Inner_Layer_0:1 0.06666666666666667 0.06666666666666667 0.25 1.61 48 2 3.45 1
0
APP_0_Inner_Layer_0:2 0.13333333333333333 0.13333333333333333 0.5 3.79 48 31 2.96 0
0
APP_0_Inner_Layer_1:0 0.3333333333333333 0.3333333333333333 1.25 1.26 1 14 3.51 1
3
APP_0_Inner_Layer_1:1 0.13333333333333333 0.13333333333333333 0.5 3.4 23 2 1.31 1
1
APP_0_Inner_Layer_1:2 0.13333333333333333 0.13333333333333333 0.5 1.85 46 17 2.0 1
2 3
APP_0_Inner_Layer_1:3 0.4 0.4 1.5 2.05 46 40 1.09 0
1
APP_0_Output_Layer_0 0.3333333333333333 0.3333333333333333 1.25 2.02 3 28 1.78 0
4 5 6 7
5
0.393382193345373
APP_1_Input_Layer_0 0.26666666666666666 0.26666666666666666 1.0 1.5 29 12 2.71 1

APP_1_Inner_Layer_0:0 0.4 0.4 1.5 3.98 22 46 1.66 1
0
APP_1_Inner_Layer_1:0 0.4666666666666667 0.4666666666666667 1.75 3.21 31 9 2.8 1
1
APP_1_Inner_Layer_1:1 0.5333333333333333 0.5333333333333333 2.0 2.74 45 48 3.27 1
1
APP_1_Output_Layer_0 0.13333333333333333 0.13333333333333333 0.5 3.46 43 19 3.8 1
2 3
10
0.9251573606501504
APP_2_Input_Layer_0 0.6 0.6 2.25 2.12 8 20 1.61 1

APP_2_Inner_Layer_0:0 0.13333333333333333 0.13333333333333333 0.5 2.92 29 21 2.11 1
0
APP_2_Inner_Layer_1:0 0.13333333333333333 0.13333333333333333 0.5 3.3 32 12 2.28 1
1
APP_2_Inner_Layer_1:1 0.2 0.2 0.75 2.66 23 28 1.61 1
1
APP_2_Inner_Layer_2:0 0.13333333333333333 0.13333333333333333 0.5 1.49 7 7 1.43 1
2 3
APP_2_Inner_Layer_3:0 0.13333333333333333 0.13333333333333333 0.5 1.93 41 23 1.35 0
4
APP_2_Inner_Layer_3:1 0.2 0.2 0.75 2.24 37 42 3.73 1
4
APP_2_Inner_Layer_3:2 0.4666666666666667 0.4666666666666667 1.75 1.36 26 11 2.59 1
4
APP_2_Inner_Layer_3:3 0.4 0.4 1.5 1.61 36 22 2.2 1
4
APP_2_Output_Layer_0 0.6 0.6 2.25 3.92 26 28 2.18 1
5 6 7 8
9
1.3019418090329156
APP_3_Input_Layer_0 0.4 0.4 1.5 1.14 5 23 3.07 1

APP_3_Inner_Layer_0:0 0.06666666666666667 0.06666666666666667 0.25 2.75 17 23 2.82 0
0
APP_3_Inner_Layer_0:1 0.5333333333333333 0.5333333333333333 2.0 1.62 28 44 2.78 1
0
APP_3_Inner_Layer_1:0 0.13333333333333333 0.13333333333333333 0.5 3.18 42 47 1.17 1
1
APP_3_Inner_Layer_1:1 0.6 0.6 2.25 3.3 18 11 1.21 0
2
APP_3_Inner_Layer_2:0 0.5333333333333333 0.5333333333333333 2.0 2.76 40 15 3.53 0
4
APP_3_Inner_Layer_2:1 0.06666666666666667 0.06666666666666667 0.25 3.84 10 41 3.59 1
3
APP_3_Inner_Layer_3:0 0.26666666666666666 0.26666666666666666 1.0 1.02 41 43 1.63 1
5 6
APP_3_Output_Layer_0 0.26666666666666666 0.26666666666666666 1.0 2.31 48 12 3.7 1
7
4
1.6743320407567517
APP_4_Input_Layer_0 0.2 0.2 0.75 3.33 22 20 1.39 1

APP_4_Inner_Layer_0:0 0.4666666666666667 0.4666666666666667 1.75 2.8 29 45 1.73 0
0
APP_4_Inner_Layer_1:0 0.13333333333333333 0.13333333333333333 0.5 1.37 12 29 2.7 0
1
APP_4_Output_Layer_0 0.26666666666666666 0.26666666666666666 1.0 1.24 37 18 1.89 1
2
4
1.9247657189017409
APP_5_Input_Layer_0 0.4 0.4 1.5 3.41 17 34 2.11 1

APP_5_Inner_Layer_0:0 0.2 0.2 0.75 3.51 23 38 3.67 0
0
APP_5_Inner_Layer_0:1 0.4 0.4 1.5 2.81 44 25 2.37 1
0
APP_5_Output_Layer_0 0.06666666666666667 0.06666666666666667 0.25 1.75 43 38 3.94 1
1 2
11
2.34486675080146
APP_6_Input_Layer_0 0.6 0.6 2.25 1.77 8 6 3.86 1

APP_6_Inner_Layer_0:0 0.4666666666666667 0.4666666666666667 1.75 2.91 24 37 2.5 1
0
APP_6_Inner_Layer_0:1 0.5333333333333333 0.5333333333333333 2.0 3.25 29 22 1.5 0
0
APP_6_Inner_Layer_1:0 0.4 0.4 1.5 3.36 21 39 2.23 1
1 2
APP_6_Inner_Layer_1:1 0.3333333333333333 0.3333333333333333 1.25 3.92 40 33 3.75 1
2
APP_6_Inner_Layer_2:0 0.4 0.4 1.5 2.03 19 2 2.4 0
3
APP_6_Inner_Layer_2:1 0.4666666666666667 0.4666666666666667 1.75 1.6 43 12 2.75 1
4
APP_6_Inner_Layer_2:2 0.13333333333333333 0.13333333333333333 0.5 1.37 41 9 2.35 1
3
APP_6_Inner_Layer_3:0 0.2 0.2 0.75 1.13 28 27 2.5 1
5
APP_6_Inner_Layer_3:1 0.5333333333333333 0.5333333333333333 2.0 2.64 17 48 2.85 0
6 7
APP_6_Output_Layer_0 0.5333333333333333 0.5333333333333333 2.0 1.83 12 25 1.57 1
8 9
11
2.9319699546033204
APP_7_Input_Layer_0 0.3333333333333333 0.3333333333333333 1.25 2.86 4 11 2.68 1

APP_7_Inner_Layer_0:0 0.3333333333333333 0.3333333333333333 1.25 2.92 45 32 3.82 0
0
APP_7_Inner_Layer_1:0 0.06666666666666667 0.06666666666666667 0.25 1.27 23 13 2.31 1
1
APP_7_Inner_Layer_1:1 0.13333333333333333 0.13333333333333333 0.5 1.81 23 22 3.34 0
1
APP_7_Inner_Layer_1:2 0.5333333333333333 0.5333333333333333 2.0 1.02 33 33 1.04 1
1
APP_7_Inner_Layer_2:0 0.2 0.2 0.75 1.03 43 26 1.0 1
2 3 4
APP_7_Inner_Layer_3:0 0.26666666666666666 0.26666666666666666 1.0 2.21 43 30 3.86 1
5
APP_7_Inner_Layer_3:1 0.4 0.4 1.5 2.9 41 27 3.83 1
5
APP_7_Inner_Layer_3:2 0.13333333333333333 0.13333333333333333 0.5 3.88 14 9 3.01 0
5
APP_7_Inner_Layer_3:3 0.06666666666666667 0.06666666666666667 0.25 3.91 6 21 1.75 1
5
APP_7_Output_Layer_0 0.6 0.6 2.25 2.02 19 4 1.63 1
6 7 8 9
4
3.355200227494774
APP_8_Input_Layer_0 0.06666666666666667 0.06666666666666667 0.25 1.72 7 39 2.69 1

APP_8_Inner_Layer_0:0 0.5333333333333333 0.5333333333333333 2.0 1.28 11 36 1.31 0
0
APP_8_Inner_Layer_0:1 0.4666666666666667 0.4666666666666667 1.75 2.89 12 16 1.08 0
0
APP_8_Output_Layer_0 0.13333333333333333 0.13333333333333333 0.5 3.81 33 15 3.25 1
1 2
7
3.890085358952431
APP_9_Input_Layer_0 0.4 0.4 1.5 1.31 20 24 3.07 1

APP_9_Inner_Layer_0:0 0.06666666666666667 0.06666666666666667 0.25 3.87 18 37 1.49 1
0
APP_9_Inner_Layer_1:0 0.3333333333333333 0.3333333333333333 1.25 1.68 3 20 1.06 0
1
APP_9_Inner_Layer_1:1 0.06666666666666667 0.06666666666666667 0.25 1.39 13 40 2.79 1
1
APP_9_Inner_Layer_1:2 0.2 0.2 0.75 1.33 25 44 1.48 1
1
APP_9_Inner_Layer_1:3 0.6 0.6 2.25 3.72 8 32 2.34 0
1
APP_9_Output_Layer_0 0.4 0.4 1.5 2.31 14 29 1.3 1
2 3 4 5
8
4.429630261959455
APP_10_Input_Layer_0 0.6 0.6 2.25 2.57 32 27 3.73 1

APP_10_Inner_Layer_0:0 0.5333333333333333 0.5333333333333333 2.0 3.87 6 27 1.09 0
0
APP_10_Inner_Layer_0:1 0.2 0.2 0.75 3.36 17 13 1.59 1
0
APP_10_Inner_Layer_1:0 0.4666666666666667 0.4666666666666667 1.75 2.16 27 20 1.21 1
1 2
APP_10_Inner_Layer_1:1 0.6 0.6 2.25 1.68 25 41 3.29 1
1
APP_10_Inner_Layer_2:0 0.2 0.2 0.75 1.65 41 11 1.44 0
3 4
APP_10_Inner_Layer_3:0 0.4666666666666667 0.4666666666666667 1.75 1.03 33 5 2.33 1
5
APP_10_Output_Layer_0 0.4666666666666667 0.4666666666666667 1.75 1.97 7 42 2.92 0
6
7
4.729245613157394
APP_11_Input_Layer_0 0.4 0.4 1.5 1.4 30 3 2.53 1

APP_11_Inner_Layer_0:0 0.4 0.4 1.5 3.58 21 5 3.83 0
0
APP_11_Inner_Layer_1:0 0.4666666666666667 0.4666666666666667 1.75 3.26 4 39 3.65 1
1
APP_11_Inner_Layer_2:0 0.06666666666666667 0.06666666666666667 0.25 1.9 21 35 1.67 0
2
APP_11_Inner_Layer_2:1 0.2 0.2 0.75 1.7 39 46 1.53 1
2
APP_11_Inner_Layer_2:2 0.4666666666666667 0.4666666666666667 1.75 3.68 33 6 3.67 0
2
APP_11_Output_Layer_0 0.26666666666666666 0.26666666666666666 1.0 2.92 1 18 1.2 1
3 4 5
14
5.045804067849289
APP_12_Input_Layer_0 0.2 0.2 0.75 2.3 17 35 1.05 1

APP_12_Inner_Layer_0:0 0.06666666666666667 0.06666666666666667 0.25 2.14 37 19 1.56 1
0
APP_12_Inner_Layer_0:1 0.2 0.2 0.75 2.23 7 32 3.78 1
0
APP_12_Inner_Layer_0:2 0.13333333333333333 0.13333333333333333 0.5 2.43 46 6 3.02 1
0
APP_12_Inner_Layer_0:3 0.5333333333333333 0.5333333333333333 2.0 3.71 18 32 3.88 1
0
APP_12_Inner_Layer_1:0 0.06666666666666667 0.06666666666666667 0.25 2.65 42 15 3.51 1
2 3
APP_12_Inner_Layer_1:1 0.13333333333333333 0.13333333333333333 0.5 3.47 36 8 2.89 0
1 2 3 4
APP_12_Inner_Layer_1:2 0.5333333333333333 0.5333333333333333 2.0 2.16 2 30 3.34 1
1 4
APP_12_Inner_Layer_1:3 0.2 0.2 0.75 3.92 40 46 1.79 0
2 3 4
APP_12_Inner_Layer_2:0 0.6 0.6 2.25 2.7 7 5 3.67 0
5 6 7 8
APP_12_Inner_Layer_3:0 0.2 0.2 0.75 3.49 10 44 2.11 1
9
APP_12_Inner_Layer_3:1 0.26666666666666666 0.26666666666666666 1.0 2.51 41 35 1.35 0
9
APP_12_Inner_Layer_3:2 0.06666666666666667 0.06666666666666667 0.25 3.5 10 38 2.04 1
9
APP_12_Output_Layer_0 0.26666666666666666 0.26666666666666666 1.0 1.17 36 27 3.39 1
10 11 12
10
5.511104438609556
APP_13_Input_Layer_0 0.06666666666666667 0.06666666666666667 0.25 2.22 26 6 2.85 1

APP_13_Inner_Layer_0:0 0.4 0.4 1.5 1.68 15 17 2.65 0
0
APP_13_Inner_Layer_0:1 0.26666666666666666 0.26666666666666666 1.0 2.07 26 19 2.99 1
0
APP_13_Inner_Layer_0:2 0.13333333333333333 0.13333333333333333 0.5 2.08 6 3 3.63 1
0
APP_13_Inner_Layer_1:0 0.3333333333333333 0.3333333333333333 1.25 3.55 10 49 1.51 1
1 2 3
APP_13_Inner_Layer_2:0 0.3333333333333333 0.3333333333333333 1.25 2.51 49 40 3.32 1
4
APP_13_Inner_Layer_2:1 0.4 0.4 1.5 3.5 28 33 2.07 1
4
APP_13_Inner_Layer_3:0 0.26666666666666666 0.26666666666666666 1.0 3.29 20 1 2.29 0
5 6
APP_13_Inner_Layer_3:1 0.13333333333333333 0.13333333333333333 0.5 2.89 3 23 3.47 1
5
APP_13_Output_Layer_0 0.13333333333333333 0.13333333333333333 0.5 1.53 43 17 3.9 0
7 8
4
5.80914593384892
APP_14_Input_Layer_0 0.6 0.6 2.25 2.07 30 17 1.56 1

APP_14_Inner_Layer_0:0 0.2 0.2 0.75 1.74 35 4 1.27 1
0
APP_14_Inner_Layer_1:0 0.3333333333333333 0.3333333333333333 1.25 1.8 46 1 1.54 0
1
APP_14_Output_Layer_0 0.13333333333333333 0.13333333333333333 0.5 3.11 17 24 3.95 0
2
