10
15
8
0
APP_0_Input_Layer_0 0.13333333333333333 0.13333333333333333 0.5 1.69 47 26 1.88 1

APP_0_Inner_Layer_0:0 0.4666666666666667 0.4666666666666667 1.75 3.12 8 31 1.78 1
0
APP_0_Inner_Layer_1:0 0.2 0.2 0.75 2.59 11 21 2.41 1
1
APP_0_Inner_Layer_1:1 0.4 0.4 1.5 3.78 44 36 2.02 1
1
APP_0_Inner_Layer_1:2 0.4 0.4 1.5 3.55 25 32 1.82 0
1
APP_0_Inner_Layer_1:3 0.5333333333333333 0.5333333333333333 2.0 3.29 19 19 2.76 1
1
APP_0_Inner_Layer_2:0 0.4666666666666667 0.4666666666666667 1.75 1.9 29 47 3.64 1
2 3 4 5
APP_0_Output_Layer_0 0.6 0.6 2.25 1.34 16 47 2.63 1
6
8
0.26391399573473623
APP_1_Input_Layer_0 0.26666666666666666 0.26666666666666666 1.0 3.76 20 2 1.61 1

APP_1_Inner_Layer_0:0 0.3333333333333333 0.3333333333333333 1.25 1.92 21 23 3.09 0
0
APP_1_Inner_Layer_0:1 0.2 0.2 0.75 2.89 40 43 3.21 1
0
APP_1_Inner_Layer_1:0 0.4666666666666667 0.4666666666666667 1.75 2.44 11 29 1.48 1
1 2
APP_1_Inner_Layer_2:0 0.06666666666666667 0.06666666666666667 0.25 3.39 11 14 1.88 1
3
APP_1_Inner_Layer_2:1 0.26666666666666666 0.26666666666666666 1.0 3.53 33 35 3.59 1
3
APP_1_Inner_Layer_3:0 0.4 0.4 1.5 3.8 36 42 3.78 1
4 5
APP_1_Output_Layer_0 0.06666666666666667 0.06666666666666667 0.25 3.7 39 24 3.83 1
6
9
0.9119725579265168
APP_2_Input_Layer_0 0.6 0.6 2.25 1.32 41 37 1.74 1

APP_2_Inner_Layer_0:0 0.3333333333333333 0.3333333333333333 1.25 3.71 5 7 3.6 0
0
APP_2_Inner_Layer_0:1 0.3333333333333333 0.3333333333333333 1.25 2.11 5 13 3.65 1
0
APP_2_Inner_Layer_0:2 0.4 0.4 1.5 2.52 6 40 1.69 1
0
APP_2_Inner_Layer_0:3 0.4 0.4 1.5 1.3 18 30 2.82 1
0
APP_2_Inner_Layer_1:0 0.06666666666666667 0.06666666666666667 0.25 2.32 11 7 1.09 0
1 3 4
APP_2_Inner_Layer_1:1 0.6 0.6 2.25 3.47 1 21 1.78 1
4
APP_2_Inner_Layer_1:2 0.6 0.6 2.25 2.79 1 47 2.76 0
1 2
APP_2_Output_Layer_0 0.6 0.6 2.25 1.18 8 34 1.31 1
5 6 7
10
1.3088184037124588
APP_3_Input_Layer_0 0.2 0.2 0.75 1.41 23 17 3.16 1

APP_3_Inner_Layer_0:0 0.5333333333333333 0.5333333333333333 2.0 2.9 25 29 3.85 0
0
APP_3_Inner_Layer_1:0 0.4 0.4 1.5 3.08 9 43 3.28 1
1
APP_3_Inner_Layer_1:1 0.3333333333333333 0.3333333333333333 1.25 2.83 36 4 2.56 0
1
APP_3_Inner_Layer_1:2 0.26666666666666666 0.26666666666666666 1.0 2.44 38 43 2.74 1
1
APP_3_Inner_Layer_2:0 0.4666666666666667 0.4666666666666667 1.75 1.76 49 13 3.09 1
3 4
APP_3_Inner_Layer_2:1 0.5333333333333333 0.5333333333333333 2.0 1.42 2 8 3.23 1
2 3
APP_3_Inner_Layer_2:2 0.6 0.6 2.25 1.44 7 11 2.71 1
2
APP_3_Inner_Layer_3:0 0.06666666666666667 0.06666666666666667 0.25 3.76 14 30 3.69 1
5 6 7
APP_3_Output_Layer_0 0.5333333333333333 0.5333333333333333 2.0 2.39 8 35 2.54 1
8
3
1.8183053094904595
APP_4_Input_Layer_0 0.06666666666666667 0.06666666666666667 0.25 1.95 16 40 2.22 1

APP_4_Inner_Layer_0:0 0.26666666666666666 0.26666666666666666 1.0 3.1 3 5 1.17 1
0
APP_4_Output_Layer_0 0.13333333333333333 0.13333333333333333 0.5 3.03 28 39 3.23 1
1
3
2.133156804469657
APP_5_Input_Layer_0 0.3333333333333333 0.3333333333333333 1.25 1.75 20 21 3.3 1

APP_5_Inner_Layer_0:0 0.6 0.6 2.25 3.92 30 44 3.5 1
0
APP_5_Output_Layer_0 0.26666666666666666 0.26666666666666666 1.0 2.35 7 28 3.38 0
1
3
2.7471217012676146
APP_6_Input_Layer_0 0.3333333333333333 0.3333333333333333 1.25 3.2 37 8 1.34 1

APP_6_Inner_Layer_0:0 0.6 0.6 2.25 3.1 24 8 2.23 1
0
APP_6_Output_Layer_0 0.5333333333333333 0.5333333333333333 2.0 3.06 33 46 2.2 1
1
12
3.3898053183880728
APP_7_Input_Layer_0 0.3333333333333333 0.3333333333333333 1.25 1.99 40 3 1.89 0

APP_7_Inner_Layer_0:0 0.3333333333333333 0.3333333333333333 1.25 3.99 26 43 3.81 1
0
APP_7_Inner_Layer_0:1 0.4 0.4 1.5 2.84 15 32 3.13 1
0
APP_7_Inner_Layer_1:0 0.13333333333333333 0.13333333333333333 0.5 3.21 15 4 2.63 0
2
APP_7_Inner_Layer_1:1 0.2 0.2 0.75 3.97 43 24 1.93 1
1 2
APP_7_Inner_Layer_1:2 0.5333333333333333 0.5333333333333333 2.0 2.6 27 17 1.79 1
1
APP_7_Inner_Layer_1:3 0.4666666666666667 0.4666666666666667 1.75 1.06 5 31 3.92 1
1
APP_7_Inner_Layer_2:0 0.06666666666666667 0.06666666666666667 0.25 3.49 3 27 1.11 1
3 6
APP_7_Inner_Layer_2:1 0.4 0.4 1.5 1.93 1 36 3.0 1
4 6
APP_7_Inner_Layer_2:2 0.4 0.4 1.5 2.09 23 17 2.77 0
3 4 5 6
APP_7_Inner_Layer_2:3 0.13333333333333333 0.13333333333333333 0.5 2.19 2 37 4.0 0
4 5 3
APP_7_Output_Layer_0 0.26666666666666666 0.26666666666666666 1.0 1.34 23 27 2.59 1
7 8 9 10
8
3.79715931526409
APP_8_Input_Layer_0 0.2 0.2 0.75 1.88 39 34 2.26 1

APP_8_Inner_Layer_0:0 0.2 0.2 0.75 2.48 9 14 1.12 1
0
APP_8_Inner_Layer_0:1 0.6 0.6 2.25 1.32 48 46 3.22 1
0
APP_8_Inner_Layer_1:0 0.5333333333333333 0.5333333333333333 2.0 2.27 15 5 3.63 1
1 2
APP_8_Inner_Layer_1:1 0.4666666666666667 0.4666666666666667 1.75 2.29 18 23 1.68 1
2
APP_8_Inner_Layer_1:2 0.13333333333333333 0.13333333333333333 0.5 1.34 42 30 2.49 0
1
APP_8_Inner_Layer_1:3 0.6 0.6 2.25 3.33 20 17 2.28 1
2
APP_8_Output_Layer_0 0.06666666666666667 0.06666666666666667 0.25 2.17 23 24 3.33 1
3 4 5 6
11
4.2730562072759035
APP_9_Input_Layer_0 0.06666666666666667 0.06666666666666667 0.25 2.23 40 6 3.24 0

APP_9_Inner_Layer_0:0 0.3333333333333333 0.3333333333333333 1.25 1.11 34 26 3.62 0
0
APP_9_Inner_Layer_0:1 0.26666666666666666 0.26666666666666666 1.0 3.2 36 28 2.87 1
0
APP_9_Inner_Layer_0:2 0.3333333333333333 0.3333333333333333 1.25 3.63 46 35 3.57 0
0
APP_9_Inner_Layer_1:0 0.4666666666666667 0.4666666666666667 1.75 2.89 33 17 1.99 1
2
APP_9_Inner_Layer_1:1 0.4666666666666667 0.4666666666666667 1.75 3.12 49 38 3.69 0
1 2
APP_9_Inner_Layer_1:2 0.13333333333333333 0.13333333333333333 0.5 3.5 2 44 3.81 1
2 3
APP_9_Inner_Layer_2:0 0.06666666666666667 0.06666666666666667 0.25 3.55 48 31 1.09 0
5 4
APP_9_Inner_Layer_2:1 0.13333333333333333 0.13333333333333333 0.5 1.81 22 42 3.12 0
4 5 6
APP_9_Inner_Layer_3:0 0.5333333333333333 0.5333333333333333 2.0 2.8 47 2 1.67 1
7 8
APP_9_Output_Layer_0 0.3333333333333333 0.3333333333333333 1.25 2.98 5 1 2.37 1
9
7
4.589907284788315
APP_10_Input_Layer_0 0.3333333333333333 0.3333333333333333 1.25 2.09 45 48 3.69 1

APP_10_Inner_Layer_0:0 0.6 0.6 2.25 3.18 18 44 1.52 1
0
APP_10_Inner_Layer_0:1 0.2 0.2 0.75 2.63 15 48 2.19 0
0
APP_10_Inner_Layer_1:0 0.6 0.6 2.25 2.02 43 4 2.08 0
1 2
APP_10_Inner_Layer_2:0 0.13333333333333333 0.13333333333333333 0.5 1.03 18 49 1.28 1
3
APP_10_Inner_Layer_2:1 0.4666666666666667 0.4666666666666667 1.75 1.86 32 47 3.98 1
3
APP_10_Output_Layer_0 0.26666666666666666 0.26666666666666666 1.0 2.3 24 38 1.19 1
4 5
9
4.878066429535015
APP_11_Input_Layer_0 0.5333333333333333 0.5333333333333333 2.0 1.53 34 12 3.73 1

APP_11_Inner_Layer_0:0 0.6 0.6 2.25 3.85 3 36 1.08 1
0
APP_11_Inner_Layer_0:1 0.4 0.4 1.5 2.03 11 16 1.25 1
0
APP_11_Inner_Layer_0:2 0.06666666666666667 0.06666666666666667 0.25 2.52 31 41 3.73 1
0
APP_11_Inner_Layer_1:0 0.6 0.6 2.25 3.4 41 32 1.1 0
2 3
APP_11_Inner_Layer_1:1 0.5333333333333333 0.5333333333333333 2.0 2.54 41 44 3.54 1
1 2
APP_11_Inner_Layer_1:2 0.4 0.4 1.5 3.4 20 12 3.8 0
3
APP_11_Inner_Layer_1:3 0.06666666666666667 0.06666666666666667 0.25 2.41 7 12 1.11 1
2
APP_11_Output_Layer_0 0.26666666666666666 0.26666666666666666 1.0 3.99 2 40 1.83 1
4 5 6 7
8
5.504131904597858
APP_12_Input_Layer_0 0.4 0.4 1.5 1.54 6 20 2.5 1

APP_12_Inner_Layer_0:0 0.06666666666666667 0.06666666666666667 0.25 1.47 5 10 3.25 1
0
APP_12_Inner_Layer_0:1 0.13333333333333333 0.13333333333333333 0.5 2.31 1 20 2.85 0
0
APP_12_Inner_Layer_0:2 0.13333333333333333 0.13333333333333333 0.5 3.95 41 44 3.05 1
0
APP_12_Inner_Layer_1:0 0.5333333333333333 0.5333333333333333 2.0 2.27 27 44 1.44 1
1 2 3
APP_12_Inner_Layer_2:0 0.5333333333333333 0.5333333333333333 2.0 2.68 48 37 2.44 0
4
APP_12_Inner_Layer_2:1 0.6 0.6 2.25 2.56 49 22 3.75 0
4
APP_12_Output_Layer_0 0.6 0.6 2.25 3.97 40 26 1.57 1
5 6
9
6.163835465802862
APP_13_Input_Layer_0 0.4 0.4 1.5 2.87 40 15 1.48 0

APP_13_Inner_Layer_0:0 0.26666666666666666 0.26666666666666666 1.0 2.29 43 34 3.58 1
0
APP_13_Inner_Layer_1:0 0.4 0.4 1.5 2.92 28 20 1.54 0
1
APP_13_Inner_Layer_1:1 0.5333333333333333 0.5333333333333333 2.0 1.72 18 3 2.47 0
1
APP_13_Inner_Layer_2:0 0.2 0.2 0.75 2.18 35 45 2.53 1
2
APP_13_Inner_Layer_2:1 0.3333333333333333 0.3333333333333333 1.25 3.35 25 27 1.6 1
3
APP_13_Inner_Layer_2:2 0.13333333333333333 0.13333333333333333 0.5 2.64 29 49 1.86 1
2
APP_13_Inner_Layer_3:0 0.4666666666666667 0.4666666666666667 1.75 3.18 5 9 1.26 1
4 5 6
APP_13_Output_Layer_0 0.5333333333333333 0.5333333333333333 2.0 1.09 24 44 2.18 1
7
5
6.488683202905769
APP_14_Input_Layer_0 0.4 0.4 1.5 2.94 15 7 2.44 1

APP_14_Inner_Layer_0:0 0.3333333333333333 0.3333333333333333 1.25 1.87 3 27 2.85 1
0
APP_14_Inner_Layer_0:1 0.13333333333333333 0.13333333333333333 0.5 2.5 26 15 2.19 0
0
APP_14_Inner_Layer_0:2 0.13333333333333333 0.13333333333333333 0.5 3.33 27 42 1.92 1
0
APP_14_Output_Layer_0 0.26666666666666666 0.26666666666666666 1.0 1.16 12 13 1.84 1
1 2 3
