10
15
3
0
APP_0_Input_Layer_0 0.4666666666666667 0.4666666666666667 1.75 2.11 41 24 1.24 1

APP_0_Inner_Layer_0:0 0.13333333333333333 0.13333333333333333 0.5 3.69 49 39 2.47 0
0
APP_0_Output_Layer_0 0.26666666666666666 0.26666666666666666 1.0 1.33 25 35 3.79 1
1
6
0.3899926423082747
APP_1_Input_Layer_0 0.6 0.6 2.25 2.78 32 13 2.93 1

APP_1_Inner_Layer_0:0 0.2 0.2 0.75 1.27 33 15 1.37 1
0
APP_1_Inner_Layer_0:1 0.26666666666666666 0.26666666666666666 1.0 1.67 3 9 1.1 1
0
APP_1_Inner_Layer_1:0 0.4 0.4 1.5 2.63 10 44 2.25 1
1 2
APP_1_Inner_Layer_2:0 0.3333333333333333 0.3333333333333333 1.25 1.52 16 20 1.61 1
3
APP_1_Output_Layer_0 0.4 0.4 1.5 1.28 1 38 3.36 0
4
4
0.8987446098072934
APP_2_Input_Layer_0 0.13333333333333333 0.13333333333333333 0.5 2.27 1 12 2.45 1

APP_2_Inner_Layer_0:0 0.4 0.4 1.5 3.02 23 5 3.27 0
0
APP_2_Inner_Layer_0:1 0.4666666666666667 0.4666666666666667 1.75 2.44 10 38 2.06 1
0
APP_2_Output_Layer_0 0.5333333333333333 0.5333333333333333 2.0 1.84 27 32 3.44 0
1 2
7
1.2315702129629489
APP_3_Input_Layer_0 0.4666666666666667 0.4666666666666667 1.75 3.51 8 20 3.33 1

APP_3_Inner_Layer_0:0 0.4 0.4 1.5 2.06 45 5 2.17 1
0
APP_3_Inner_Layer_0:1 0.13333333333333333 0.13333333333333333 0.5 2.92 2 31 1.68 0
0
APP_3_Inner_Layer_0:2 0.26666666666666666 0.26666666666666666 1.0 1.0 37 31 1.09 0
0
APP_3_Inner_Layer_0:3 0.4 0.4 1.5 1.82 20 21 1.79 1
0
APP_3_Inner_Layer_1:0 0.6 0.6 2.25 1.67 34 4 3.42 0
1 2 3 4
APP_3_Output_Layer_0 0.4666666666666667 0.4666666666666667 1.75 1.89 28 42 2.12 0
5
5
1.564493210864129
APP_4_Input_Layer_0 0.4 0.4 1.5 2.9 2 12 2.87 0

APP_4_Inner_Layer_0:0 0.6 0.6 2.25 3.16 40 5 1.23 1
0
APP_4_Inner_Layer_0:1 0.4666666666666667 0.4666666666666667 1.75 3.49 21 35 1.33 0
0
APP_4_Inner_Layer_0:2 0.13333333333333333 0.13333333333333333 0.5 2.43 26 7 2.73 1
0
APP_4_Output_Layer_0 0.4 0.4 1.5 3.14 17 36 2.13 1
1 2 3
5
2.1239312637005145
APP_5_Input_Layer_0 0.4666666666666667 0.4666666666666667 1.75 2.64 36 6 3.04 0

APP_5_Inner_Layer_0:0 0.5333333333333333 0.5333333333333333 2.0 3.77 1 20 1.77 1
0
APP_5_Inner_Layer_1:0 0.06666666666666667 0.06666666666666667 0.25 3.38 37 35 2.89 1
1
APP_5_Inner_Layer_1:1 0.4666666666666667 0.4666666666666667 1.75 1.59 1 49 3.42 1
1
APP_5_Output_Layer_0 0.5333333333333333 0.5333333333333333 2.0 1.8 5 6 3.67 1
2 3
14
2.6715424345449303
APP_6_Input_Layer_0 0.4 0.4 1.5 1.23 13 28 3.3 1

APP_6_Inner_Layer_0:0 0.06666666666666667 0.06666666666666667 0.25 2.46 31 38 3.03 1
0
APP_6_Inner_Layer_0:1 0.6 0.6 2.25 3.65 46 8 3.35 0
0
APP_6_Inner_Layer_0:2 0.6 0.6 2.25 1.91 4 35 3.04 1
0
APP_6_Inner_Layer_0:3 0.3333333333333333 0.3333333333333333 1.25 1.72 30 24 1.97 1
0
APP_6_Inner_Layer_1:0 0.6 0.6 2.25 3.62 30 49 2.73 0
1 2 4
APP_6_Inner_Layer_1:1 0.5333333333333333 0.5333333333333333 2.0 2.94 37 47 3.34 1
2 3
APP_6_Inner_Layer_1:2 0.13333333333333333 0.13333333333333333 0.5 2.01 27 34 3.06 1
4
APP_6_Inner_Layer_2:0 0.2 0.2 0.75 2.2 2 47 2.8 0
5 7
APP_6_Inner_Layer_2:1 0.13333333333333333 0.13333333333333333 0.5 1.51 9 27 2.68 1
6
APP_6_Inner_Layer_3:0 0.13333333333333333 0.13333333333333333 0.5 2.05 34 22 1.03 0
8
APP_6_Inner_Layer_3:1 0.6 0.6 2.25 3.55 15 5 3.02 1
9
APP_6_Inner_Layer_3:2 0.4666666666666667 0.4666666666666667 1.75 1.22 12 25 3.26 1
9
APP_6_Output_Layer_0 0.13333333333333333 0.13333333333333333 0.5 2.95 47 34 3.45 0
10 11 12
4
3.2230141360524085
APP_7_Input_Layer_0 0.3333333333333333 0.3333333333333333 1.25 1.1 30 22 2.75 1

APP_7_Inner_Layer_0:0 0.4666666666666667 0.4666666666666667 1.75 1.97 34 47 1.6 1
0
APP_7_Inner_Layer_0:1 0.4666666666666667 0.4666666666666667 1.75 1.13 43 6 3.72 0
0
APP_7_Output_Layer_0 0.4666666666666667 0.4666666666666667 1.75 3.34 26 1 2.21 1
1 2
4
3.599914975369315
APP_8_Input_Layer_0 0.5333333333333333 0.5333333333333333 2.0 1.55 10 24 3.27 1

APP_8_Inner_Layer_0:0 0.06666666666666667 0.06666666666666667 0.25 1.39 11 1 2.85 0
0
APP_8_Inner_Layer_1:0 0.4666666666666667 0.4666666666666667 1.75 3.94 24 31 2.29 0
1
APP_8_Output_Layer_0 0.4666666666666667 0.4666666666666667 1.75 3.08 47 13 2.49 1
2
6
3.865650432230412
APP_9_Input_Layer_0 0.26666666666666666 0.26666666666666666 1.0 2.47 38 15 2.0 1

APP_9_Inner_Layer_0:0 0.13333333333333333 0.13333333333333333 0.5 3.28 40 22 2.3 0
0
APP_9_Inner_Layer_1:0 0.3333333333333333 0.3333333333333333 1.25 3.06 30 18 3.5 0
1
APP_9_Inner_Layer_1:1 0.5333333333333333 0.5333333333333333 2.0 2.05 6 19 1.61 0
1
APP_9_Inner_Layer_1:2 0.5333333333333333 0.5333333333333333 2.0 3.85 43 16 2.48 1
1
APP_9_Output_Layer_0 0.4666666666666667 0.4666666666666667 1.75 2.34 7 30 1.06 1
2 3 4
9
4.246722492143437
APP_10_Input_Layer_0 0.4666666666666667 0.4666666666666667 1.75 3.64 29 29 2.01 1

APP_10_Inner_Layer_0:0 0.4666666666666667 0.4666666666666667 1.75 3.45 24 1 1.77 0
0
APP_10_Inner_Layer_0:1 0.3333333333333333 0.3333333333333333 1.25 2.31 19 19 1.87 0
0
APP_10_Inner_Layer_1:0 0.4 0.4 1.5 2.9 39 3 1.35 1
1
APP_10_Inner_Layer_1:1 0.26666666666666666 0.26666666666666666 1.0 3.4 38 5 3.81 1
1 2
APP_10_Inner_Layer_2:0 0.2 0.2 0.75 3.81 41 34 3.41 1
4
APP_10_Inner_Layer_2:1 0.4 0.4 1.5 1.1 44 45 3.24 1
3 4
APP_10_Inner_Layer_2:2 0.13333333333333333 0.13333333333333333 0.5 1.94 1 49 2.84 0
3
APP_10_Output_Layer_0 0.3333333333333333 0.3333333333333333 1.25 3.88 30 28 2.34 1
5 6 7
7
4.7902531977105705
APP_11_Input_Layer_0 0.4 0.4 1.5 1.46 15 45 2.71 1

APP_11_Inner_Layer_0:0 0.06666666666666667 0.06666666666666667 0.25 3.65 43 10 2.89 1
0
APP_11_Inner_Layer_0:1 0.6 0.6 2.25 3.17 30 21 1.69 0
0
APP_11_Inner_Layer_0:2 0.5333333333333333 0.5333333333333333 2.0 3.15 12 17 3.65 0
0
APP_11_Inner_Layer_1:0 0.06666666666666667 0.06666666666666667 0.25 1.23 43 37 1.94 1
1 2 3
APP_11_Inner_Layer_1:1 0.5333333333333333 0.5333333333333333 2.0 2.27 18 45 3.1 1
3
APP_11_Output_Layer_0 0.4666666666666667 0.4666666666666667 1.75 3.99 24 4 2.24 1
4 5
10
5.2474506539236945
APP_12_Input_Layer_0 0.26666666666666666 0.26666666666666666 1.0 1.15 10 15 3.75 1

APP_12_Inner_Layer_0:0 0.13333333333333333 0.13333333333333333 0.5 1.66 30 23 1.68 1
0
APP_12_Inner_Layer_0:1 0.2 0.2 0.75 2.74 34 16 3.01 1
0
APP_12_Inner_Layer_0:2 0.5333333333333333 0.5333333333333333 2.0 3.99 33 15 1.9 1
0
APP_12_Inner_Layer_1:0 0.2 0.2 0.75 3.24 25 35 1.11 1
3
APP_12_Inner_Layer_1:1 0.4 0.4 1.5 2.92 7 44 2.38 1
2 3
APP_12_Inner_Layer_1:2 0.4666666666666667 0.4666666666666667 1.75 3.91 15 17 2.24 1
1 2
APP_12_Inner_Layer_2:0 0.2 0.2 0.75 2.52 44 24 2.17 1
4 5 6
APP_12_Inner_Layer_3:0 0.4 0.4 1.5 1.75 16 40 3.46 1
7
APP_12_Output_Layer_0 0.06666666666666667 0.06666666666666667 0.25 3.8 39 47 1.52 1
8
13
5.783948433613021
APP_13_Input_Layer_0 0.2 0.2 0.75 2.26 38 11 1.32 0

APP_13_Inner_Layer_0:0 0.5333333333333333 0.5333333333333333 2.0 2.5 47 35 3.55 1
0
APP_13_Inner_Layer_0:1 0.06666666666666667 0.06666666666666667 0.25 3.92 33 5 2.64 1
0
APP_13_Inner_Layer_0:2 0.4 0.4 1.5 1.29 31 8 3.99 1
0
APP_13_Inner_Layer_0:3 0.6 0.6 2.25 1.16 44 17 3.06 1
0
APP_13_Inner_Layer_1:0 0.3333333333333333 0.3333333333333333 1.25 2.54 35 33 3.91 0
2 3 4
APP_13_Inner_Layer_1:1 0.4 0.4 1.5 2.08 6 29 3.39 1
1 2
APP_13_Inner_Layer_1:2 0.2 0.2 0.75 1.98 34 19 1.41 1
1
APP_13_Inner_Layer_1:3 0.4666666666666667 0.4666666666666667 1.75 3.5 39 11 1.82 0
2
APP_13_Inner_Layer_2:0 0.6 0.6 2.25 3.07 47 1 2.05 1
5
APP_13_Inner_Layer_2:1 0.6 0.6 2.25 3.45 46 35 1.76 0
5 6 7
APP_13_Inner_Layer_2:2 0.26666666666666666 0.26666666666666666 1.0 3.34 23 47 3.48 1
7 8
APP_13_Output_Layer_0 0.6 0.6 2.25 3.59 44 44 3.91 1
9 10 11
5
6.056944249787703
APP_14_Input_Layer_0 0.6 0.6 2.25 2.42 8 43 1.12 1

APP_14_Inner_Layer_0:0 0.4 0.4 1.5 1.91 15 30 2.64 1
0
APP_14_Inner_Layer_0:1 0.13333333333333333 0.13333333333333333 0.5 2.33 29 18 2.46 1
0
APP_14_Inner_Layer_0:2 0.26666666666666666 0.26666666666666666 1.0 2.98 13 3 3.2 1
0
APP_14_Output_Layer_0 0.2 0.2 0.75 2.13 20 13 1.37 1
1 2 3
