10
12
15
0
APP_0_Input_Layer_0 0.4 0.4 1.5 3.96 14 36 2.76 1

APP_0_Inner_Layer_0:0 0.06666666666666667 0.06666666666666667 0.25 3.11 19 32 2.11 1
0
APP_0_Inner_Layer_0:1 0.13333333333333333 0.13333333333333333 0.5 1.3 39 5 1.82 1
0
APP_0_Inner_Layer_0:2 0.2 0.2 0.75 3.73 12 19 2.25 1
0
APP_0_Inner_Layer_0:3 0.6 0.6 2.25 2.01 15 36 3.4 1
0
APP_0_Inner_Layer_1:0 0.6 0.6 2.25 3.89 34 8 2.43 1
1 2 4
APP_0_Inner_Layer_1:1 0.6 0.6 2.25 1.42 4 19 1.55 1
1 2 3
APP_0_Inner_Layer_1:2 0.4 0.4 1.5 1.67 49 49 1.3 1
2 3 4
APP_0_Inner_Layer_2:0 0.3333333333333333 0.3333333333333333 1.25 2.23 46 35 3.86 1
5
APP_0_Inner_Layer_2:1 0.4666666666666667 0.4666666666666667 1.75 1.56 18 43 2.42 1
6 7
APP_0_Inner_Layer_3:0 0.5333333333333333 0.5333333333333333 2.0 1.43 38 14 2.31 1
9
APP_0_Inner_Layer_3:1 0.4666666666666667 0.4666666666666667 1.75 3.53 40 7 2.13 1
8
APP_0_Inner_Layer_3:2 0.2 0.2 0.75 2.28 22 4 1.86 1
8
APP_0_Inner_Layer_3:3 0.26666666666666666 0.26666666666666666 1.0 1.0 41 48 3.83 1
8
APP_0_Output_Layer_0 0.4 0.4 1.5 2.36 30 27 1.51 1
10 11 12 13
11
0.3718523504125199
APP_1_Input_Layer_0 0.26666666666666666 0.26666666666666666 1.0 1.7 47 27 2.32 1

APP_1_Inner_Layer_0:0 0.4 0.4 1.5 1.69 26 7 2.14 1
0
APP_1_Inner_Layer_0:1 0.4666666666666667 0.4666666666666667 1.75 1.75 38 4 3.26 1
0
APP_1_Inner_Layer_1:0 0.4666666666666667 0.4666666666666667 1.75 3.59 28 32 2.52 1
1
APP_1_Inner_Layer_1:1 0.4666666666666667 0.4666666666666667 1.75 2.51 22 45 2.66 1
1 2
APP_1_Inner_Layer_2:0 0.2 0.2 0.75 1.49 13 18 1.25 1
3 4
APP_1_Inner_Layer_2:1 0.5333333333333333 0.5333333333333333 2.0 3.87 49 16 2.31 1
3
APP_1_Inner_Layer_3:0 0.4 0.4 1.5 1.55 34 36 1.25 1
6
APP_1_Inner_Layer_3:1 0.4 0.4 1.5 1.88 44 17 2.44 1
5
APP_1_Inner_Layer_3:2 0.3333333333333333 0.3333333333333333 1.25 3.68 4 45 1.69 1
6
APP_1_Output_Layer_0 0.5333333333333333 0.5333333333333333 2.0 3.92 30 24 2.14 1
7 8 9
6
1.1390539194644953
APP_2_Input_Layer_0 0.6 0.6 2.25 1.2 31 16 1.7 1

APP_2_Inner_Layer_0:0 0.3333333333333333 0.3333333333333333 1.25 1.3 20 35 1.99 1
0
APP_2_Inner_Layer_0:1 0.3333333333333333 0.3333333333333333 1.25 2.8 40 20 2.63 1
0
APP_2_Inner_Layer_0:2 0.26666666666666666 0.26666666666666666 1.0 2.0 37 39 2.56 1
0
APP_2_Inner_Layer_0:3 0.13333333333333333 0.13333333333333333 0.5 2.96 39 12 3.43 1
0
APP_2_Output_Layer_0 0.26666666666666666 0.26666666666666666 1.0 1.54 31 28 1.85 1
1 2 3 4
3
1.9610043176232281
APP_3_Input_Layer_0 0.26666666666666666 0.26666666666666666 1.0 1.24 19 43 2.34 1

APP_3_Inner_Layer_0:0 0.06666666666666667 0.06666666666666667 0.25 3.85 37 35 2.75 1
0
APP_3_Output_Layer_0 0.4666666666666667 0.4666666666666667 1.75 2.86 48 22 3.54 1
1
6
2.5860259855263363
APP_4_Input_Layer_0 0.6 0.6 2.25 1.29 14 28 3.96 1

APP_4_Inner_Layer_0:0 0.2 0.2 0.75 1.92 34 44 3.02 1
0
APP_4_Inner_Layer_0:1 0.5333333333333333 0.5333333333333333 2.0 3.72 8 6 3.72 1
0
APP_4_Inner_Layer_0:2 0.3333333333333333 0.3333333333333333 1.25 2.02 38 20 1.18 1
0
APP_4_Inner_Layer_0:3 0.3333333333333333 0.3333333333333333 1.25 1.66 38 31 1.33 1
0
APP_4_Output_Layer_0 0.06666666666666667 0.06666666666666667 0.25 3.33 3 23 2.84 1
1 2 3 4
12
3.2252018682234356
APP_5_Input_Layer_0 0.5333333333333333 0.5333333333333333 2.0 1.08 44 18 1.65 1

APP_5_Inner_Layer_0:0 0.5333333333333333 0.5333333333333333 2.0 3.07 7 19 1.42 1
0
APP_5_Inner_Layer_0:1 0.3333333333333333 0.3333333333333333 1.25 1.79 31 28 2.38 1
0
APP_5_Inner_Layer_0:2 0.6 0.6 2.25 3.53 7 27 1.84 1
0
APP_5_Inner_Layer_1:0 0.3333333333333333 0.3333333333333333 1.25 3.83 24 40 2.17 1
1 3
APP_5_Inner_Layer_1:1 0.4 0.4 1.5 2.25 25 44 3.35 1
2 3
APP_5_Inner_Layer_1:2 0.4 0.4 1.5 1.52 30 4 1.8 1
2
APP_5_Inner_Layer_1:3 0.13333333333333333 0.13333333333333333 0.5 2.52 9 4 3.15 1
1 2 3
APP_5_Inner_Layer_2:0 0.4666666666666667 0.4666666666666667 1.75 2.26 14 37 3.13 1
4 5 6 7
APP_5_Inner_Layer_3:0 0.2 0.2 0.75 2.79 46 19 2.76 1
8
APP_5_Inner_Layer_3:1 0.6 0.6 2.25 3.44 35 28 2.05 1
8
APP_5_Output_Layer_0 0.4666666666666667 0.4666666666666667 1.75 2.23 9 13 1.71 1
9 10
4
3.6087453213790415
APP_6_Input_Layer_0 0.13333333333333333 0.13333333333333333 0.5 2.9 27 30 2.29 1

APP_6_Inner_Layer_0:0 0.26666666666666666 0.26666666666666666 1.0 1.59 41 14 1.97 1
0
APP_6_Inner_Layer_1:0 0.06666666666666667 0.06666666666666667 0.25 1.88 43 7 1.76 1
1
APP_6_Output_Layer_0 0.13333333333333333 0.13333333333333333 0.5 2.95 12 21 3.12 1
2
3
4.0072935549628435
APP_7_Input_Layer_0 0.5333333333333333 0.5333333333333333 2.0 3.08 49 30 1.81 1

APP_7_Inner_Layer_0:0 0.4666666666666667 0.4666666666666667 1.75 3.98 38 45 3.92 1
0
APP_7_Output_Layer_0 0.4666666666666667 0.4666666666666667 1.75 1.82 15 45 1.71 1
1
16
4.456232132823835
APP_8_Input_Layer_0 0.3333333333333333 0.3333333333333333 1.25 1.1 49 19 2.21 0

APP_8_Inner_Layer_0:0 0.2 0.2 0.75 2.09 35 18 1.85 1
0
APP_8_Inner_Layer_0:1 0.13333333333333333 0.13333333333333333 0.5 3.42 38 5 1.82 1
0
APP_8_Inner_Layer_0:2 0.5333333333333333 0.5333333333333333 2.0 3.74 10 43 3.25 1
0
APP_8_Inner_Layer_0:3 0.5333333333333333 0.5333333333333333 2.0 1.88 2 22 3.25 1
0
APP_8_Inner_Layer_1:0 0.6 0.6 2.25 3.57 49 8 3.9 1
2 4
APP_8_Inner_Layer_1:1 0.4666666666666667 0.4666666666666667 1.75 1.04 41 13 3.62 1
1
APP_8_Inner_Layer_1:2 0.06666666666666667 0.06666666666666667 0.25 2.33 33 5 3.1 1
1 3
APP_8_Inner_Layer_1:3 0.4 0.4 1.5 3.55 21 40 2.45 1
4
APP_8_Inner_Layer_2:0 0.4 0.4 1.5 1.54 36 27 3.24 1
5
APP_8_Inner_Layer_2:1 0.4666666666666667 0.4666666666666667 1.75 1.98 40 21 2.73 1
6 7 8
APP_8_Inner_Layer_3:0 0.3333333333333333 0.3333333333333333 1.25 1.12 25 35 2.45 1
9 10
APP_8_Inner_Layer_3:1 0.2 0.2 0.75 2.26 3 26 2.26 1
10
APP_8_Inner_Layer_3:2 0.06666666666666667 0.06666666666666667 0.25 1.57 24 33 2.27 1
9
APP_8_Inner_Layer_3:3 0.4 0.4 1.5 3.73 14 14 3.79 1
10
APP_8_Output_Layer_0 0.06666666666666667 0.06666666666666667 0.25 2.34 7 35 1.84 1
11 12 13 14
10
5.2520688011400996
APP_9_Input_Layer_0 0.6 0.6 2.25 3.97 13 28 3.1 1

APP_9_Inner_Layer_0:0 0.4666666666666667 0.4666666666666667 1.75 3.16 11 5 1.6 1
0
APP_9_Inner_Layer_0:1 0.6 0.6 2.25 3.98 42 38 1.53 1
0
APP_9_Inner_Layer_0:2 0.4 0.4 1.5 3.39 4 12 2.62 1
0
APP_9_Inner_Layer_1:0 0.4 0.4 1.5 3.81 26 49 2.88 1
1 2 3
APP_9_Inner_Layer_2:0 0.2 0.2 0.75 3.45 23 36 2.12 1
4
APP_9_Inner_Layer_2:1 0.2 0.2 0.75 3.97 36 11 1.61 1
4
APP_9_Inner_Layer_2:2 0.6 0.6 2.25 1.82 17 49 3.64 1
4
APP_9_Inner_Layer_2:3 0.2 0.2 0.75 1.12 47 4 2.46 1
4
APP_9_Output_Layer_0 0.3333333333333333 0.3333333333333333 1.25 1.79 41 43 3.64 1
5 6 7 8
7
5.741176410105584
APP_10_Input_Layer_0 0.4666666666666667 0.4666666666666667 1.75 2.5 21 22 3.82 1

APP_10_Inner_Layer_0:0 0.06666666666666667 0.06666666666666667 0.25 3.72 13 23 2.95 1
0
APP_10_Inner_Layer_0:1 0.3333333333333333 0.3333333333333333 1.25 2.58 18 24 1.64 1
0
APP_10_Inner_Layer_0:2 0.26666666666666666 0.26666666666666666 1.0 3.0 21 6 2.9 1
0
APP_10_Inner_Layer_1:0 0.3333333333333333 0.3333333333333333 1.25 1.15 22 21 1.09 1
1 3
APP_10_Inner_Layer_1:1 0.6 0.6 2.25 2.82 47 17 2.45 1
2
APP_10_Output_Layer_0 0.3333333333333333 0.3333333333333333 1.25 3.79 21 46 1.31 1
4 5
7
6.124312024957901
APP_11_Input_Layer_0 0.6 0.6 2.25 3.4 32 32 1.33 1

APP_11_Inner_Layer_0:0 0.5333333333333333 0.5333333333333333 2.0 2.86 24 34 1.14 1
0
APP_11_Inner_Layer_0:1 0.3333333333333333 0.3333333333333333 1.25 3.42 16 28 1.14 1
0
APP_11_Inner_Layer_0:2 0.4 0.4 1.5 3.0 48 27 3.48 1
0
APP_11_Inner_Layer_0:3 0.3333333333333333 0.3333333333333333 1.25 1.49 35 38 2.69 1
0
APP_11_Inner_Layer_1:0 0.4666666666666667 0.4666666666666667 1.75 2.71 27 25 1.44 1
1 2 3 4
APP_11_Output_Layer_0 0.06666666666666667 0.06666666666666667 0.25 3.11 10 18 2.73 1
5
