10
12
11
0
APP_0_Input_Layer_0 0.2 0.2 0.75 1.01 12 37 3.01 1

APP_0_Inner_Layer_0:0 0.2 0.2 0.75 3.26 30 40 2.31 1
0
APP_0_Inner_Layer_1:0 0.26666666666666666 0.26666666666666666 1.0 1.44 6 44 3.9 1
1
APP_0_Inner_Layer_1:1 0.4666666666666667 0.4666666666666667 1.75 2.28 29 46 1.52 1
1
APP_0_Inner_Layer_1:2 0.4 0.4 1.5 1.31 1 9 3.08 1
1
APP_0_Inner_Layer_1:3 0.6 0.6 2.25 3.85 23 22 2.3 1
1
APP_0_Inner_Layer_2:0 0.2 0.2 0.75 2.01 11 23 3.42 1
2 5
APP_0_Inner_Layer_2:1 0.3333333333333333 0.3333333333333333 1.25 3.32 10 5 1.05 1
3 5
APP_0_Inner_Layer_2:2 0.13333333333333333 0.13333333333333333 0.5 3.8 47 44 3.37 1
2 3 4
APP_0_Inner_Layer_2:3 0.5333333333333333 0.5333333333333333 2.0 3.73 13 1 3.66 1
2
APP_0_Output_Layer_0 0.5333333333333333 0.5333333333333333 2.0 3.88 46 19 1.49 1
6 7 8 9
13
0.35050652327676096
APP_1_Input_Layer_0 0.3333333333333333 0.3333333333333333 1.25 1.22 40 46 2.13 1

APP_1_Inner_Layer_0:0 0.2 0.2 0.75 2.31 35 7 1.93 1
0
APP_1_Inner_Layer_0:1 0.2 0.2 0.75 2.46 32 39 3.57 1
0
APP_1_Inner_Layer_1:0 0.26666666666666666 0.26666666666666666 1.0 3.76 7 38 1.35 1
1 2
APP_1_Inner_Layer_1:1 0.2 0.2 0.75 1.65 17 1 3.78 1
1 2
APP_1_Inner_Layer_1:2 0.13333333333333333 0.13333333333333333 0.5 3.28 24 25 1.68 1
2
APP_1_Inner_Layer_1:3 0.4 0.4 1.5 1.91 4 25 2.68 1
2
APP_1_Inner_Layer_2:0 0.13333333333333333 0.13333333333333333 0.5 1.13 41 17 2.32 1
5
APP_1_Inner_Layer_2:1 0.06666666666666667 0.06666666666666667 0.25 2.34 45 16 2.17 1
3 4 6
APP_1_Inner_Layer_3:0 0.5333333333333333 0.5333333333333333 2.0 2.28 47 12 3.06 1
7
APP_1_Inner_Layer_3:1 0.4 0.4 1.5 2.12 29 14 2.53 1
8
APP_1_Inner_Layer_3:2 0.3333333333333333 0.3333333333333333 1.25 2.48 43 44 1.56 1
7
APP_1_Output_Layer_0 0.3333333333333333 0.3333333333333333 1.25 2.05 25 31 3.09 1
9 10 11
14
0.7507054608370116
APP_2_Input_Layer_0 0.26666666666666666 0.26666666666666666 1.0 2.49 14 27 2.05 1

APP_2_Inner_Layer_0:0 0.06666666666666667 0.06666666666666667 0.25 1.05 36 40 1.76 1
0
APP_2_Inner_Layer_1:0 0.4666666666666667 0.4666666666666667 1.75 3.41 49 32 3.38 1
1
APP_2_Inner_Layer_1:1 0.2 0.2 0.75 2.19 32 14 1.91 1
1
APP_2_Inner_Layer_1:2 0.13333333333333333 0.13333333333333333 0.5 3.17 1 2 1.58 1
1
APP_2_Inner_Layer_1:3 0.4 0.4 1.5 2.43 27 46 3.56 1
1
APP_2_Inner_Layer_2:0 0.5333333333333333 0.5333333333333333 2.0 2.47 37 43 1.35 1
4 5
APP_2_Inner_Layer_2:1 0.13333333333333333 0.13333333333333333 0.5 3.0 6 36 3.6 1
2 3 5
APP_2_Inner_Layer_2:2 0.26666666666666666 0.26666666666666666 1.0 3.39 14 35 2.66 1
4
APP_2_Inner_Layer_2:3 0.2 0.2 0.75 3.82 2 36 3.26 1
2 3 5
APP_2_Inner_Layer_3:0 0.6 0.6 2.25 3.79 46 47 1.86 1
7
APP_2_Inner_Layer_3:1 0.4 0.4 1.5 3.83 5 26 3.31 1
9
APP_2_Inner_Layer_3:2 0.2 0.2 0.75 3.8 5 33 1.46 1
6 8
APP_2_Output_Layer_0 0.5333333333333333 0.5333333333333333 2.0 1.27 45 21 2.74 1
10 11 12
10
1.0759256456052912
APP_3_Input_Layer_0 0.4 0.4 1.5 3.02 29 33 1.57 1

APP_3_Inner_Layer_0:0 0.6 0.6 2.25 2.3 9 4 1.61 1
0
APP_3_Inner_Layer_0:1 0.26666666666666666 0.26666666666666666 1.0 3.16 10 17 1.14 1
0
APP_3_Inner_Layer_0:2 0.6 0.6 2.25 3.14 34 14 1.29 1
0
APP_3_Inner_Layer_0:3 0.06666666666666667 0.06666666666666667 0.25 3.68 40 31 1.6 1
0
APP_3_Inner_Layer_1:0 0.5333333333333333 0.5333333333333333 2.0 1.22 29 10 3.97 1
1 2 3 4
APP_3_Inner_Layer_2:0 0.5333333333333333 0.5333333333333333 2.0 3.08 21 34 3.67 1
5
APP_3_Inner_Layer_2:1 0.26666666666666666 0.26666666666666666 1.0 2.8 7 23 3.08 1
5
APP_3_Inner_Layer_2:2 0.06666666666666667 0.06666666666666667 0.25 1.94 31 33 1.85 1
5
APP_3_Output_Layer_0 0.3333333333333333 0.3333333333333333 1.25 2.91 49 46 2.08 1
6 7 8
7
1.5913859396034233
APP_4_Input_Layer_0 0.26666666666666666 0.26666666666666666 1.0 1.24 7 37 2.37 0

APP_4_Inner_Layer_0:0 0.26666666666666666 0.26666666666666666 1.0 2.19 31 31 3.09 1
0
APP_4_Inner_Layer_1:0 0.06666666666666667 0.06666666666666667 0.25 1.09 5 28 1.06 1
1
APP_4_Inner_Layer_1:1 0.4666666666666667 0.4666666666666667 1.75 1.29 9 33 1.39 1
1
APP_4_Inner_Layer_1:2 0.4666666666666667 0.4666666666666667 1.75 3.97 42 29 1.6 1
1
APP_4_Inner_Layer_1:3 0.3333333333333333 0.3333333333333333 1.25 1.71 11 3 3.13 1
1
APP_4_Output_Layer_0 0.13333333333333333 0.13333333333333333 0.5 1.03 29 43 3.2 1
2 3 4 5
6
1.911876500429108
APP_5_Input_Layer_0 0.06666666666666667 0.06666666666666667 0.25 3.35 3 27 3.76 1

APP_5_Inner_Layer_0:0 0.4 0.4 1.5 3.89 18 32 1.57 1
0
APP_5_Inner_Layer_0:1 0.4 0.4 1.5 3.48 14 32 3.93 1
0
APP_5_Inner_Layer_1:0 0.6 0.6 2.25 3.38 36 40 1.12 1
2
APP_5_Inner_Layer_1:1 0.3333333333333333 0.3333333333333333 1.25 3.97 20 37 2.35 1
1
APP_5_Output_Layer_0 0.4 0.4 1.5 3.59 42 15 3.37 1
3 4
12
2.3333643705993277
APP_6_Input_Layer_0 0.13333333333333333 0.13333333333333333 0.5 2.37 46 23 2.37 1

APP_6_Inner_Layer_0:0 0.3333333333333333 0.3333333333333333 1.25 2.8 44 10 2.69 1
0
APP_6_Inner_Layer_0:1 0.06666666666666667 0.06666666666666667 0.25 3.91 48 15 2.84 1
0
APP_6_Inner_Layer_0:2 0.5333333333333333 0.5333333333333333 2.0 2.98 33 11 2.31 1
0
APP_6_Inner_Layer_0:3 0.4666666666666667 0.4666666666666667 1.75 3.33 44 36 1.21 1
0
APP_6_Inner_Layer_1:0 0.6 0.6 2.25 1.63 1 18 3.21 1
1 2
APP_6_Inner_Layer_1:1 0.13333333333333333 0.13333333333333333 0.5 3.53 29 2 2.53 1
3 4
APP_6_Inner_Layer_2:0 0.6 0.6 2.25 2.33 8 3 3.93 1
5 6
APP_6_Inner_Layer_3:0 0.3333333333333333 0.3333333333333333 1.25 2.56 10 16 1.92 1
7
APP_6_Inner_Layer_3:1 0.4 0.4 1.5 3.24 31 11 1.7 1
7
APP_6_Inner_Layer_3:2 0.6 0.6 2.25 3.3 21 7 2.28 1
7
APP_6_Output_Layer_0 0.13333333333333333 0.13333333333333333 0.5 2.97 47 41 3.8 1
8 9 10
6
2.7530919074049405
APP_7_Input_Layer_0 0.2 0.2 0.75 2.61 42 1 3.27 1

APP_7_Inner_Layer_0:0 0.6 0.6 2.25 2.51 43 9 1.59 1
0
APP_7_Inner_Layer_1:0 0.13333333333333333 0.13333333333333333 0.5 3.18 4 19 1.38 1
1
APP_7_Inner_Layer_1:1 0.26666666666666666 0.26666666666666666 1.0 3.3 36 23 1.38 1
1
APP_7_Inner_Layer_2:0 0.6 0.6 2.25 1.98 47 48 3.19 1
2 3
APP_7_Output_Layer_0 0.2 0.2 0.75 3.46 34 4 2.21 1
4
6
3.1700430771160417
APP_8_Input_Layer_0 0.13333333333333333 0.13333333333333333 0.5 2.68 41 8 3.66 1

APP_8_Inner_Layer_0:0 0.6 0.6 2.25 2.35 3 39 1.46 1
0
APP_8_Inner_Layer_1:0 0.4 0.4 1.5 1.82 2 18 3.66 1
1
APP_8_Inner_Layer_1:1 0.2 0.2 0.75 3.94 21 44 1.98 1
1
APP_8_Inner_Layer_1:2 0.13333333333333333 0.13333333333333333 0.5 2.0 22 9 1.86 1
1
APP_8_Output_Layer_0 0.2 0.2 0.75 2.76 17 44 2.68 1
2 3 4
3
3.6079594220860414
APP_9_Input_Layer_0 0.2 0.2 0.75 1.72 20 1 2.78 1

APP_9_Inner_Layer_0:0 0.2 0.2 0.75 3.06 43 41 2.13 1
0
APP_9_Output_Layer_0 0.06666666666666667 0.06666666666666667 0.25 2.54 37 26 2.49 1
1
4
3.944802592866322
APP_10_Input_Layer_0 0.06666666666666667 0.06666666666666667 0.25 3.28 43 25 2.14 1

APP_10_Inner_Layer_0:0 0.5333333333333333 0.5333333333333333 2.0 3.48 14 19 2.18 1
0
APP_10_Inner_Layer_0:1 0.26666666666666666 0.26666666666666666 1.0 2.51 26 2 2.3 1
0
APP_10_Output_Layer_0 0.5333333333333333 0.5333333333333333 2.0 3.92 45 39 2.5 1
1 2
10
4.496627226908082
APP_11_Input_Layer_0 0.4666666666666667 0.4666666666666667 1.75 2.98 35 44 2.3 0

APP_11_Inner_Layer_0:0 0.4 0.4 1.5 1.29 26 44 3.05 1
0
APP_11_Inner_Layer_1:0 0.06666666666666667 0.06666666666666667 0.25 2.95 22 8 3.72 1
1
APP_11_Inner_Layer_2:0 0.6 0.6 2.25 2.8 25 14 3.24 1
2
APP_11_Inner_Layer_2:1 0.3333333333333333 0.3333333333333333 1.25 2.83 42 27 1.58 1
2
APP_11_Inner_Layer_2:2 0.06666666666666667 0.06666666666666667 0.25 1.42 24 5 2.33 1
2
APP_11_Inner_Layer_3:0 0.06666666666666667 0.06666666666666667 0.25 3.03 20 17 3.16 1
5
APP_11_Inner_Layer_3:1 0.26666666666666666 0.26666666666666666 1.0 3.88 37 32 2.37 1
4 5
APP_11_Inner_Layer_3:2 0.5333333333333333 0.5333333333333333 2.0 1.98 47 18 2.26 1
3
APP_11_Output_Layer_0 0.4666666666666667 0.4666666666666667 1.75 3.23 33 23 2.95 1
6 7 8
