10
12
4
0
APP_0_Input_Layer_0 0.06666666666666667 0.06666666666666667 0.25 2.89 29 20 2.23 1

APP_0_Inner_Layer_0:0 0.3333333333333333 0.3333333333333333 1.25 3.25 45 42 3.98 1
0
APP_0_Inner_Layer_0:1 0.2 0.2 0.75 2.34 27 32 2.69 1
0
APP_0_Output_Layer_0 0.2 0.2 0.75 2.51 15 28 3.12 1
1 2
6
0.6507827495912716
APP_1_Input_Layer_0 0.2 0.2 0.75 3.1 36 29 3.37 1

APP_1_Inner_Layer_0:0 0.4666666666666667 0.4666666666666667 1.75 1.04 24 40 3.92 1
0
APP_1_Inner_Layer_0:1 0.4666666666666667 0.4666666666666667 1.75 2.59 36 33 1.6 1
0
APP_1_Inner_Layer_0:2 0.6 0.6 2.25 3.48 32 29 2.99 1
0
APP_1_Inner_Layer_0:3 0.5333333333333333 0.5333333333333333 2.0 1.83 27 9 3.27 1
0
APP_1_Output_Layer_0 0.3333333333333333 0.3333333333333333 1.25 1.78 4 15 2.16 1
1 2 3 4
8
0.9877732608859672
APP_2_Input_Layer_0 0.5333333333333333 0.5333333333333333 2.0 2.02 30 8 3.82 1

APP_2_Inner_Layer_0:0 0.3333333333333333 0.3333333333333333 1.25 1.09 30 10 2.87 1
0
APP_2_Inner_Layer_0:1 0.3333333333333333 0.3333333333333333 1.25 3.03 33 16 3.79 1
0
APP_2_Inner_Layer_0:2 0.06666666666666667 0.06666666666666667 0.25 1.88 33 15 1.08 1
0
APP_2_Inner_Layer_0:3 0.06666666666666667 0.06666666666666667 0.25 3.22 42 37 3.69 1
0
APP_2_Inner_Layer_1:0 0.6 0.6 2.25 2.87 10 11 2.52 1
1 3 4
APP_2_Inner_Layer_1:1 0.6 0.6 2.25 1.63 38 41 1.53 1
2
APP_2_Output_Layer_0 0.3333333333333333 0.3333333333333333 1.25 2.25 32 1 1.45 1
5 6
7
1.4299133680078544
APP_3_Input_Layer_0 0.5333333333333333 0.5333333333333333 2.0 3.44 6 20 3.4 1

APP_3_Inner_Layer_0:0 0.6 0.6 2.25 1.27 47 13 2.38 1
0
APP_3_Inner_Layer_0:1 0.6 0.6 2.25 1.33 6 45 3.3 1
0
APP_3_Inner_Layer_0:2 0.06666666666666667 0.06666666666666667 0.25 1.91 25 21 1.56 1
0
APP_3_Inner_Layer_1:0 0.5333333333333333 0.5333333333333333 2.0 1.3 11 14 1.52 1
1 2 3
APP_3_Inner_Layer_2:0 0.3333333333333333 0.3333333333333333 1.25 1.92 31 45 3.77 1
4
APP_3_Output_Layer_0 0.06666666666666667 0.06666666666666667 0.25 3.83 13 13 1.22 1
5
14
1.7603856257585684
APP_4_Input_Layer_0 0.5333333333333333 0.5333333333333333 2.0 2.55 19 27 1.81 1

APP_4_Inner_Layer_0:0 0.3333333333333333 0.3333333333333333 1.25 1.07 36 45 3.44 1
0
APP_4_Inner_Layer_0:1 0.4666666666666667 0.4666666666666667 1.75 2.33 39 23 3.94 1
0
APP_4_Inner_Layer_0:2 0.26666666666666666 0.26666666666666666 1.0 3.4 41 16 3.32 1
0
APP_4_Inner_Layer_0:3 0.3333333333333333 0.3333333333333333 1.25 3.81 31 47 2.1 1
0
APP_4_Inner_Layer_1:0 0.4 0.4 1.5 2.56 40 45 1.28 1
1 2 3 4
APP_4_Inner_Layer_2:0 0.4666666666666667 0.4666666666666667 1.75 1.77 40 26 1.98 1
5
APP_4_Inner_Layer_2:1 0.4 0.4 1.5 2.46 32 16 3.92 1
5
APP_4_Inner_Layer_2:2 0.3333333333333333 0.3333333333333333 1.25 3.0 22 37 1.6 1
5
APP_4_Inner_Layer_2:3 0.6 0.6 2.25 3.15 17 33 1.71 1
5
APP_4_Inner_Layer_3:0 0.2 0.2 0.75 2.73 13 17 2.51 1
6
APP_4_Inner_Layer_3:1 0.26666666666666666 0.26666666666666666 1.0 1.43 10 7 1.79 1
7 8
APP_4_Inner_Layer_3:2 0.6 0.6 2.25 2.08 21 29 3.27 1
6 9
APP_4_Output_Layer_0 0.6 0.6 2.25 1.96 37 4 3.9 1
10 11 12
15
2.22009383228642
APP_5_Input_Layer_0 0.26666666666666666 0.26666666666666666 1.0 3.17 3 38 1.76 1

APP_5_Inner_Layer_0:0 0.5333333333333333 0.5333333333333333 2.0 2.05 28 42 2.88 1
0
APP_5_Inner_Layer_0:1 0.2 0.2 0.75 2.21 3 41 2.75 1
0
APP_5_Inner_Layer_1:0 0.5333333333333333 0.5333333333333333 2.0 2.78 46 29 3.74 1
1
APP_5_Inner_Layer_1:1 0.2 0.2 0.75 3.42 5 12 2.48 1
1 2
APP_5_Inner_Layer_1:2 0.6 0.6 2.25 1.19 10 11 1.88 1
1
APP_5_Inner_Layer_1:3 0.13333333333333333 0.13333333333333333 0.5 1.19 48 42 1.94 1
1
APP_5_Inner_Layer_2:0 0.6 0.6 2.25 3.72 28 32 1.48 1
3
APP_5_Inner_Layer_2:1 0.13333333333333333 0.13333333333333333 0.5 3.75 2 14 1.31 1
5
APP_5_Inner_Layer_2:2 0.06666666666666667 0.06666666666666667 0.25 1.95 21 28 2.54 1
3 4 6
APP_5_Inner_Layer_3:0 0.5333333333333333 0.5333333333333333 2.0 1.17 28 43 1.81 1
7
APP_5_Inner_Layer_3:1 0.2 0.2 0.75 3.69 48 12 3.97 1
8 9
APP_5_Inner_Layer_3:2 0.26666666666666666 0.26666666666666666 1.0 3.35 45 28 3.96 1
8
APP_5_Inner_Layer_3:3 0.3333333333333333 0.3333333333333333 1.25 2.47 6 20 1.44 1
7 8
APP_5_Output_Layer_0 0.06666666666666667 0.06666666666666667 0.25 3.52 8 25 2.98 1
10 11 12 13
8
2.6353562085508804
APP_6_Input_Layer_0 0.4666666666666667 0.4666666666666667 1.75 3.43 31 32 3.17 1

APP_6_Inner_Layer_0:0 0.13333333333333333 0.13333333333333333 0.5 2.27 31 15 3.84 1
0
APP_6_Inner_Layer_0:1 0.13333333333333333 0.13333333333333333 0.5 2.93 30 38 3.07 1
0
APP_6_Inner_Layer_1:0 0.4 0.4 1.5 2.35 31 16 1.37 1
1
APP_6_Inner_Layer_1:1 0.06666666666666667 0.06666666666666667 0.25 3.82 9 4 3.16 1
2
APP_6_Inner_Layer_1:2 0.2 0.2 0.75 2.81 9 32 1.31 1
1 2
APP_6_Inner_Layer_2:0 0.2 0.2 0.75 2.71 35 17 2.3 1
3 4 5
APP_6_Output_Layer_0 0.4666666666666667 0.4666666666666667 1.75 3.55 35 48 2.23 1
6
5
3.0355526294159483
APP_7_Input_Layer_0 0.6 0.6 2.25 1.95 40 32 3.4 1

APP_7_Inner_Layer_0:0 0.4 0.4 1.5 2.17 38 28 3.11 1
0
APP_7_Inner_Layer_0:1 0.2 0.2 0.75 3.02 22 40 1.99 1
0
APP_7_Inner_Layer_0:2 0.2 0.2 0.75 3.45 11 23 1.52 1
0
APP_7_Output_Layer_0 0.26666666666666666 0.26666666666666666 1.0 2.03 2 20 1.94 1
1 2 3
11
3.8450062411994645
APP_8_Input_Layer_0 0.3333333333333333 0.3333333333333333 1.25 3.06 34 9 1.63 1

APP_8_Inner_Layer_0:0 0.3333333333333333 0.3333333333333333 1.25 2.9 44 5 3.91 1
0
APP_8_Inner_Layer_0:1 0.6 0.6 2.25 1.97 35 3 1.96 1
0
APP_8_Inner_Layer_0:2 0.4666666666666667 0.4666666666666667 1.75 2.51 5 39 3.9 1
0
APP_8_Inner_Layer_0:3 0.06666666666666667 0.06666666666666667 0.25 3.47 28 39 1.59 1
0
APP_8_Inner_Layer_1:0 0.26666666666666666 0.26666666666666666 1.0 3.42 17 4 1.39 1
2 4
APP_8_Inner_Layer_1:1 0.4 0.4 1.5 1.55 41 6 3.21 1
1 2
APP_8_Inner_Layer_1:2 0.2 0.2 0.75 3.48 17 25 1.64 1
1 3 4
APP_8_Inner_Layer_2:0 0.6 0.6 2.25 1.52 22 6 2.5 1
5 7
APP_8_Inner_Layer_2:1 0.13333333333333333 0.13333333333333333 0.5 3.48 43 25 3.55 1
6
APP_8_Output_Layer_0 0.3333333333333333 0.3333333333333333 1.25 1.98 44 43 1.52 1
8 9
10
4.204493622605657
APP_9_Input_Layer_0 0.6 0.6 2.25 2.98 21 34 2.64 1

APP_9_Inner_Layer_0:0 0.4666666666666667 0.4666666666666667 1.75 2.61 8 19 2.23 1
0
APP_9_Inner_Layer_0:1 0.4 0.4 1.5 2.19 5 5 2.02 1
0
APP_9_Inner_Layer_1:0 0.6 0.6 2.25 1.81 40 29 2.79 1
1 2
APP_9_Inner_Layer_2:0 0.13333333333333333 0.13333333333333333 0.5 3.15 48 47 3.8 1
3
APP_9_Inner_Layer_2:1 0.06666666666666667 0.06666666666666667 0.25 1.38 29 4 2.77 1
3
APP_9_Inner_Layer_3:0 0.13333333333333333 0.13333333333333333 0.5 3.85 30 27 3.41 1
4
APP_9_Inner_Layer_3:1 0.26666666666666666 0.26666666666666666 1.0 3.46 42 45 3.61 1
4 5
APP_9_Inner_Layer_3:2 0.13333333333333333 0.13333333333333333 0.5 2.94 11 25 1.81 1
5
APP_9_Output_Layer_0 0.6 0.6 2.25 2.9 47 27 3.92 0
6 7 8
7
4.561596939331216
APP_10_Input_Layer_0 0.6 0.6 2.25 2.77 29 39 1.91 1

APP_10_Inner_Layer_0:0 0.4666666666666667 0.4666666666666667 1.75 2.49 9 3 2.57 1
0
APP_10_Inner_Layer_0:1 0.13333333333333333 0.13333333333333333 0.5 3.59 36 35 1.11 1
0
APP_10_Inner_Layer_0:2 0.4 0.4 1.5 2.12 4 1 2.27 1
0
APP_10_Inner_Layer_1:0 0.2 0.2 0.75 2.5 20 3 4.0 1
1 2 3
APP_10_Inner_Layer_2:0 0.4 0.4 1.5 2.73 7 18 2.67 1
4
APP_10_Output_Layer_0 0.06666666666666667 0.06666666666666667 0.25 1.65 27 23 2.17 1
5
7
5.362764217955997
APP_11_Input_Layer_0 0.5333333333333333 0.5333333333333333 2.0 3.04 48 23 1.29 0

APP_11_Inner_Layer_0:0 0.4666666666666667 0.4666666666666667 1.75 3.42 45 34 2.83 1
0
APP_11_Inner_Layer_0:1 0.3333333333333333 0.3333333333333333 1.25 3.13 46 43 1.03 1
0
APP_11_Inner_Layer_0:2 0.3333333333333333 0.3333333333333333 1.25 3.28 26 15 2.28 1
0
APP_11_Inner_Layer_1:0 0.2 0.2 0.75 2.29 4 42 1.61 1
1 2 3
APP_11_Inner_Layer_2:0 0.13333333333333333 0.13333333333333333 0.5 2.16 41 46 3.48 1
4
APP_11_Output_Layer_0 0.5333333333333333 0.5333333333333333 2.0 3.48 28 37 2.22 1
5
