10
12
5
0
APP_0_Input_Layer_0 0.13333333333333333 0.13333333333333333 0.5 3.55 27 45 1.03 1

APP_0_Inner_Layer_0:0 0.06666666666666667 0.06666666666666667 0.25 3.87 26 17 2.76 1
0
APP_0_Inner_Layer_0:1 0.2 0.2 0.75 3.49 39 28 2.37 1
0
APP_0_Inner_Layer_0:2 0.4666666666666667 0.4666666666666667 1.75 1.29 14 45 1.32 1
0
APP_0_Output_Layer_0 0.6 0.6 2.25 2.05 13 25 1.71 1
1 2 3
4
0.34385412744209387
APP_1_Input_Layer_0 0.3333333333333333 0.3333333333333333 1.25 3.74 17 28 3.25 1

APP_1_Inner_Layer_0:0 0.5333333333333333 0.5333333333333333 2.0 1.76 35 19 2.9 1
0
APP_1_Inner_Layer_0:1 0.26666666666666666 0.26666666666666666 1.0 1.26 29 49 1.3 1
0
APP_1_Output_Layer_0 0.3333333333333333 0.3333333333333333 1.25 3.88 43 3 2.45 1
1 2
10
0.9458685433470821
APP_2_Input_Layer_0 0.2 0.2 0.75 1.84 19 30 3.0 0

APP_2_Inner_Layer_0:0 0.06666666666666667 0.06666666666666667 0.25 1.2 49 15 3.25 1
0
APP_2_Inner_Layer_0:1 0.6 0.6 2.25 1.12 17 1 3.2 1
0
APP_2_Inner_Layer_0:2 0.3333333333333333 0.3333333333333333 1.25 3.68 8 9 3.68 1
0
APP_2_Inner_Layer_0:3 0.13333333333333333 0.13333333333333333 0.5 3.22 49 49 1.87 1
0
APP_2_Inner_Layer_1:0 0.6 0.6 2.25 2.91 1 17 1.12 1
1 3 4
APP_2_Inner_Layer_1:1 0.2 0.2 0.75 3.12 22 40 3.99 1
1 2
APP_2_Inner_Layer_1:2 0.3333333333333333 0.3333333333333333 1.25 1.77 27 46 2.59 1
3 4
APP_2_Inner_Layer_2:0 0.6 0.6 2.25 3.91 41 23 3.36 1
5 6 7
APP_2_Output_Layer_0 0.5333333333333333 0.5333333333333333 2.0 2.82 17 47 2.43 1
8
6
1.349238677998362
APP_3_Input_Layer_0 0.13333333333333333 0.13333333333333333 0.5 2.96 25 29 1.26 1

APP_3_Inner_Layer_0:0 0.06666666666666667 0.06666666666666667 0.25 2.97 34 14 2.8 1
0
APP_3_Inner_Layer_0:1 0.06666666666666667 0.06666666666666667 0.25 1.46 27 15 2.0 1
0
APP_3_Inner_Layer_1:0 0.2 0.2 0.75 1.29 49 30 2.5 1
1
APP_3_Inner_Layer_1:1 0.5333333333333333 0.5333333333333333 2.0 2.82 21 40 1.06 1
2
APP_3_Output_Layer_0 0.26666666666666666 0.26666666666666666 1.0 1.44 35 25 2.11 0
3 4
10
1.7365709185444977
APP_4_Input_Layer_0 0.3333333333333333 0.3333333333333333 1.25 3.29 4 26 2.59 1

APP_4_Inner_Layer_0:0 0.4666666666666667 0.4666666666666667 1.75 2.02 47 6 2.09 1
0
APP_4_Inner_Layer_0:1 0.4666666666666667 0.4666666666666667 1.75 3.27 13 49 3.66 1
0
APP_4_Inner_Layer_1:0 0.4 0.4 1.5 1.46 12 21 3.0 1
1
APP_4_Inner_Layer_1:1 0.3333333333333333 0.3333333333333333 1.25 3.52 30 17 2.87 1
2
APP_4_Inner_Layer_1:2 0.13333333333333333 0.13333333333333333 0.5 2.73 5 41 2.29 1
2
APP_4_Inner_Layer_2:0 0.5333333333333333 0.5333333333333333 2.0 3.55 9 31 1.71 1
3
APP_4_Inner_Layer_2:1 0.3333333333333333 0.3333333333333333 1.25 2.37 49 41 2.61 1
3 4
APP_4_Inner_Layer_2:2 0.3333333333333333 0.3333333333333333 1.25 2.24 3 30 2.0 1
3 5
APP_4_Output_Layer_0 0.3333333333333333 0.3333333333333333 1.25 2.99 45 30 3.62 1
6 7 8
8
2.2487365404930966
APP_5_Input_Layer_0 0.13333333333333333 0.13333333333333333 0.5 3.95 37 32 2.9 1

APP_5_Inner_Layer_0:0 0.4 0.4 1.5 3.62 49 6 1.71 1
0
APP_5_Inner_Layer_0:1 0.13333333333333333 0.13333333333333333 0.5 1.97 23 18 1.13 1
0
APP_5_Inner_Layer_0:2 0.13333333333333333 0.13333333333333333 0.5 2.95 7 23 1.76 1
0
APP_5_Inner_Layer_1:0 0.2 0.2 0.75 1.8 48 31 1.32 1
1 3
APP_5_Inner_Layer_1:1 0.2 0.2 0.75 1.41 38 3 1.42 1
2
APP_5_Inner_Layer_1:2 0.5333333333333333 0.5333333333333333 2.0 1.08 36 34 1.07 1
1 2
APP_5_Output_Layer_0 0.4 0.4 1.5 1.06 46 18 2.77 1
4 5 6
15
2.7516521292063216
APP_6_Input_Layer_0 0.06666666666666667 0.06666666666666667 0.25 1.73 42 1 2.39 1

APP_6_Inner_Layer_0:0 0.5333333333333333 0.5333333333333333 2.0 3.52 10 31 2.37 1
0
APP_6_Inner_Layer_0:1 0.13333333333333333 0.13333333333333333 0.5 1.57 33 13 3.67 1
0
APP_6_Inner_Layer_0:2 0.3333333333333333 0.3333333333333333 1.25 1.5 17 13 2.1 1
0
APP_6_Inner_Layer_0:3 0.4666666666666667 0.4666666666666667 1.75 2.87 6 17 2.29 1
0
APP_6_Inner_Layer_1:0 0.5333333333333333 0.5333333333333333 2.0 3.24 37 18 2.91 1
1 3
APP_6_Inner_Layer_1:1 0.26666666666666666 0.26666666666666666 1.0 2.04 21 23 1.56 1
2 4
APP_6_Inner_Layer_2:0 0.6 0.6 2.25 2.9 10 16 3.19 1
5
APP_6_Inner_Layer_2:1 0.4666666666666667 0.4666666666666667 1.75 2.3 4 1 1.43 1
6
APP_6_Inner_Layer_2:2 0.2 0.2 0.75 3.27 17 20 2.3 1
5 6
APP_6_Inner_Layer_3:0 0.26666666666666666 0.26666666666666666 1.0 1.42 43 33 3.49 1
9
APP_6_Inner_Layer_3:1 0.5333333333333333 0.5333333333333333 2.0 4.0 15 15 3.55 1
8
APP_6_Inner_Layer_3:2 0.13333333333333333 0.13333333333333333 0.5 1.65 22 8 2.95 1
7 8
APP_6_Inner_Layer_3:3 0.13333333333333333 0.13333333333333333 0.5 3.4 9 21 3.4 1
7 8
APP_6_Output_Layer_0 0.4666666666666667 0.4666666666666667 1.75 2.91 2 19 3.23 1
10 11 12 13
6
3.141808391947197
APP_7_Input_Layer_0 0.6 0.6 2.25 3.74 24 31 3.48 1

APP_7_Inner_Layer_0:0 0.4 0.4 1.5 1.97 10 22 2.23 1
0
APP_7_Inner_Layer_0:1 0.3333333333333333 0.3333333333333333 1.25 1.58 2 18 2.21 1
0
APP_7_Inner_Layer_1:0 0.6 0.6 2.25 1.25 41 30 4.0 1
1 2
APP_7_Inner_Layer_1:1 0.26666666666666666 0.26666666666666666 1.0 3.3 12 44 1.85 1
2
APP_7_Output_Layer_0 0.06666666666666667 0.06666666666666667 0.25 2.17 16 12 3.25 1
3 4
9
3.774647137858736
APP_8_Input_Layer_0 0.4666666666666667 0.4666666666666667 1.75 1.28 39 25 2.35 1

APP_8_Inner_Layer_0:0 0.06666666666666667 0.06666666666666667 0.25 2.17 27 22 1.82 1
0
APP_8_Inner_Layer_0:1 0.4 0.4 1.5 1.02 17 26 2.33 1
0
APP_8_Inner_Layer_0:2 0.4 0.4 1.5 2.75 30 1 2.19 1
0
APP_8_Inner_Layer_1:0 0.6 0.6 2.25 3.27 42 28 1.07 1
1 2 3
APP_8_Inner_Layer_1:1 0.4 0.4 1.5 3.23 17 2 2.12 1
3
APP_8_Inner_Layer_1:2 0.2 0.2 0.75 3.68 13 45 2.39 1
2 3
APP_8_Inner_Layer_1:3 0.4666666666666667 0.4666666666666667 1.75 2.5 11 15 3.35 1
2 3
APP_8_Output_Layer_0 0.4666666666666667 0.4666666666666667 1.75 3.02 31 45 2.33 1
4 5 6 7
3
4.245543644705623
APP_9_Input_Layer_0 0.4666666666666667 0.4666666666666667 1.75 2.0 29 6 3.38 1

APP_9_Inner_Layer_0:0 0.5333333333333333 0.5333333333333333 2.0 3.1 15 41 2.93 1
0
APP_9_Output_Layer_0 0.13333333333333333 0.13333333333333333 0.5 1.19 18 35 2.97 1
1
10
4.772696295100342
APP_10_Input_Layer_0 0.4 0.4 1.5 3.25 39 43 1.86 1

APP_10_Inner_Layer_0:0 0.2 0.2 0.75 3.09 20 30 1.21 1
0
APP_10_Inner_Layer_0:1 0.4 0.4 1.5 3.3 47 47 1.87 1
0
APP_10_Inner_Layer_1:0 0.2 0.2 0.75 1.39 26 28 1.95 1
1 2
APP_10_Inner_Layer_2:0 0.5333333333333333 0.5333333333333333 2.0 2.37 48 44 1.01 1
3
APP_10_Inner_Layer_2:1 0.2 0.2 0.75 3.75 45 27 2.98 1
3
APP_10_Inner_Layer_2:2 0.26666666666666666 0.26666666666666666 1.0 3.1 17 8 2.7 1
3
APP_10_Inner_Layer_2:3 0.4 0.4 1.5 3.93 7 18 1.88 1
3
APP_10_Inner_Layer_3:0 0.13333333333333333 0.13333333333333333 0.5 3.46 41 28 1.07 1
4 5 6 7
APP_10_Output_Layer_0 0.4 0.4 1.5 3.76 40 25 1.66 1
8
12
5.284064947442663
APP_11_Input_Layer_0 0.4 0.4 1.5 2.06 9 6 2.08 1

APP_11_Inner_Layer_0:0 0.13333333333333333 0.13333333333333333 0.5 1.42 42 6 3.49 1
0
APP_11_Inner_Layer_0:1 0.4666666666666667 0.4666666666666667 1.75 3.59 42 36 1.24 1
0
APP_11_Inner_Layer_0:2 0.5333333333333333 0.5333333333333333 2.0 2.88 35 46 2.66 1
0
APP_11_Inner_Layer_0:3 0.13333333333333333 0.13333333333333333 0.5 1.48 40 48 3.4 1
0
APP_11_Inner_Layer_1:0 0.06666666666666667 0.06666666666666667 0.25 2.29 2 23 3.07 1
1 2 3 4
APP_11_Inner_Layer_2:0 0.4 0.4 1.5 1.12 21 48 1.47 1
5
APP_11_Inner_Layer_2:1 0.4666666666666667 0.4666666666666667 1.75 3.41 23 44 1.07 1
5
APP_11_Inner_Layer_3:0 0.5333333333333333 0.5333333333333333 2.0 1.49 27 5 1.84 1
6
APP_11_Inner_Layer_3:1 0.5333333333333333 0.5333333333333333 2.0 2.58 43 14 3.88 1
6 7
APP_11_Inner_Layer_3:2 0.26666666666666666 0.26666666666666666 1.0 3.06 37 46 1.42 1
6
APP_11_Output_Layer_0 0.2 0.2 0.75 1.15 14 6 2.82 1
8 9 10
