10
12
9
0
APP_0_Input_Layer_0 0.3333333333333333 0.3333333333333333 1.25 2.32 11 39 1.47 1

APP_0_Inner_Layer_0:0 0.26666666666666666 0.26666666666666666 1.0 1.09 39 20 1.53 1
0
APP_0_Inner_Layer_1:0 0.4666666666666667 0.4666666666666667 1.75 2.56 23 11 2.04 1
1
APP_0_Inner_Layer_2:0 0.3333333333333333 0.3333333333333333 1.25 1.41 24 8 1.59 1
2
APP_0_Inner_Layer_3:0 0.4 0.4 1.5 2.34 43 17 2.72 1
3
APP_0_Inner_Layer_3:1 0.13333333333333333 0.13333333333333333 0.5 1.24 48 40 1.78 1
3
APP_0_Inner_Layer_3:2 0.4 0.4 1.5 3.84 24 9 2.18 1
3
APP_0_Inner_Layer_3:3 0.06666666666666667 0.06666666666666667 0.25 2.47 6 40 1.46 1
3
APP_0_Output_Layer_0 0.6 0.6 2.25 3.59 38 8 2.55 1
4 5 6 7
10
0.6814062439106671
APP_1_Input_Layer_0 0.26666666666666666 0.26666666666666666 1.0 3.04 47 36 1.93 1

APP_1_Inner_Layer_0:0 0.5333333333333333 0.5333333333333333 2.0 2.76 32 21 2.8 1
0
APP_1_Inner_Layer_0:1 0.13333333333333333 0.13333333333333333 0.5 3.17 9 8 1.21 1
0
APP_1_Inner_Layer_0:2 0.06666666666666667 0.06666666666666667 0.25 3.51 14 12 2.29 1
0
APP_1_Inner_Layer_0:3 0.4 0.4 1.5 1.38 38 18 3.37 1
0
APP_1_Inner_Layer_1:0 0.06666666666666667 0.06666666666666667 0.25 1.61 22 5 3.1 1
1
APP_1_Inner_Layer_1:1 0.4 0.4 1.5 3.46 43 46 1.22 1
1 4
APP_1_Inner_Layer_1:2 0.4 0.4 1.5 3.51 8 6 1.4 1
2 3
APP_1_Inner_Layer_1:3 0.13333333333333333 0.13333333333333333 0.5 2.47 44 34 3.24 1
2
APP_1_Output_Layer_0 0.6 0.6 2.25 2.13 18 33 1.46 1
5 6 7 8
5
1.4208272838535527
APP_2_Input_Layer_0 0.06666666666666667 0.06666666666666667 0.25 2.72 21 13 1.31 1

APP_2_Inner_Layer_0:0 0.5333333333333333 0.5333333333333333 2.0 3.5 38 42 1.2 1
0
APP_2_Inner_Layer_0:1 0.4666666666666667 0.4666666666666667 1.75 3.03 1 14 3.05 1
0
APP_2_Inner_Layer_1:0 0.3333333333333333 0.3333333333333333 1.25 2.23 12 25 2.01 1
1 2
APP_2_Output_Layer_0 0.6 0.6 2.25 3.85 2 36 1.6 1
3
5
1.7589809418749662
APP_3_Input_Layer_0 0.4 0.4 1.5 1.97 3 37 1.12 0

APP_3_Inner_Layer_0:0 0.13333333333333333 0.13333333333333333 0.5 1.3 44 36 1.08 1
0
APP_3_Inner_Layer_0:1 0.06666666666666667 0.06666666666666667 0.25 3.43 45 29 1.26 1
0
APP_3_Inner_Layer_0:2 0.26666666666666666 0.26666666666666666 1.0 3.76 2 26 1.94 1
0
APP_3_Output_Layer_0 0.06666666666666667 0.06666666666666667 0.25 2.3 22 2 1.74 1
1 2 3
7
2.2818518481658288
APP_4_Input_Layer_0 0.3333333333333333 0.3333333333333333 1.25 3.1 4 40 2.72 1

APP_4_Inner_Layer_0:0 0.06666666666666667 0.06666666666666667 0.25 3.99 24 5 3.1 1
0
APP_4_Inner_Layer_1:0 0.4666666666666667 0.4666666666666667 1.75 2.14 42 47 1.9 1
1
APP_4_Inner_Layer_1:1 0.06666666666666667 0.06666666666666667 0.25 1.51 21 37 3.34 1
1
APP_4_Inner_Layer_1:2 0.13333333333333333 0.13333333333333333 0.5 1.82 46 8 2.11 1
1
APP_4_Inner_Layer_1:3 0.26666666666666666 0.26666666666666666 1.0 2.49 40 10 1.27 1
1
APP_4_Output_Layer_0 0.2 0.2 0.75 1.49 20 9 2.84 1
2 3 4 5
6
2.927095917312477
APP_5_Input_Layer_0 0.06666666666666667 0.06666666666666667 0.25 3.23 37 20 1.59 1

APP_5_Inner_Layer_0:0 0.6 0.6 2.25 3.83 31 29 2.37 1
0
APP_5_Inner_Layer_1:0 0.4666666666666667 0.4666666666666667 1.75 1.59 19 1 1.82 1
1
APP_5_Inner_Layer_1:1 0.5333333333333333 0.5333333333333333 2.0 2.52 12 29 2.23 1
1
APP_5_Inner_Layer_1:2 0.4 0.4 1.5 1.48 3 45 3.28 1
1
APP_5_Output_Layer_0 0.5333333333333333 0.5333333333333333 2.0 3.1 21 41 1.06 1
2 3 4
5
3.2926491031103176
APP_6_Input_Layer_0 0.3333333333333333 0.3333333333333333 1.25 2.18 14 17 3.47 1

APP_6_Inner_Layer_0:0 0.3333333333333333 0.3333333333333333 1.25 3.58 17 30 1.3 1
0
APP_6_Inner_Layer_0:1 0.3333333333333333 0.3333333333333333 1.25 2.31 41 18 2.63 1
0
APP_6_Inner_Layer_0:2 0.4666666666666667 0.4666666666666667 1.75 3.57 38 30 1.19 1
0
APP_6_Output_Layer_0 0.06666666666666667 0.06666666666666667 0.25 2.63 25 42 3.59 1
1 2 3
6
3.8046278470190855
APP_7_Input_Layer_0 0.5333333333333333 0.5333333333333333 2.0 2.56 6 35 3.63 1

APP_7_Inner_Layer_0:0 0.6 0.6 2.25 2.29 2 25 2.75 1
0
APP_7_Inner_Layer_0:1 0.06666666666666667 0.06666666666666667 0.25 1.7 21 2 3.91 1
0
APP_7_Inner_Layer_0:2 0.2 0.2 0.75 2.63 36 23 2.22 1
0
APP_7_Inner_Layer_0:3 0.4 0.4 1.5 3.33 19 9 1.92 1
0
APP_7_Output_Layer_0 0.4666666666666667 0.4666666666666667 1.75 1.8 12 34 1.38 1
1 2 3 4
10
4.133794351473233
APP_8_Input_Layer_0 0.3333333333333333 0.3333333333333333 1.25 2.67 45 4 2.14 1

APP_8_Inner_Layer_0:0 0.4 0.4 1.5 3.62 10 32 2.31 1
0
APP_8_Inner_Layer_0:1 0.3333333333333333 0.3333333333333333 1.25 3.05 12 29 1.63 1
0
APP_8_Inner_Layer_0:2 0.26666666666666666 0.26666666666666666 1.0 2.46 10 6 3.31 1
0
APP_8_Inner_Layer_0:3 0.26666666666666666 0.26666666666666666 1.0 2.21 14 15 1.15 1
0
APP_8_Inner_Layer_1:0 0.3333333333333333 0.3333333333333333 1.25 1.68 16 19 3.93 1
3 4
APP_8_Inner_Layer_1:1 0.6 0.6 2.25 3.35 22 26 3.92 1
2 3 4
APP_8_Inner_Layer_1:2 0.4 0.4 1.5 3.44 18 38 2.31 1
1 2 3
APP_8_Inner_Layer_1:3 0.4666666666666667 0.4666666666666667 1.75 1.98 23 33 3.25 1
4
APP_8_Output_Layer_0 0.3333333333333333 0.3333333333333333 1.25 2.93 28 39 2.38 1
5 6 7 8
13
4.546823295626139
APP_9_Input_Layer_0 0.4666666666666667 0.4666666666666667 1.75 2.63 37 12 1.98 1

APP_9_Inner_Layer_0:0 0.4666666666666667 0.4666666666666667 1.75 2.57 30 4 2.87 1
0
APP_9_Inner_Layer_0:1 0.06666666666666667 0.06666666666666667 0.25 3.29 34 12 3.15 1
0
APP_9_Inner_Layer_1:0 0.26666666666666666 0.26666666666666666 1.0 1.99 11 30 1.33 1
2
APP_9_Inner_Layer_1:1 0.26666666666666666 0.26666666666666666 1.0 3.81 2 2 3.35 1
1
APP_9_Inner_Layer_2:0 0.26666666666666666 0.26666666666666666 1.0 2.56 38 14 3.56 1
4
APP_9_Inner_Layer_2:1 0.26666666666666666 0.26666666666666666 1.0 2.6 20 43 3.17 1
3
APP_9_Inner_Layer_2:2 0.5333333333333333 0.5333333333333333 2.0 2.45 13 9 1.23 1
3
APP_9_Inner_Layer_3:0 0.3333333333333333 0.3333333333333333 1.25 3.0 48 15 3.26 1
5 6
APP_9_Inner_Layer_3:1 0.4 0.4 1.5 2.23 49 32 1.18 1
5 7
APP_9_Inner_Layer_3:2 0.3333333333333333 0.3333333333333333 1.25 2.33 23 49 1.52 1
7
APP_9_Inner_Layer_3:3 0.5333333333333333 0.5333333333333333 2.0 1.59 40 39 2.65 1
7
APP_9_Output_Layer_0 0.6 0.6 2.25 2.14 45 38 1.95 1
8 9 10 11
12
4.88784285772903
APP_10_Input_Layer_0 0.26666666666666666 0.26666666666666666 1.0 1.12 43 34 1.26 1

APP_10_Inner_Layer_0:0 0.2 0.2 0.75 3.08 24 2 1.32 1
0
APP_10_Inner_Layer_0:1 0.4 0.4 1.5 1.96 12 36 3.44 1
0
APP_10_Inner_Layer_0:2 0.5333333333333333 0.5333333333333333 2.0 2.37 14 20 1.76 1
0
APP_10_Inner_Layer_1:0 0.6 0.6 2.25 1.49 20 42 3.33 1
1 2
APP_10_Inner_Layer_1:1 0.6 0.6 2.25 1.45 28 24 3.97 1
2
APP_10_Inner_Layer_1:2 0.13333333333333333 0.13333333333333333 0.5 3.2 19 23 3.52 1
1 2
APP_10_Inner_Layer_1:3 0.26666666666666666 0.26666666666666666 1.0 1.94 14 7 2.54 1
3
APP_10_Inner_Layer_2:0 0.4 0.4 1.5 3.13 1 13 1.33 1
4 5 7
APP_10_Inner_Layer_2:1 0.13333333333333333 0.13333333333333333 0.5 2.75 49 40 1.99 1
6 7
APP_10_Inner_Layer_2:2 0.4 0.4 1.5 1.46 21 6 3.63 1
5
APP_10_Output_Layer_0 0.4 0.4 1.5 2.2 24 46 3.84 1
8 9 10
11
5.202760454141128
APP_11_Input_Layer_0 0.2 0.2 0.75 2.24 6 8 2.86 1

APP_11_Inner_Layer_0:0 0.06666666666666667 0.06666666666666667 0.25 1.99 32 18 2.09 1
0
APP_11_Inner_Layer_0:1 0.4666666666666667 0.4666666666666667 1.75 3.63 37 39 1.4 1
0
APP_11_Inner_Layer_1:0 0.3333333333333333 0.3333333333333333 1.25 3.39 3 7 2.48 1
1 2
APP_11_Inner_Layer_1:1 0.26666666666666666 0.26666666666666666 1.0 1.28 40 17 2.54 1
2
APP_11_Inner_Layer_1:2 0.6 0.6 2.25 2.31 26 29 1.85 1
2
APP_11_Inner_Layer_2:0 0.13333333333333333 0.13333333333333333 0.5 2.68 44 28 1.86 1
3 5
APP_11_Inner_Layer_2:1 0.06666666666666667 0.06666666666666667 0.25 3.51 33 1 1.71 1
3
APP_11_Inner_Layer_2:2 0.2 0.2 0.75 2.28 3 43 1.31 1
3 5
APP_11_Inner_Layer_2:3 0.13333333333333333 0.13333333333333333 0.5 1.38 8 7 1.27 1
3 4
APP_11_Output_Layer_0 0.2 0.2 0.75 2.41 10 22 3.82 1
6 7 8 9
