10
12
6
0
APP_0_Input_Layer_0 0.6 0.6 2.25 1.1 16 30 1.4 1

APP_0_Inner_Layer_0:0 0.5333333333333333 0.5333333333333333 2.0 1.9 24 10 2.09 1
0
APP_0_Inner_Layer_0:1 0.4666666666666667 0.4666666666666667 1.75 1.42 1 24 1.27 1
0
APP_0_Inner_Layer_1:0 0.5333333333333333 0.5333333333333333 2.0 3.4 5 22 1.79 1
1 2
APP_0_Inner_Layer_1:1 0.3333333333333333 0.3333333333333333 1.25 1.9 32 6 3.7 1
2
APP_0_Output_Layer_0 0.6 0.6 2.25 2.56 28 18 3.86 1
3 4
13
0.6599326825970259
APP_1_Input_Layer_0 0.4 0.4 1.5 1.73 6 34 2.31 1

APP_1_Inner_Layer_0:0 0.3333333333333333 0.3333333333333333 1.25 2.19 22 11 3.45 1
0
APP_1_Inner_Layer_0:1 0.06666666666666667 0.06666666666666667 0.25 2.62 27 2 2.69 1
0
APP_1_Inner_Layer_1:0 0.26666666666666666 0.26666666666666666 1.0 2.92 39 6 2.7 1
1 2
APP_1_Inner_Layer_2:0 0.4 0.4 1.5 2.42 33 31 1.13 1
3
APP_1_Inner_Layer_2:1 0.4666666666666667 0.4666666666666667 1.75 2.88 1 40 1.62 1
3
APP_1_Inner_Layer_2:2 0.2 0.2 0.75 3.22 43 47 1.24 1
3
APP_1_Inner_Layer_2:3 0.4666666666666667 0.4666666666666667 1.75 1.83 26 32 1.29 1
3
APP_1_Inner_Layer_3:0 0.5333333333333333 0.5333333333333333 2.0 1.16 31 14 2.65 1
4 5 6 7
APP_1_Inner_Layer_3:1 0.5333333333333333 0.5333333333333333 2.0 3.16 17 20 3.62 1
5 6 7
APP_1_Inner_Layer_3:2 0.6 0.6 2.25 1.47 26 22 1.24 1
7
APP_1_Inner_Layer_3:3 0.13333333333333333 0.13333333333333333 0.5 1.65 10 27 3.67 1
4 5
APP_1_Output_Layer_0 0.6 0.6 2.25 2.64 14 31 2.3 1
8 9 10 11
13
1.1311591980477504
APP_2_Input_Layer_0 0.13333333333333333 0.13333333333333333 0.5 1.99 30 19 1.12 1

APP_2_Inner_Layer_0:0 0.06666666666666667 0.06666666666666667 0.25 1.7 19 38 2.76 1
0
APP_2_Inner_Layer_0:1 0.4 0.4 1.5 1.8 49 4 3.01 1
0
APP_2_Inner_Layer_0:2 0.4 0.4 1.5 2.92 44 12 1.82 1
0
APP_2_Inner_Layer_0:3 0.3333333333333333 0.3333333333333333 1.25 3.09 23 36 1.15 1
0
APP_2_Inner_Layer_1:0 0.26666666666666666 0.26666666666666666 1.0 1.72 2 35 1.39 1
2
APP_2_Inner_Layer_1:1 0.06666666666666667 0.06666666666666667 0.25 2.01 36 27 2.64 1
1 2 3
APP_2_Inner_Layer_1:2 0.4 0.4 1.5 1.25 18 11 2.91 1
1 3 4
APP_2_Inner_Layer_2:0 0.2 0.2 0.75 3.64 7 39 1.33 1
7
APP_2_Inner_Layer_2:1 0.06666666666666667 0.06666666666666667 0.25 1.06 13 11 1.11 1
5
APP_2_Inner_Layer_2:2 0.13333333333333333 0.13333333333333333 0.5 1.67 17 25 3.65 1
5 6
APP_2_Inner_Layer_2:3 0.06666666666666667 0.06666666666666667 0.25 3.32 42 9 2.45 1
5 7
APP_2_Output_Layer_0 0.4666666666666667 0.4666666666666667 1.75 1.49 44 7 3.11 1
8 9 10 11
11
1.5553585608076235
APP_3_Input_Layer_0 0.4 0.4 1.5 2.16 23 43 2.07 1

APP_3_Inner_Layer_0:0 0.26666666666666666 0.26666666666666666 1.0 3.57 17 7 1.3 1
0
APP_3_Inner_Layer_1:0 0.26666666666666666 0.26666666666666666 1.0 3.79 25 3 2.36 1
1
APP_3_Inner_Layer_1:1 0.3333333333333333 0.3333333333333333 1.25 1.57 40 13 2.88 1
1
APP_3_Inner_Layer_1:2 0.3333333333333333 0.3333333333333333 1.25 1.4 28 21 1.19 1
1
APP_3_Inner_Layer_1:3 0.4666666666666667 0.4666666666666667 1.75 2.1 18 28 3.1 1
1
APP_3_Inner_Layer_2:0 0.5333333333333333 0.5333333333333333 2.0 1.45 19 28 1.49 1
3
APP_3_Inner_Layer_2:1 0.26666666666666666 0.26666666666666666 1.0 2.03 42 10 2.55 1
4 5
APP_3_Inner_Layer_2:2 0.2 0.2 0.75 2.45 25 46 2.86 1
2
APP_3_Inner_Layer_3:0 0.4666666666666667 0.4666666666666667 1.75 2.01 40 20 3.14 1
6 7 8
APP_3_Output_Layer_0 0.5333333333333333 0.5333333333333333 2.0 2.85 11 27 1.31 1
9
5
2.295083878206195
APP_4_Input_Layer_0 0.4666666666666667 0.4666666666666667 1.75 1.74 28 16 2.85 1

APP_4_Inner_Layer_0:0 0.13333333333333333 0.13333333333333333 0.5 2.37 2 25 3.91 1
0
APP_4_Inner_Layer_0:1 0.3333333333333333 0.3333333333333333 1.25 2.01 33 2 3.6 1
0
APP_4_Inner_Layer_0:2 0.13333333333333333 0.13333333333333333 0.5 3.19 1 24 1.96 1
0
APP_4_Output_Layer_0 0.6 0.6 2.25 1.08 38 14 1.23 1
1 2 3
14
2.7574057508698147
APP_5_Input_Layer_0 0.4 0.4 1.5 1.41 6 21 3.21 0

APP_5_Inner_Layer_0:0 0.4 0.4 1.5 3.34 39 45 3.95 1
0
APP_5_Inner_Layer_0:1 0.5333333333333333 0.5333333333333333 2.0 1.69 8 31 1.27 1
0
APP_5_Inner_Layer_0:2 0.26666666666666666 0.26666666666666666 1.0 1.58 11 14 1.41 1
0
APP_5_Inner_Layer_0:3 0.06666666666666667 0.06666666666666667 0.25 2.45 1 4 3.68 1
0
APP_5_Inner_Layer_1:0 0.26666666666666666 0.26666666666666666 1.0 1.86 27 4 2.02 1
2 4
APP_5_Inner_Layer_1:1 0.6 0.6 2.25 1.35 12 43 2.79 1
2 3 4
APP_5_Inner_Layer_1:2 0.26666666666666666 0.26666666666666666 1.0 3.28 1 35 3.41 1
1 4
APP_5_Inner_Layer_1:3 0.26666666666666666 0.26666666666666666 1.0 3.91 9 21 2.22 1
2 3
APP_5_Inner_Layer_2:0 0.13333333333333333 0.13333333333333333 0.5 2.48 48 39 3.81 1
6 7
APP_5_Inner_Layer_2:1 0.13333333333333333 0.13333333333333333 0.5 2.84 32 26 3.6 1
5
APP_5_Inner_Layer_2:2 0.5333333333333333 0.5333333333333333 2.0 2.73 37 40 2.81 1
8
APP_5_Inner_Layer_2:3 0.13333333333333333 0.13333333333333333 0.5 1.99 41 37 3.21 1
8
APP_5_Output_Layer_0 0.2 0.2 0.75 2.53 6 38 2.97 1
9 10 11 12
4
3.459392533565361
APP_6_Input_Layer_0 0.4666666666666667 0.4666666666666667 1.75 2.1 28 24 2.52 1

APP_6_Inner_Layer_0:0 0.4 0.4 1.5 1.43 43 3 2.56 1
0
APP_6_Inner_Layer_0:1 0.3333333333333333 0.3333333333333333 1.25 3.13 14 40 3.63 1
0
APP_6_Output_Layer_0 0.3333333333333333 0.3333333333333333 1.25 1.68 34 5 1.26 1
1 2
6
3.8855661440610256
APP_7_Input_Layer_0 0.06666666666666667 0.06666666666666667 0.25 2.71 43 36 2.38 1

APP_7_Inner_Layer_0:0 0.26666666666666666 0.26666666666666666 1.0 2.02 44 17 3.25 1
0
APP_7_Inner_Layer_0:1 0.4 0.4 1.5 3.23 24 10 2.49 1
0
APP_7_Inner_Layer_0:2 0.5333333333333333 0.5333333333333333 2.0 1.93 33 26 1.36 1
0
APP_7_Inner_Layer_0:3 0.06666666666666667 0.06666666666666667 0.25 2.6 18 33 2.98 1
0
APP_7_Output_Layer_0 0.6 0.6 2.25 3.06 32 30 2.11 1
1 2 3 4
5
4.268024265563673
APP_8_Input_Layer_0 0.5333333333333333 0.5333333333333333 2.0 1.35 8 43 3.74 1

APP_8_Inner_Layer_0:0 0.5333333333333333 0.5333333333333333 2.0 2.95 11 41 3.45 1
0
APP_8_Inner_Layer_0:1 0.3333333333333333 0.3333333333333333 1.25 2.56 36 25 1.39 1
0
APP_8_Inner_Layer_0:2 0.13333333333333333 0.13333333333333333 0.5 1.22 30 2 1.75 1
0
APP_8_Output_Layer_0 0.06666666666666667 0.06666666666666667 0.25 2.02 22 24 2.78 1
1 2 3
4
4.647483856325605
APP_9_Input_Layer_0 0.26666666666666666 0.26666666666666666 1.0 3.89 33 14 2.87 1

APP_9_Inner_Layer_0:0 0.13333333333333333 0.13333333333333333 0.5 2.0 18 6 3.07 1
0
APP_9_Inner_Layer_0:1 0.26666666666666666 0.26666666666666666 1.0 3.05 18 13 3.47 1
0
APP_9_Output_Layer_0 0.6 0.6 2.25 3.63 29 5 1.81 1
1 2
7
5.071759442229119
APP_10_Input_Layer_0 0.4 0.4 1.5 3.57 25 17 1.43 1

APP_10_Inner_Layer_0:0 0.13333333333333333 0.13333333333333333 0.5 2.65 37 35 2.98 1
0
APP_10_Inner_Layer_1:0 0.3333333333333333 0.3333333333333333 1.25 1.09 46 7 2.81 1
1
APP_10_Inner_Layer_1:1 0.2 0.2 0.75 2.2 11 19 3.26 1
1
APP_10_Inner_Layer_2:0 0.6 0.6 2.25 2.86 39 28 1.57 1
2
APP_10_Inner_Layer_2:1 0.3333333333333333 0.3333333333333333 1.25 3.17 14 18 1.61 1
2 3
APP_10_Output_Layer_0 0.06666666666666667 0.06666666666666667 0.25 2.07 27 26 2.53 0
4 5
7
5.884129016918768
APP_11_Input_Layer_0 0.4666666666666667 0.4666666666666667 1.75 1.21 40 23 1.21 1

APP_11_Inner_Layer_0:0 0.6 0.6 2.25 1.79 14 3 2.89 1
0
APP_11_Inner_Layer_0:1 0.6 0.6 2.25 1.68 14 20 3.3 1
0
APP_11_Inner_Layer_0:2 0.06666666666666667 0.06666666666666667 0.25 1.84 23 35 2.23 1
0
APP_11_Inner_Layer_1:0 0.26666666666666666 0.26666666666666666 1.0 1.44 28 24 1.6 1
2
APP_11_Inner_Layer_1:1 0.2 0.2 0.75 3.5 22 36 1.27 1
1 3
APP_11_Output_Layer_0 0.5333333333333333 0.5333333333333333 2.0 2.77 48 46 3.47 1
4 5
