10
3
4
0
APP_0_Input_Layer_0 0.5333333333333333 0.5333333333333333 2.0 1.77 32 28 2.56 1

APP_0_Inner_Layer_0:0 0.13333333333333333 0.13333333333333333 0.5 3.05 29 13 3.12 1
0
APP_0_Inner_Layer_0:1 0.06666666666666667 0.06666666666666667 0.25 2.64 11 18 2.5 1
0
APP_0_Output_Layer_0 0.4 0.4 1.5 2.54 38 43 2.53 1
1 2
10
1.2411276068874546
APP_1_Input_Layer_0 0.13333333333333333 0.13333333333333333 0.5 3.68 3 29 2.48 1

APP_1_Inner_Layer_0:0 0.26666666666666666 0.26666666666666666 1.0 2.86 34 15 1.28 1
0
APP_1_Inner_Layer_0:1 0.2 0.2 0.75 3.4 39 38 2.01 1
0
APP_1_Inner_Layer_0:2 0.5333333333333333 0.5333333333333333 2.0 2.66 37 14 3.32 1
0
APP_1_Inner_Layer_1:0 0.13333333333333333 0.13333333333333333 0.5 2.68 45 1 1.42 1
1 2 3
APP_1_Inner_Layer_2:0 0.13333333333333333 0.13333333333333333 0.5 1.64 49 46 2.58 1
4
APP_1_Inner_Layer_2:1 0.13333333333333333 0.13333333333333333 0.5 2.85 28 24 2.04 1
4
APP_1_Inner_Layer_2:2 0.6 0.6 2.25 2.99 7 20 1.45 1
4
APP_1_Inner_Layer_2:3 0.13333333333333333 0.13333333333333333 0.5 3.64 41 28 2.0 1
4
APP_1_Output_Layer_0 0.13333333333333333 0.13333333333333333 0.5 1.16 13 22 1.97 1
5 6 7 8
12
3.1773449743056164
APP_2_Input_Layer_0 0.3333333333333333 0.3333333333333333 1.25 1.41 21 4 3.62 1

APP_2_Inner_Layer_0:0 0.2 0.2 0.75 2.08 16 21 3.29 1
0
APP_2_Inner_Layer_0:1 0.4 0.4 1.5 2.07 12 41 2.74 1
0
APP_2_Inner_Layer_0:2 0.26666666666666666 0.26666666666666666 1.0 2.02 49 34 1.35 1
0
APP_2_Inner_Layer_0:3 0.13333333333333333 0.13333333333333333 0.5 3.77 22 40 1.3 1
0
APP_2_Inner_Layer_1:0 0.06666666666666667 0.06666666666666667 0.25 2.37 14 21 3.79 1
1 2 3
APP_2_Inner_Layer_1:1 0.13333333333333333 0.13333333333333333 0.5 3.03 24 48 3.38 1
1
APP_2_Inner_Layer_1:2 0.26666666666666666 0.26666666666666666 1.0 1.78 37 10 1.8 1
2 4
APP_2_Inner_Layer_2:0 0.6 0.6 2.25 3.73 3 44 1.52 1
7
APP_2_Inner_Layer_2:1 0.4666666666666667 0.4666666666666667 1.75 3.93 27 15 1.97 1
5 6
APP_2_Inner_Layer_2:2 0.2 0.2 0.75 3.23 40 43 3.47 1
5 6 7
APP_2_Output_Layer_0 0.2 0.2 0.75 2.51 49 37 3.77 1
8 9 10
