10
3
9
0
APP_0_Input_Layer_0 0.26666666666666666 0.26666666666666666 1.0 2.68 28 21 1.06 1

APP_0_Inner_Layer_0:0 0.5333333333333333 0.5333333333333333 2.0 1.76 1 33 2.69 1
0
APP_0_Inner_Layer_0:1 0.4 0.4 1.5 1.63 7 41 3.43 1
0
APP_0_Inner_Layer_0:2 0.06666666666666667 0.06666666666666667 0.25 2.86 5 24 2.71 1
0
APP_0_Inner_Layer_1:0 0.6 0.6 2.25 3.58 26 48 2.86 1
1 2 3
APP_0_Inner_Layer_2:0 0.2 0.2 0.75 1.05 37 14 2.92 1
4
APP_0_Inner_Layer_2:1 0.2 0.2 0.75 1.62 21 40 2.7 1
4
APP_0_Inner_Layer_3:0 0.4666666666666667 0.4666666666666667 1.75 1.04 31 41 3.86 1
5 6
APP_0_Output_Layer_0 0.4 0.4 1.5 1.99 18 7 3.57 0
7
16
3.206352026725702
APP_1_Input_Layer_0 0.4666666666666667 0.4666666666666667 1.75 2.22 34 41 1.14 0

APP_1_Inner_Layer_0:0 0.26666666666666666 0.26666666666666666 1.0 3.96 33 26 1.59 1
0
APP_1_Inner_Layer_0:1 0.26666666666666666 0.26666666666666666 1.0 1.22 28 10 1.58 1
0
APP_1_Inner_Layer_0:2 0.4666666666666667 0.4666666666666667 1.75 2.54 37 28 2.31 1
0
APP_1_Inner_Layer_0:3 0.13333333333333333 0.13333333333333333 0.5 3.78 42 20 2.55 1
0
APP_1_Inner_Layer_1:0 0.2 0.2 0.75 1.09 32 14 1.13 1
1 3
APP_1_Inner_Layer_1:1 0.2 0.2 0.75 3.53 40 41 3.41 1
2 4
APP_1_Inner_Layer_2:0 0.3333333333333333 0.3333333333333333 1.25 1.6 13 2 2.2 1
6
APP_1_Inner_Layer_2:1 0.06666666666666667 0.06666666666666667 0.25 2.68 41 43 2.53 1
6
APP_1_Inner_Layer_2:2 0.5333333333333333 0.5333333333333333 2.0 2.32 9 31 2.53 1
5
APP_1_Inner_Layer_2:3 0.5333333333333333 0.5333333333333333 2.0 2.53 14 24 3.76 1
6
APP_1_Inner_Layer_3:0 0.6 0.6 2.25 3.64 5 36 3.7 1
9
APP_1_Inner_Layer_3:1 0.26666666666666666 0.26666666666666666 1.0 2.23 6 37 2.3 1
8 10
APP_1_Inner_Layer_3:2 0.06666666666666667 0.06666666666666667 0.25 1.11 9 20 1.36 1
9 10
APP_1_Inner_Layer_3:3 0.2 0.2 0.75 1.22 2 15 2.16 1
7 8 9
APP_1_Output_Layer_0 0.4 0.4 1.5 3.02 18 2 3.85 1
11 12 13 14
10
5.389229060760264
APP_2_Input_Layer_0 0.26666666666666666 0.26666666666666666 1.0 2.27 30 17 1.19 1

APP_2_Inner_Layer_0:0 0.4666666666666667 0.4666666666666667 1.75 2.43 6 19 1.5 1
0
APP_2_Inner_Layer_1:0 0.06666666666666667 0.06666666666666667 0.25 2.17 24 14 1.43 1
1
APP_2_Inner_Layer_1:1 0.5333333333333333 0.5333333333333333 2.0 1.37 37 27 2.0 1
1
APP_2_Inner_Layer_1:2 0.13333333333333333 0.13333333333333333 0.5 2.57 24 25 3.79 1
1
APP_2_Inner_Layer_2:0 0.6 0.6 2.25 2.52 1 23 1.09 1
2 3 4
APP_2_Inner_Layer_2:1 0.4666666666666667 0.4666666666666667 1.75 2.01 12 17 3.81 1
2
APP_2_Inner_Layer_2:2 0.3333333333333333 0.3333333333333333 1.25 3.74 15 19 1.63 1
3
APP_2_Inner_Layer_2:3 0.4 0.4 1.5 3.85 42 42 3.26 1
2 3
APP_2_Output_Layer_0 0.6 0.6 2.25 2.6 20 15 1.23 1
5 6 7 8
