10
3
8
0
APP_0_Input_Layer_0 0.13333333333333333 0.13333333333333333 0.5 3.54 40 1 3.05 0

APP_0_Inner_Layer_0:0 0.06666666666666667 0.06666666666666667 0.25 2.39 40 14 1.08 1
0
APP_0_Inner_Layer_0:1 0.13333333333333333 0.13333333333333333 0.5 3.48 1 44 1.27 1
0
APP_0_Inner_Layer_1:0 0.3333333333333333 0.3333333333333333 1.25 1.19 8 25 3.04 1
1
APP_0_Inner_Layer_1:1 0.26666666666666666 0.26666666666666666 1.0 1.93 18 25 1.89 1
2
APP_0_Inner_Layer_2:0 0.5333333333333333 0.5333333333333333 2.0 1.5 43 22 2.26 1
4
APP_0_Inner_Layer_2:1 0.3333333333333333 0.3333333333333333 1.25 1.99 8 48 1.54 1
3
APP_0_Output_Layer_0 0.4 0.4 1.5 3.2 14 15 2.19 1
5 6
5
2.489738154708704
APP_1_Input_Layer_0 0.3333333333333333 0.3333333333333333 1.25 3.28 7 37 1.72 0

APP_1_Inner_Layer_0:0 0.4666666666666667 0.4666666666666667 1.75 3.38 44 8 1.61 1
0
APP_1_Inner_Layer_1:0 0.06666666666666667 0.06666666666666667 0.25 2.55 35 15 1.04 1
1
APP_1_Inner_Layer_1:1 0.06666666666666667 0.06666666666666667 0.25 3.89 16 22 3.02 1
1
APP_1_Output_Layer_0 0.26666666666666666 0.26666666666666666 1.0 2.8 4 23 1.81 1
2 3
14
5.481687712076289
APP_2_Input_Layer_0 0.4 0.4 1.5 3.41 40 14 3.83 1

APP_2_Inner_Layer_0:0 0.3333333333333333 0.3333333333333333 1.25 2.05 2 14 2.55 1
0
APP_2_Inner_Layer_0:1 0.4 0.4 1.5 3.16 32 40 3.31 1
0
APP_2_Inner_Layer_0:2 0.4 0.4 1.5 2.98 21 6 2.42 1
0
APP_2_Inner_Layer_0:3 0.2 0.2 0.75 2.2 49 38 1.09 1
0
APP_2_Inner_Layer_1:0 0.2 0.2 0.75 1.79 43 3 3.21 1
2 3
APP_2_Inner_Layer_1:1 0.06666666666666667 0.06666666666666667 0.25 1.34 37 24 2.52 1
3
APP_2_Inner_Layer_1:2 0.26666666666666666 0.26666666666666666 1.0 3.9 30 11 2.85 1
2 3 4
APP_2_Inner_Layer_1:3 0.4 0.4 1.5 2.69 25 29 2.1 1
1 2 3
APP_2_Inner_Layer_2:0 0.2 0.2 0.75 2.76 31 49 2.12 1
5 6 7 8
APP_2_Inner_Layer_3:0 0.2 0.2 0.75 2.18 12 44 2.19 1
9
APP_2_Inner_Layer_3:1 0.13333333333333333 0.13333333333333333 0.5 3.77 25 15 1.8 1
9
APP_2_Inner_Layer_3:2 0.06666666666666667 0.06666666666666667 0.25 3.81 38 28 2.68 1
9
APP_2_Output_Layer_0 0.5333333333333333 0.5333333333333333 2.0 3.96 26 8 2.57 1
10 11 12
