10
3
6
0
APP_0_Input_Layer_0 0.13333333333333333 0.13333333333333333 0.5 2.98 18 17 3.29 1

APP_0_Inner_Layer_0:0 0.2 0.2 0.75 3.61 17 43 1.7 1
0
APP_0_Inner_Layer_0:1 0.6 0.6 2.25 1.99 25 31 2.6 1
0
APP_0_Inner_Layer_1:0 0.06666666666666667 0.06666666666666667 0.25 2.37 35 8 3.64 1
1 2
APP_0_Inner_Layer_1:1 0.4 0.4 1.5 1.45 22 7 3.37 1
1
APP_0_Output_Layer_0 0.5333333333333333 0.5333333333333333 2.0 3.33 2 24 2.2 1
3 4
11
2.118361729059099
APP_1_Input_Layer_0 0.26666666666666666 0.26666666666666666 1.0 1.77 6 16 3.08 1

APP_1_Inner_Layer_0:0 0.2 0.2 0.75 2.85 34 4 2.74 1
0
APP_1_Inner_Layer_0:1 0.06666666666666667 0.06666666666666667 0.25 1.96 28 15 1.18 1
0
APP_1_Inner_Layer_1:0 0.5333333333333333 0.5333333333333333 2.0 2.85 32 36 2.92 1
1
APP_1_Inner_Layer_1:1 0.3333333333333333 0.3333333333333333 1.25 2.54 33 46 2.39 1
2
APP_1_Inner_Layer_1:2 0.06666666666666667 0.06666666666666667 0.25 2.43 44 12 2.8 1
1 2
APP_1_Inner_Layer_1:3 0.3333333333333333 0.3333333333333333 1.25 2.17 30 8 2.92 1
1 2
APP_1_Inner_Layer_2:0 0.4666666666666667 0.4666666666666667 1.75 1.3 18 4 3.91 1
3
APP_1_Inner_Layer_2:1 0.4 0.4 1.5 1.22 15 36 3.38 1
4 5
APP_1_Inner_Layer_2:2 0.26666666666666666 0.26666666666666666 1.0 1.39 41 31 2.26 1
6
APP_1_Output_Layer_0 0.6 0.6 2.25 3.37 18 7 1.16 1
7 8 9
6
4.57125380828465
APP_2_Input_Layer_0 0.2 0.2 0.75 1.87 33 12 2.89 0

APP_2_Inner_Layer_0:0 0.3333333333333333 0.3333333333333333 1.25 3.83 11 15 2.67 1
0
APP_2_Inner_Layer_1:0 0.5333333333333333 0.5333333333333333 2.0 3.7 35 37 3.58 1
1
APP_2_Inner_Layer_1:1 0.13333333333333333 0.13333333333333333 0.5 2.14 30 3 2.36 1
1
APP_2_Inner_Layer_1:2 0.13333333333333333 0.13333333333333333 0.5 2.18 40 25 3.64 1
1
APP_2_Output_Layer_0 0.5333333333333333 0.5333333333333333 2.0 2.52 31 37 1.07 1
2 3 4
