10
3
9
0
APP_0_Input_Layer_0 0.6 0.6 2.25 1.29 45 9 3.93 1

APP_0_Inner_Layer_0:0 0.2 0.2 0.75 1.62 4 44 3.01 1
0
APP_0_Inner_Layer_1:0 0.5333333333333333 0.5333333333333333 2.0 3.86 24 1 1.99 1
1
APP_0_Inner_Layer_2:0 0.3333333333333333 0.3333333333333333 1.25 1.61 39 19 2.9 1
2
APP_0_Inner_Layer_2:1 0.6 0.6 2.25 1.77 48 23 1.45 1
2
APP_0_Inner_Layer_3:0 0.06666666666666667 0.06666666666666667 0.25 2.27 22 14 2.48 1
3
APP_0_Inner_Layer_3:1 0.2 0.2 0.75 2.56 1 48 2.24 1
3
APP_0_Inner_Layer_3:2 0.5333333333333333 0.5333333333333333 2.0 3.98 46 19 3.49 1
4
APP_0_Output_Layer_0 0.13333333333333333 0.13333333333333333 0.5 3.65 4 39 2.36 1
5 6 7
9
2.384178249779092
APP_1_Input_Layer_0 0.4 0.4 1.5 3.77 28 2 2.15 1

APP_1_Inner_Layer_0:0 0.26666666666666666 0.26666666666666666 1.0 3.46 40 1 2.89 1
0
APP_1_Inner_Layer_0:1 0.26666666666666666 0.26666666666666666 1.0 2.06 29 11 3.37 1
0
APP_1_Inner_Layer_0:2 0.4 0.4 1.5 3.03 37 44 4.0 1
0
APP_1_Inner_Layer_0:3 0.4 0.4 1.5 1.81 20 46 3.67 1
0
APP_1_Inner_Layer_1:0 0.26666666666666666 0.26666666666666666 1.0 3.47 13 43 2.87 1
2 3
APP_1_Inner_Layer_1:1 0.06666666666666667 0.06666666666666667 0.25 3.84 32 5 1.9 1
1 4
APP_1_Inner_Layer_2:0 0.13333333333333333 0.13333333333333333 0.5 1.81 14 24 2.16 1
5 6
APP_1_Output_Layer_0 0.3333333333333333 0.3333333333333333 1.25 1.14 20 27 3.36 1
7
15
3.6297311316110616
APP_2_Input_Layer_0 0.06666666666666667 0.06666666666666667 0.25 1.68 22 39 2.6 1

APP_2_Inner_Layer_0:0 0.2 0.2 0.75 2.6 18 33 3.81 1
0
APP_2_Inner_Layer_0:1 0.26666666666666666 0.26666666666666666 1.0 1.5 6 22 3.97 1
0
APP_2_Inner_Layer_0:2 0.26666666666666666 0.26666666666666666 1.0 3.89 45 31 2.43 1
0
APP_2_Inner_Layer_1:0 0.13333333333333333 0.13333333333333333 0.5 1.63 23 19 2.42 1
1 3
APP_2_Inner_Layer_1:1 0.4 0.4 1.5 1.52 2 45 1.23 1
2
APP_2_Inner_Layer_2:0 0.6 0.6 2.25 3.23 37 45 2.48 1
4
APP_2_Inner_Layer_2:1 0.6 0.6 2.25 1.93 20 15 1.39 1
5
APP_2_Inner_Layer_2:2 0.26666666666666666 0.26666666666666666 1.0 1.39 11 40 2.55 1
4
APP_2_Inner_Layer_2:3 0.26666666666666666 0.26666666666666666 1.0 3.41 1 36 3.2 1
5
APP_2_Inner_Layer_3:0 0.3333333333333333 0.3333333333333333 1.25 2.24 21 48 1.76 1
6
APP_2_Inner_Layer_3:1 0.06666666666666667 0.06666666666666667 0.25 2.25 1 29 1.28 1
6 8 9
APP_2_Inner_Layer_3:2 0.26666666666666666 0.26666666666666666 1.0 2.41 13 10 3.19 1
7 8
APP_2_Inner_Layer_3:3 0.13333333333333333 0.13333333333333333 0.5 1.69 37 40 1.39 1
6 8
APP_2_Output_Layer_0 0.5333333333333333 0.5333333333333333 2.0 1.6 37 9 3.53 1
10 11 12 13
