10
10
9
0
APP_0_Input_Layer_0 0.26666666666666666 0.26666666666666666 1.0 1.23 45 41 2.89 1

APP_0_Inner_Layer_0:0 0.6 0.6 2.25 3.14 11 23 1.34 1
0
APP_0_Inner_Layer_0:1 0.13333333333333333 0.13333333333333333 0.5 3.97 5 32 3.89 1
0
APP_0_Inner_Layer_0:2 0.6 0.6 2.25 1.08 31 37 2.42 1
0
APP_0_Inner_Layer_1:0 0.13333333333333333 0.13333333333333333 0.5 3.94 42 9 1.0 1
2 3
APP_0_Inner_Layer_1:1 0.5333333333333333 0.5333333333333333 2.0 2.6 29 20 2.12 1
1
APP_0_Inner_Layer_1:2 0.13333333333333333 0.13333333333333333 0.5 2.45 17 19 3.07 1
1 2
APP_0_Inner_Layer_1:3 0.5333333333333333 0.5333333333333333 2.0 2.41 32 42 1.14 1
1 2 3
APP_0_Output_Layer_0 0.6 0.6 2.25 2.15 18 8 1.34 1
4 5 6 7
5
0.48604416411178425
APP_1_Input_Layer_0 0.3333333333333333 0.3333333333333333 1.25 1.27 14 12 3.65 1

APP_1_Inner_Layer_0:0 0.3333333333333333 0.3333333333333333 1.25 3.39 9 43 3.69 1
0
APP_1_Inner_Layer_0:1 0.4666666666666667 0.4666666666666667 1.75 3.58 45 22 1.38 1
0
APP_1_Inner_Layer_1:0 0.06666666666666667 0.06666666666666667 0.25 3.69 34 18 3.89 1
1 2
APP_1_Output_Layer_0 0.06666666666666667 0.06666666666666667 0.25 3.6 30 8 2.87 1
3
9
0.8870394253717181
APP_2_Input_Layer_0 0.26666666666666666 0.26666666666666666 1.0 3.36 1 26 3.89 1

APP_2_Inner_Layer_0:0 0.2 0.2 0.75 3.35 40 17 3.67 1
0
APP_2_Inner_Layer_0:1 0.5333333333333333 0.5333333333333333 2.0 1.5 16 8 3.13 1
0
APP_2_Inner_Layer_0:2 0.2 0.2 0.75 3.71 49 14 2.68 1
0
APP_2_Inner_Layer_1:0 0.26666666666666666 0.26666666666666666 1.0 2.41 4 25 2.08 1
1 2
APP_2_Inner_Layer_1:1 0.4666666666666667 0.4666666666666667 1.75 1.2 6 21 1.01 1
3
APP_2_Inner_Layer_1:2 0.4666666666666667 0.4666666666666667 1.75 2.3 4 20 2.08 1
2
APP_2_Inner_Layer_1:3 0.4666666666666667 0.4666666666666667 1.75 1.42 43 35 3.45 1
1 3
APP_2_Output_Layer_0 0.6 0.6 2.25 3.71 17 13 2.87 1
4 5 6 7
9
1.4174207529659038
APP_3_Input_Layer_0 0.5333333333333333 0.5333333333333333 2.0 2.88 31 32 1.32 1

APP_3_Inner_Layer_0:0 0.13333333333333333 0.13333333333333333 0.5 3.58 45 13 3.98 1
0
APP_3_Inner_Layer_1:0 0.4666666666666667 0.4666666666666667 1.75 1.31 45 14 1.82 1
1
APP_3_Inner_Layer_1:1 0.4 0.4 1.5 3.66 14 33 1.21 1
1
APP_3_Inner_Layer_1:2 0.26666666666666666 0.26666666666666666 1.0 1.91 14 6 1.99 1
1
APP_3_Inner_Layer_2:0 0.3333333333333333 0.3333333333333333 1.25 3.36 22 6 2.97 1
4
APP_3_Inner_Layer_2:1 0.26666666666666666 0.26666666666666666 1.0 2.97 31 49 1.96 1
2 3
APP_3_Inner_Layer_2:2 0.06666666666666667 0.06666666666666667 0.25 2.88 44 4 3.79 1
3
APP_3_Output_Layer_0 0.6 0.6 2.25 1.09 30 11 2.64 0
5 6 7
5
1.9848727031813302
APP_4_Input_Layer_0 0.5333333333333333 0.5333333333333333 2.0 3.36 32 38 1.87 1

APP_4_Inner_Layer_0:0 0.4666666666666667 0.4666666666666667 1.75 3.87 25 6 2.2 1
0
APP_4_Inner_Layer_0:1 0.5333333333333333 0.5333333333333333 2.0 2.89 12 9 1.8 1
0
APP_4_Inner_Layer_0:2 0.2 0.2 0.75 3.62 45 9 2.51 1
0
APP_4_Output_Layer_0 0.3333333333333333 0.3333333333333333 1.25 2.38 23 29 2.56 1
1 2 3
8
2.3784874649138663
APP_5_Input_Layer_0 0.26666666666666666 0.26666666666666666 1.0 1.26 49 1 1.65 1

APP_5_Inner_Layer_0:0 0.4666666666666667 0.4666666666666667 1.75 1.94 38 31 3.42 1
0
APP_5_Inner_Layer_0:1 0.4 0.4 1.5 2.01 23 7 3.93 1
0
APP_5_Inner_Layer_0:2 0.13333333333333333 0.13333333333333333 0.5 2.24 26 12 3.22 1
0
APP_5_Inner_Layer_1:0 0.06666666666666667 0.06666666666666667 0.25 3.4 36 11 2.0 1
1 2 3
APP_5_Inner_Layer_1:1 0.4666666666666667 0.4666666666666667 1.75 3.53 46 42 3.36 1
2 3
APP_5_Inner_Layer_1:2 0.3333333333333333 0.3333333333333333 1.25 3.94 8 9 2.79 1
1
APP_5_Output_Layer_0 0.5333333333333333 0.5333333333333333 2.0 3.48 13 27 2.96 0
4 5 6
7
3.328645580154465
APP_6_Input_Layer_0 0.6 0.6 2.25 1.34 17 7 3.83 1

APP_6_Inner_Layer_0:0 0.5333333333333333 0.5333333333333333 2.0 1.29 43 40 1.57 1
0
APP_6_Inner_Layer_0:1 0.13333333333333333 0.13333333333333333 0.5 2.98 35 33 2.51 1
0
APP_6_Inner_Layer_1:0 0.3333333333333333 0.3333333333333333 1.25 1.46 26 26 1.58 1
1 2
APP_6_Inner_Layer_1:1 0.26666666666666666 0.26666666666666666 1.0 2.7 14 42 1.23 1
1 2
APP_6_Inner_Layer_1:2 0.26666666666666666 0.26666666666666666 1.0 1.12 45 12 1.7 1
2
APP_6_Output_Layer_0 0.13333333333333333 0.13333333333333333 0.5 1.9 3 45 2.99 1
3 4 5
13
4.231201042805038
APP_7_Input_Layer_0 0.5333333333333333 0.5333333333333333 2.0 2.3 21 46 3.13 1

APP_7_Inner_Layer_0:0 0.5333333333333333 0.5333333333333333 2.0 3.57 7 44 3.95 1
0
APP_7_Inner_Layer_0:1 0.13333333333333333 0.13333333333333333 0.5 2.08 49 31 3.0 1
0
APP_7_Inner_Layer_0:2 0.4666666666666667 0.4666666666666667 1.75 3.69 5 14 1.3 1
0
APP_7_Inner_Layer_0:3 0.6 0.6 2.25 3.12 23 20 3.42 1
0
APP_7_Inner_Layer_1:0 0.5333333333333333 0.5333333333333333 2.0 3.66 19 8 1.33 1
1 4
APP_7_Inner_Layer_1:1 0.06666666666666667 0.06666666666666667 0.25 2.15 37 42 2.89 1
1 3
APP_7_Inner_Layer_1:2 0.26666666666666666 0.26666666666666666 1.0 3.41 13 41 3.09 1
2
APP_7_Inner_Layer_2:0 0.2 0.2 0.75 2.44 49 38 2.87 1
5 6
APP_7_Inner_Layer_2:1 0.26666666666666666 0.26666666666666666 1.0 3.33 15 15 2.66 1
7
APP_7_Inner_Layer_3:0 0.2 0.2 0.75 3.51 10 6 1.91 1
8 9
APP_7_Inner_Layer_3:1 0.6 0.6 2.25 2.7 38 25 3.83 1
8
APP_7_Output_Layer_0 0.3333333333333333 0.3333333333333333 1.25 1.32 48 22 2.92 1
10 11
3
4.62418329061859
APP_8_Input_Layer_0 0.2 0.2 0.75 1.29 35 26 3.55 1

APP_8_Inner_Layer_0:0 0.13333333333333333 0.13333333333333333 0.5 3.17 43 5 3.98 1
0
APP_8_Output_Layer_0 0.26666666666666666 0.26666666666666666 1.0 2.05 32 4 3.84 1
1
4
5.394420473691244
APP_9_Input_Layer_0 0.4 0.4 1.5 3.27 27 41 3.33 1

APP_9_Inner_Layer_0:0 0.4666666666666667 0.4666666666666667 1.75 3.59 27 7 2.59 1
0
APP_9_Inner_Layer_0:1 0.4666666666666667 0.4666666666666667 1.75 1.79 6 16 2.55 1
0
APP_9_Output_Layer_0 0.3333333333333333 0.3333333333333333 1.25 3.67 2 19 2.46 1
1 2
