10
10
7
0
APP_0_Input_Layer_0 0.4 0.4 1.5 2.08 12 32 2.0 1

APP_0_Inner_Layer_0:0 0.26666666666666666 0.26666666666666666 1.0 3.78 31 45 2.08 1
0
APP_0_Inner_Layer_1:0 0.5333333333333333 0.5333333333333333 2.0 3.76 32 7 2.68 1
1
APP_0_Inner_Layer_1:1 0.5333333333333333 0.5333333333333333 2.0 2.82 32 14 2.14 1
1
APP_0_Inner_Layer_1:2 0.13333333333333333 0.13333333333333333 0.5 1.81 13 31 1.76 1
1
APP_0_Inner_Layer_1:3 0.6 0.6 2.25 3.64 7 33 1.56 1
1
APP_0_Output_Layer_0 0.2 0.2 0.75 2.2 26 48 3.62 1
2 3 4 5
6
0.4169180818860688
APP_1_Input_Layer_0 0.2 0.2 0.75 1.46 5 23 2.78 1

APP_1_Inner_Layer_0:0 0.2 0.2 0.75 1.93 37 27 2.36 1
0
APP_1_Inner_Layer_0:1 0.6 0.6 2.25 1.55 40 27 2.63 1
0
APP_1_Inner_Layer_0:2 0.4 0.4 1.5 1.51 21 43 3.88 1
0
APP_1_Inner_Layer_0:3 0.2 0.2 0.75 2.48 14 45 2.18 1
0
APP_1_Output_Layer_0 0.26666666666666666 0.26666666666666666 1.0 3.32 30 16 1.35 1
1 2 3 4
9
1.053642903774775
APP_2_Input_Layer_0 0.13333333333333333 0.13333333333333333 0.5 1.27 1 13 2.13 1

APP_2_Inner_Layer_0:0 0.06666666666666667 0.06666666666666667 0.25 1.3 10 13 1.77 1
0
APP_2_Inner_Layer_0:1 0.5333333333333333 0.5333333333333333 2.0 2.87 34 48 1.44 1
0
APP_2_Inner_Layer_0:2 0.6 0.6 2.25 2.06 23 26 2.59 1
0
APP_2_Inner_Layer_1:0 0.4666666666666667 0.4666666666666667 1.75 2.26 30 42 2.12 1
1
APP_2_Inner_Layer_1:1 0.6 0.6 2.25 2.13 40 34 1.8 1
2
APP_2_Inner_Layer_1:2 0.26666666666666666 0.26666666666666666 1.0 2.78 26 21 3.19 1
2
APP_2_Inner_Layer_1:3 0.13333333333333333 0.13333333333333333 0.5 2.71 39 36 1.63 1
1 2 3
APP_2_Output_Layer_0 0.4666666666666667 0.4666666666666667 1.75 1.57 22 17 3.82 1
4 5 6 7
3
1.6072278405433282
APP_3_Input_Layer_0 0.4 0.4 1.5 3.7 45 28 2.23 1

APP_3_Inner_Layer_0:0 0.3333333333333333 0.3333333333333333 1.25 3.29 1 45 2.04 1
0
APP_3_Output_Layer_0 0.2 0.2 0.75 1.57 3 7 3.27 1
1
14
2.271248617045328
APP_4_Input_Layer_0 0.4666666666666667 0.4666666666666667 1.75 2.11 37 25 3.96 1

APP_4_Inner_Layer_0:0 0.3333333333333333 0.3333333333333333 1.25 3.56 35 37 2.07 1
0
APP_4_Inner_Layer_0:1 0.5333333333333333 0.5333333333333333 2.0 3.7 17 23 3.47 1
0
APP_4_Inner_Layer_1:0 0.2 0.2 0.75 3.74 41 47 3.97 1
2
APP_4_Inner_Layer_1:1 0.4 0.4 1.5 1.71 10 1 3.28 1
1 2
APP_4_Inner_Layer_1:2 0.2 0.2 0.75 1.57 3 42 1.78 1
1
APP_4_Inner_Layer_2:0 0.06666666666666667 0.06666666666666667 0.25 3.67 15 35 3.67 1
3
APP_4_Inner_Layer_2:1 0.5333333333333333 0.5333333333333333 2.0 2.16 15 5 1.63 1
3 5
APP_4_Inner_Layer_2:2 0.3333333333333333 0.3333333333333333 1.25 3.38 31 22 2.31 1
4
APP_4_Inner_Layer_2:3 0.6 0.6 2.25 3.04 6 15 1.48 1
3 4
APP_4_Inner_Layer_3:0 0.5333333333333333 0.5333333333333333 2.0 1.38 15 15 2.99 1
6 8
APP_4_Inner_Layer_3:1 0.06666666666666667 0.06666666666666667 0.25 1.3 31 22 3.35 1
6 7
APP_4_Inner_Layer_3:2 0.4 0.4 1.5 3.82 41 17 3.96 1
9
APP_4_Output_Layer_0 0.5333333333333333 0.5333333333333333 2.0 3.05 7 6 1.91 1
10 11 12
12
2.849455011759848
APP_5_Input_Layer_0 0.3333333333333333 0.3333333333333333 1.25 3.17 33 17 3.17 1

APP_5_Inner_Layer_0:0 0.2 0.2 0.75 1.77 17 28 2.18 1
0
APP_5_Inner_Layer_1:0 0.6 0.6 2.25 2.96 3 4 2.0 1
1
APP_5_Inner_Layer_1:1 0.4 0.4 1.5 3.34 9 6 1.35 1
1
APP_5_Inner_Layer_1:2 0.5333333333333333 0.5333333333333333 2.0 3.02 18 43 1.34 1
1
APP_5_Inner_Layer_2:0 0.4666666666666667 0.4666666666666667 1.75 3.81 35 44 1.15 1
2 4
APP_5_Inner_Layer_2:1 0.4666666666666667 0.4666666666666667 1.75 3.37 21 18 2.8 1
3 4
APP_5_Inner_Layer_2:2 0.4 0.4 1.5 3.32 41 42 2.62 1
3
APP_5_Inner_Layer_2:3 0.4666666666666667 0.4666666666666667 1.75 1.58 21 40 2.37 1
2 3 4
APP_5_Inner_Layer_3:0 0.5333333333333333 0.5333333333333333 2.0 1.65 19 37 3.62 1
6
APP_5_Inner_Layer_3:1 0.3333333333333333 0.3333333333333333 1.25 2.04 38 41 3.04 1
5 7 8
APP_5_Output_Layer_0 0.2 0.2 0.75 2.95 45 32 2.91 1
9 10
11
3.344390630183211
APP_6_Input_Layer_0 0.2 0.2 0.75 1.61 27 25 2.7 1

APP_6_Inner_Layer_0:0 0.4 0.4 1.5 3.7 40 13 1.88 1
0
APP_6_Inner_Layer_0:1 0.2 0.2 0.75 1.08 21 13 2.08 1
0
APP_6_Inner_Layer_0:2 0.6 0.6 2.25 3.66 38 13 3.62 1
0
APP_6_Inner_Layer_1:0 0.2 0.2 0.75 3.53 21 47 3.02 1
1 2 3
APP_6_Inner_Layer_1:1 0.5333333333333333 0.5333333333333333 2.0 1.76 2 10 3.24 1
3
APP_6_Inner_Layer_1:2 0.4 0.4 1.5 2.86 45 22 1.0 1
1
APP_6_Inner_Layer_1:3 0.4 0.4 1.5 2.61 8 2 2.27 1
1
APP_6_Inner_Layer_2:0 0.13333333333333333 0.13333333333333333 0.5 1.2 29 24 2.74 1
4 5 7
APP_6_Inner_Layer_2:1 0.4666666666666667 0.4666666666666667 1.75 2.22 40 8 2.81 1
6
APP_6_Output_Layer_0 0.13333333333333333 0.13333333333333333 0.5 3.75 30 19 3.31 1
8 9
7
3.7479883264095086
APP_7_Input_Layer_0 0.13333333333333333 0.13333333333333333 0.5 2.7 5 26 2.51 1

APP_7_Inner_Layer_0:0 0.4 0.4 1.5 2.45 2 14 3.07 1
0
APP_7_Inner_Layer_0:1 0.06666666666666667 0.06666666666666667 0.25 1.44 9 21 3.66 1
0
APP_7_Inner_Layer_1:0 0.13333333333333333 0.13333333333333333 0.5 1.84 20 18 1.0 1
2
APP_7_Inner_Layer_1:1 0.3333333333333333 0.3333333333333333 1.25 2.66 28 18 1.95 1
2
APP_7_Inner_Layer_1:2 0.5333333333333333 0.5333333333333333 2.0 1.11 43 11 1.89 1
1
APP_7_Output_Layer_0 0.13333333333333333 0.13333333333333333 0.5 1.43 29 3 3.54 1
3 4 5
6
4.261424513737311
APP_8_Input_Layer_0 0.4 0.4 1.5 3.48 20 10 1.65 1

APP_8_Inner_Layer_0:0 0.4666666666666667 0.4666666666666667 1.75 1.23 20 42 1.71 1
0
APP_8_Inner_Layer_0:1 0.4 0.4 1.5 1.25 41 8 2.78 1
0
APP_8_Inner_Layer_0:2 0.3333333333333333 0.3333333333333333 1.25 1.06 31 24 3.33 1
0
APP_8_Inner_Layer_1:0 0.26666666666666666 0.26666666666666666 1.0 2.75 31 39 1.33 1
1 2 3
APP_8_Output_Layer_0 0.5333333333333333 0.5333333333333333 2.0 3.43 45 28 2.68 1
4
8
5.251649718332979
APP_9_Input_Layer_0 0.5333333333333333 0.5333333333333333 2.0 3.81 23 26 1.79 1

APP_9_Inner_Layer_0:0 0.06666666666666667 0.06666666666666667 0.25 2.92 29 43 1.76 1
0
APP_9_Inner_Layer_1:0 0.2 0.2 0.75 1.92 31 6 2.86 1
1
APP_9_Inner_Layer_1:1 0.13333333333333333 0.13333333333333333 0.5 3.68 13 39 3.39 1
1
APP_9_Inner_Layer_2:0 0.3333333333333333 0.3333333333333333 1.25 2.59 28 10 2.35 1
2
APP_9_Inner_Layer_2:1 0.3333333333333333 0.3333333333333333 1.25 2.37 32 38 2.73 1
3
APP_9_Inner_Layer_3:0 0.13333333333333333 0.13333333333333333 0.5 2.35 14 22 3.91 1
4 5
APP_9_Output_Layer_0 0.2 0.2 0.75 2.05 17 25 3.18 1
6
