10
10
15
0
APP_0_Input_Layer_0 0.06666666666666667 0.06666666666666667 0.25 3.23 2 4 3.03 1

APP_0_Inner_Layer_0:0 0.2 0.2 0.75 2.21 22 4 1.59 1
0
APP_0_Inner_Layer_0:1 0.4666666666666667 0.4666666666666667 1.75 3.73 33 14 3.58 1
0
APP_0_Inner_Layer_1:0 0.3333333333333333 0.3333333333333333 1.25 3.66 2 13 1.4 1
2
APP_0_Inner_Layer_1:1 0.26666666666666666 0.26666666666666666 1.0 1.63 42 33 2.39 1
1 2
APP_0_Inner_Layer_1:2 0.4 0.4 1.5 3.16 16 48 3.65 1
1
APP_0_Inner_Layer_2:0 0.3333333333333333 0.3333333333333333 1.25 2.18 42 6 2.15 1
3
APP_0_Inner_Layer_2:1 0.2 0.2 0.75 2.32 14 3 1.43 1
4 5
APP_0_Inner_Layer_2:2 0.6 0.6 2.25 3.79 14 23 1.64 1
3
APP_0_Inner_Layer_2:3 0.5333333333333333 0.5333333333333333 2.0 2.77 18 33 1.86 1
5
APP_0_Inner_Layer_3:0 0.6 0.6 2.25 2.28 33 46 2.82 1
6 7
APP_0_Inner_Layer_3:1 0.13333333333333333 0.13333333333333333 0.5 1.44 14 48 3.18 1
8
APP_0_Inner_Layer_3:2 0.06666666666666667 0.06666666666666667 0.25 1.26 20 48 1.73 1
6 7 8
APP_0_Inner_Layer_3:3 0.06666666666666667 0.06666666666666667 0.25 2.95 27 21 1.8 1
6 7 8 9
APP_0_Output_Layer_0 0.4666666666666667 0.4666666666666667 1.75 1.02 33 18 1.41 1
10 11 12 13
14
0.4597709589397138
APP_1_Input_Layer_0 0.26666666666666666 0.26666666666666666 1.0 3.68 49 27 3.87 1

APP_1_Inner_Layer_0:0 0.6 0.6 2.25 1.4 35 13 3.05 1
0
APP_1_Inner_Layer_0:1 0.4666666666666667 0.4666666666666667 1.75 3.24 30 9 1.26 1
0
APP_1_Inner_Layer_0:2 0.5333333333333333 0.5333333333333333 2.0 2.54 42 14 2.79 1
0
APP_1_Inner_Layer_0:3 0.4 0.4 1.5 3.06 16 37 1.43 1
0
APP_1_Inner_Layer_1:0 0.2 0.2 0.75 3.5 36 44 1.16 1
1 3 4
APP_1_Inner_Layer_1:1 0.06666666666666667 0.06666666666666667 0.25 3.17 10 7 2.07 1
2
APP_1_Inner_Layer_2:0 0.4 0.4 1.5 2.18 2 10 3.92 1
6
APP_1_Inner_Layer_2:1 0.06666666666666667 0.06666666666666667 0.25 2.75 30 37 1.41 1
5 6
APP_1_Inner_Layer_2:2 0.6 0.6 2.25 1.79 2 11 2.19 1
5
APP_1_Inner_Layer_3:0 0.4666666666666667 0.4666666666666667 1.75 1.98 45 33 3.83 1
7 8
APP_1_Inner_Layer_3:1 0.06666666666666667 0.06666666666666667 0.25 1.76 31 7 3.99 1
9
APP_1_Inner_Layer_3:2 0.4666666666666667 0.4666666666666667 1.75 3.65 47 41 2.65 1
8
APP_1_Output_Layer_0 0.3333333333333333 0.3333333333333333 1.25 1.31 47 41 2.37 1
10 11 12
11
0.9462298333533257
APP_2_Input_Layer_0 0.06666666666666667 0.06666666666666667 0.25 2.59 18 22 3.37 1

APP_2_Inner_Layer_0:0 0.26666666666666666 0.26666666666666666 1.0 3.01 41 44 2.63 1
0
APP_2_Inner_Layer_0:1 0.2 0.2 0.75 1.43 10 7 1.05 1
0
APP_2_Inner_Layer_0:2 0.6 0.6 2.25 1.86 28 10 3.66 1
0
APP_2_Inner_Layer_1:0 0.06666666666666667 0.06666666666666667 0.25 3.94 20 28 2.03 1
1 3
APP_2_Inner_Layer_1:1 0.5333333333333333 0.5333333333333333 2.0 2.46 3 34 3.17 1
2
APP_2_Inner_Layer_2:0 0.2 0.2 0.75 3.99 48 11 3.3 1
4 5
APP_2_Inner_Layer_2:1 0.6 0.6 2.25 1.21 33 30 1.04 1
5
APP_2_Inner_Layer_2:2 0.13333333333333333 0.13333333333333333 0.5 1.13 30 16 3.77 1
5
APP_2_Inner_Layer_2:3 0.13333333333333333 0.13333333333333333 0.5 1.55 26 43 2.48 1
4 5
APP_2_Output_Layer_0 0.5333333333333333 0.5333333333333333 2.0 1.76 7 23 2.87 1
6 7 8 9
9
1.480485810363
APP_3_Input_Layer_0 0.5333333333333333 0.5333333333333333 2.0 3.2 15 40 3.65 1

APP_3_Inner_Layer_0:0 0.4 0.4 1.5 1.22 43 45 3.22 1
0
APP_3_Inner_Layer_0:1 0.2 0.2 0.75 2.93 11 42 1.53 1
0
APP_3_Inner_Layer_1:0 0.4 0.4 1.5 2.38 21 21 2.0 1
2
APP_3_Inner_Layer_1:1 0.26666666666666666 0.26666666666666666 1.0 1.75 7 11 3.05 1
1
APP_3_Inner_Layer_2:0 0.4666666666666667 0.4666666666666667 1.75 1.35 12 23 2.2 1
4
APP_3_Inner_Layer_2:1 0.2 0.2 0.75 3.73 13 35 2.72 1
3
APP_3_Inner_Layer_2:2 0.4666666666666667 0.4666666666666667 1.75 3.1 40 22 3.02 1
3
APP_3_Output_Layer_0 0.3333333333333333 0.3333333333333333 1.25 3.48 20 22 2.76 1
5 6 7
3
1.8612757887195017
APP_4_Input_Layer_0 0.4 0.4 1.5 2.5 2 34 2.49 0

APP_4_Inner_Layer_0:0 0.3333333333333333 0.3333333333333333 1.25 2.95 32 12 3.96 1
0
APP_4_Output_Layer_0 0.6 0.6 2.25 2.72 14 23 1.55 1
1
3
2.400406921948827
APP_5_Input_Layer_0 0.6 0.6 2.25 1.36 15 32 1.05 1

APP_5_Inner_Layer_0:0 0.13333333333333333 0.13333333333333333 0.5 2.2 25 13 3.35 1
0
APP_5_Output_Layer_0 0.26666666666666666 0.26666666666666666 1.0 3.47 10 11 2.62 1
1
15
3.05027423134674
APP_6_Input_Layer_0 0.4666666666666667 0.4666666666666667 1.75 2.3 13 32 1.22 1

APP_6_Inner_Layer_0:0 0.2 0.2 0.75 3.9 38 10 3.0 1
0
APP_6_Inner_Layer_0:1 0.6 0.6 2.25 2.48 33 32 3.36 1
0
APP_6_Inner_Layer_0:2 0.6 0.6 2.25 3.64 32 28 1.1 1
0
APP_6_Inner_Layer_1:0 0.06666666666666667 0.06666666666666667 0.25 1.81 22 30 2.4 1
2
APP_6_Inner_Layer_1:1 0.4 0.4 1.5 2.31 37 40 2.2 1
1 2
APP_6_Inner_Layer_1:2 0.5333333333333333 0.5333333333333333 2.0 3.8 3 41 2.88 1
1 3
APP_6_Inner_Layer_2:0 0.4666666666666667 0.4666666666666667 1.75 2.52 36 28 3.76 1
5
APP_6_Inner_Layer_2:1 0.2 0.2 0.75 2.44 47 17 1.22 1
4
APP_6_Inner_Layer_2:2 0.5333333333333333 0.5333333333333333 2.0 2.93 7 40 1.02 1
4 5 6
APP_6_Inner_Layer_3:0 0.5333333333333333 0.5333333333333333 2.0 1.4 36 35 2.26 1
7
APP_6_Inner_Layer_3:1 0.6 0.6 2.25 1.38 30 3 3.39 1
7 9
APP_6_Inner_Layer_3:2 0.2 0.2 0.75 2.67 39 42 3.02 1
8 9
APP_6_Inner_Layer_3:3 0.6 0.6 2.25 3.97 26 34 3.27 1
8 9
APP_6_Output_Layer_0 0.3333333333333333 0.3333333333333333 1.25 1.04 20 47 1.28 1
10 11 12 13
11
3.702442368995354
APP_7_Input_Layer_0 0.4666666666666667 0.4666666666666667 1.75 3.71 38 35 2.25 1

APP_7_Inner_Layer_0:0 0.13333333333333333 0.13333333333333333 0.5 1.54 20 4 1.97 1
0
APP_7_Inner_Layer_0:1 0.3333333333333333 0.3333333333333333 1.25 3.34 34 9 2.47 1
0
APP_7_Inner_Layer_0:2 0.4 0.4 1.5 3.57 46 25 3.65 1
0
APP_7_Inner_Layer_0:3 0.06666666666666667 0.06666666666666667 0.25 2.12 41 34 2.3 1
0
APP_7_Inner_Layer_1:0 0.06666666666666667 0.06666666666666667 0.25 2.56 25 5 1.43 1
3
APP_7_Inner_Layer_1:1 0.4666666666666667 0.4666666666666667 1.75 1.7 7 7 3.67 1
2 4
APP_7_Inner_Layer_1:2 0.6 0.6 2.25 1.68 27 26 2.19 1
3 4 2
APP_7_Inner_Layer_1:3 0.06666666666666667 0.06666666666666667 0.25 1.94 45 33 1.71 1
1 2
APP_7_Inner_Layer_2:0 0.06666666666666667 0.06666666666666667 0.25 3.95 32 46 2.76 1
5 6 7 8
APP_7_Output_Layer_0 0.4 0.4 1.5 1.1 36 36 3.15 1
9
11
4.338590642590983
APP_8_Input_Layer_0 0.3333333333333333 0.3333333333333333 1.25 1.32 38 40 2.64 0

APP_8_Inner_Layer_0:0 0.06666666666666667 0.06666666666666667 0.25 1.56 6 9 1.66 1
0
APP_8_Inner_Layer_1:0 0.13333333333333333 0.13333333333333333 0.5 1.29 15 20 2.15 1
1
APP_8_Inner_Layer_2:0 0.4666666666666667 0.4666666666666667 1.75 1.79 16 7 3.1 1
2
APP_8_Inner_Layer_2:1 0.6 0.6 2.25 2.44 22 22 2.45 1
2
APP_8_Inner_Layer_2:2 0.13333333333333333 0.13333333333333333 0.5 1.62 7 42 3.94 1
2
APP_8_Inner_Layer_3:0 0.4666666666666667 0.4666666666666667 1.75 2.31 45 27 1.06 1
4
APP_8_Inner_Layer_3:1 0.06666666666666667 0.06666666666666667 0.25 1.94 21 46 2.52 1
3 4
APP_8_Inner_Layer_3:2 0.26666666666666666 0.26666666666666666 1.0 1.14 48 19 2.93 1
3 5
APP_8_Inner_Layer_3:3 0.26666666666666666 0.26666666666666666 1.0 3.19 37 8 1.28 1
5
APP_8_Output_Layer_0 0.3333333333333333 0.3333333333333333 1.25 1.91 3 5 1.95 1
6 7 8 9
5
5.097511682456357
APP_9_Input_Layer_0 0.4666666666666667 0.4666666666666667 1.75 3.34 35 21 3.1 1

APP_9_Inner_Layer_0:0 0.3333333333333333 0.3333333333333333 1.25 2.0 42 22 1.55 1
0
APP_9_Inner_Layer_0:1 0.5333333333333333 0.5333333333333333 2.0 1.31 21 41 2.84 1
0
APP_9_Inner_Layer_1:0 0.13333333333333333 0.13333333333333333 0.5 3.67 48 23 3.03 1
1 2
APP_9_Output_Layer_0 0.06666666666666667 0.06666666666666667 0.25 2.76 39 38 3.35 1
3
