10
10
15
0
APP_0_Input_Layer_0 0.13333333333333333 0.13333333333333333 0.5 3.06 2 12 2.07 1

APP_0_Inner_Layer_0:0 0.06666666666666667 0.06666666666666667 0.25 1.31 47 41 2.78 1
0
APP_0_Inner_Layer_0:1 0.3333333333333333 0.3333333333333333 1.25 2.82 44 15 1.32 1
0
APP_0_Inner_Layer_0:2 0.6 0.6 2.25 3.28 38 15 2.99 1
0
APP_0_Inner_Layer_1:0 0.26666666666666666 0.26666666666666666 1.0 3.06 38 41 3.41 1
1
APP_0_Inner_Layer_1:1 0.5333333333333333 0.5333333333333333 2.0 2.45 36 40 1.56 1
1 3
APP_0_Inner_Layer_1:2 0.13333333333333333 0.13333333333333333 0.5 2.51 25 21 2.47 1
2 3
APP_0_Inner_Layer_1:3 0.13333333333333333 0.13333333333333333 0.5 1.0 8 14 2.62 1
1
APP_0_Inner_Layer_2:0 0.6 0.6 2.25 1.7 46 14 2.25 1
4 6
APP_0_Inner_Layer_2:1 0.4666666666666667 0.4666666666666667 1.75 2.95 24 5 3.31 1
5 6 7
APP_0_Inner_Layer_2:2 0.13333333333333333 0.13333333333333333 0.5 1.12 16 43 2.92 1
4 5 7
APP_0_Inner_Layer_3:0 0.4 0.4 1.5 1.81 9 30 2.12 1
9 10
APP_0_Inner_Layer_3:1 0.06666666666666667 0.06666666666666667 0.25 2.83 15 29 2.59 1
9 8
APP_0_Inner_Layer_3:2 0.4 0.4 1.5 1.45 45 40 1.38 1
8
APP_0_Output_Layer_0 0.4 0.4 1.5 3.88 5 11 3.42 1
11 12 13
12
0.6859523690574936
APP_1_Input_Layer_0 0.13333333333333333 0.13333333333333333 0.5 3.75 33 34 3.07 1

APP_1_Inner_Layer_0:0 0.4 0.4 1.5 1.73 47 18 3.97 1
0
APP_1_Inner_Layer_1:0 0.06666666666666667 0.06666666666666667 0.25 1.28 48 46 1.38 1
1
APP_1_Inner_Layer_1:1 0.13333333333333333 0.13333333333333333 0.5 3.76 6 21 3.44 1
1
APP_1_Inner_Layer_1:2 0.13333333333333333 0.13333333333333333 0.5 2.86 41 48 1.65 1
1
APP_1_Inner_Layer_1:3 0.06666666666666667 0.06666666666666667 0.25 3.32 19 20 1.78 1
1
APP_1_Inner_Layer_2:0 0.26666666666666666 0.26666666666666666 1.0 1.26 16 13 2.81 1
2 3 4 5
APP_1_Inner_Layer_2:1 0.06666666666666667 0.06666666666666667 0.25 3.08 44 19 1.7 1
2 3
APP_1_Inner_Layer_2:2 0.5333333333333333 0.5333333333333333 2.0 1.4 49 42 3.1 1
3 5
APP_1_Inner_Layer_2:3 0.06666666666666667 0.06666666666666667 0.25 2.99 9 35 2.3 1
2 5
APP_1_Inner_Layer_3:0 0.26666666666666666 0.26666666666666666 1.0 3.15 14 23 3.67 1
6 7 8 9
APP_1_Output_Layer_0 0.6 0.6 2.25 2.89 24 4 2.47 1
10
9
1.4033431303431256
APP_2_Input_Layer_0 0.3333333333333333 0.3333333333333333 1.25 2.92 32 47 2.14 1

APP_2_Inner_Layer_0:0 0.26666666666666666 0.26666666666666666 1.0 2.2 26 29 2.06 1
0
APP_2_Inner_Layer_0:1 0.13333333333333333 0.13333333333333333 0.5 2.25 15 19 1.39 1
0
APP_2_Inner_Layer_0:2 0.13333333333333333 0.13333333333333333 0.5 2.22 48 48 3.22 1
0
APP_2_Inner_Layer_1:0 0.3333333333333333 0.3333333333333333 1.25 3.94 1 4 2.53 1
2
APP_2_Inner_Layer_1:1 0.5333333333333333 0.5333333333333333 2.0 1.44 29 33 3.9 1
2 1
APP_2_Inner_Layer_1:2 0.4 0.4 1.5 2.72 31 5 2.69 1
2 3
APP_2_Inner_Layer_1:3 0.4 0.4 1.5 1.6 48 14 2.8 1
1 2 3
APP_2_Output_Layer_0 0.5333333333333333 0.5333333333333333 2.0 1.37 13 8 2.41 1
4 5 6 7
7
1.821612542932958
APP_3_Input_Layer_0 0.6 0.6 2.25 2.17 17 5 1.12 1

APP_3_Inner_Layer_0:0 0.4 0.4 1.5 1.85 45 43 3.04 1
0
APP_3_Inner_Layer_0:1 0.4 0.4 1.5 2.55 23 19 3.59 1
0
APP_3_Inner_Layer_1:0 0.3333333333333333 0.3333333333333333 1.25 1.42 29 24 2.53 1
1
APP_3_Inner_Layer_1:1 0.4 0.4 1.5 3.05 49 21 1.07 1
2
APP_3_Inner_Layer_1:2 0.5333333333333333 0.5333333333333333 2.0 1.33 38 2 3.83 1
1 2
APP_3_Output_Layer_0 0.4 0.4 1.5 3.77 21 37 2.85 1
3 4 5
11
2.7301166573977813
APP_4_Input_Layer_0 0.4666666666666667 0.4666666666666667 1.75 1.46 13 13 3.3 0

APP_4_Inner_Layer_0:0 0.6 0.6 2.25 3.33 41 8 2.35 1
0
APP_4_Inner_Layer_0:1 0.2 0.2 0.75 1.78 49 3 3.77 1
0
APP_4_Inner_Layer_0:2 0.2 0.2 0.75 1.31 20 2 2.28 1
0
APP_4_Inner_Layer_1:0 0.06666666666666667 0.06666666666666667 0.25 1.57 4 13 1.0 1
1 2
APP_4_Inner_Layer_1:1 0.26666666666666666 0.26666666666666666 1.0 1.08 26 2 3.45 1
2 3
APP_4_Inner_Layer_1:2 0.4 0.4 1.5 1.24 45 46 3.94 1
1 2
APP_4_Inner_Layer_1:3 0.4666666666666667 0.4666666666666667 1.75 3.32 12 20 1.66 1
1
APP_4_Inner_Layer_2:0 0.4 0.4 1.5 3.48 30 44 1.75 1
5
APP_4_Inner_Layer_2:1 0.3333333333333333 0.3333333333333333 1.25 2.71 21 7 1.1 1
4 6 7
APP_4_Output_Layer_0 0.5333333333333333 0.5333333333333333 2.0 2.53 2 23 1.51 1
8 9
6
3.1561628469279603
APP_5_Input_Layer_0 0.13333333333333333 0.13333333333333333 0.5 3.11 1 20 1.45 1

APP_5_Inner_Layer_0:0 0.3333333333333333 0.3333333333333333 1.25 3.7 38 45 3.57 1
0
APP_5_Inner_Layer_1:0 0.4 0.4 1.5 1.74 22 35 2.94 1
1
APP_5_Inner_Layer_1:1 0.26666666666666666 0.26666666666666666 1.0 3.42 3 47 1.79 1
1
APP_5_Inner_Layer_1:2 0.26666666666666666 0.26666666666666666 1.0 2.24 14 12 1.07 1
1
APP_5_Output_Layer_0 0.6 0.6 2.25 2.03 33 36 1.86 1
2 3 4
3
3.8970304590158222
APP_6_Input_Layer_0 0.26666666666666666 0.26666666666666666 1.0 3.11 35 26 3.93 1

APP_6_Inner_Layer_0:0 0.4666666666666667 0.4666666666666667 1.75 3.16 33 27 3.87 1
0
APP_6_Output_Layer_0 0.4666666666666667 0.4666666666666667 1.75 3.29 45 46 3.05 1
1
11
4.45377587003167
APP_7_Input_Layer_0 0.5333333333333333 0.5333333333333333 2.0 3.52 15 35 2.9 1

APP_7_Inner_Layer_0:0 0.2 0.2 0.75 2.91 48 37 1.0 1
0
APP_7_Inner_Layer_0:1 0.26666666666666666 0.26666666666666666 1.0 1.64 19 22 3.83 1
0
APP_7_Inner_Layer_0:2 0.3333333333333333 0.3333333333333333 1.25 3.61 6 47 2.9 1
0
APP_7_Inner_Layer_0:3 0.13333333333333333 0.13333333333333333 0.5 1.86 37 19 1.76 1
0
APP_7_Inner_Layer_1:0 0.5333333333333333 0.5333333333333333 2.0 2.94 7 1 2.41 1
1 2 3
APP_7_Inner_Layer_1:1 0.26666666666666666 0.26666666666666666 1.0 2.38 3 18 3.52 1
4
APP_7_Inner_Layer_2:0 0.4 0.4 1.5 3.8 23 18 1.15 1
5 6
APP_7_Inner_Layer_3:0 0.13333333333333333 0.13333333333333333 0.5 1.97 17 26 2.66 1
7
APP_7_Inner_Layer_3:1 0.4 0.4 1.5 1.13 47 9 1.6 1
7
APP_7_Output_Layer_0 0.3333333333333333 0.3333333333333333 1.25 2.07 10 1 3.83 1
8 9
4
4.877425234749285
APP_8_Input_Layer_0 0.06666666666666667 0.06666666666666667 0.25 2.02 27 3 1.16 1

APP_8_Inner_Layer_0:0 0.2 0.2 0.75 2.9 29 11 3.96 1
0
APP_8_Inner_Layer_0:1 0.6 0.6 2.25 2.22 35 36 2.82 1
0
APP_8_Output_Layer_0 0.6 0.6 2.25 1.61 15 15 2.41 1
1 2
8
5.750254339904673
APP_9_Input_Layer_0 0.06666666666666667 0.06666666666666667 0.25 3.68 26 30 1.38 1

APP_9_Inner_Layer_0:0 0.4 0.4 1.5 3.68 13 44 2.69 1
0
APP_9_Inner_Layer_0:1 0.6 0.6 2.25 2.52 18 34 3.64 1
0
APP_9_Inner_Layer_0:2 0.26666666666666666 0.26666666666666666 1.0 3.28 28 7 1.78 1
0
APP_9_Inner_Layer_1:0 0.06666666666666667 0.06666666666666667 0.25 1.15 49 15 2.35 1
2 3
APP_9_Inner_Layer_1:1 0.2 0.2 0.75 1.04 16 29 3.21 1
1
APP_9_Inner_Layer_1:2 0.06666666666666667 0.06666666666666667 0.25 1.05 23 46 3.81 1
1 2
APP_9_Output_Layer_0 0.06666666666666667 0.06666666666666667 0.25 1.76 28 31 3.45 1
4 5 6
