10
10
10
0
APP_0_Input_Layer_0 0.6 0.6 2.25 1.65 4 36 3.36 1

APP_0_Inner_Layer_0:0 0.26666666666666666 0.26666666666666666 1.0 2.74 15 38 3.03 1
0
APP_0_Inner_Layer_1:0 0.4666666666666667 0.4666666666666667 1.75 3.65 41 47 1.5 1
1
APP_0_Inner_Layer_2:0 0.4666666666666667 0.4666666666666667 1.75 3.14 14 5 1.35 1
2
APP_0_Inner_Layer_2:1 0.2 0.2 0.75 1.6 15 9 3.85 1
2
APP_0_Inner_Layer_2:2 0.3333333333333333 0.3333333333333333 1.25 2.66 38 20 2.72 1
2
APP_0_Inner_Layer_2:3 0.26666666666666666 0.26666666666666666 1.0 2.53 7 15 2.01 1
2
APP_0_Inner_Layer_3:0 0.26666666666666666 0.26666666666666666 1.0 3.93 14 45 1.1 1
4
APP_0_Inner_Layer_3:1 0.6 0.6 2.25 3.53 4 12 2.32 1
3 5 6
APP_0_Output_Layer_0 0.4666666666666667 0.4666666666666667 1.75 2.65 25 43 3.1 1
7 8
14
0.5644752070519241
APP_1_Input_Layer_0 0.4 0.4 1.5 3.99 24 23 3.6 1

APP_1_Inner_Layer_0:0 0.6 0.6 2.25 3.15 34 9 3.14 1
0
APP_1_Inner_Layer_0:1 0.06666666666666667 0.06666666666666667 0.25 3.94 38 31 3.22 1
0
APP_1_Inner_Layer_0:2 0.4 0.4 1.5 2.26 27 21 3.98 1
0
APP_1_Inner_Layer_1:0 0.2 0.2 0.75 2.34 41 42 1.92 1
1 2
APP_1_Inner_Layer_1:1 0.5333333333333333 0.5333333333333333 2.0 2.27 36 8 2.9 1
3
APP_1_Inner_Layer_2:0 0.06666666666666667 0.06666666666666667 0.25 2.22 12 20 1.6 1
4 5
APP_1_Inner_Layer_2:1 0.26666666666666666 0.26666666666666666 1.0 3.36 24 5 3.65 1
4
APP_1_Inner_Layer_2:2 0.26666666666666666 0.26666666666666666 1.0 1.94 16 5 2.28 1
4
APP_1_Inner_Layer_2:3 0.5333333333333333 0.5333333333333333 2.0 3.68 36 34 3.36 1
5
APP_1_Inner_Layer_3:0 0.26666666666666666 0.26666666666666666 1.0 2.2 46 40 2.65 1
9
APP_1_Inner_Layer_3:1 0.2 0.2 0.75 3.71 21 25 2.34 1
6 7 8 9
APP_1_Inner_Layer_3:2 0.26666666666666666 0.26666666666666666 1.0 1.69 13 23 2.46 1
6
APP_1_Output_Layer_0 0.4666666666666667 0.4666666666666667 1.75 1.6 20 12 1.34 1
10 11 12
11
1.0866817390204604
APP_2_Input_Layer_0 0.6 0.6 2.25 2.7 37 1 1.39 0

APP_2_Inner_Layer_0:0 0.13333333333333333 0.13333333333333333 0.5 3.28 41 41 3.67 1
0
APP_2_Inner_Layer_0:1 0.6 0.6 2.25 1.81 40 29 3.4 1
0
APP_2_Inner_Layer_0:2 0.06666666666666667 0.06666666666666667 0.25 3.98 22 20 3.3 1
0
APP_2_Inner_Layer_0:3 0.3333333333333333 0.3333333333333333 1.25 2.4 1 43 1.96 1
0
APP_2_Inner_Layer_1:0 0.26666666666666666 0.26666666666666666 1.0 3.51 22 5 3.9 1
1 2
APP_2_Inner_Layer_1:1 0.2 0.2 0.75 3.25 26 47 1.05 1
2 4
APP_2_Inner_Layer_1:2 0.26666666666666666 0.26666666666666666 1.0 1.83 4 28 2.47 1
1 3 4
APP_2_Inner_Layer_2:0 0.06666666666666667 0.06666666666666667 0.25 1.99 34 32 1.8 1
6
APP_2_Inner_Layer_2:1 0.26666666666666666 0.26666666666666666 1.0 1.65 20 12 2.5 1
5 6 7
APP_2_Output_Layer_0 0.13333333333333333 0.13333333333333333 0.5 1.09 3 6 3.68 1
8 9
5
1.6002640255240406
APP_3_Input_Layer_0 0.3333333333333333 0.3333333333333333 1.25 3.4 24 10 2.72 1

APP_3_Inner_Layer_0:0 0.6 0.6 2.25 2.1 25 16 2.33 1
0
APP_3_Inner_Layer_0:1 0.4 0.4 1.5 2.83 15 40 3.22 1
0
APP_3_Inner_Layer_1:0 0.2 0.2 0.75 3.92 16 43 3.04 1
1 2
APP_3_Output_Layer_0 0.4666666666666667 0.4666666666666667 1.75 2.04 38 28 1.69 1
3
9
2.0646635741867683
APP_4_Input_Layer_0 0.3333333333333333 0.3333333333333333 1.25 1.13 26 3 1.91 1

APP_4_Inner_Layer_0:0 0.6 0.6 2.25 1.33 8 21 3.89 1
0
APP_4_Inner_Layer_1:0 0.4666666666666667 0.4666666666666667 1.75 3.51 41 3 2.94 1
1
APP_4_Inner_Layer_1:1 0.3333333333333333 0.3333333333333333 1.25 1.6 14 25 3.99 1
1
APP_4_Inner_Layer_1:2 0.5333333333333333 0.5333333333333333 2.0 2.97 22 8 3.83 1
1
APP_4_Inner_Layer_2:0 0.6 0.6 2.25 3.93 14 15 2.37 1
2 3 4
APP_4_Inner_Layer_3:0 0.2 0.2 0.75 1.68 3 12 1.89 1
5
APP_4_Inner_Layer_3:1 0.06666666666666667 0.06666666666666667 0.25 3.91 22 27 1.99 1
5
APP_4_Output_Layer_0 0.5333333333333333 0.5333333333333333 2.0 1.72 26 26 1.26 1
6 7
8
2.6450907868366036
APP_5_Input_Layer_0 0.06666666666666667 0.06666666666666667 0.25 2.65 11 42 3.45 1

APP_5_Inner_Layer_0:0 0.26666666666666666 0.26666666666666666 1.0 1.72 32 8 1.73 1
0
APP_5_Inner_Layer_0:1 0.13333333333333333 0.13333333333333333 0.5 2.86 23 22 3.99 1
0
APP_5_Inner_Layer_0:2 0.3333333333333333 0.3333333333333333 1.25 2.18 16 32 2.03 1
0
APP_5_Inner_Layer_1:0 0.3333333333333333 0.3333333333333333 1.25 3.72 18 31 1.78 1
1 2 3
APP_5_Inner_Layer_1:1 0.4 0.4 1.5 1.17 45 2 2.43 1
1 2
APP_5_Inner_Layer_1:2 0.4666666666666667 0.4666666666666667 1.75 2.67 22 42 2.02 1
1 3
APP_5_Output_Layer_0 0.26666666666666666 0.26666666666666666 1.0 3.78 43 3 2.27 0
4 5 6
3
3.1852113575134484
APP_6_Input_Layer_0 0.4666666666666667 0.4666666666666667 1.75 2.63 13 9 2.73 0

APP_6_Inner_Layer_0:0 0.2 0.2 0.75 3.26 28 37 3.09 1
0
APP_6_Output_Layer_0 0.06666666666666667 0.06666666666666667 0.25 1.57 28 29 1.01 1
1
9
3.620898262094322
APP_7_Input_Layer_0 0.06666666666666667 0.06666666666666667 0.25 1.8 4 42 3.76 1

APP_7_Inner_Layer_0:0 0.6 0.6 2.25 1.41 21 10 1.99 1
0
APP_7_Inner_Layer_0:1 0.3333333333333333 0.3333333333333333 1.25 3.75 30 12 2.81 1
0
APP_7_Inner_Layer_0:2 0.26666666666666666 0.26666666666666666 1.0 2.81 13 39 1.62 1
0
APP_7_Inner_Layer_1:0 0.4 0.4 1.5 2.28 44 1 3.55 1
3
APP_7_Inner_Layer_1:1 0.06666666666666667 0.06666666666666667 0.25 3.38 36 5 2.3 1
3
APP_7_Inner_Layer_1:2 0.26666666666666666 0.26666666666666666 1.0 3.74 36 32 3.1 1
1 2
APP_7_Inner_Layer_1:3 0.06666666666666667 0.06666666666666667 0.25 2.39 44 26 3.65 1
1 2 3
APP_7_Output_Layer_0 0.4 0.4 1.5 3.89 43 47 1.75 1
4 5 6 7
11
4.287335994714877
APP_8_Input_Layer_0 0.5333333333333333 0.5333333333333333 2.0 3.95 17 3 3.95 1

APP_8_Inner_Layer_0:0 0.2 0.2 0.75 2.31 35 19 1.53 1
0
APP_8_Inner_Layer_0:1 0.2 0.2 0.75 3.17 18 5 2.93 1
0
APP_8_Inner_Layer_0:2 0.4 0.4 1.5 2.29 39 45 1.29 1
0
APP_8_Inner_Layer_1:0 0.4 0.4 1.5 2.7 19 47 3.7 1
1 2
APP_8_Inner_Layer_1:1 0.4666666666666667 0.4666666666666667 1.75 1.51 6 25 2.66 1
2 3
APP_8_Inner_Layer_1:2 0.4666666666666667 0.4666666666666667 1.75 1.74 30 42 1.63 1
3
APP_8_Inner_Layer_2:0 0.6 0.6 2.25 2.57 32 46 1.47 1
4
APP_8_Inner_Layer_2:1 0.26666666666666666 0.26666666666666666 1.0 1.55 46 8 1.28 1
5 6
APP_8_Inner_Layer_3:0 0.3333333333333333 0.3333333333333333 1.25 3.61 42 2 3.16 1
7 8
APP_8_Output_Layer_0 0.5333333333333333 0.5333333333333333 2.0 1.08 29 33 3.53 1
9
12
4.703360912289292
APP_9_Input_Layer_0 0.2 0.2 0.75 2.97 1 7 1.74 1

APP_9_Inner_Layer_0:0 0.26666666666666666 0.26666666666666666 1.0 3.19 25 21 1.09 1
0
APP_9_Inner_Layer_0:1 0.3333333333333333 0.3333333333333333 1.25 3.21 38 46 1.68 1
0
APP_9_Inner_Layer_0:2 0.5333333333333333 0.5333333333333333 2.0 3.53 14 44 3.34 1
0
APP_9_Inner_Layer_1:0 0.6 0.6 2.25 1.21 19 13 1.03 1
1 2 3
APP_9_Inner_Layer_2:0 0.5333333333333333 0.5333333333333333 2.0 2.77 21 38 3.97 1
4
APP_9_Inner_Layer_2:1 0.4 0.4 1.5 1.04 1 35 2.36 1
4
APP_9_Inner_Layer_3:0 0.26666666666666666 0.26666666666666666 1.0 1.67 25 13 2.04 1
5
APP_9_Inner_Layer_3:1 0.4 0.4 1.5 2.95 14 13 2.53 1
6
APP_9_Inner_Layer_3:2 0.06666666666666667 0.06666666666666667 0.25 2.39 20 1 1.67 1
5
APP_9_Inner_Layer_3:3 0.5333333333333333 0.5333333333333333 2.0 2.82 37 34 1.98 1
5
APP_9_Output_Layer_0 0.5333333333333333 0.5333333333333333 2.0 2.45 12 7 2.33 1
7 8 9 10
