10
10
4
0
APP_0_Input_Layer_0 0.13333333333333333 0.13333333333333333 0.5 2.32 12 6 1.13 1

APP_0_Inner_Layer_0:0 0.06666666666666667 0.06666666666666667 0.25 1.55 21 2 2.43 1
0
APP_0_Inner_Layer_1:0 0.4 0.4 1.5 2.23 42 4 1.2 1
1
APP_0_Output_Layer_0 0.2 0.2 0.75 2.57 29 26 2.06 1
2
8
0.6070206468640459
APP_1_Input_Layer_0 0.3333333333333333 0.3333333333333333 1.25 2.55 39 35 3.67 1

APP_1_Inner_Layer_0:0 0.4666666666666667 0.4666666666666667 1.75 2.35 30 1 3.32 1
0
APP_1_Inner_Layer_0:1 0.2 0.2 0.75 3.31 25 12 1.32 1
0
APP_1_Inner_Layer_1:0 0.06666666666666667 0.06666666666666667 0.25 1.55 11 36 2.11 1
1
APP_1_Inner_Layer_1:1 0.06666666666666667 0.06666666666666667 0.25 2.96 36 46 2.16 1
1
APP_1_Inner_Layer_1:2 0.2 0.2 0.75 1.05 12 4 3.12 1
1 2
APP_1_Inner_Layer_2:0 0.4 0.4 1.5 3.37 47 3 1.26 1
3 4 5
APP_1_Output_Layer_0 0.26666666666666666 0.26666666666666666 1.0 3.17 23 39 2.53 1
6
5
1.198818301241768
APP_2_Input_Layer_0 0.06666666666666667 0.06666666666666667 0.25 3.1 30 47 2.21 1

APP_2_Inner_Layer_0:0 0.6 0.6 2.25 2.74 2 23 1.32 1
0
APP_2_Inner_Layer_0:1 0.4 0.4 1.5 2.14 23 16 2.06 1
0
APP_2_Inner_Layer_0:2 0.06666666666666667 0.06666666666666667 0.25 3.62 17 33 2.73 1
0
APP_2_Output_Layer_0 0.3333333333333333 0.3333333333333333 1.25 1.99 47 40 1.56 1
1 2 3
15
1.5689100213406064
APP_3_Input_Layer_0 0.5333333333333333 0.5333333333333333 2.0 1.54 9 48 3.13 1

APP_3_Inner_Layer_0:0 0.5333333333333333 0.5333333333333333 2.0 2.77 18 8 1.13 1
0
APP_3_Inner_Layer_0:1 0.13333333333333333 0.13333333333333333 0.5 3.5 14 27 2.2 1
0
APP_3_Inner_Layer_0:2 0.5333333333333333 0.5333333333333333 2.0 2.03 15 36 2.19 1
0
APP_3_Inner_Layer_0:3 0.5333333333333333 0.5333333333333333 2.0 2.57 4 17 3.93 1
0
APP_3_Inner_Layer_1:0 0.6 0.6 2.25 3.67 39 15 3.0 1
1 2
APP_3_Inner_Layer_1:1 0.26666666666666666 0.26666666666666666 1.0 1.11 4 36 2.29 1
2 4
APP_3_Inner_Layer_1:2 0.6 0.6 2.25 1.53 17 20 3.8 1
1 3
APP_3_Inner_Layer_2:0 0.06666666666666667 0.06666666666666667 0.25 1.13 14 10 2.74 1
5
APP_3_Inner_Layer_2:1 0.6 0.6 2.25 2.25 16 24 1.72 1
5
APP_3_Inner_Layer_2:2 0.4 0.4 1.5 3.82 23 41 3.28 1
6 7
APP_3_Inner_Layer_3:0 0.3333333333333333 0.3333333333333333 1.25 3.47 38 35 2.67 1
9
APP_3_Inner_Layer_3:1 0.26666666666666666 0.26666666666666666 1.0 2.53 46 10 2.44 1
8 9
APP_3_Inner_Layer_3:2 0.4 0.4 1.5 3.85 36 42 2.87 1
10
APP_3_Output_Layer_0 0.3333333333333333 0.3333333333333333 1.25 2.23 31 3 1.05 1
11 12 13
10
2.554546341581644
APP_4_Input_Layer_0 0.5333333333333333 0.5333333333333333 2.0 1.57 14 45 1.83 1

APP_4_Inner_Layer_0:0 0.06666666666666667 0.06666666666666667 0.25 1.67 13 6 3.91 1
0
APP_4_Inner_Layer_0:1 0.5333333333333333 0.5333333333333333 2.0 1.15 11 6 3.65 1
0
APP_4_Inner_Layer_0:2 0.3333333333333333 0.3333333333333333 1.25 1.07 9 19 3.73 1
0
APP_4_Inner_Layer_0:3 0.06666666666666667 0.06666666666666667 0.25 3.25 6 7 2.3 1
0
APP_4_Inner_Layer_1:0 0.3333333333333333 0.3333333333333333 1.25 3.9 34 16 2.93 1
2 3
APP_4_Inner_Layer_1:1 0.13333333333333333 0.13333333333333333 0.5 1.72 25 46 1.38 1
3 4
APP_4_Inner_Layer_1:2 0.2 0.2 0.75 2.8 30 1 2.39 1
1 4
APP_4_Inner_Layer_2:0 0.2 0.2 0.75 1.23 49 27 1.34 1
5 6 7
APP_4_Output_Layer_0 0.3333333333333333 0.3333333333333333 1.25 1.27 43 7 1.87 1
8
12
3.2263059781306334
APP_5_Input_Layer_0 0.6 0.6 2.25 1.94 23 48 2.98 1

APP_5_Inner_Layer_0:0 0.26666666666666666 0.26666666666666666 1.0 1.81 1 25 3.65 1
0
APP_5_Inner_Layer_0:1 0.6 0.6 2.25 2.22 5 47 1.46 1
0
APP_5_Inner_Layer_0:2 0.3333333333333333 0.3333333333333333 1.25 2.72 29 10 1.69 1
0
APP_5_Inner_Layer_0:3 0.3333333333333333 0.3333333333333333 1.25 3.83 17 43 3.09 1
0
APP_5_Inner_Layer_1:0 0.2 0.2 0.75 2.34 31 36 3.6 1
3 4
APP_5_Inner_Layer_1:1 0.4 0.4 1.5 2.29 42 28 2.47 1
1 2 4
APP_5_Inner_Layer_1:2 0.06666666666666667 0.06666666666666667 0.25 1.59 48 43 1.8 1
3 1 4
APP_5_Inner_Layer_2:0 0.06666666666666667 0.06666666666666667 0.25 1.06 23 44 2.41 1
5 7
APP_5_Inner_Layer_2:1 0.26666666666666666 0.26666666666666666 1.0 3.91 25 40 1.38 1
5
APP_5_Inner_Layer_2:2 0.26666666666666666 0.26666666666666666 1.0 2.15 46 14 2.83 1
6
APP_5_Output_Layer_0 0.3333333333333333 0.3333333333333333 1.25 1.53 21 30 2.39 1
8 9 10
5
3.640844472708247
APP_6_Input_Layer_0 0.2 0.2 0.75 1.26 35 21 2.11 0

APP_6_Inner_Layer_0:0 0.13333333333333333 0.13333333333333333 0.5 3.36 16 33 4.0 1
0
APP_6_Inner_Layer_0:1 0.3333333333333333 0.3333333333333333 1.25 1.61 35 6 2.7 1
0
APP_6_Inner_Layer_1:0 0.5333333333333333 0.5333333333333333 2.0 2.93 41 27 1.59 1
1 2
APP_6_Output_Layer_0 0.06666666666666667 0.06666666666666667 0.25 3.4 10 30 2.07 1
3
9
4.228161915330073
APP_7_Input_Layer_0 0.06666666666666667 0.06666666666666667 0.25 1.94 28 43 2.06 0

APP_7_Inner_Layer_0:0 0.6 0.6 2.25 1.81 10 12 3.81 1
0
APP_7_Inner_Layer_0:1 0.3333333333333333 0.3333333333333333 1.25 1.31 15 19 2.94 1
0
APP_7_Inner_Layer_0:2 0.4 0.4 1.5 3.07 38 5 1.3 1
0
APP_7_Inner_Layer_1:0 0.4 0.4 1.5 1.79 46 49 2.27 1
2 3
APP_7_Inner_Layer_1:1 0.2 0.2 0.75 1.05 27 35 3.04 1
1
APP_7_Inner_Layer_2:0 0.3333333333333333 0.3333333333333333 1.25 2.34 18 37 1.45 1
5
APP_7_Inner_Layer_2:1 0.4 0.4 1.5 2.27 35 37 2.42 1
4
APP_7_Output_Layer_0 0.13333333333333333 0.13333333333333333 0.5 1.14 21 28 2.56 1
6 7
6
4.598860311528951
APP_8_Input_Layer_0 0.6 0.6 2.25 1.53 21 37 1.11 1

APP_8_Inner_Layer_0:0 0.6 0.6 2.25 1.41 21 14 2.41 1
0
APP_8_Inner_Layer_1:0 0.6 0.6 2.25 2.04 21 32 3.51 1
1
APP_8_Inner_Layer_2:0 0.2 0.2 0.75 3.32 32 9 1.47 1
2
APP_8_Inner_Layer_2:1 0.13333333333333333 0.13333333333333333 0.5 2.97 33 10 1.68 1
2
APP_8_Output_Layer_0 0.13333333333333333 0.13333333333333333 0.5 2.6 37 7 1.59 1
3 4
8
5.4949614834555724
APP_9_Input_Layer_0 0.26666666666666666 0.26666666666666666 1.0 1.99 13 8 3.75 1

APP_9_Inner_Layer_0:0 0.5333333333333333 0.5333333333333333 2.0 2.91 16 3 3.21 1
0
APP_9_Inner_Layer_1:0 0.4666666666666667 0.4666666666666667 1.75 1.79 42 46 1.3 1
1
APP_9_Inner_Layer_1:1 0.4666666666666667 0.4666666666666667 1.75 3.9 3 40 2.16 1
1
APP_9_Inner_Layer_2:0 0.2 0.2 0.75 3.29 7 5 1.94 1
2
APP_9_Inner_Layer_2:1 0.26666666666666666 0.26666666666666666 1.0 2.5 23 18 2.6 1
2
APP_9_Inner_Layer_2:2 0.6 0.6 2.25 2.35 12 42 3.62 1
3
APP_9_Output_Layer_0 0.6 0.6 2.25 3.58 24 24 1.51 1
4 5 6
