10
10
5
0
APP_0_Input_Layer_0 0.26666666666666666 0.26666666666666666 1.0 1.65 33 8 1.41 1

APP_0_Inner_Layer_0:0 0.3333333333333333 0.3333333333333333 1.25 1.48 23 33 2.8 1
0
APP_0_Inner_Layer_0:1 0.3333333333333333 0.3333333333333333 1.25 2.72 12 49 1.85 1
0
APP_0_Inner_Layer_1:0 0.06666666666666667 0.06666666666666667 0.25 3.09 26 23 1.2 1
1 2
APP_0_Output_Layer_0 0.13333333333333333 0.13333333333333333 0.5 1.17 45 17 2.82 1
3
5
0.6572212832425032
APP_1_Input_Layer_0 0.4666666666666667 0.4666666666666667 1.75 1.12 41 20 2.87 1

APP_1_Inner_Layer_0:0 0.5333333333333333 0.5333333333333333 2.0 1.33 8 22 2.73 1
0
APP_1_Inner_Layer_1:0 0.4 0.4 1.5 1.51 48 20 1.8 1
1
APP_1_Inner_Layer_1:1 0.5333333333333333 0.5333333333333333 2.0 1.6 42 20 2.15 1
1
APP_1_Output_Layer_0 0.13333333333333333 0.13333333333333333 0.5 3.82 45 25 3.9 1
2 3
5
1.1230184354655792
APP_2_Input_Layer_0 0.3333333333333333 0.3333333333333333 1.25 1.18 41 6 1.82 1

APP_2_Inner_Layer_0:0 0.4 0.4 1.5 2.18 16 9 3.27 1
0
APP_2_Inner_Layer_0:1 0.4666666666666667 0.4666666666666667 1.75 3.08 3 25 1.32 1
0
APP_2_Inner_Layer_0:2 0.06666666666666667 0.06666666666666667 0.25 3.34 3 30 2.01 1
0
APP_2_Output_Layer_0 0.13333333333333333 0.13333333333333333 0.5 1.41 49 49 1.68 1
1 2 3
13
1.5359324278777813
APP_3_Input_Layer_0 0.4666666666666667 0.4666666666666667 1.75 2.52 20 13 1.95 1

APP_3_Inner_Layer_0:0 0.6 0.6 2.25 2.05 3 44 1.09 1
0
APP_3_Inner_Layer_0:1 0.26666666666666666 0.26666666666666666 1.0 2.4 14 40 1.04 1
0
APP_3_Inner_Layer_0:2 0.13333333333333333 0.13333333333333333 0.5 1.2 31 1 2.51 1
0
APP_3_Inner_Layer_1:0 0.2 0.2 0.75 3.06 6 28 3.56 1
1 2
APP_3_Inner_Layer_1:1 0.06666666666666667 0.06666666666666667 0.25 1.99 47 27 1.62 1
1
APP_3_Inner_Layer_1:2 0.4 0.4 1.5 3.1 14 30 1.4 1
1 3
APP_3_Inner_Layer_1:3 0.5333333333333333 0.5333333333333333 2.0 3.9 10 9 3.69 1
1 2 3
APP_3_Inner_Layer_2:0 0.6 0.6 2.25 1.01 36 11 2.09 1
7
APP_3_Inner_Layer_2:1 0.13333333333333333 0.13333333333333333 0.5 2.38 37 3 1.4 1
4 5 6
APP_3_Inner_Layer_3:0 0.13333333333333333 0.13333333333333333 0.5 1.74 45 49 3.7 1
8 9
APP_3_Inner_Layer_3:1 0.5333333333333333 0.5333333333333333 2.0 2.07 15 8 3.79 1
8
APP_3_Output_Layer_0 0.26666666666666666 0.26666666666666666 1.0 3.4 11 43 1.14 1
10 11
12
2.0544528608302186
APP_4_Input_Layer_0 0.5333333333333333 0.5333333333333333 2.0 1.68 28 40 3.42 1

APP_4_Inner_Layer_0:0 0.5333333333333333 0.5333333333333333 2.0 1.04 17 37 1.25 1
0
APP_4_Inner_Layer_1:0 0.13333333333333333 0.13333333333333333 0.5 1.26 30 47 3.42 1
1
APP_4_Inner_Layer_1:1 0.5333333333333333 0.5333333333333333 2.0 2.74 19 9 2.25 1
1
APP_4_Inner_Layer_1:2 0.06666666666666667 0.06666666666666667 0.25 1.73 14 14 3.77 1
1
APP_4_Inner_Layer_1:3 0.26666666666666666 0.26666666666666666 1.0 3.83 3 48 3.78 1
1
APP_4_Inner_Layer_2:0 0.5333333333333333 0.5333333333333333 2.0 2.44 24 34 3.13 1
3 4
APP_4_Inner_Layer_2:1 0.2 0.2 0.75 2.61 45 48 3.44 1
3 4
APP_4_Inner_Layer_2:2 0.06666666666666667 0.06666666666666667 0.25 2.44 37 11 3.26 1
2 5
APP_4_Inner_Layer_2:3 0.6 0.6 2.25 1.15 2 38 1.23 1
3 4
APP_4_Inner_Layer_3:0 0.2 0.2 0.75 3.15 17 14 1.73 1
6 7 8 9
APP_4_Output_Layer_0 0.3333333333333333 0.3333333333333333 1.25 2.15 16 43 3.27 1
10
7
2.920988761883465
APP_5_Input_Layer_0 0.4 0.4 1.5 1.74 13 41 1.76 0

APP_5_Inner_Layer_0:0 0.13333333333333333 0.13333333333333333 0.5 2.74 42 31 3.35 1
0
APP_5_Inner_Layer_1:0 0.4 0.4 1.5 3.7 15 22 3.31 1
1
APP_5_Inner_Layer_1:1 0.2 0.2 0.75 3.42 10 12 1.82 1
1
APP_5_Inner_Layer_1:2 0.26666666666666666 0.26666666666666666 1.0 2.45 10 1 3.92 1
1
APP_5_Inner_Layer_1:3 0.2 0.2 0.75 1.75 35 49 3.52 1
1
APP_5_Output_Layer_0 0.26666666666666666 0.26666666666666666 1.0 1.56 4 9 3.8 1
2 3 4 5
9
3.419627450620801
APP_6_Input_Layer_0 0.26666666666666666 0.26666666666666666 1.0 2.47 15 34 1.21 1

APP_6_Inner_Layer_0:0 0.6 0.6 2.25 2.62 36 49 1.76 1
0
APP_6_Inner_Layer_0:1 0.3333333333333333 0.3333333333333333 1.25 1.62 28 15 1.14 1
0
APP_6_Inner_Layer_0:2 0.4666666666666667 0.4666666666666667 1.75 2.14 41 36 2.25 1
0
APP_6_Inner_Layer_1:0 0.4666666666666667 0.4666666666666667 1.75 2.29 47 13 1.5 1
2
APP_6_Inner_Layer_1:1 0.5333333333333333 0.5333333333333333 2.0 2.44 38 5 3.09 1
1 3
APP_6_Inner_Layer_1:2 0.2 0.2 0.75 2.98 48 17 1.42 1
1
APP_6_Inner_Layer_2:0 0.13333333333333333 0.13333333333333333 0.5 1.15 41 42 2.38 1
4 5 6
APP_6_Output_Layer_0 0.6 0.6 2.25 3.73 12 37 2.04 1
7
16
3.8809663267958605
APP_7_Input_Layer_0 0.2 0.2 0.75 1.53 16 34 3.21 1

APP_7_Inner_Layer_0:0 0.13333333333333333 0.13333333333333333 0.5 1.06 19 46 2.85 1
0
APP_7_Inner_Layer_0:1 0.13333333333333333 0.13333333333333333 0.5 3.72 17 32 1.2 1
0
APP_7_Inner_Layer_0:2 0.6 0.6 2.25 3.73 35 13 1.48 1
0
APP_7_Inner_Layer_0:3 0.06666666666666667 0.06666666666666667 0.25 3.92 17 10 1.83 1
0
APP_7_Inner_Layer_1:0 0.2 0.2 0.75 3.67 23 2 2.18 1
1 2 4
APP_7_Inner_Layer_1:1 0.6 0.6 2.25 1.23 13 40 2.35 1
1 4
APP_7_Inner_Layer_1:2 0.06666666666666667 0.06666666666666667 0.25 3.67 25 49 1.78 1
3
APP_7_Inner_Layer_1:3 0.26666666666666666 0.26666666666666666 1.0 1.28 38 29 2.56 1
4
APP_7_Inner_Layer_2:0 0.3333333333333333 0.3333333333333333 1.25 2.97 44 26 1.85 1
6 7 8
APP_7_Inner_Layer_2:1 0.13333333333333333 0.13333333333333333 0.5 3.68 36 14 2.22 1
6 8
APP_7_Inner_Layer_2:2 0.26666666666666666 0.26666666666666666 1.0 2.08 22 16 2.89 1
5
APP_7_Inner_Layer_3:0 0.6 0.6 2.25 1.13 24 25 3.08 1
9
APP_7_Inner_Layer_3:1 0.26666666666666666 0.26666666666666666 1.0 1.52 23 43 2.72 1
10 11
APP_7_Inner_Layer_3:2 0.3333333333333333 0.3333333333333333 1.25 3.79 25 49 3.8 1
9 10 11
APP_7_Output_Layer_0 0.13333333333333333 0.13333333333333333 0.5 3.78 8 9 2.1 1
12 13 14
10
4.505924294673389
APP_8_Input_Layer_0 0.3333333333333333 0.3333333333333333 1.25 3.19 25 47 2.75 1

APP_8_Inner_Layer_0:0 0.4666666666666667 0.4666666666666667 1.75 1.14 25 11 3.71 1
0
APP_8_Inner_Layer_0:1 0.06666666666666667 0.06666666666666667 0.25 3.32 42 25 2.3 1
0
APP_8_Inner_Layer_0:2 0.13333333333333333 0.13333333333333333 0.5 1.04 26 36 2.24 1
0
APP_8_Inner_Layer_0:3 0.4666666666666667 0.4666666666666667 1.75 3.33 29 11 2.42 1
0
APP_8_Inner_Layer_1:0 0.5333333333333333 0.5333333333333333 2.0 1.73 14 18 3.19 1
1 2 3 4
APP_8_Inner_Layer_1:1 0.6 0.6 2.25 1.44 23 3 3.82 1
1 4
APP_8_Inner_Layer_1:2 0.13333333333333333 0.13333333333333333 0.5 3.02 41 8 3.53 1
3
APP_8_Inner_Layer_2:0 0.5333333333333333 0.5333333333333333 2.0 1.05 36 46 2.3 1
5 6 7
APP_8_Output_Layer_0 0.2 0.2 0.75 3.38 14 34 1.16 1
8
14
5.339943475500986
APP_9_Input_Layer_0 0.13333333333333333 0.13333333333333333 0.5 1.73 10 5 1.58 0

APP_9_Inner_Layer_0:0 0.4666666666666667 0.4666666666666667 1.75 3.4 6 9 1.26 1
0
APP_9_Inner_Layer_0:1 0.4666666666666667 0.4666666666666667 1.75 2.28 11 18 3.31 1
0
APP_9_Inner_Layer_0:2 0.06666666666666667 0.06666666666666667 0.25 3.33 11 28 2.24 1
0
APP_9_Inner_Layer_0:3 0.06666666666666667 0.06666666666666667 0.25 1.96 46 41 3.7 1
0
APP_9_Inner_Layer_1:0 0.06666666666666667 0.06666666666666667 0.25 1.67 24 40 3.71 1
2 4
APP_9_Inner_Layer_1:1 0.5333333333333333 0.5333333333333333 2.0 2.76 42 40 3.1 1
2
APP_9_Inner_Layer_1:2 0.5333333333333333 0.5333333333333333 2.0 1.16 27 11 1.73 1
1 2 3 4
APP_9_Inner_Layer_2:0 0.26666666666666666 0.26666666666666666 1.0 3.05 13 10 3.5 1
5 6
APP_9_Inner_Layer_2:1 0.13333333333333333 0.13333333333333333 0.5 1.36 17 33 3.08 1
5 6
APP_9_Inner_Layer_2:2 0.6 0.6 2.25 3.61 21 28 1.5 1
7
APP_9_Inner_Layer_3:0 0.06666666666666667 0.06666666666666667 0.25 3.09 16 35 2.15 1
9 10
APP_9_Inner_Layer_3:1 0.5333333333333333 0.5333333333333333 2.0 2.7 16 17 1.13 1
8
APP_9_Output_Layer_0 0.4 0.4 1.5 1.84 12 45 3.42 1
11 12
