10
10
8
0
APP_0_Input_Layer_0 0.6 0.6 2.25 1.26 6 16 1.23 1

APP_0_Inner_Layer_0:0 0.4 0.4 1.5 3.13 1 8 3.4 1
0
APP_0_Inner_Layer_0:1 0.6 0.6 2.25 3.14 38 11 3.47 1
0
APP_0_Inner_Layer_1:0 0.06666666666666667 0.06666666666666667 0.25 3.28 7 18 1.53 1
1
APP_0_Inner_Layer_1:1 0.3333333333333333 0.3333333333333333 1.25 2.05 38 18 3.5 1
1 2
APP_0_Inner_Layer_1:2 0.6 0.6 2.25 3.56 7 29 3.96 1
1
APP_0_Inner_Layer_1:3 0.6 0.6 2.25 3.98 45 40 3.65 1
1 2
APP_0_Output_Layer_0 0.26666666666666666 0.26666666666666666 1.0 3.29 46 20 3.04 1
3 4 5 6
12
0.4978261480346259
APP_1_Input_Layer_0 0.4 0.4 1.5 2.56 32 24 2.85 1

APP_1_Inner_Layer_0:0 0.2 0.2 0.75 2.82 26 13 1.37 1
0
APP_1_Inner_Layer_0:1 0.13333333333333333 0.13333333333333333 0.5 1.96 10 26 1.58 1
0
APP_1_Inner_Layer_1:0 0.4 0.4 1.5 2.12 41 18 1.65 1
1
APP_1_Inner_Layer_1:1 0.6 0.6 2.25 1.26 23 27 1.26 1
1 2
APP_1_Inner_Layer_1:2 0.4 0.4 1.5 3.64 9 21 3.88 1
1
APP_1_Inner_Layer_1:3 0.6 0.6 2.25 2.49 28 16 1.99 1
2
APP_1_Inner_Layer_2:0 0.26666666666666666 0.26666666666666666 1.0 3.64 21 30 1.5 1
3 4 5 6
APP_1_Inner_Layer_3:0 0.6 0.6 2.25 3.06 43 17 2.28 1
7
APP_1_Inner_Layer_3:1 0.2 0.2 0.75 2.47 48 26 1.28 1
7
APP_1_Inner_Layer_3:2 0.26666666666666666 0.26666666666666666 1.0 1.2 11 17 2.54 1
7
APP_1_Output_Layer_0 0.5333333333333333 0.5333333333333333 2.0 3.88 46 9 2.93 1
8 9 10
6
1.2374891520827234
APP_2_Input_Layer_0 0.3333333333333333 0.3333333333333333 1.25 1.51 19 3 3.07 1

APP_2_Inner_Layer_0:0 0.06666666666666667 0.06666666666666667 0.25 1.22 27 3 1.97 1
0
APP_2_Inner_Layer_0:1 0.4 0.4 1.5 3.49 38 28 3.81 1
0
APP_2_Inner_Layer_0:2 0.6 0.6 2.25 2.7 1 19 2.42 1
0
APP_2_Inner_Layer_0:3 0.4666666666666667 0.4666666666666667 1.75 2.08 40 47 3.92 1
0
APP_2_Output_Layer_0 0.3333333333333333 0.3333333333333333 1.25 1.39 28 33 3.75 1
1 2 3 4
13
2.1563752081674044
APP_3_Input_Layer_0 0.5333333333333333 0.5333333333333333 2.0 1.85 29 28 3.31 1

APP_3_Inner_Layer_0:0 0.5333333333333333 0.5333333333333333 2.0 1.17 11 38 2.05 1
0
APP_3_Inner_Layer_0:1 0.13333333333333333 0.13333333333333333 0.5 2.26 47 26 1.9 1
0
APP_3_Inner_Layer_0:2 0.06666666666666667 0.06666666666666667 0.25 2.82 45 45 1.67 1
0
APP_3_Inner_Layer_0:3 0.4 0.4 1.5 3.25 43 43 1.91 1
0
APP_3_Inner_Layer_1:0 0.4 0.4 1.5 3.7 28 28 1.05 1
1 2 3
APP_3_Inner_Layer_1:1 0.13333333333333333 0.13333333333333333 0.5 3.2 2 37 2.65 1
2 3 4
APP_3_Inner_Layer_1:2 0.6 0.6 2.25 1.14 27 49 1.9 1
1
APP_3_Inner_Layer_1:3 0.3333333333333333 0.3333333333333333 1.25 3.73 42 28 2.77 1
1 2 3
APP_3_Inner_Layer_2:0 0.2 0.2 0.75 1.63 6 4 2.22 1
5 6 7 8
APP_3_Inner_Layer_2:1 0.26666666666666666 0.26666666666666666 1.0 3.9 21 44 2.05 1
5
APP_3_Inner_Layer_2:2 0.13333333333333333 0.13333333333333333 0.5 2.32 2 14 2.92 1
8
APP_3_Output_Layer_0 0.06666666666666667 0.06666666666666667 0.25 1.2 48 22 1.51 1
9 10 11
4
2.964768595396072
APP_4_Input_Layer_0 0.3333333333333333 0.3333333333333333 1.25 1.96 39 25 2.54 1

APP_4_Inner_Layer_0:0 0.5333333333333333 0.5333333333333333 2.0 1.26 1 31 3.78 1
0
APP_4_Inner_Layer_1:0 0.26666666666666666 0.26666666666666666 1.0 1.79 2 28 1.92 1
1
APP_4_Output_Layer_0 0.2 0.2 0.75 3.52 9 11 3.31 1
2
9
3.4785189142752406
APP_5_Input_Layer_0 0.2 0.2 0.75 2.52 42 13 1.68 1

APP_5_Inner_Layer_0:0 0.13333333333333333 0.13333333333333333 0.5 1.07 24 7 1.42 1
0
APP_5_Inner_Layer_0:1 0.2 0.2 0.75 3.51 1 18 3.24 1
0
APP_5_Inner_Layer_0:2 0.3333333333333333 0.3333333333333333 1.25 1.48 6 28 2.3 1
0
APP_5_Inner_Layer_0:3 0.4 0.4 1.5 2.68 21 19 2.98 1
0
APP_5_Inner_Layer_1:0 0.5333333333333333 0.5333333333333333 2.0 3.72 40 39 2.71 1
1 2 3 4
APP_5_Inner_Layer_2:0 0.6 0.6 2.25 2.09 14 11 2.44 1
5
APP_5_Inner_Layer_2:1 0.26666666666666666 0.26666666666666666 1.0 3.26 10 18 3.07 1
5
APP_5_Output_Layer_0 0.06666666666666667 0.06666666666666667 0.25 1.33 26 48 2.28 1
6 7
11
4.4603215784737245
APP_6_Input_Layer_0 0.2 0.2 0.75 1.66 36 40 1.21 1

APP_6_Inner_Layer_0:0 0.6 0.6 2.25 3.01 16 40 2.4 1
0
APP_6_Inner_Layer_1:0 0.26666666666666666 0.26666666666666666 1.0 1.39 17 49 1.8 1
1
APP_6_Inner_Layer_2:0 0.6 0.6 2.25 2.81 36 43 2.23 1
2
APP_6_Inner_Layer_2:1 0.4666666666666667 0.4666666666666667 1.75 2.98 11 2 3.35 1
2
APP_6_Inner_Layer_2:2 0.4666666666666667 0.4666666666666667 1.75 1.68 30 34 3.74 1
2
APP_6_Inner_Layer_3:0 0.5333333333333333 0.5333333333333333 2.0 3.43 47 3 2.79 1
5
APP_6_Inner_Layer_3:1 0.3333333333333333 0.3333333333333333 1.25 1.4 7 17 1.6 1
3
APP_6_Inner_Layer_3:2 0.06666666666666667 0.06666666666666667 0.25 3.3 27 7 3.53 1
4 5
APP_6_Inner_Layer_3:3 0.6 0.6 2.25 2.46 48 27 1.35 1
3 4
APP_6_Output_Layer_0 0.3333333333333333 0.3333333333333333 1.25 3.45 27 6 2.47 0
6 7 8 9
16
5.447054599967677
APP_7_Input_Layer_0 0.13333333333333333 0.13333333333333333 0.5 2.81 30 39 3.91 1

APP_7_Inner_Layer_0:0 0.06666666666666667 0.06666666666666667 0.25 2.47 8 5 2.53 1
0
APP_7_Inner_Layer_0:1 0.26666666666666666 0.26666666666666666 1.0 3.69 38 29 3.73 1
0
APP_7_Inner_Layer_0:2 0.2 0.2 0.75 2.69 44 5 3.02 1
0
APP_7_Inner_Layer_1:0 0.4 0.4 1.5 3.76 9 15 2.87 1
1 3
APP_7_Inner_Layer_1:1 0.3333333333333333 0.3333333333333333 1.25 3.89 10 44 1.8 1
3 2
APP_7_Inner_Layer_1:2 0.5333333333333333 0.5333333333333333 2.0 3.45 48 36 2.91 1
3
APP_7_Inner_Layer_1:3 0.2 0.2 0.75 3.91 31 22 1.84 1
2
APP_7_Inner_Layer_2:0 0.4666666666666667 0.4666666666666667 1.75 2.92 34 40 1.39 1
6 7
APP_7_Inner_Layer_2:1 0.13333333333333333 0.13333333333333333 0.5 3.3 39 3 1.63 1
6
APP_7_Inner_Layer_2:2 0.4666666666666667 0.4666666666666667 1.75 1.32 44 47 2.73 1
4
APP_7_Inner_Layer_2:3 0.26666666666666666 0.26666666666666666 1.0 1.19 41 5 2.83 1
4 5 6
APP_7_Inner_Layer_3:0 0.06666666666666667 0.06666666666666667 0.25 1.17 3 29 1.33 1
8 10
APP_7_Inner_Layer_3:1 0.4666666666666667 0.4666666666666667 1.75 3.75 27 2 2.21 1
9 10
APP_7_Inner_Layer_3:2 0.4666666666666667 0.4666666666666667 1.75 3.52 41 35 1.31 1
11
APP_7_Output_Layer_0 0.13333333333333333 0.13333333333333333 0.5 3.65 2 14 2.68 1
12 13 14
11
5.832226543786421
APP_8_Input_Layer_0 0.2 0.2 0.75 3.12 35 17 1.59 0

APP_8_Inner_Layer_0:0 0.26666666666666666 0.26666666666666666 1.0 2.46 48 48 2.14 1
0
APP_8_Inner_Layer_0:1 0.06666666666666667 0.06666666666666667 0.25 1.68 21 34 2.38 1
0
APP_8_Inner_Layer_0:2 0.2 0.2 0.75 1.04 17 5 3.91 1
0
APP_8_Inner_Layer_1:0 0.2 0.2 0.75 2.12 11 31 1.99 1
3
APP_8_Inner_Layer_1:1 0.2 0.2 0.75 1.68 15 30 3.45 1
1
APP_8_Inner_Layer_1:2 0.06666666666666667 0.06666666666666667 0.25 3.42 32 46 2.72 1
2
APP_8_Inner_Layer_1:3 0.6 0.6 2.25 1.89 25 35 2.91 1
1 2
APP_8_Inner_Layer_2:0 0.6 0.6 2.25 1.48 15 19 3.83 1
4 5 6 7
APP_8_Inner_Layer_3:0 0.2 0.2 0.75 3.93 16 22 2.07 1
8
APP_8_Output_Layer_0 0.4 0.4 1.5 3.94 43 8 1.71 1
9
5
6.30118834071313
APP_9_Input_Layer_0 0.5333333333333333 0.5333333333333333 2.0 3.16 4 48 2.84 1

APP_9_Inner_Layer_0:0 0.13333333333333333 0.13333333333333333 0.5 1.52 24 18 2.45 1
0
APP_9_Inner_Layer_0:1 0.2 0.2 0.75 3.98 24 16 1.94 1
0
APP_9_Inner_Layer_0:2 0.6 0.6 2.25 2.49 39 14 1.14 1
0
APP_9_Output_Layer_0 0.2 0.2 0.75 1.18 22 49 2.78 1
1 2 3
