10
5
7
0
APP_0_Input_Layer_0 0.4 0.4 1.5 3.74 16 33 1.08 1

APP_0_Inner_Layer_0:0 0.26666666666666666 0.26666666666666666 1.0 3.75 6 18 2.53 1
0
APP_0_Inner_Layer_0:1 0.4 0.4 1.5 2.77 47 22 3.95 1
0
APP_0_Inner_Layer_1:0 0.4 0.4 1.5 3.84 3 21 2.87 1
1 2
APP_0_Inner_Layer_2:0 0.6 0.6 2.25 3.29 47 1 1.75 1
3
APP_0_Inner_Layer_2:1 0.26666666666666666 0.26666666666666666 1.0 2.14 42 35 2.08 1
3
APP_0_Output_Layer_0 0.26666666666666666 0.26666666666666666 1.0 3.69 43 28 2.8 1
4 5
8
1.3402720501232253
APP_1_Input_Layer_0 0.26666666666666666 0.26666666666666666 1.0 2.91 3 5 1.34 1

APP_1_Inner_Layer_0:0 0.4666666666666667 0.4666666666666667 1.75 2.91 41 5 1.23 1
0
APP_1_Inner_Layer_1:0 0.4666666666666667 0.4666666666666667 1.75 3.89 1 41 1.57 1
1
APP_1_Inner_Layer_1:1 0.13333333333333333 0.13333333333333333 0.5 2.02 11 43 1.63 1
1
APP_1_Inner_Layer_1:2 0.3333333333333333 0.3333333333333333 1.25 3.11 48 46 3.72 1
1
APP_1_Inner_Layer_1:3 0.3333333333333333 0.3333333333333333 1.25 1.15 16 20 2.34 1
1
APP_1_Inner_Layer_2:0 0.13333333333333333 0.13333333333333333 0.5 3.82 38 45 2.2 1
2 3 4 5
APP_1_Output_Layer_0 0.4 0.4 1.5 2.5 35 1 1.67 1
6
7
3.2333669228931834
APP_2_Input_Layer_0 0.26666666666666666 0.26666666666666666 1.0 1.84 18 46 3.61 1

APP_2_Inner_Layer_0:0 0.4 0.4 1.5 2.29 14 22 3.02 1
0
APP_2_Inner_Layer_0:1 0.4 0.4 1.5 1.0 40 22 2.8 1
0
APP_2_Inner_Layer_0:2 0.4 0.4 1.5 1.93 34 20 3.73 1
0
APP_2_Inner_Layer_1:0 0.26666666666666666 0.26666666666666666 1.0 1.39 15 29 3.9 1
2
APP_2_Inner_Layer_1:1 0.6 0.6 2.25 1.65 37 39 2.59 1
1 3
APP_2_Output_Layer_0 0.26666666666666666 0.26666666666666666 1.0 1.49 21 34 1.81 1
4 5
11
5.040873663352803
APP_3_Input_Layer_0 0.3333333333333333 0.3333333333333333 1.25 1.63 9 14 3.03 1

APP_3_Inner_Layer_0:0 0.3333333333333333 0.3333333333333333 1.25 2.09 26 28 1.36 1
0
APP_3_Inner_Layer_0:1 0.26666666666666666 0.26666666666666666 1.0 3.01 3 22 2.37 1
0
APP_3_Inner_Layer_1:0 0.06666666666666667 0.06666666666666667 0.25 2.12 26 47 2.2 1
1
APP_3_Inner_Layer_1:1 0.5333333333333333 0.5333333333333333 2.0 2.83 8 26 3.25 1
1 2
APP_3_Inner_Layer_1:2 0.4666666666666667 0.4666666666666667 1.75 3.25 31 24 2.62 1
1
APP_3_Inner_Layer_1:3 0.26666666666666666 0.26666666666666666 1.0 2.39 30 33 3.81 1
2
APP_3_Inner_Layer_2:0 0.06666666666666667 0.06666666666666667 0.25 2.6 12 32 1.38 1
3 4 5 6
APP_3_Inner_Layer_3:0 0.4666666666666667 0.4666666666666667 1.75 1.42 25 6 2.37 1
7
APP_3_Inner_Layer_3:1 0.4666666666666667 0.4666666666666667 1.75 2.41 48 37 3.73 1
7
APP_3_Output_Layer_0 0.06666666666666667 0.06666666666666667 0.25 3.88 8 12 3.14 1
8 9
3
5.916596064985629
APP_4_Input_Layer_0 0.06666666666666667 0.06666666666666667 0.25 3.23 42 24 3.55 1

APP_4_Inner_Layer_0:0 0.4 0.4 1.5 3.33 17 11 3.2 1
0
APP_4_Output_Layer_0 0.06666666666666667 0.06666666666666667 0.25 3.31 19 8 3.78 0
1
