10
5
9
0
APP_0_Input_Layer_0 0.4666666666666667 0.4666666666666667 1.75 2.9 3 13 2.55 0

APP_0_Inner_Layer_0:0 0.4666666666666667 0.4666666666666667 1.75 3.56 23 3 1.11 1
0
APP_0_Inner_Layer_1:0 0.5333333333333333 0.5333333333333333 2.0 3.36 20 20 2.43 1
1
APP_0_Inner_Layer_1:1 0.13333333333333333 0.13333333333333333 0.5 3.03 27 15 2.0 1
1
APP_0_Inner_Layer_2:0 0.6 0.6 2.25 1.73 4 21 2.39 1
2 3
APP_0_Inner_Layer_2:1 0.2 0.2 0.75 3.75 31 49 1.26 1
3
APP_0_Inner_Layer_2:2 0.26666666666666666 0.26666666666666666 1.0 1.67 39 2 3.67 1
2
APP_0_Inner_Layer_2:3 0.13333333333333333 0.13333333333333333 0.5 3.12 45 35 1.14 1
3
APP_0_Output_Layer_0 0.4666666666666667 0.4666666666666667 1.75 3.77 3 5 1.51 1
4 5 6 7
13
1.5045184867461854
APP_1_Input_Layer_0 0.4666666666666667 0.4666666666666667 1.75 2.06 5 8 1.69 1

APP_1_Inner_Layer_0:0 0.06666666666666667 0.06666666666666667 0.25 3.21 30 13 2.32 1
0
APP_1_Inner_Layer_0:1 0.3333333333333333 0.3333333333333333 1.25 2.81 30 9 3.85 1
0
APP_1_Inner_Layer_0:2 0.4 0.4 1.5 1.74 1 46 3.19 1
0
APP_1_Inner_Layer_1:0 0.4666666666666667 0.4666666666666667 1.75 1.2 42 14 2.99 1
2
APP_1_Inner_Layer_1:1 0.4666666666666667 0.4666666666666667 1.75 1.04 3 43 2.77 1
2
APP_1_Inner_Layer_1:2 0.4666666666666667 0.4666666666666667 1.75 3.77 45 1 3.39 1
1 3
APP_1_Inner_Layer_2:0 0.13333333333333333 0.13333333333333333 0.5 2.21 49 2 3.59 1
6
APP_1_Inner_Layer_2:1 0.3333333333333333 0.3333333333333333 1.25 2.92 3 30 3.86 1
4
APP_1_Inner_Layer_2:2 0.5333333333333333 0.5333333333333333 2.0 3.45 45 39 2.63 1
4 5 6
APP_1_Inner_Layer_3:0 0.3333333333333333 0.3333333333333333 1.25 1.67 3 3 2.92 1
9
APP_1_Inner_Layer_3:1 0.4 0.4 1.5 3.46 7 43 2.4 1
7 8
APP_1_Output_Layer_0 0.4666666666666667 0.4666666666666667 1.75 4.0 27 2 3.46 0
10 11
5
3.1228111413945787
APP_2_Input_Layer_0 0.2 0.2 0.75 2.56 27 33 3.85 1

APP_2_Inner_Layer_0:0 0.4666666666666667 0.4666666666666667 1.75 3.59 7 32 3.61 1
0
APP_2_Inner_Layer_0:1 0.4 0.4 1.5 2.37 34 40 2.42 1
0
APP_2_Inner_Layer_1:0 0.26666666666666666 0.26666666666666666 1.0 1.89 33 47 1.73 1
1 2
APP_2_Output_Layer_0 0.2 0.2 0.75 1.74 40 30 2.47 1
3
12
4.626897650619435
APP_3_Input_Layer_0 0.13333333333333333 0.13333333333333333 0.5 3.51 5 38 1.13 1

APP_3_Inner_Layer_0:0 0.13333333333333333 0.13333333333333333 0.5 1.44 16 4 3.73 1
0
APP_3_Inner_Layer_0:1 0.06666666666666667 0.06666666666666667 0.25 2.8 7 25 2.39 1
0
APP_3_Inner_Layer_1:0 0.4666666666666667 0.4666666666666667 1.75 3.61 15 44 1.48 1
1 2
APP_3_Inner_Layer_2:0 0.4666666666666667 0.4666666666666667 1.75 1.38 48 37 3.95 1
3
APP_3_Inner_Layer_2:1 0.4 0.4 1.5 3.37 26 8 1.71 1
3
APP_3_Inner_Layer_2:2 0.2 0.2 0.75 2.13 33 47 1.11 1
3
APP_3_Inner_Layer_3:0 0.06666666666666667 0.06666666666666667 0.25 1.25 49 34 2.42 1
4
APP_3_Inner_Layer_3:1 0.26666666666666666 0.26666666666666666 1.0 1.44 31 25 2.46 1
5 6
APP_3_Inner_Layer_3:2 0.4 0.4 1.5 2.34 43 38 2.79 1
5 6
APP_3_Inner_Layer_3:3 0.4 0.4 1.5 2.49 7 28 2.0 1
4
APP_3_Output_Layer_0 0.4 0.4 1.5 3.85 47 19 1.35 1
7 8 9 10
3
5.4219379308054565
APP_4_Input_Layer_0 0.06666666666666667 0.06666666666666667 0.25 1.88 4 19 2.05 1

APP_4_Inner_Layer_0:0 0.4666666666666667 0.4666666666666667 1.75 1.63 1 19 2.0 1
0
APP_4_Output_Layer_0 0.26666666666666666 0.26666666666666666 1.0 3.33 45 24 2.02 1
1
