10
5
12
0
APP_0_Input_Layer_0 0.13333333333333333 0.13333333333333333 0.5 3.03 10 16 2.07 1

APP_0_Inner_Layer_0:0 0.3333333333333333 0.3333333333333333 1.25 3.41 18 10 2.91 1
0
APP_0_Inner_Layer_0:1 0.5333333333333333 0.5333333333333333 2.0 3.2 33 34 2.88 1
0
APP_0_Inner_Layer_0:2 0.26666666666666666 0.26666666666666666 1.0 3.83 46 23 2.98 1
0
APP_0_Inner_Layer_0:3 0.6 0.6 2.25 3.84 21 5 2.93 1
0
APP_0_Inner_Layer_1:0 0.2 0.2 0.75 2.75 8 38 1.19 1
3 4
APP_0_Inner_Layer_1:1 0.5333333333333333 0.5333333333333333 2.0 2.79 25 3 3.89 1
1 2 4
APP_0_Inner_Layer_1:2 0.13333333333333333 0.13333333333333333 0.5 3.63 6 37 1.85 1
1 2
APP_0_Inner_Layer_2:0 0.2 0.2 0.75 1.48 41 9 3.35 1
6
APP_0_Inner_Layer_2:1 0.4 0.4 1.5 1.22 45 39 1.12 1
5 6 7
APP_0_Inner_Layer_3:0 0.26666666666666666 0.26666666666666666 1.0 2.4 29 33 2.83 1
8 9
APP_0_Output_Layer_0 0.4666666666666667 0.4666666666666667 1.75 2.81 11 2 1.45 1
10
6
1.1227098726663378
APP_1_Input_Layer_0 0.6 0.6 2.25 2.82 38 26 1.3 1

APP_1_Inner_Layer_0:0 0.3333333333333333 0.3333333333333333 1.25 3.96 9 47 3.13 1
0
APP_1_Inner_Layer_0:1 0.6 0.6 2.25 3.34 44 16 1.99 1
0
APP_1_Inner_Layer_0:2 0.4666666666666667 0.4666666666666667 1.75 1.7 35 36 1.42 1
0
APP_1_Inner_Layer_1:0 0.3333333333333333 0.3333333333333333 1.25 2.96 27 37 1.91 1
1 2 3
APP_1_Output_Layer_0 0.4666666666666667 0.4666666666666667 1.75 1.83 34 9 3.32 1
4
7
2.7665380797867067
APP_2_Input_Layer_0 0.4 0.4 1.5 3.12 25 44 2.62 1

APP_2_Inner_Layer_0:0 0.4 0.4 1.5 2.2 15 1 1.64 1
0
APP_2_Inner_Layer_1:0 0.13333333333333333 0.13333333333333333 0.5 1.97 18 36 1.82 1
1
APP_2_Inner_Layer_1:1 0.2 0.2 0.75 3.69 18 41 2.39 1
1
APP_2_Inner_Layer_1:2 0.13333333333333333 0.13333333333333333 0.5 3.72 7 25 1.99 1
1
APP_2_Inner_Layer_1:3 0.26666666666666666 0.26666666666666666 1.0 3.29 10 2 1.76 1
1
APP_2_Output_Layer_0 0.13333333333333333 0.13333333333333333 0.5 1.13 4 25 1.59 1
2 3 4 5
11
3.967743924748566
APP_3_Input_Layer_0 0.4 0.4 1.5 2.92 6 34 2.78 1

APP_3_Inner_Layer_0:0 0.06666666666666667 0.06666666666666667 0.25 3.23 27 1 3.69 1
0
APP_3_Inner_Layer_0:1 0.3333333333333333 0.3333333333333333 1.25 1.74 21 27 2.84 1
0
APP_3_Inner_Layer_0:2 0.06666666666666667 0.06666666666666667 0.25 2.3 47 46 3.1 1
0
APP_3_Inner_Layer_0:3 0.5333333333333333 0.5333333333333333 2.0 3.91 11 2 3.53 1
0
APP_3_Inner_Layer_1:0 0.13333333333333333 0.13333333333333333 0.5 1.86 5 46 1.47 1
1 2 3 4
APP_3_Inner_Layer_2:0 0.4 0.4 1.5 3.24 36 39 3.99 1
5
APP_3_Inner_Layer_2:1 0.26666666666666666 0.26666666666666666 1.0 2.03 8 9 3.91 1
5
APP_3_Inner_Layer_3:0 0.26666666666666666 0.26666666666666666 1.0 2.78 27 7 1.12 1
7
APP_3_Inner_Layer_3:1 0.5333333333333333 0.5333333333333333 2.0 3.92 43 34 1.53 1
6 7
APP_3_Output_Layer_0 0.13333333333333333 0.13333333333333333 0.5 2.6 46 11 3.74 1
8 9
7
5.6441277895646635
APP_4_Input_Layer_0 0.4666666666666667 0.4666666666666667 1.75 2.44 37 33 2.29 1

APP_4_Inner_Layer_0:0 0.4666666666666667 0.4666666666666667 1.75 1.89 44 29 3.34 1
0
APP_4_Inner_Layer_1:0 0.5333333333333333 0.5333333333333333 2.0 2.81 17 4 3.19 1
1
APP_4_Inner_Layer_2:0 0.5333333333333333 0.5333333333333333 2.0 3.19 15 33 3.99 1
2
APP_4_Inner_Layer_2:1 0.26666666666666666 0.26666666666666666 1.0 2.33 42 17 3.72 1
2
APP_4_Inner_Layer_2:2 0.3333333333333333 0.3333333333333333 1.25 1.58 7 32 3.81 1
2
APP_4_Output_Layer_0 0.2 0.2 0.75 3.61 34 32 1.93 1
3 4 5
