10
5
7
0
APP_0_Input_Layer_0 0.26666666666666666 0.26666666666666666 1.0 2.63 16 13 1.97 1

APP_0_Inner_Layer_0:0 0.26666666666666666 0.26666666666666666 1.0 2.09 29 30 3.09 1
0
APP_0_Inner_Layer_0:1 0.4 0.4 1.5 1.45 44 24 3.07 1
0
APP_0_Inner_Layer_1:0 0.06666666666666667 0.06666666666666667 0.25 1.4 13 49 1.0 1
2
APP_0_Inner_Layer_1:1 0.5333333333333333 0.5333333333333333 2.0 1.98 14 8 2.83 1
1 2
APP_0_Inner_Layer_2:0 0.13333333333333333 0.13333333333333333 0.5 3.48 7 3 1.46 1
3 4
APP_0_Output_Layer_0 0.3333333333333333 0.3333333333333333 1.25 3.53 31 9 2.22 1
5
9
1.887070365180221
APP_1_Input_Layer_0 0.4666666666666667 0.4666666666666667 1.75 3.93 21 2 3.58 1

APP_1_Inner_Layer_0:0 0.26666666666666666 0.26666666666666666 1.0 3.18 8 38 3.14 1
0
APP_1_Inner_Layer_0:1 0.2 0.2 0.75 3.75 24 12 3.11 1
0
APP_1_Inner_Layer_0:2 0.26666666666666666 0.26666666666666666 1.0 2.01 34 23 3.39 1
0
APP_1_Inner_Layer_1:0 0.2 0.2 0.75 1.81 43 14 2.97 1
2 3
APP_1_Inner_Layer_1:1 0.6 0.6 2.25 3.81 48 29 3.89 1
1
APP_1_Inner_Layer_1:2 0.2 0.2 0.75 1.39 32 45 2.37 1
2
APP_1_Inner_Layer_2:0 0.4 0.4 1.5 1.23 45 40 2.57 1
4 5 6
APP_1_Output_Layer_0 0.4666666666666667 0.4666666666666667 1.75 2.39 31 22 3.79 1
7
8
3.139601371433547
APP_2_Input_Layer_0 0.5333333333333333 0.5333333333333333 2.0 1.06 43 45 3.16 1

APP_2_Inner_Layer_0:0 0.4 0.4 1.5 1.9 24 9 4.0 1
0
APP_2_Inner_Layer_0:1 0.06666666666666667 0.06666666666666667 0.25 2.97 28 1 2.85 1
0
APP_2_Inner_Layer_0:2 0.2 0.2 0.75 2.67 3 25 1.72 1
0
APP_2_Inner_Layer_1:0 0.3333333333333333 0.3333333333333333 1.25 3.09 17 23 3.08 1
1 3
APP_2_Inner_Layer_1:1 0.4 0.4 1.5 2.86 6 14 3.61 1
2 3
APP_2_Inner_Layer_1:2 0.3333333333333333 0.3333333333333333 1.25 3.96 11 41 3.1 1
1
APP_2_Output_Layer_0 0.5333333333333333 0.5333333333333333 2.0 1.72 40 41 3.45 1
4 5 6
13
3.9370353133666605
APP_3_Input_Layer_0 0.4 0.4 1.5 3.1 41 10 3.84 1

APP_3_Inner_Layer_0:0 0.4 0.4 1.5 1.91 3 49 3.53 1
0
APP_3_Inner_Layer_0:1 0.4 0.4 1.5 2.66 27 47 1.73 1
0
APP_3_Inner_Layer_0:2 0.5333333333333333 0.5333333333333333 2.0 1.14 28 31 3.77 1
0
APP_3_Inner_Layer_0:3 0.2 0.2 0.75 3.46 4 30 1.02 1
0
APP_3_Inner_Layer_1:0 0.06666666666666667 0.06666666666666667 0.25 1.07 30 18 3.98 1
2 3
APP_3_Inner_Layer_1:1 0.4666666666666667 0.4666666666666667 1.75 2.1 7 42 1.03 1
1 2 3 4
APP_3_Inner_Layer_1:2 0.2 0.2 0.75 4.0 8 15 3.91 1
4
APP_3_Inner_Layer_2:0 0.4 0.4 1.5 3.27 41 19 1.17 1
5
APP_3_Inner_Layer_2:1 0.2 0.2 0.75 3.99 10 1 2.34 1
6
APP_3_Inner_Layer_2:2 0.3333333333333333 0.3333333333333333 1.25 1.14 35 4 3.64 1
5 6 7
APP_3_Inner_Layer_2:3 0.5333333333333333 0.5333333333333333 2.0 1.38 31 19 3.24 1
5
APP_3_Output_Layer_0 0.2 0.2 0.75 2.37 46 20 2.2 1
8 9 10 11
5
5.701301134965856
APP_4_Input_Layer_0 0.13333333333333333 0.13333333333333333 0.5 2.49 25 22 1.96 1

APP_4_Inner_Layer_0:0 0.3333333333333333 0.3333333333333333 1.25 1.51 3 27 3.12 1
0
APP_4_Inner_Layer_1:0 0.6 0.6 2.25 3.49 21 48 1.17 1
1
APP_4_Inner_Layer_1:1 0.6 0.6 2.25 1.58 21 21 1.19 1
1
APP_4_Output_Layer_0 0.6 0.6 2.25 1.88 26 19 1.7 1
2 3
