10
5
6
0
APP_0_Input_Layer_0 0.26666666666666666 0.26666666666666666 1.0 2.77 19 14 2.1 1

APP_0_Inner_Layer_0:0 0.3333333333333333 0.3333333333333333 1.25 3.13 1 18 2.14 1
0
APP_0_Inner_Layer_1:0 0.26666666666666666 0.26666666666666666 1.0 1.29 24 20 3.14 1
1
APP_0_Inner_Layer_1:1 0.06666666666666667 0.06666666666666667 0.25 2.21 16 14 2.72 1
1
APP_0_Inner_Layer_2:0 0.2 0.2 0.75 1.45 21 27 3.04 1
2 3
APP_0_Output_Layer_0 0.3333333333333333 0.3333333333333333 1.25 3.23 37 25 3.57 0
4
3
0.9105695464807344
APP_1_Input_Layer_0 0.5333333333333333 0.5333333333333333 2.0 1.89 45 13 2.56 1

APP_1_Inner_Layer_0:0 0.4 0.4 1.5 1.21 38 21 3.9 1
0
APP_1_Output_Layer_0 0.2 0.2 0.75 1.55 23 49 3.37 1
1
3
1.859322960939862
APP_2_Input_Layer_0 0.4 0.4 1.5 2.72 1 11 1.78 1

APP_2_Inner_Layer_0:0 0.5333333333333333 0.5333333333333333 2.0 3.95 9 32 1.34 1
0
APP_2_Output_Layer_0 0.5333333333333333 0.5333333333333333 2.0 2.49 41 13 1.41 1
1
6
2.7947872668371043
APP_3_Input_Layer_0 0.2 0.2 0.75 1.43 43 31 2.17 1

APP_3_Inner_Layer_0:0 0.13333333333333333 0.13333333333333333 0.5 2.37 13 30 1.52 1
0
APP_3_Inner_Layer_0:1 0.4666666666666667 0.4666666666666667 1.75 3.82 44 23 3.29 1
0
APP_3_Inner_Layer_1:0 0.2 0.2 0.75 2.81 46 34 2.97 1
1 2
APP_3_Inner_Layer_1:1 0.3333333333333333 0.3333333333333333 1.25 3.0 24 9 3.69 1
2
APP_3_Output_Layer_0 0.13333333333333333 0.13333333333333333 0.5 3.15 5 46 1.34 1
3 4
5
3.7859582011144277
APP_4_Input_Layer_0 0.4666666666666667 0.4666666666666667 1.75 1.23 11 19 1.56 1

APP_4_Inner_Layer_0:0 0.06666666666666667 0.06666666666666667 0.25 1.34 20 8 1.7 1
0
APP_4_Inner_Layer_0:1 0.13333333333333333 0.13333333333333333 0.5 3.44 40 7 2.97 1
0
APP_4_Inner_Layer_0:2 0.06666666666666667 0.06666666666666667 0.25 1.44 34 5 2.85 1
0
APP_4_Output_Layer_0 0.26666666666666666 0.26666666666666666 1.0 1.0 33 35 3.4 1
1 2 3
