10
3
7
0
APP_0_Input_Layer_0 0.06666666666666667 0.06666666666666667 0.25 3.66 11 45 2.25 1

APP_0_Inner_Layer_0:0 0.6 0.6 2.25 1.12 40 12 2.55 1
0
APP_0_Inner_Layer_0:1 0.3333333333333333 0.3333333333333333 1.25 2.39 4 48 2.24 1
0
APP_0_Inner_Layer_1:0 0.4 0.4 1.5 1.16 40 36 3.89 1
1
APP_0_Inner_Layer_1:1 0.4 0.4 1.5 2.9 16 45 1.78 1
1
APP_0_Inner_Layer_1:2 0.4 0.4 1.5 2.1 29 9 1.41 1
2
APP_0_Output_Layer_0 0.4 0.4 1.5 1.35 37 37 1.52 1
3 4 5
14
1.8881193099944624
APP_1_Input_Layer_0 0.26666666666666666 0.26666666666666666 1.0 3.02 5 17 3.16 1

APP_1_Inner_Layer_0:0 0.4666666666666667 0.4666666666666667 1.75 1.54 20 15 2.82 0
0
APP_1_Inner_Layer_0:1 0.13333333333333333 0.13333333333333333 0.5 1.73 14 17 2.8 1
0
APP_1_Inner_Layer_0:2 0.26666666666666666 0.26666666666666666 1.0 3.2 3 42 3.68 0
0
APP_1_Inner_Layer_1:0 0.06666666666666667 0.06666666666666667 0.25 2.19 18 46 3.19 0
1 2
APP_1_Inner_Layer_1:1 0.3333333333333333 0.3333333333333333 1.25 2.68 16 28 2.51 0
1 2 3
APP_1_Inner_Layer_1:2 0.3333333333333333 0.3333333333333333 1.25 3.31 28 34 1.47 1
1 2
APP_1_Inner_Layer_1:3 0.3333333333333333 0.3333333333333333 1.25 2.24 44 24 3.28 1
3
APP_1_Inner_Layer_2:0 0.5333333333333333 0.5333333333333333 2.0 3.68 8 3 1.65 1
6
APP_1_Inner_Layer_2:1 0.4 0.4 1.5 2.71 23 21 2.31 1
4 7
APP_1_Inner_Layer_2:2 0.6 0.6 2.25 2.66 24 34 1.12 0
4 5
APP_1_Inner_Layer_3:0 0.6 0.6 2.25 3.77 18 16 2.53 0
9
APP_1_Inner_Layer_3:1 0.3333333333333333 0.3333333333333333 1.25 1.62 24 36 3.58 1
8 10
APP_1_Output_Layer_0 0.5333333333333333 0.5333333333333333 2.0 1.31 38 11 1.03 1
11 12
10
3.870474547876953
APP_2_Input_Layer_0 0.26666666666666666 0.26666666666666666 1.0 2.63 40 10 3.72 1

APP_2_Inner_Layer_0:0 0.4666666666666667 0.4666666666666667 1.75 3.8 21 2 3.19 1
0
APP_2_Inner_Layer_1:0 0.3333333333333333 0.3333333333333333 1.25 3.81 31 31 2.16 1
1
APP_2_Inner_Layer_1:1 0.5333333333333333 0.5333333333333333 2.0 2.24 34 31 3.47 1
1
APP_2_Inner_Layer_1:2 0.2 0.2 0.75 3.78 28 22 3.67 1
1
APP_2_Inner_Layer_2:0 0.6 0.6 2.25 3.67 44 16 3.28 1
3 4
APP_2_Inner_Layer_2:1 0.4666666666666667 0.4666666666666667 1.75 2.24 26 10 2.99 1
2 4
APP_2_Inner_Layer_2:2 0.4 0.4 1.5 3.06 33 45 2.98 1
2 3
APP_2_Inner_Layer_2:3 0.2 0.2 0.75 2.1 35 23 2.66 1
3 4
APP_2_Output_Layer_0 0.4666666666666667 0.4666666666666667 1.75 3.89 44 30 3.72 1
5 6 7 8
