10
3
8
0
APP_0_Input_Layer_0 0.2 0.2 0.75 1.21 37 22 1.11 1

APP_0_Inner_Layer_0:0 0.13333333333333333 0.13333333333333333 0.5 1.81 20 37 3.52 1
0
APP_0_Inner_Layer_0:1 0.13333333333333333 0.13333333333333333 0.5 2.41 8 12 3.75 0
0
APP_0_Inner_Layer_1:0 0.13333333333333333 0.13333333333333333 0.5 1.36 40 38 3.0 1
1
APP_0_Inner_Layer_1:1 0.6 0.6 2.25 1.42 47 31 2.57 1
2
APP_0_Inner_Layer_2:0 0.26666666666666666 0.26666666666666666 1.0 2.64 11 39 3.27 1
3 4
APP_0_Inner_Layer_3:0 0.2 0.2 0.75 2.84 7 48 3.35 1
5
APP_0_Output_Layer_0 0.3333333333333333 0.3333333333333333 1.25 1.97 21 33 2.78 0
6
8
1.8263969012860897
APP_1_Input_Layer_0 0.3333333333333333 0.3333333333333333 1.25 3.5 27 15 3.07 1

APP_1_Inner_Layer_0:0 0.6 0.6 2.25 3.68 13 6 3.89 0
0
APP_1_Inner_Layer_0:1 0.13333333333333333 0.13333333333333333 0.5 3.98 25 48 1.01 1
0
APP_1_Inner_Layer_0:2 0.13333333333333333 0.13333333333333333 0.5 3.47 21 22 2.3 1
0
APP_1_Inner_Layer_1:0 0.06666666666666667 0.06666666666666667 0.25 1.45 14 4 1.4 1
1 2 3
APP_1_Inner_Layer_2:0 0.13333333333333333 0.13333333333333333 0.5 3.08 25 45 1.27 1
4
APP_1_Inner_Layer_3:0 0.4666666666666667 0.4666666666666667 1.75 2.4 15 45 2.98 1
5
APP_1_Output_Layer_0 0.6 0.6 2.25 2.36 22 31 2.11 1
6
4
4.6031699931614245
APP_2_Input_Layer_0 0.13333333333333333 0.13333333333333333 0.5 1.8 32 21 1.32 1

APP_2_Inner_Layer_0:0 0.4 0.4 1.5 3.92 23 32 2.49 0
0
APP_2_Inner_Layer_0:1 0.26666666666666666 0.26666666666666666 1.0 1.48 5 34 2.29 1
0
APP_2_Output_Layer_0 0.4 0.4 1.5 2.86 30 17 3.88 1
1 2
