10
3
14
0
APP_0_Input_Layer_0 0.6 0.6 2.25 2.55 34 6 3.41 1

APP_0_Inner_Layer_0:0 0.4 0.4 1.5 3.97 12 49 2.15 0
0
APP_0_Inner_Layer_0:1 0.13333333333333333 0.13333333333333333 0.5 2.79 38 27 3.57 1
0
APP_0_Inner_Layer_0:2 0.6 0.6 2.25 2.42 14 23 3.97 1
0
APP_0_Inner_Layer_0:3 0.5333333333333333 0.5333333333333333 2.0 3.1 7 11 3.43 1
0
APP_0_Inner_Layer_1:0 0.2 0.2 0.75 3.89 42 21 1.83 1
1 3 4
APP_0_Inner_Layer_1:1 0.13333333333333333 0.13333333333333333 0.5 3.59 26 31 3.09 1
2 3
APP_0_Inner_Layer_1:2 0.4666666666666667 0.4666666666666667 1.75 3.14 13 35 2.3 1
4
APP_0_Inner_Layer_2:0 0.06666666666666667 0.06666666666666667 0.25 3.59 41 15 1.26 1
5 6 7
APP_0_Inner_Layer_3:0 0.6 0.6 2.25 3.92 17 16 3.41 1
8
APP_0_Inner_Layer_3:1 0.4 0.4 1.5 3.09 6 22 1.31 0
8
APP_0_Inner_Layer_3:2 0.26666666666666666 0.26666666666666666 1.0 3.36 26 43 2.0 0
8
APP_0_Inner_Layer_3:3 0.6 0.6 2.25 1.26 37 41 1.55 1
8
APP_0_Output_Layer_0 0.06666666666666667 0.06666666666666667 0.25 3.18 12 18 1.58 1
9 10 11 12
6
2.568440215796668
APP_1_Input_Layer_0 0.3333333333333333 0.3333333333333333 1.25 1.03 8 5 2.68 0

APP_1_Inner_Layer_0:0 0.06666666666666667 0.06666666666666667 0.25 2.23 3 30 2.11 0
0
APP_1_Inner_Layer_0:1 0.13333333333333333 0.13333333333333333 0.5 1.93 46 15 3.39 1
0
APP_1_Inner_Layer_0:2 0.26666666666666666 0.26666666666666666 1.0 2.03 18 1 2.52 0
0
APP_1_Inner_Layer_1:0 0.2 0.2 0.75 2.61 27 7 2.54 1
1 2 3
APP_1_Output_Layer_0 0.4666666666666667 0.4666666666666667 1.75 3.07 42 32 1.66 0
4
7
4.463324639618561
APP_2_Input_Layer_0 0.06666666666666667 0.06666666666666667 0.25 2.53 26 37 1.33 1

APP_2_Inner_Layer_0:0 0.3333333333333333 0.3333333333333333 1.25 3.1 31 35 2.16 0
0
APP_2_Inner_Layer_1:0 0.5333333333333333 0.5333333333333333 2.0 1.44 39 46 1.26 1
1
APP_2_Inner_Layer_1:1 0.13333333333333333 0.13333333333333333 0.5 2.17 45 49 3.56 1
1
APP_2_Inner_Layer_2:0 0.6 0.6 2.25 3.92 9 36 1.7 1
2 3
APP_2_Inner_Layer_2:1 0.26666666666666666 0.26666666666666666 1.0 3.23 18 22 1.11 1
2
APP_2_Output_Layer_0 0.6 0.6 2.25 2.14 16 31 2.87 0
4 5
