10
3
10
0
APP_0_Input_Layer_0 0.6 0.6 2.25 3.73 38 35 2.83 1

APP_0_Inner_Layer_0:0 0.6 0.6 2.25 1.54 27 26 2.15 0
0
APP_0_Inner_Layer_0:1 0.3333333333333333 0.3333333333333333 1.25 1.63 6 44 1.74 1
0
APP_0_Inner_Layer_0:2 0.4666666666666667 0.4666666666666667 1.75 3.11 36 3 1.39 1
0
APP_0_Inner_Layer_1:0 0.3333333333333333 0.3333333333333333 1.25 1.43 12 20 1.03 1
1 2
APP_0_Inner_Layer_1:1 0.4666666666666667 0.4666666666666667 1.75 3.44 1 32 3.89 0
3
APP_0_Inner_Layer_1:2 0.26666666666666666 0.26666666666666666 1.0 2.48 40 30 1.48 1
2 3
APP_0_Inner_Layer_1:3 0.26666666666666666 0.26666666666666666 1.0 3.74 19 17 2.01 0
1 2
APP_0_Inner_Layer_2:0 0.2 0.2 0.75 2.15 48 48 3.2 1
4 5 6 7
APP_0_Output_Layer_0 0.5333333333333333 0.5333333333333333 2.0 3.68 12 31 3.21 1
8
13
1.8079114468917776
APP_1_Input_Layer_0 0.4 0.4 1.5 1.76 5 6 3.66 1

APP_1_Inner_Layer_0:0 0.5333333333333333 0.5333333333333333 2.0 3.64 31 21 2.14 0
0
APP_1_Inner_Layer_0:1 0.5333333333333333 0.5333333333333333 2.0 1.86 43 22 1.48 0
0
APP_1_Inner_Layer_1:0 0.3333333333333333 0.3333333333333333 1.25 3.49 46 21 1.93 0
1 2
APP_1_Inner_Layer_2:0 0.6 0.6 2.25 1.31 49 32 2.64 0
3
APP_1_Inner_Layer_2:1 0.06666666666666667 0.06666666666666667 0.25 2.72 14 19 3.98 1
3
APP_1_Inner_Layer_2:2 0.3333333333333333 0.3333333333333333 1.25 3.4 20 49 1.94 0
3
APP_1_Inner_Layer_2:3 0.2 0.2 0.75 1.31 6 3 2.49 1
3
APP_1_Inner_Layer_3:0 0.13333333333333333 0.13333333333333333 0.5 1.31 39 12 2.87 1
7
APP_1_Inner_Layer_3:1 0.06666666666666667 0.06666666666666667 0.25 2.97 5 38 1.1 0
4 6 7
APP_1_Inner_Layer_3:2 0.26666666666666666 0.26666666666666666 1.0 2.26 34 11 3.55 1
4 6
APP_1_Inner_Layer_3:3 0.4 0.4 1.5 2.14 15 25 1.26 0
4 5 6 7
APP_1_Output_Layer_0 0.4 0.4 1.5 2.09 20 42 3.55 1
8 9 10 11
15
3.8831717850741683
APP_2_Input_Layer_0 0.4666666666666667 0.4666666666666667 1.75 3.2 28 5 2.72 1

APP_2_Inner_Layer_0:0 0.2 0.2 0.75 2.14 42 15 3.27 0
0
APP_2_Inner_Layer_0:1 0.13333333333333333 0.13333333333333333 0.5 1.66 1 34 3.7 1
0
APP_2_Inner_Layer_0:2 0.2 0.2 0.75 1.41 24 47 1.52 1
0
APP_2_Inner_Layer_1:0 0.5333333333333333 0.5333333333333333 2.0 3.7 49 48 1.25 1
1
APP_2_Inner_Layer_1:1 0.4666666666666667 0.4666666666666667 1.75 2.34 38 20 3.23 0
1 2 3
APP_2_Inner_Layer_1:2 0.6 0.6 2.25 3.14 12 43 1.85 1
1 2
APP_2_Inner_Layer_1:3 0.4 0.4 1.5 1.34 10 18 2.82 1
2 3
APP_2_Inner_Layer_2:0 0.5333333333333333 0.5333333333333333 2.0 3.33 18 13 1.59 1
5 6
APP_2_Inner_Layer_2:1 0.4666666666666667 0.4666666666666667 1.75 3.68 47 43 1.56 1
5 6
APP_2_Inner_Layer_2:2 0.6 0.6 2.25 2.4 33 19 1.9 1
4 7
APP_2_Inner_Layer_3:0 0.5333333333333333 0.5333333333333333 2.0 3.95 33 31 2.72 1
8 9 10
APP_2_Inner_Layer_3:1 0.3333333333333333 0.3333333333333333 1.25 2.06 23 14 2.57 0
8 9
APP_2_Inner_Layer_3:2 0.2 0.2 0.75 3.81 11 23 2.46 1
9 10
APP_2_Output_Layer_0 0.3333333333333333 0.3333333333333333 1.25 1.57 47 36 2.84 1
11 12 13
