10
3
7
0
APP_0_Input_Layer_0 0.4 0.4 1.5 2.59 7 32 1.09 1

APP_0_Inner_Layer_0:0 0.6 0.6 2.25 3.69 2 2 3.54 0
0
APP_0_Inner_Layer_0:1 0.3333333333333333 0.3333333333333333 1.25 2.22 35 13 1.01 0
0
APP_0_Inner_Layer_0:2 0.13333333333333333 0.13333333333333333 0.5 3.52 8 23 3.61 1
0
APP_0_Inner_Layer_0:3 0.3333333333333333 0.3333333333333333 1.25 3.82 42 42 2.51 0
0
APP_0_Inner_Layer_1:0 0.26666666666666666 0.26666666666666666 1.0 2.69 21 14 2.23 1
1 2 3 4
APP_0_Output_Layer_0 0.6 0.6 2.25 2.05 39 7 1.7 1
5
11
3.113922585585424
APP_1_Input_Layer_0 0.2 0.2 0.75 1.19 40 39 1.11 1

APP_1_Inner_Layer_0:0 0.2 0.2 0.75 1.68 9 2 1.04 1
0
APP_1_Inner_Layer_1:0 0.5333333333333333 0.5333333333333333 2.0 3.02 28 46 2.27 1
1
APP_1_Inner_Layer_1:1 0.3333333333333333 0.3333333333333333 1.25 1.59 27 18 1.49 1
1
APP_1_Inner_Layer_1:2 0.06666666666666667 0.06666666666666667 0.25 1.96 39 1 3.44 1
1
APP_1_Inner_Layer_1:3 0.6 0.6 2.25 3.64 36 45 1.87 1
1
APP_1_Inner_Layer_2:0 0.4 0.4 1.5 3.01 34 13 2.2 0
3 4 5
APP_1_Inner_Layer_2:1 0.13333333333333333 0.13333333333333333 0.5 3.53 48 8 1.99 0
2 3 4
APP_1_Inner_Layer_2:2 0.5333333333333333 0.5333333333333333 2.0 3.31 44 34 3.74 1
3 4 5
APP_1_Inner_Layer_2:3 0.5333333333333333 0.5333333333333333 2.0 3.86 6 12 3.55 1
3 2 4
APP_1_Output_Layer_0 0.06666666666666667 0.06666666666666667 0.25 1.18 17 21 2.21 0
6 7 8 9
10
4.439836907854609
APP_2_Input_Layer_0 0.2 0.2 0.75 1.17 11 38 3.54 1

APP_2_Inner_Layer_0:0 0.5333333333333333 0.5333333333333333 2.0 3.41 38 28 3.18 1
0
APP_2_Inner_Layer_0:1 0.13333333333333333 0.13333333333333333 0.5 2.25 42 45 2.6 1
0
APP_2_Inner_Layer_0:2 0.26666666666666666 0.26666666666666666 1.0 1.89 43 47 3.06 0
0
APP_2_Inner_Layer_1:0 0.06666666666666667 0.06666666666666667 0.25 2.95 43 5 1.15 0
1 2 3
APP_2_Inner_Layer_1:1 0.06666666666666667 0.06666666666666667 0.25 2.36 4 42 1.92 0
2 3
APP_2_Inner_Layer_1:2 0.5333333333333333 0.5333333333333333 2.0 3.55 18 15 1.69 1
1
APP_2_Inner_Layer_2:0 0.5333333333333333 0.5333333333333333 2.0 3.19 39 35 3.24 1
4 6
APP_2_Inner_Layer_2:1 0.2 0.2 0.75 2.18 35 21 1.84 0
5
APP_2_Output_Layer_0 0.5333333333333333 0.5333333333333333 2.0 2.71 48 21 2.32 1
7 8
