10
3
4
0
APP_0_Input_Layer_0 0.4666666666666667 0.4666666666666667 1.75 2.71 20 32 1.04 1

APP_0_Inner_Layer_0:0 0.06666666666666667 0.06666666666666667 0.25 2.86 44 22 3.57 1
0
APP_0_Inner_Layer_0:1 0.2 0.2 0.75 3.62 21 8 2.0 1
0
APP_0_Output_Layer_0 0.06666666666666667 0.06666666666666667 0.25 3.22 24 22 2.91 0
1 2
8
2.616501058791845
APP_1_Input_Layer_0 0.4666666666666667 0.4666666666666667 1.75 1.95 40 29 3.44 1

APP_1_Inner_Layer_0:0 0.4 0.4 1.5 2.1 34 20 1.94 1
0
APP_1_Inner_Layer_0:1 0.06666666666666667 0.06666666666666667 0.25 1.96 5 31 1.23 0
0
APP_1_Inner_Layer_1:0 0.3333333333333333 0.3333333333333333 1.25 1.44 38 46 2.17 1
1 2
APP_1_Inner_Layer_2:0 0.26666666666666666 0.26666666666666666 1.0 3.32 5 8 2.29 0
3
APP_1_Inner_Layer_2:1 0.4 0.4 1.5 1.38 42 2 1.16 1
3
APP_1_Inner_Layer_2:2 0.26666666666666666 0.26666666666666666 1.0 1.15 43 3 1.96 1
3
APP_1_Output_Layer_0 0.6 0.6 2.25 2.91 41 48 2.13 0
4 5 6
12
5.457939144151214
APP_2_Input_Layer_0 0.6 0.6 2.25 1.06 38 42 3.48 0

APP_2_Inner_Layer_0:0 0.06666666666666667 0.06666666666666667 0.25 1.25 47 10 2.99 1
0
APP_2_Inner_Layer_0:1 0.4 0.4 1.5 1.31 8 19 3.81 1
0
APP_2_Inner_Layer_1:0 0.06666666666666667 0.06666666666666667 0.25 3.0 34 15 1.84 1
1 2
APP_2_Inner_Layer_2:0 0.13333333333333333 0.13333333333333333 0.5 3.22 40 42 1.06 1
3
APP_2_Inner_Layer_2:1 0.13333333333333333 0.13333333333333333 0.5 2.4 23 34 3.26 1
3
APP_2_Inner_Layer_2:2 0.26666666666666666 0.26666666666666666 1.0 3.05 14 47 1.36 0
3
APP_2_Inner_Layer_3:0 0.6 0.6 2.25 2.07 38 3 1.41 1
4 5 6
APP_2_Inner_Layer_3:1 0.6 0.6 2.25 2.22 30 2 3.5 1
4
APP_2_Inner_Layer_3:2 0.6 0.6 2.25 2.68 2 27 3.66 1
6 4
APP_2_Inner_Layer_3:3 0.2 0.2 0.75 2.46 7 39 1.9 1
5 6
APP_2_Output_Layer_0 0.6 0.6 2.25 2.2 1 26 3.91 1
7 8 9 10
