10
16
12
0
APP_0_Input_Layer_0 0.4 0.4 1.5 2.48 5 46 1.28 1

APP_0_Inner_Layer_0:0 0.3333333333333333 0.3333333333333333 1.25 1.11 28 25 2.09 1
0
APP_0_Inner_Layer_0:1 0.2 0.2 0.75 2.01 47 32 3.92 1
0
APP_0_Inner_Layer_0:2 0.3333333333333333 0.3333333333333333 1.25 1.42 38 6 2.58 1
0
APP_0_Inner_Layer_0:3 0.4666666666666667 0.4666666666666667 1.75 3.78 49 42 1.52 1
0
APP_0_Inner_Layer_1:0 0.6 0.6 2.25 2.83 10 49 1.69 1
1 2 3 4
APP_0_Inner_Layer_2:0 0.4 0.4 1.5 2.86 19 18 1.64 1
5
APP_0_Inner_Layer_3:0 0.6 0.6 2.25 1.21 35 6 2.4 1
6
APP_0_Inner_Layer_3:1 0.3333333333333333 0.3333333333333333 1.25 3.95 39 10 1.31 1
6
APP_0_Inner_Layer_3:2 0.4666666666666667 0.4666666666666667 1.75 1.53 13 36 1.25 1
6
APP_0_Inner_Layer_3:3 0.6 0.6 2.25 1.96 37 7 1.84 1
6
APP_0_Output_Layer_0 0.13333333333333333 0.13333333333333333 0.5 1.22 40 13 3.85 1
7 8 9 10
6
0.3714418006328558
APP_1_Input_Layer_0 0.4 0.4 1.5 3.37 41 21 1.58 1

APP_1_Inner_Layer_0:0 0.6 0.6 2.25 3.98 16 34 1.52 1
0
APP_1_Inner_Layer_0:1 0.6 0.6 2.25 1.36 41 43 2.0 1
0
APP_1_Inner_Layer_0:2 0.2 0.2 0.75 3.72 24 8 3.59 1
0
APP_1_Inner_Layer_0:3 0.4 0.4 1.5 1.22 7 23 1.56 1
0
APP_1_Output_Layer_0 0.5333333333333333 0.5333333333333333 2.0 3.66 7 22 2.13 1
1 2 3 4
7
0.8460482652195823
APP_2_Input_Layer_0 0.4666666666666667 0.4666666666666667 1.75 3.22 19 9 3.88 1

APP_2_Inner_Layer_0:0 0.4 0.4 1.5 3.14 23 11 3.44 1
0
APP_2_Inner_Layer_0:1 0.6 0.6 2.25 3.93 15 27 1.04 1
0
APP_2_Inner_Layer_0:2 0.13333333333333333 0.13333333333333333 0.5 1.27 38 31 3.13 1
0
APP_2_Inner_Layer_0:3 0.2 0.2 0.75 3.82 15 35 1.11 1
0
APP_2_Inner_Layer_1:0 0.13333333333333333 0.13333333333333333 0.5 3.63 39 46 3.77 1
1 2 3 4
APP_2_Output_Layer_0 0.26666666666666666 0.26666666666666666 1.0 1.16 25 10 3.87 1
5
5
1.2315308591821843
APP_3_Input_Layer_0 0.06666666666666667 0.06666666666666667 0.25 3.91 38 3 3.41 1

APP_3_Inner_Layer_0:0 0.2 0.2 0.75 3.44 5 12 1.94 1
0
APP_3_Inner_Layer_0:1 0.26666666666666666 0.26666666666666666 1.0 3.18 41 4 1.61 1
0
APP_3_Inner_Layer_0:2 0.06666666666666667 0.06666666666666667 0.25 2.66 48 27 2.19 1
0
APP_3_Output_Layer_0 0.6 0.6 2.25 2.23 41 3 3.14 0
1 2 3
7
1.7842416796527703
APP_4_Input_Layer_0 0.3333333333333333 0.3333333333333333 1.25 1.13 4 43 1.07 1

APP_4_Inner_Layer_0:0 0.4666666666666667 0.4666666666666667 1.75 1.62 8 28 1.58 1
0
APP_4_Inner_Layer_0:1 0.26666666666666666 0.26666666666666666 1.0 3.38 28 23 3.91 1
0
APP_4_Inner_Layer_1:0 0.5333333333333333 0.5333333333333333 2.0 3.01 36 42 3.78 1
1 2
APP_4_Inner_Layer_1:1 0.06666666666666667 0.06666666666666667 0.25 3.56 44 28 3.03 1
1
APP_4_Inner_Layer_1:2 0.13333333333333333 0.13333333333333333 0.5 2.85 45 11 2.08 1
2
APP_4_Output_Layer_0 0.4 0.4 1.5 2.75 16 38 2.61 1
3 4 5
12
2.1392609530982427
APP_5_Input_Layer_0 0.3333333333333333 0.3333333333333333 1.25 1.45 4 18 3.33 1

APP_5_Inner_Layer_0:0 0.3333333333333333 0.3333333333333333 1.25 1.06 6 23 1.95 1
0
APP_5_Inner_Layer_0:1 0.4 0.4 1.5 3.77 2 46 3.9 1
0
APP_5_Inner_Layer_0:2 0.26666666666666666 0.26666666666666666 1.0 1.94 33 1 1.91 1
0
APP_5_Inner_Layer_1:0 0.13333333333333333 0.13333333333333333 0.5 3.2 39 3 1.3 1
1 3
APP_5_Inner_Layer_1:1 0.4666666666666667 0.4666666666666667 1.75 2.86 32 11 2.4 1
1 2
APP_5_Inner_Layer_1:2 0.4666666666666667 0.4666666666666667 1.75 1.96 18 45 1.71 1
3 1
APP_5_Inner_Layer_2:0 0.26666666666666666 0.26666666666666666 1.0 3.01 2 14 3.35 1
5
APP_5_Inner_Layer_2:1 0.5333333333333333 0.5333333333333333 2.0 3.9 20 27 1.89 1
4
APP_5_Inner_Layer_2:2 0.6 0.6 2.25 3.17 34 45 1.98 1
4 6
APP_5_Inner_Layer_2:3 0.2 0.2 0.75 3.3 17 13 2.52 1
4 6
APP_5_Output_Layer_0 0.6 0.6 2.25 1.68 6 41 2.33 1
7 8 9 10
10
2.692995621384032
APP_6_Input_Layer_0 0.2 0.2 0.75 2.32 9 5 1.63 1

APP_6_Inner_Layer_0:0 0.6 0.6 2.25 1.69 16 14 3.81 1
0
APP_6_Inner_Layer_0:1 0.3333333333333333 0.3333333333333333 1.25 3.48 25 34 1.23 1
0
APP_6_Inner_Layer_0:2 0.06666666666666667 0.06666666666666667 0.25 2.61 2 24 1.82 1
0
APP_6_Inner_Layer_1:0 0.5333333333333333 0.5333333333333333 2.0 2.44 29 32 1.43 1
1 2 3
APP_6_Inner_Layer_1:1 0.2 0.2 0.75 2.34 44 43 3.77 1
1 3
APP_6_Inner_Layer_1:2 0.6 0.6 2.25 3.42 7 43 3.19 1
1 2 3
APP_6_Inner_Layer_1:3 0.5333333333333333 0.5333333333333333 2.0 1.58 39 45 1.23 1
2
APP_6_Inner_Layer_2:0 0.26666666666666666 0.26666666666666666 1.0 1.36 25 20 3.82 1
4 5 6 7
APP_6_Output_Layer_0 0.06666666666666667 0.06666666666666667 0.25 2.9 11 16 1.73 1
8
9
3.093779370707872
APP_7_Input_Layer_0 0.3333333333333333 0.3333333333333333 1.25 1.74 38 11 2.64 1

APP_7_Inner_Layer_0:0 0.13333333333333333 0.13333333333333333 0.5 3.13 10 7 1.81 1
0
APP_7_Inner_Layer_0:1 0.3333333333333333 0.3333333333333333 1.25 4.0 33 21 3.32 1
0
APP_7_Inner_Layer_0:2 0.26666666666666666 0.26666666666666666 1.0 3.97 45 44 3.61 1
0
APP_7_Inner_Layer_1:0 0.4666666666666667 0.4666666666666667 1.75 2.49 7 48 1.5 1
1 3
APP_7_Inner_Layer_1:1 0.4666666666666667 0.4666666666666667 1.75 2.68 10 30 2.36 1
2 3
APP_7_Inner_Layer_1:2 0.3333333333333333 0.3333333333333333 1.25 1.41 30 28 1.62 1
2 3
APP_7_Inner_Layer_1:3 0.6 0.6 2.25 2.81 19 23 1.35 1
1 2
APP_7_Output_Layer_0 0.4 0.4 1.5 3.51 22 9 2.71 1
4 5 6 7
6
3.342420769711389
APP_8_Input_Layer_0 0.6 0.6 2.25 1.73 4 26 1.09 1

APP_8_Inner_Layer_0:0 0.5333333333333333 0.5333333333333333 2.0 1.24 2 22 1.72 1
0
APP_8_Inner_Layer_0:1 0.13333333333333333 0.13333333333333333 0.5 3.67 20 49 1.9 1
0
APP_8_Inner_Layer_0:2 0.3333333333333333 0.3333333333333333 1.25 2.05 7 47 3.43 1
0
APP_8_Inner_Layer_1:0 0.3333333333333333 0.3333333333333333 1.25 2.54 18 35 3.96 1
1 2 3
APP_8_Output_Layer_0 0.5333333333333333 0.5333333333333333 2.0 1.6 37 49 1.17 1
4
6
3.8404173495303464
APP_9_Input_Layer_0 0.13333333333333333 0.13333333333333333 0.5 3.16 26 23 3.64 1

APP_9_Inner_Layer_0:0 0.2 0.2 0.75 2.54 11 31 2.19 1
0
APP_9_Inner_Layer_0:1 0.13333333333333333 0.13333333333333333 0.5 3.69 36 42 3.11 1
0
APP_9_Inner_Layer_1:0 0.5333333333333333 0.5333333333333333 2.0 3.82 38 28 3.79 1
2
APP_9_Inner_Layer_1:1 0.26666666666666666 0.26666666666666666 1.0 3.96 40 21 2.63 1
1
APP_9_Output_Layer_0 0.13333333333333333 0.13333333333333333 0.5 1.03 27 27 1.85 1
3 4
14
4.328174343043646
APP_10_Input_Layer_0 0.06666666666666667 0.06666666666666667 0.25 1.38 49 7 1.27 1

APP_10_Inner_Layer_0:0 0.06666666666666667 0.06666666666666667 0.25 2.67 22 48 3.07 1
0
APP_10_Inner_Layer_0:1 0.6 0.6 2.25 1.85 36 45 3.01 1
0
APP_10_Inner_Layer_1:0 0.4666666666666667 0.4666666666666667 1.75 3.44 31 46 2.02 1
1
APP_10_Inner_Layer_1:1 0.3333333333333333 0.3333333333333333 1.25 2.86 21 26 3.71 1
2
APP_10_Inner_Layer_2:0 0.3333333333333333 0.3333333333333333 1.25 1.08 49 4 3.35 1
3
APP_10_Inner_Layer_2:1 0.26666666666666666 0.26666666666666666 1.0 2.25 5 26 2.85 1
4
APP_10_Inner_Layer_2:2 0.5333333333333333 0.5333333333333333 2.0 2.82 3 3 1.64 1
3 4
APP_10_Inner_Layer_2:3 0.2 0.2 0.75 2.11 25 43 2.95 1
4
APP_10_Inner_Layer_3:0 0.13333333333333333 0.13333333333333333 0.5 1.42 37 29 3.03 1
6
APP_10_Inner_Layer_3:1 0.13333333333333333 0.13333333333333333 0.5 2.98 44 28 2.91 1
5 6
APP_10_Inner_Layer_3:2 0.13333333333333333 0.13333333333333333 0.5 1.15 34 12 1.41 1
7
APP_10_Inner_Layer_3:3 0.6 0.6 2.25 1.28 18 3 1.12 1
5 6 7 8
APP_10_Output_Layer_0 0.4 0.4 1.5 1.33 23 33 3.56 1
9 10 11 12
4
4.799515650409622
APP_11_Input_Layer_0 0.13333333333333333 0.13333333333333333 0.5 1.53 27 30 1.37 1

APP_11_Inner_Layer_0:0 0.13333333333333333 0.13333333333333333 0.5 2.47 27 25 1.01 1
0
APP_11_Inner_Layer_0:1 0.6 0.6 2.25 2.76 42 46 2.62 1
0
APP_11_Output_Layer_0 0.13333333333333333 0.13333333333333333 0.5 3.59 35 45 3.19 1
1 2
11
5.315879792770499
APP_12_Input_Layer_0 0.3333333333333333 0.3333333333333333 1.25 2.69 10 49 2.41 1

APP_12_Inner_Layer_0:0 0.26666666666666666 0.26666666666666666 1.0 1.54 3 20 3.79 1
0
APP_12_Inner_Layer_0:1 0.3333333333333333 0.3333333333333333 1.25 2.85 24 8 3.51 1
0
APP_12_Inner_Layer_1:0 0.4 0.4 1.5 3.07 31 40 1.19 1
1
APP_12_Inner_Layer_1:1 0.26666666666666666 0.26666666666666666 1.0 1.48 28 32 1.35 1
1 2
APP_12_Inner_Layer_1:2 0.26666666666666666 0.26666666666666666 1.0 3.46 45 49 3.21 1
1
APP_12_Inner_Layer_1:3 0.13333333333333333 0.13333333333333333 0.5 2.18 47 30 3.91 1
1
APP_12_Inner_Layer_2:0 0.2 0.2 0.75 2.4 13 1 2.8 1
4
APP_12_Inner_Layer_2:1 0.13333333333333333 0.13333333333333333 0.5 1.25 42 24 2.15 1
3 5 6
APP_12_Inner_Layer_3:0 0.4666666666666667 0.4666666666666667 1.75 2.78 33 6 3.41 1
7 8
APP_12_Output_Layer_0 0.26666666666666666 0.26666666666666666 1.0 3.88 18 14 2.48 1
9
6
5.627763915169821
APP_13_Input_Layer_0 0.26666666666666666 0.26666666666666666 1.0 1.36 32 13 1.26 1

APP_13_Inner_Layer_0:0 0.26666666666666666 0.26666666666666666 1.0 3.17 47 9 2.99 1
0
APP_13_Inner_Layer_1:0 0.3333333333333333 0.3333333333333333 1.25 1.14 15 23 2.18 1
1
APP_13_Inner_Layer_1:1 0.2 0.2 0.75 1.2 6 7 1.98 1
1
APP_13_Inner_Layer_1:2 0.26666666666666666 0.26666666666666666 1.0 3.19 25 12 2.15 1
1
APP_13_Output_Layer_0 0.13333333333333333 0.13333333333333333 0.5 3.45 46 12 1.11 1
2 3 4
9
5.866852140783369
APP_14_Input_Layer_0 0.6 0.6 2.25 1.16 42 27 2.3 1

APP_14_Inner_Layer_0:0 0.26666666666666666 0.26666666666666666 1.0 2.82 48 39 1.47 1
0
APP_14_Inner_Layer_0:1 0.26666666666666666 0.26666666666666666 1.0 2.74 41 23 1.04 1
0
APP_14_Inner_Layer_0:2 0.4 0.4 1.5 2.24 12 41 2.11 1
0
APP_14_Inner_Layer_1:0 0.4 0.4 1.5 3.23 28 14 2.5 1
1 2 3
APP_14_Inner_Layer_2:0 0.6 0.6 2.25 1.82 37 14 3.8 1
4
APP_14_Inner_Layer_2:1 0.2 0.2 0.75 3.07 6 10 3.24 1
4
APP_14_Inner_Layer_2:2 0.6 0.6 2.25 3.38 37 30 3.62 1
4
APP_14_Output_Layer_0 0.06666666666666667 0.06666666666666667 0.25 1.98 25 26 1.38 1
5 6 7
11
6.42656220132882
APP_15_Input_Layer_0 0.5333333333333333 0.5333333333333333 2.0 1.45 23 13 2.49 1

APP_15_Inner_Layer_0:0 0.3333333333333333 0.3333333333333333 1.25 1.54 36 43 2.48 1
0
APP_15_Inner_Layer_1:0 0.2 0.2 0.75 1.04 1 40 2.38 1
1
APP_15_Inner_Layer_1:1 0.5333333333333333 0.5333333333333333 2.0 3.27 28 11 2.57 1
1
APP_15_Inner_Layer_2:0 0.13333333333333333 0.13333333333333333 0.5 3.55 37 47 3.06 1
2
APP_15_Inner_Layer_2:1 0.4666666666666667 0.4666666666666667 1.75 2.52 19 6 3.88 1
2 3
APP_15_Inner_Layer_2:2 0.4666666666666667 0.4666666666666667 1.75 3.13 21 22 2.51 1
3
APP_15_Inner_Layer_3:0 0.6 0.6 2.25 1.47 48 37 1.03 1
4 5
APP_15_Inner_Layer_3:1 0.13333333333333333 0.13333333333333333 0.5 2.39 34 32 3.13 1
5
APP_15_Inner_Layer_3:2 0.4666666666666667 0.4666666666666667 1.75 1.53 48 38 3.44 1
5 6
APP_15_Output_Layer_0 0.4666666666666667 0.4666666666666667 1.75 3.27 25 47 1.6 1
7 8 9
