10
16
10
0
APP_0_Input_Layer_0 0.4666666666666667 0.4666666666666667 1.75 1.06 10 36 3.25 1

APP_0_Inner_Layer_0:0 0.26666666666666666 0.26666666666666666 1.0 1.2 10 22 2.43 1
0
APP_0_Inner_Layer_0:1 0.6 0.6 2.25 3.82 28 42 1.8 1
0
APP_0_Inner_Layer_1:0 0.26666666666666666 0.26666666666666666 1.0 1.6 18 3 1.1 1
1 2
APP_0_Inner_Layer_2:0 0.4 0.4 1.5 2.93 12 37 3.3 1
3
APP_0_Inner_Layer_2:1 0.4666666666666667 0.4666666666666667 1.75 1.76 26 10 3.67 1
3
APP_0_Inner_Layer_3:0 0.3333333333333333 0.3333333333333333 1.25 2.91 49 19 1.58 1
5
APP_0_Inner_Layer_3:1 0.06666666666666667 0.06666666666666667 0.25 1.74 2 10 1.31 1
4
APP_0_Inner_Layer_3:2 0.4 0.4 1.5 2.87 15 15 3.82 1
4 5
APP_0_Output_Layer_0 0.6 0.6 2.25 3.4 34 46 2.65 0
6 7 8
6
0.25391364284131007
APP_1_Input_Layer_0 0.4 0.4 1.5 3.91 22 34 1.03 1

APP_1_Inner_Layer_0:0 0.4666666666666667 0.4666666666666667 1.75 2.18 12 4 2.58 1
0
APP_1_Inner_Layer_0:1 0.2 0.2 0.75 1.15 18 6 2.02 1
0
APP_1_Inner_Layer_0:2 0.4666666666666667 0.4666666666666667 1.75 3.37 6 28 3.17 1
0
APP_1_Inner_Layer_1:0 0.13333333333333333 0.13333333333333333 0.5 3.56 10 38 2.17 1
1 2 3
APP_1_Output_Layer_0 0.4 0.4 1.5 2.21 26 22 2.53 1
4
3
0.6086170058932729
APP_2_Input_Layer_0 0.6 0.6 2.25 2.17 5 41 1.95 1

APP_2_Inner_Layer_0:0 0.26666666666666666 0.26666666666666666 1.0 2.55 14 17 3.56 1
0
APP_2_Output_Layer_0 0.3333333333333333 0.3333333333333333 1.25 3.88 3 35 1.47 1
1
6
0.8567540922228645
APP_3_Input_Layer_0 0.13333333333333333 0.13333333333333333 0.5 2.13 35 48 1.48 1

APP_3_Inner_Layer_0:0 0.6 0.6 2.25 3.42 42 27 1.27 1
0
APP_3_Inner_Layer_0:1 0.26666666666666666 0.26666666666666666 1.0 3.44 13 28 3.1 1
0
APP_3_Inner_Layer_1:0 0.13333333333333333 0.13333333333333333 0.5 2.91 21 36 2.18 1
1
APP_3_Inner_Layer_1:1 0.4 0.4 1.5 3.27 13 27 3.18 1
2
APP_3_Output_Layer_0 0.5333333333333333 0.5333333333333333 2.0 1.92 44 3 1.53 1
3 4
3
1.2192175651280064
APP_4_Input_Layer_0 0.2 0.2 0.75 1.39 9 16 1.96 1

APP_4_Inner_Layer_0:0 0.3333333333333333 0.3333333333333333 1.25 2.3 34 49 3.23 1
0
APP_4_Output_Layer_0 0.06666666666666667 0.06666666666666667 0.25 3.99 5 18 3.82 1
1
11
1.7368197380681802
APP_5_Input_Layer_0 0.4666666666666667 0.4666666666666667 1.75 3.84 26 32 2.59 1

APP_5_Inner_Layer_0:0 0.6 0.6 2.25 1.43 24 17 2.64 1
0
APP_5_Inner_Layer_0:1 0.4666666666666667 0.4666666666666667 1.75 2.73 47 39 3.32 1
0
APP_5_Inner_Layer_0:2 0.4 0.4 1.5 2.94 29 22 2.41 1
0
APP_5_Inner_Layer_1:0 0.13333333333333333 0.13333333333333333 0.5 2.87 5 26 1.75 1
1 2
APP_5_Inner_Layer_1:1 0.6 0.6 2.25 1.71 48 17 2.03 1
3
APP_5_Inner_Layer_2:0 0.3333333333333333 0.3333333333333333 1.25 3.8 43 19 1.96 1
4
APP_5_Inner_Layer_2:1 0.3333333333333333 0.3333333333333333 1.25 3.19 20 42 2.93 1
4
APP_5_Inner_Layer_2:2 0.26666666666666666 0.26666666666666666 1.0 1.01 43 38 3.14 1
5
APP_5_Inner_Layer_2:3 0.13333333333333333 0.13333333333333333 0.5 3.61 33 22 2.34 1
4 5
APP_5_Output_Layer_0 0.4666666666666667 0.4666666666666667 1.75 2.81 30 15 1.36 1
6 7 8 9
7
2.1008336963762013
APP_6_Input_Layer_0 0.6 0.6 2.25 3.94 35 13 2.29 1

APP_6_Inner_Layer_0:0 0.2 0.2 0.75 3.93 9 30 2.68 1
0
APP_6_Inner_Layer_1:0 0.4666666666666667 0.4666666666666667 1.75 2.0 7 8 2.06 1
1
APP_6_Inner_Layer_1:1 0.06666666666666667 0.06666666666666667 0.25 2.47 7 9 3.84 1
1
APP_6_Inner_Layer_2:0 0.13333333333333333 0.13333333333333333 0.5 2.6 5 19 2.75 1
2
APP_6_Inner_Layer_2:1 0.6 0.6 2.25 3.18 33 28 3.53 1
3
APP_6_Output_Layer_0 0.2 0.2 0.75 1.33 37 44 3.35 1
4 5
10
2.383521140073615
APP_7_Input_Layer_0 0.3333333333333333 0.3333333333333333 1.25 2.6 25 14 2.08 1

APP_7_Inner_Layer_0:0 0.26666666666666666 0.26666666666666666 1.0 2.12 9 20 3.08 1
0
APP_7_Inner_Layer_1:0 0.2 0.2 0.75 1.9 39 40 2.42 1
1
APP_7_Inner_Layer_1:1 0.4666666666666667 0.4666666666666667 1.75 2.72 8 13 3.49 1
1
APP_7_Inner_Layer_1:2 0.5333333333333333 0.5333333333333333 2.0 1.53 45 4 3.58 1
1
APP_7_Inner_Layer_1:3 0.6 0.6 2.25 3.83 21 37 2.72 1
1
APP_7_Inner_Layer_2:0 0.5333333333333333 0.5333333333333333 2.0 2.69 15 19 1.27 1
3 5
APP_7_Inner_Layer_2:1 0.3333333333333333 0.3333333333333333 1.25 3.42 35 7 2.31 1
2 5
APP_7_Inner_Layer_2:2 0.6 0.6 2.25 2.45 26 8 2.94 1
2 4
APP_7_Output_Layer_0 0.4 0.4 1.5 3.07 44 30 2.23 1
6 7 8
9
2.7967745813005
APP_8_Input_Layer_0 0.26666666666666666 0.26666666666666666 1.0 3.68 29 11 3.08 1

APP_8_Inner_Layer_0:0 0.6 0.6 2.25 2.03 44 42 2.49 1
0
APP_8_Inner_Layer_0:1 0.4 0.4 1.5 2.67 20 10 2.58 1
0
APP_8_Inner_Layer_0:2 0.26666666666666666 0.26666666666666666 1.0 2.53 1 3 1.02 1
0
APP_8_Inner_Layer_0:3 0.13333333333333333 0.13333333333333333 0.5 1.61 44 26 1.79 1
0
APP_8_Inner_Layer_1:0 0.13333333333333333 0.13333333333333333 0.5 3.47 21 48 1.96 1
1
APP_8_Inner_Layer_1:1 0.26666666666666666 0.26666666666666666 1.0 3.93 34 30 2.29 1
2 3 4
APP_8_Inner_Layer_2:0 0.4666666666666667 0.4666666666666667 1.75 2.29 47 14 3.1 1
5 6
APP_8_Output_Layer_0 0.13333333333333333 0.13333333333333333 0.5 2.77 39 25 2.05 1
7
5
3.3049173408710772
APP_9_Input_Layer_0 0.3333333333333333 0.3333333333333333 1.25 3.4 30 43 3.4 1

APP_9_Inner_Layer_0:0 0.26666666666666666 0.26666666666666666 1.0 2.63 30 4 2.79 1
0
APP_9_Inner_Layer_1:0 0.26666666666666666 0.26666666666666666 1.0 3.85 28 11 2.58 1
1
APP_9_Inner_Layer_1:1 0.3333333333333333 0.3333333333333333 1.25 1.74 29 36 2.77 1
1
APP_9_Output_Layer_0 0.3333333333333333 0.3333333333333333 1.25 3.35 13 43 3.83 1
2 3
8
3.9183296316446965
APP_10_Input_Layer_0 0.4 0.4 1.5 1.45 38 41 1.97 1

APP_10_Inner_Layer_0:0 0.4666666666666667 0.4666666666666667 1.75 2.77 8 22 3.1 1
0
APP_10_Inner_Layer_1:0 0.5333333333333333 0.5333333333333333 2.0 1.3 41 16 2.96 1
1
APP_10_Inner_Layer_1:1 0.4666666666666667 0.4666666666666667 1.75 2.35 11 41 2.13 1
1
APP_10_Inner_Layer_2:0 0.06666666666666667 0.06666666666666667 0.25 1.07 5 44 2.6 1
2
APP_10_Inner_Layer_2:1 0.13333333333333333 0.13333333333333333 0.5 1.48 33 42 1.32 1
2 3
APP_10_Inner_Layer_2:2 0.13333333333333333 0.13333333333333333 0.5 1.26 43 41 2.05 1
2
APP_10_Output_Layer_0 0.26666666666666666 0.26666666666666666 1.0 1.62 41 6 3.46 1
4 5 6
5
4.454305462102098
APP_11_Input_Layer_0 0.2 0.2 0.75 2.4 22 44 1.21 1

APP_11_Inner_Layer_0:0 0.6 0.6 2.25 1.55 9 32 2.83 1
0
APP_11_Inner_Layer_0:1 0.5333333333333333 0.5333333333333333 2.0 2.4 46 39 3.09 1
0
APP_11_Inner_Layer_0:2 0.3333333333333333 0.3333333333333333 1.25 3.49 43 39 1.43 1
0
APP_11_Output_Layer_0 0.06666666666666667 0.06666666666666667 0.25 2.79 21 18 3.34 1
1 2 3
10
4.777289864070549
APP_12_Input_Layer_0 0.2 0.2 0.75 3.89 2 35 3.08 1

APP_12_Inner_Layer_0:0 0.4666666666666667 0.4666666666666667 1.75 1.16 3 37 1.77 1
0
APP_12_Inner_Layer_0:1 0.06666666666666667 0.06666666666666667 0.25 3.2 5 24 2.98 1
0
APP_12_Inner_Layer_1:0 0.2 0.2 0.75 2.18 10 3 1.79 1
1
APP_12_Inner_Layer_1:1 0.4 0.4 1.5 2.43 42 7 1.87 1
2
APP_12_Inner_Layer_1:2 0.26666666666666666 0.26666666666666666 1.0 2.75 20 33 2.29 1
1 2
APP_12_Inner_Layer_1:3 0.26666666666666666 0.26666666666666666 1.0 3.85 20 40 1.4 1
1 2
APP_12_Inner_Layer_2:0 0.6 0.6 2.25 1.31 12 24 3.53 1
3 4
APP_12_Inner_Layer_2:1 0.5333333333333333 0.5333333333333333 2.0 3.66 19 8 1.4 1
5 6
APP_12_Output_Layer_0 0.4 0.4 1.5 3.83 17 48 3.87 1
7 8
15
5.308413381259998
APP_13_Input_Layer_0 0.13333333333333333 0.13333333333333333 0.5 1.89 44 5 1.67 1

APP_13_Inner_Layer_0:0 0.26666666666666666 0.26666666666666666 1.0 3.04 8 29 3.48 1
0
APP_13_Inner_Layer_0:1 0.3333333333333333 0.3333333333333333 1.25 2.04 3 14 2.59 1
0
APP_13_Inner_Layer_0:2 0.06666666666666667 0.06666666666666667 0.25 2.29 37 3 3.19 1
0
APP_13_Inner_Layer_0:3 0.6 0.6 2.25 2.23 28 45 2.08 1
0
APP_13_Inner_Layer_1:0 0.6 0.6 2.25 1.75 38 2 2.61 1
2 4
APP_13_Inner_Layer_1:1 0.26666666666666666 0.26666666666666666 1.0 3.84 25 49 3.72 1
1 2 3
APP_13_Inner_Layer_1:2 0.3333333333333333 0.3333333333333333 1.25 3.64 31 6 1.24 1
3 4
APP_13_Inner_Layer_2:0 0.6 0.6 2.25 2.18 15 10 3.01 1
7
APP_13_Inner_Layer_2:1 0.2 0.2 0.75 1.48 39 9 2.62 1
5 6
APP_13_Inner_Layer_3:0 0.06666666666666667 0.06666666666666667 0.25 1.01 35 41 1.42 1
8 9
APP_13_Inner_Layer_3:1 0.4 0.4 1.5 1.1 38 20 1.65 1
8
APP_13_Inner_Layer_3:2 0.26666666666666666 0.26666666666666666 1.0 3.04 40 15 3.13 1
8 9
APP_13_Inner_Layer_3:3 0.4666666666666667 0.4666666666666667 1.75 2.54 37 33 2.26 1
8
APP_13_Output_Layer_0 0.4 0.4 1.5 3.87 17 38 3.22 1
10 11 12 13
7
5.541260558595383
APP_14_Input_Layer_0 0.26666666666666666 0.26666666666666666 1.0 3.27 8 41 1.34 1

APP_14_Inner_Layer_0:0 0.3333333333333333 0.3333333333333333 1.25 2.78 36 24 1.06 1
0
APP_14_Inner_Layer_1:0 0.6 0.6 2.25 3.32 31 5 1.26 1
1
APP_14_Inner_Layer_1:1 0.4 0.4 1.5 3.81 26 31 3.19 1
1
APP_14_Inner_Layer_1:2 0.2 0.2 0.75 2.74 2 46 3.72 1
1
APP_14_Inner_Layer_1:3 0.13333333333333333 0.13333333333333333 0.5 1.34 29 1 3.57 1
1
APP_14_Output_Layer_0 0.13333333333333333 0.13333333333333333 0.5 1.61 2 33 3.46 1
2 3 4 5
9
6.124546309930357
APP_15_Input_Layer_0 0.2 0.2 0.75 3.03 17 49 2.84 1

APP_15_Inner_Layer_0:0 0.6 0.6 2.25 1.32 1 7 1.41 1
0
APP_15_Inner_Layer_0:1 0.26666666666666666 0.26666666666666666 1.0 1.72 10 41 3.55 1
0
APP_15_Inner_Layer_0:2 0.13333333333333333 0.13333333333333333 0.5 1.83 38 21 1.78 1
0
APP_15_Inner_Layer_1:0 0.2 0.2 0.75 1.53 12 43 2.94 1
1 2 3
APP_15_Inner_Layer_2:0 0.13333333333333333 0.13333333333333333 0.5 1.62 26 37 1.42 1
4
APP_15_Inner_Layer_2:1 0.26666666666666666 0.26666666666666666 1.0 1.89 3 7 3.79 1
4
APP_15_Inner_Layer_2:2 0.13333333333333333 0.13333333333333333 0.5 3.24 41 15 3.11 1
4
APP_15_Output_Layer_0 0.6 0.6 2.25 2.69 2 26 2.96 1
5 6 7
