10
16
6
0
APP_0_Input_Layer_0 0.2 0.2 0.75 3.09 37 49 3.61 1

APP_0_Inner_Layer_0:0 0.06666666666666667 0.06666666666666667 0.25 1.33 30 6 3.22 1
0
APP_0_Inner_Layer_0:1 0.4 0.4 1.5 2.07 27 44 2.44 1
0
APP_0_Inner_Layer_0:2 0.06666666666666667 0.06666666666666667 0.25 3.67 40 6 2.71 1
0
APP_0_Inner_Layer_1:0 0.26666666666666666 0.26666666666666666 1.0 2.63 40 34 2.74 1
1 2 3
APP_0_Output_Layer_0 0.26666666666666666 0.26666666666666666 1.0 2.25 43 8 3.06 1
4
3
0.462510720318363
APP_1_Input_Layer_0 0.3333333333333333 0.3333333333333333 1.25 2.81 35 13 2.93 1

APP_1_Inner_Layer_0:0 0.3333333333333333 0.3333333333333333 1.25 3.64 37 10 1.92 1
0
APP_1_Output_Layer_0 0.5333333333333333 0.5333333333333333 2.0 3.96 24 48 1.9 1
1
8
0.8652294099697009
APP_2_Input_Layer_0 0.4 0.4 1.5 3.09 13 20 1.16 0

APP_2_Inner_Layer_0:0 0.4666666666666667 0.4666666666666667 1.75 3.74 39 31 3.71 1
0
APP_2_Inner_Layer_0:1 0.06666666666666667 0.06666666666666667 0.25 2.35 24 2 2.48 1
0
APP_2_Inner_Layer_0:2 0.4 0.4 1.5 3.35 7 28 1.65 1
0
APP_2_Inner_Layer_1:0 0.4666666666666667 0.4666666666666667 1.75 3.77 43 24 3.4 1
1 2 3
APP_2_Inner_Layer_2:0 0.13333333333333333 0.13333333333333333 0.5 1.04 38 39 3.52 1
4
APP_2_Inner_Layer_2:1 0.13333333333333333 0.13333333333333333 0.5 2.68 38 20 3.48 1
4
APP_2_Output_Layer_0 0.2 0.2 0.75 2.8 35 34 1.02 1
5 6
6
1.3684230521305059
APP_3_Input_Layer_0 0.4666666666666667 0.4666666666666667 1.75 3.51 28 37 2.2 1

APP_3_Inner_Layer_0:0 0.4 0.4 1.5 3.73 36 3 2.31 1
0
APP_3_Inner_Layer_0:1 0.6 0.6 2.25 1.02 4 48 3.05 1
0
APP_3_Inner_Layer_0:2 0.2 0.2 0.75 1.55 23 32 3.06 1
0
APP_3_Inner_Layer_0:3 0.2 0.2 0.75 1.51 48 18 3.46 1
0
APP_3_Output_Layer_0 0.06666666666666667 0.06666666666666667 0.25 2.72 25 14 3.58 1
1 2 3 4
8
1.6487503302531228
APP_4_Input_Layer_0 0.2 0.2 0.75 1.55 41 19 1.99 1

APP_4_Inner_Layer_0:0 0.5333333333333333 0.5333333333333333 2.0 3.8 28 31 1.86 1
0
APP_4_Inner_Layer_0:1 0.4666666666666667 0.4666666666666667 1.75 3.14 29 36 1.2 1
0
APP_4_Inner_Layer_0:2 0.3333333333333333 0.3333333333333333 1.25 1.96 20 23 3.42 1
0
APP_4_Inner_Layer_0:3 0.5333333333333333 0.5333333333333333 2.0 3.4 44 20 2.09 1
0
APP_4_Inner_Layer_1:0 0.06666666666666667 0.06666666666666667 0.25 2.42 43 33 3.08 1
1 2 3 4
APP_4_Inner_Layer_2:0 0.2 0.2 0.75 2.76 22 14 3.36 1
5
APP_4_Output_Layer_0 0.2 0.2 0.75 3.95 19 22 1.72 1
6
7
2.0201951258285566
APP_5_Input_Layer_0 0.2 0.2 0.75 1.14 17 15 1.27 1

APP_5_Inner_Layer_0:0 0.13333333333333333 0.13333333333333333 0.5 3.91 6 8 1.36 1
0
APP_5_Inner_Layer_1:0 0.4666666666666667 0.4666666666666667 1.75 2.17 12 2 3.52 1
1
APP_5_Inner_Layer_1:1 0.2 0.2 0.75 1.0 15 16 2.95 1
1
APP_5_Inner_Layer_1:2 0.5333333333333333 0.5333333333333333 2.0 2.8 20 42 3.32 1
1
APP_5_Inner_Layer_1:3 0.5333333333333333 0.5333333333333333 2.0 1.23 5 19 1.58 1
1
APP_5_Output_Layer_0 0.13333333333333333 0.13333333333333333 0.5 2.2 42 49 2.47 1
2 3 4 5
6
2.494994169065811
APP_6_Input_Layer_0 0.4 0.4 1.5 1.32 3 11 2.59 1

APP_6_Inner_Layer_0:0 0.3333333333333333 0.3333333333333333 1.25 1.96 22 24 1.63 1
0
APP_6_Inner_Layer_1:0 0.6 0.6 2.25 1.41 41 28 2.77 1
1
APP_6_Inner_Layer_2:0 0.2 0.2 0.75 2.3 19 28 3.52 1
2
APP_6_Inner_Layer_2:1 0.4 0.4 1.5 2.26 13 18 3.6 1
2
APP_6_Output_Layer_0 0.06666666666666667 0.06666666666666667 0.25 1.18 23 35 2.2 1
3 4
9
3.0368017177721462
APP_7_Input_Layer_0 0.5333333333333333 0.5333333333333333 2.0 2.03 37 34 2.25 0

APP_7_Inner_Layer_0:0 0.06666666666666667 0.06666666666666667 0.25 3.52 18 28 3.32 1
0
APP_7_Inner_Layer_0:1 0.5333333333333333 0.5333333333333333 2.0 2.1 11 21 1.32 1
0
APP_7_Inner_Layer_1:0 0.4666666666666667 0.4666666666666667 1.75 2.39 34 21 2.03 1
1 2
APP_7_Inner_Layer_1:1 0.6 0.6 2.25 2.49 5 16 1.16 1
2
APP_7_Inner_Layer_2:0 0.2 0.2 0.75 1.7 48 42 2.22 1
4
APP_7_Inner_Layer_2:1 0.26666666666666666 0.26666666666666666 1.0 1.03 34 26 1.23 1
3 4
APP_7_Inner_Layer_2:2 0.13333333333333333 0.13333333333333333 0.5 3.45 14 19 2.73 1
4
APP_7_Output_Layer_0 0.06666666666666667 0.06666666666666667 0.25 3.45 35 3 3.03 1
5 6 7
5
3.504160429579339
APP_8_Input_Layer_0 0.26666666666666666 0.26666666666666666 1.0 2.94 28 28 2.95 1

APP_8_Inner_Layer_0:0 0.26666666666666666 0.26666666666666666 1.0 2.39 5 19 1.43 1
0
APP_8_Inner_Layer_0:1 0.4 0.4 1.5 3.02 2 42 2.78 1
0
APP_8_Inner_Layer_0:2 0.06666666666666667 0.06666666666666667 0.25 2.33 14 44 2.01 1
0
APP_8_Output_Layer_0 0.26666666666666666 0.26666666666666666 1.0 3.37 3 15 2.5 1
1 2 3
6
3.7471066100663206
APP_9_Input_Layer_0 0.5333333333333333 0.5333333333333333 2.0 2.5 38 19 3.75 1

APP_9_Inner_Layer_0:0 0.3333333333333333 0.3333333333333333 1.25 3.92 7 2 1.99 1
0
APP_9_Inner_Layer_0:1 0.4666666666666667 0.4666666666666667 1.75 2.11 1 29 1.55 1
0
APP_9_Inner_Layer_0:2 0.2 0.2 0.75 1.85 31 26 1.33 1
0
APP_9_Inner_Layer_0:3 0.6 0.6 2.25 2.38 16 16 2.92 1
0
APP_9_Output_Layer_0 0.2 0.2 0.75 1.61 42 11 3.77 1
1 2 3 4
10
4.09041980544469
APP_10_Input_Layer_0 0.2 0.2 0.75 2.74 35 28 2.44 1

APP_10_Inner_Layer_0:0 0.2 0.2 0.75 2.5 19 25 2.01 1
0
APP_10_Inner_Layer_0:1 0.4 0.4 1.5 2.75 21 38 1.04 1
0
APP_10_Inner_Layer_0:2 0.06666666666666667 0.06666666666666667 0.25 1.77 24 15 2.68 1
0
APP_10_Inner_Layer_0:3 0.4 0.4 1.5 1.59 5 43 2.83 1
0
APP_10_Inner_Layer_1:0 0.26666666666666666 0.26666666666666666 1.0 3.12 1 22 2.88 1
1 2 4
APP_10_Inner_Layer_1:1 0.4 0.4 1.5 2.47 21 38 2.12 1
2 3
APP_10_Inner_Layer_1:2 0.13333333333333333 0.13333333333333333 0.5 1.13 34 21 1.76 1
1 3
APP_10_Inner_Layer_2:0 0.06666666666666667 0.06666666666666667 0.25 1.67 35 1 3.96 1
5 6 7
APP_10_Output_Layer_0 0.3333333333333333 0.3333333333333333 1.25 2.61 2 4 2.43 1
8
9
4.661483652314186
APP_11_Input_Layer_0 0.5333333333333333 0.5333333333333333 2.0 2.51 22 24 2.43 1

APP_11_Inner_Layer_0:0 0.5333333333333333 0.5333333333333333 2.0 2.59 32 30 1.29 1
0
APP_11_Inner_Layer_0:1 0.26666666666666666 0.26666666666666666 1.0 2.84 19 27 2.69 1
0
APP_11_Inner_Layer_1:0 0.26666666666666666 0.26666666666666666 1.0 2.23 8 20 3.73 1
1
APP_11_Inner_Layer_1:1 0.4 0.4 1.5 3.6 18 27 1.33 1
2
APP_11_Inner_Layer_2:0 0.4 0.4 1.5 3.95 17 45 2.54 1
3
APP_11_Inner_Layer_2:1 0.5333333333333333 0.5333333333333333 2.0 3.08 5 37 1.49 1
3
APP_11_Inner_Layer_2:2 0.06666666666666667 0.06666666666666667 0.25 2.69 29 22 1.84 1
4
APP_11_Output_Layer_0 0.4 0.4 1.5 3.04 19 9 1.23 1
5 6 7
11
5.254430004294392
APP_12_Input_Layer_0 0.4 0.4 1.5 2.05 32 7 2.94 1

APP_12_Inner_Layer_0:0 0.06666666666666667 0.06666666666666667 0.25 3.4 6 13 2.85 1
0
APP_12_Inner_Layer_0:1 0.5333333333333333 0.5333333333333333 2.0 3.78 37 18 1.77 1
0
APP_12_Inner_Layer_1:0 0.6 0.6 2.25 2.32 13 47 2.18 1
1 2
APP_12_Inner_Layer_1:1 0.3333333333333333 0.3333333333333333 1.25 2.92 7 3 2.57 1
2
APP_12_Inner_Layer_1:2 0.06666666666666667 0.06666666666666667 0.25 1.47 44 5 3.59 1
1 2
APP_12_Inner_Layer_2:0 0.6 0.6 2.25 3.44 6 11 1.02 1
5
APP_12_Inner_Layer_2:1 0.3333333333333333 0.3333333333333333 1.25 2.46 19 32 3.18 1
3 5
APP_12_Inner_Layer_2:2 0.06666666666666667 0.06666666666666667 0.25 1.14 18 28 1.51 1
5 4
APP_12_Inner_Layer_2:3 0.5333333333333333 0.5333333333333333 2.0 3.2 20 35 1.6 1
3 4 5
APP_12_Output_Layer_0 0.2 0.2 0.75 3.57 49 11 2.99 1
6 7 8 9
3
5.582824986119242
APP_13_Input_Layer_0 0.4666666666666667 0.4666666666666667 1.75 1.47 6 12 2.02 1

APP_13_Inner_Layer_0:0 0.06666666666666667 0.06666666666666667 0.25 3.27 42 7 1.7 1
0
APP_13_Output_Layer_0 0.5333333333333333 0.5333333333333333 2.0 1.05 14 6 1.99 1
1
4
5.892274537048602
APP_14_Input_Layer_0 0.4 0.4 1.5 3.13 3 23 2.59 1

APP_14_Inner_Layer_0:0 0.4666666666666667 0.4666666666666667 1.75 3.33 28 10 1.35 1
0
APP_14_Inner_Layer_0:1 0.5333333333333333 0.5333333333333333 2.0 1.52 10 19 2.52 1
0
APP_14_Output_Layer_0 0.3333333333333333 0.3333333333333333 1.25 3.96 23 2 2.64 1
1 2
12
6.375769606663356
APP_15_Input_Layer_0 0.4666666666666667 0.4666666666666667 1.75 2.69 47 25 1.71 1

APP_15_Inner_Layer_0:0 0.5333333333333333 0.5333333333333333 2.0 2.74 23 34 3.82 1
0
APP_15_Inner_Layer_0:1 0.06666666666666667 0.06666666666666667 0.25 3.78 43 15 3.65 1
0
APP_15_Inner_Layer_0:2 0.6 0.6 2.25 2.35 39 42 2.15 1
0
APP_15_Inner_Layer_1:0 0.2 0.2 0.75 1.78 12 33 1.7 1
3
APP_15_Inner_Layer_1:1 0.26666666666666666 0.26666666666666666 1.0 1.88 49 10 2.08 1
1 2
APP_15_Inner_Layer_1:2 0.26666666666666666 0.26666666666666666 1.0 2.05 44 46 2.7 1
3 1
APP_15_Inner_Layer_2:0 0.6 0.6 2.25 2.68 6 22 3.37 1
4 5
APP_15_Inner_Layer_2:1 0.06666666666666667 0.06666666666666667 0.25 3.34 34 2 1.43 1
4 6
APP_15_Inner_Layer_2:2 0.13333333333333333 0.13333333333333333 0.5 3.06 48 25 1.91 1
6
APP_15_Inner_Layer_2:3 0.6 0.6 2.25 3.85 12 2 2.5 1
4 6
APP_15_Output_Layer_0 0.6 0.6 2.25 1.74 39 19 1.35 1
7 8 9 10
