10
16
15
0
APP_0_Input_Layer_0 0.4 0.4 1.5 1.26 25 48 1.83 1

APP_0_Inner_Layer_0:0 0.2 0.2 0.75 3.46 48 20 1.45 1
0
APP_0_Inner_Layer_0:1 0.4666666666666667 0.4666666666666667 1.75 2.56 15 29 1.77 1
0
APP_0_Inner_Layer_0:2 0.5333333333333333 0.5333333333333333 2.0 3.0 35 9 1.27 1
0
APP_0_Inner_Layer_1:0 0.4666666666666667 0.4666666666666667 1.75 2.94 34 1 3.42 1
2 3
APP_0_Inner_Layer_1:1 0.13333333333333333 0.13333333333333333 0.5 2.77 16 33 2.9 1
1
APP_0_Inner_Layer_1:2 0.4666666666666667 0.4666666666666667 1.75 2.92 13 32 1.58 1
1 3
APP_0_Inner_Layer_2:0 0.06666666666666667 0.06666666666666667 0.25 1.37 45 14 1.11 1
4 6
APP_0_Inner_Layer_2:1 0.06666666666666667 0.06666666666666667 0.25 3.74 15 26 3.88 1
5 4
APP_0_Inner_Layer_2:2 0.13333333333333333 0.13333333333333333 0.5 2.49 48 10 1.55 1
5
APP_0_Inner_Layer_3:0 0.06666666666666667 0.06666666666666667 0.25 1.05 15 16 2.54 1
9
APP_0_Inner_Layer_3:1 0.13333333333333333 0.13333333333333333 0.5 3.69 41 3 3.23 1
8
APP_0_Inner_Layer_3:2 0.13333333333333333 0.13333333333333333 0.5 2.73 7 41 3.65 1
9
APP_0_Inner_Layer_3:3 0.26666666666666666 0.26666666666666666 1.0 1.51 15 16 2.92 1
7 9
APP_0_Output_Layer_0 0.4666666666666667 0.4666666666666667 1.75 3.16 30 35 1.76 1
10 11 12 13
10
0.398649172414671
APP_1_Input_Layer_0 0.13333333333333333 0.13333333333333333 0.5 3.15 8 49 2.02 1

APP_1_Inner_Layer_0:0 0.13333333333333333 0.13333333333333333 0.5 2.53 20 10 3.49 1
0
APP_1_Inner_Layer_1:0 0.26666666666666666 0.26666666666666666 1.0 3.85 46 47 1.23 1
1
APP_1_Inner_Layer_1:1 0.4666666666666667 0.4666666666666667 1.75 3.05 10 15 1.04 1
1
APP_1_Inner_Layer_2:0 0.2 0.2 0.75 1.95 22 48 2.83 1
3
APP_1_Inner_Layer_2:1 0.4666666666666667 0.4666666666666667 1.75 1.14 1 1 2.86 1
3
APP_1_Inner_Layer_2:2 0.6 0.6 2.25 1.01 28 3 1.07 1
2 3
APP_1_Inner_Layer_2:3 0.2 0.2 0.75 1.71 43 7 3.05 1
2
APP_1_Inner_Layer_3:0 0.4 0.4 1.5 3.74 32 11 2.01 1
4 5 6 7
APP_1_Output_Layer_0 0.06666666666666667 0.06666666666666667 0.25 1.84 26 49 2.31 1
8
7
0.7342695492106387
APP_2_Input_Layer_0 0.5333333333333333 0.5333333333333333 2.0 2.09 27 27 2.06 1

APP_2_Inner_Layer_0:0 0.4 0.4 1.5 1.53 22 10 1.59 1
0
APP_2_Inner_Layer_1:0 0.26666666666666666 0.26666666666666666 1.0 2.52 19 3 2.13 1
1
APP_2_Inner_Layer_1:1 0.6 0.6 2.25 2.42 1 12 3.16 1
1
APP_2_Inner_Layer_2:0 0.4666666666666667 0.4666666666666667 1.75 1.88 24 12 2.1 1
2 3
APP_2_Inner_Layer_3:0 0.4 0.4 1.5 1.75 28 32 1.3 1
4
APP_2_Output_Layer_0 0.06666666666666667 0.06666666666666667 0.25 1.51 22 5 1.8 1
5
6
0.9775719580731579
APP_3_Input_Layer_0 0.4 0.4 1.5 2.71 22 36 3.91 1

APP_3_Inner_Layer_0:0 0.4666666666666667 0.4666666666666667 1.75 2.42 11 16 3.79 1
0
APP_3_Inner_Layer_0:1 0.5333333333333333 0.5333333333333333 2.0 2.38 31 48 1.53 1
0
APP_3_Inner_Layer_0:2 0.2 0.2 0.75 2.68 20 9 1.18 1
0
APP_3_Inner_Layer_1:0 0.13333333333333333 0.13333333333333333 0.5 2.8 2 43 2.6 1
1 2 3
APP_3_Output_Layer_0 0.4666666666666667 0.4666666666666667 1.75 2.51 27 29 1.72 1
4
9
1.2882132273339402
APP_4_Input_Layer_0 0.26666666666666666 0.26666666666666666 1.0 1.4 49 29 1.68 1

APP_4_Inner_Layer_0:0 0.26666666666666666 0.26666666666666666 1.0 2.99 19 22 3.92 1
0
APP_4_Inner_Layer_0:1 0.13333333333333333 0.13333333333333333 0.5 3.12 41 13 1.59 1
0
APP_4_Inner_Layer_0:2 0.26666666666666666 0.26666666666666666 1.0 2.41 6 37 3.38 1
0
APP_4_Inner_Layer_0:3 0.26666666666666666 0.26666666666666666 1.0 1.43 48 23 2.62 1
0
APP_4_Inner_Layer_1:0 0.5333333333333333 0.5333333333333333 2.0 3.29 26 1 3.57 1
3
APP_4_Inner_Layer_1:1 0.5333333333333333 0.5333333333333333 2.0 3.53 10 13 1.92 1
2 4
APP_4_Inner_Layer_1:2 0.06666666666666667 0.06666666666666667 0.25 1.37 28 33 1.05 1
1 2
APP_4_Output_Layer_0 0.26666666666666666 0.26666666666666666 1.0 3.5 7 22 1.6 1
5 6 7
4
1.8069855847696357
APP_5_Input_Layer_0 0.4666666666666667 0.4666666666666667 1.75 2.58 2 21 3.91 1

APP_5_Inner_Layer_0:0 0.3333333333333333 0.3333333333333333 1.25 2.37 6 27 3.29 1
0
APP_5_Inner_Layer_0:1 0.4 0.4 1.5 1.62 14 24 2.07 1
0
APP_5_Output_Layer_0 0.3333333333333333 0.3333333333333333 1.25 2.19 10 3 2.79 1
1 2
4
2.1876208229547647
APP_6_Input_Layer_0 0.2 0.2 0.75 3.37 13 26 1.76 1

APP_6_Inner_Layer_0:0 0.4 0.4 1.5 3.37 42 6 2.26 1
0
APP_6_Inner_Layer_0:1 0.4666666666666667 0.4666666666666667 1.75 2.89 45 29 2.15 1
0
APP_6_Output_Layer_0 0.6 0.6 2.25 1.84 34 23 3.48 1
1 2
3
2.6916768300847735
APP_7_Input_Layer_0 0.06666666666666667 0.06666666666666667 0.25 2.98 29 2 1.28 1

APP_7_Inner_Layer_0:0 0.2 0.2 0.75 2.27 10 13 3.33 1
0
APP_7_Output_Layer_0 0.5333333333333333 0.5333333333333333 2.0 3.15 35 8 1.25 0
1
7
2.9839195999178387
APP_8_Input_Layer_0 0.3333333333333333 0.3333333333333333 1.25 3.76 4 18 3.93 1

APP_8_Inner_Layer_0:0 0.6 0.6 2.25 3.44 20 44 1.5 1
0
APP_8_Inner_Layer_0:1 0.13333333333333333 0.13333333333333333 0.5 1.47 4 24 2.54 1
0
APP_8_Inner_Layer_1:0 0.4666666666666667 0.4666666666666667 1.75 3.58 45 35 2.6 1
1
APP_8_Inner_Layer_1:1 0.3333333333333333 0.3333333333333333 1.25 1.86 8 46 2.52 1
2
APP_8_Inner_Layer_1:2 0.5333333333333333 0.5333333333333333 2.0 1.13 34 24 2.98 1
2
APP_8_Output_Layer_0 0.13333333333333333 0.13333333333333333 0.5 3.83 29 17 2.22 1
3 4 5
16
3.509140470716635
APP_9_Input_Layer_0 0.4 0.4 1.5 1.52 27 20 1.44 1

APP_9_Inner_Layer_0:0 0.06666666666666667 0.06666666666666667 0.25 3.87 49 47 2.07 1
0
APP_9_Inner_Layer_0:1 0.13333333333333333 0.13333333333333333 0.5 1.04 12 9 2.89 1
0
APP_9_Inner_Layer_0:2 0.4666666666666667 0.4666666666666667 1.75 2.85 48 10 3.32 1
0
APP_9_Inner_Layer_1:0 0.13333333333333333 0.13333333333333333 0.5 2.17 12 1 2.62 1
3
APP_9_Inner_Layer_1:1 0.5333333333333333 0.5333333333333333 2.0 2.37 6 44 3.34 1
3
APP_9_Inner_Layer_1:2 0.13333333333333333 0.13333333333333333 0.5 3.21 35 13 3.77 1
1 2 3
APP_9_Inner_Layer_1:3 0.4666666666666667 0.4666666666666667 1.75 3.95 20 5 1.54 1
3 2
APP_9_Inner_Layer_2:0 0.2 0.2 0.75 1.83 28 1 2.55 1
4 5 6 7
APP_9_Inner_Layer_2:1 0.2 0.2 0.75 2.4 7 38 1.68 1
4
APP_9_Inner_Layer_2:2 0.26666666666666666 0.26666666666666666 1.0 2.08 34 4 3.98 1
5 7
APP_9_Inner_Layer_3:0 0.3333333333333333 0.3333333333333333 1.25 3.7 31 35 3.01 1
10
APP_9_Inner_Layer_3:1 0.5333333333333333 0.5333333333333333 2.0 2.23 35 2 2.28 1
8 9
APP_9_Inner_Layer_3:2 0.4 0.4 1.5 1.46 37 36 2.85 1
8 9 10
APP_9_Inner_Layer_3:3 0.26666666666666666 0.26666666666666666 1.0 3.67 10 10 2.19 1
10
APP_9_Output_Layer_0 0.2 0.2 0.75 2.88 19 41 1.96 1
11 12 13 14
6
3.80600104664871
APP_10_Input_Layer_0 0.2 0.2 0.75 2.27 24 45 2.64 1

APP_10_Inner_Layer_0:0 0.2 0.2 0.75 2.79 8 31 1.18 1
0
APP_10_Inner_Layer_0:1 0.4666666666666667 0.4666666666666667 1.75 1.22 42 46 3.48 1
0
APP_10_Inner_Layer_0:2 0.3333333333333333 0.3333333333333333 1.25 1.14 47 32 3.16 1
0
APP_10_Inner_Layer_0:3 0.26666666666666666 0.26666666666666666 1.0 3.73 5 9 2.88 1
0
APP_10_Output_Layer_0 0.26666666666666666 0.26666666666666666 1.0 3.58 36 13 2.65 1
1 2 3 4
5
4.370920802306348
APP_11_Input_Layer_0 0.4666666666666667 0.4666666666666667 1.75 3.13 15 13 3.64 1

APP_11_Inner_Layer_0:0 0.13333333333333333 0.13333333333333333 0.5 2.64 26 17 3.4 1
0
APP_11_Inner_Layer_0:1 0.4666666666666667 0.4666666666666667 1.75 1.37 47 24 2.08 1
0
APP_11_Inner_Layer_0:2 0.2 0.2 0.75 2.04 9 9 2.97 1
0
APP_11_Output_Layer_0 0.4 0.4 1.5 3.68 3 7 3.79 1
1 2 3
6
4.601545417743817
APP_12_Input_Layer_0 0.3333333333333333 0.3333333333333333 1.25 1.49 26 22 1.09 0

APP_12_Inner_Layer_0:0 0.4 0.4 1.5 2.52 23 23 2.45 1
0
APP_12_Inner_Layer_0:1 0.13333333333333333 0.13333333333333333 0.5 3.92 31 13 1.05 1
0
APP_12_Inner_Layer_0:2 0.26666666666666666 0.26666666666666666 1.0 2.08 35 14 1.61 1
0
APP_12_Inner_Layer_0:3 0.13333333333333333 0.13333333333333333 0.5 2.57 8 4 3.68 1
0
APP_12_Output_Layer_0 0.6 0.6 2.25 2.67 46 24 2.88 1
1 2 3 4
9
5.0325313512294025
APP_13_Input_Layer_0 0.2 0.2 0.75 2.82 9 10 1.47 1

APP_13_Inner_Layer_0:0 0.06666666666666667 0.06666666666666667 0.25 3.75 34 47 3.61 1
0
APP_13_Inner_Layer_0:1 0.2 0.2 0.75 2.53 12 35 3.48 1
0
APP_13_Inner_Layer_0:2 0.13333333333333333 0.13333333333333333 0.5 3.27 46 21 1.18 1
0
APP_13_Inner_Layer_0:3 0.4666666666666667 0.4666666666666667 1.75 3.25 34 8 1.29 1
0
APP_13_Inner_Layer_1:0 0.4666666666666667 0.4666666666666667 1.75 2.86 4 5 2.13 1
4
APP_13_Inner_Layer_1:1 0.4 0.4 1.5 3.43 13 22 2.26 1
3
APP_13_Inner_Layer_1:2 0.06666666666666667 0.06666666666666667 0.25 1.39 30 9 2.11 1
1 2 3
APP_13_Output_Layer_0 0.4666666666666667 0.4666666666666667 1.75 1.1 25 10 1.31 1
5 6 7
12
5.353714591162065
APP_14_Input_Layer_0 0.26666666666666666 0.26666666666666666 1.0 3.57 7 7 1.4 1

APP_14_Inner_Layer_0:0 0.2 0.2 0.75 1.07 13 47 1.24 1
0
APP_14_Inner_Layer_0:1 0.3333333333333333 0.3333333333333333 1.25 1.22 12 4 1.31 1
0
APP_14_Inner_Layer_0:2 0.4 0.4 1.5 3.25 27 16 2.52 1
0
APP_14_Inner_Layer_0:3 0.5333333333333333 0.5333333333333333 2.0 2.91 8 25 2.9 1
0
APP_14_Inner_Layer_1:0 0.2 0.2 0.75 3.16 3 27 2.93 1
1 2 3 4
APP_14_Inner_Layer_2:0 0.06666666666666667 0.06666666666666667 0.25 3.06 27 9 3.89 1
5
APP_14_Inner_Layer_2:1 0.13333333333333333 0.13333333333333333 0.5 1.2 5 43 2.09 1
5
APP_14_Inner_Layer_2:2 0.26666666666666666 0.26666666666666666 1.0 3.05 15 26 2.22 1
5
APP_14_Inner_Layer_2:3 0.3333333333333333 0.3333333333333333 1.25 2.77 49 34 1.27 1
5
APP_14_Inner_Layer_3:0 0.2 0.2 0.75 2.65 46 17 1.93 1
6 7 8 9
APP_14_Output_Layer_0 0.26666666666666666 0.26666666666666666 1.0 1.98 6 32 3.41 1
10
12
5.813046892660165
APP_15_Input_Layer_0 0.6 0.6 2.25 3.08 35 38 3.5 1

APP_15_Inner_Layer_0:0 0.4 0.4 1.5 1.97 5 12 2.09 1
0
APP_15_Inner_Layer_0:1 0.5333333333333333 0.5333333333333333 2.0 1.87 48 9 2.83 1
0
APP_15_Inner_Layer_1:0 0.4 0.4 1.5 2.25 13 40 2.74 1
1
APP_15_Inner_Layer_1:1 0.13333333333333333 0.13333333333333333 0.5 1.34 48 25 3.7 1
2
APP_15_Inner_Layer_1:2 0.13333333333333333 0.13333333333333333 0.5 3.36 24 7 3.8 1
2
APP_15_Inner_Layer_2:0 0.6 0.6 2.25 3.8 34 46 2.15 1
3 4
APP_15_Inner_Layer_2:1 0.26666666666666666 0.26666666666666666 1.0 2.26 3 48 1.57 1
5
APP_15_Inner_Layer_2:2 0.6 0.6 2.25 3.01 8 27 1.01 1
3 5
APP_15_Inner_Layer_3:0 0.3333333333333333 0.3333333333333333 1.25 2.75 48 36 2.55 1
7
APP_15_Inner_Layer_3:1 0.26666666666666666 0.26666666666666666 1.0 1.76 29 13 2.26 1
6 8
APP_15_Output_Layer_0 0.26666666666666666 0.26666666666666666 1.0 3.76 32 9 3.51 1
9 10
