10
16
12
0
APP_0_Input_Layer_0 0.26666666666666666 0.26666666666666666 1.0 2.95 43 44 1.86 1

APP_0_Inner_Layer_0:0 0.13333333333333333 0.13333333333333333 0.5 1.86 43 37 1.7 1
0
APP_0_Inner_Layer_0:1 0.6 0.6 2.25 1.39 28 3 1.71 1
0
APP_0_Inner_Layer_0:2 0.3333333333333333 0.3333333333333333 1.25 1.08 25 45 3.74 1
0
APP_0_Inner_Layer_0:3 0.4666666666666667 0.4666666666666667 1.75 2.79 27 34 1.51 1
0
APP_0_Inner_Layer_1:0 0.13333333333333333 0.13333333333333333 0.5 2.01 15 7 3.94 1
1
APP_0_Inner_Layer_1:1 0.13333333333333333 0.13333333333333333 0.5 2.46 8 37 2.98 1
1 2 3 4
APP_0_Inner_Layer_2:0 0.13333333333333333 0.13333333333333333 0.5 2.73 34 4 2.75 1
5
APP_0_Inner_Layer_2:1 0.4 0.4 1.5 1.06 12 20 2.15 1
6
APP_0_Inner_Layer_2:2 0.5333333333333333 0.5333333333333333 2.0 3.5 23 2 2.48 1
6
APP_0_Inner_Layer_2:3 0.3333333333333333 0.3333333333333333 1.25 3.39 40 10 2.45 1
5
APP_0_Output_Layer_0 0.5333333333333333 0.5333333333333333 2.0 3.22 26 48 3.64 1
7 8 9 10
12
0.24150460950775138
APP_1_Input_Layer_0 0.4 0.4 1.5 1.21 16 17 1.36 0

APP_1_Inner_Layer_0:0 0.6 0.6 2.25 1.31 19 49 2.16 1
0
APP_1_Inner_Layer_0:1 0.13333333333333333 0.13333333333333333 0.5 1.24 21 32 3.2 1
0
APP_1_Inner_Layer_0:2 0.4 0.4 1.5 1.37 28 16 3.99 1
0
APP_1_Inner_Layer_0:3 0.4666666666666667 0.4666666666666667 1.75 1.57 42 30 1.93 1
0
APP_1_Inner_Layer_1:0 0.4666666666666667 0.4666666666666667 1.75 1.8 49 21 2.7 1
1 2 3
APP_1_Inner_Layer_1:1 0.26666666666666666 0.26666666666666666 1.0 1.39 43 19 2.43 1
2
APP_1_Inner_Layer_1:2 0.6 0.6 2.25 1.12 14 9 3.53 1
4
APP_1_Inner_Layer_2:0 0.4 0.4 1.5 1.74 7 6 3.42 1
7
APP_1_Inner_Layer_2:1 0.06666666666666667 0.06666666666666667 0.25 2.66 20 34 1.28 1
5 7
APP_1_Inner_Layer_2:2 0.4 0.4 1.5 3.92 49 46 2.48 1
5 6
APP_1_Output_Layer_0 0.26666666666666666 0.26666666666666666 1.0 2.04 26 17 3.44 1
8 9 10
12
0.5364608256096475
APP_2_Input_Layer_0 0.2 0.2 0.75 1.6 2 2 3.44 1

APP_2_Inner_Layer_0:0 0.3333333333333333 0.3333333333333333 1.25 2.51 18 8 2.2 1
0
APP_2_Inner_Layer_0:1 0.3333333333333333 0.3333333333333333 1.25 3.62 47 1 2.42 1
0
APP_2_Inner_Layer_0:2 0.3333333333333333 0.3333333333333333 1.25 3.94 7 28 1.78 1
0
APP_2_Inner_Layer_1:0 0.5333333333333333 0.5333333333333333 2.0 2.37 8 15 3.39 1
3
APP_2_Inner_Layer_1:1 0.26666666666666666 0.26666666666666666 1.0 3.53 46 27 2.32 1
3
APP_2_Inner_Layer_1:2 0.3333333333333333 0.3333333333333333 1.25 3.1 33 47 3.01 1
1 2
APP_2_Inner_Layer_2:0 0.06666666666666667 0.06666666666666667 0.25 3.02 14 27 1.66 1
4 5 6
APP_2_Inner_Layer_3:0 0.2 0.2 0.75 2.96 29 25 1.75 1
7
APP_2_Inner_Layer_3:1 0.3333333333333333 0.3333333333333333 1.25 2.29 13 4 1.58 1
7
APP_2_Inner_Layer_3:2 0.5333333333333333 0.5333333333333333 2.0 2.92 12 32 2.67 1
7
APP_2_Output_Layer_0 0.06666666666666667 0.06666666666666667 0.25 2.41 31 49 1.84 1
8 9 10
5
1.114338155407007
APP_3_Input_Layer_0 0.4666666666666667 0.4666666666666667 1.75 1.13 9 8 2.89 1

APP_3_Inner_Layer_0:0 0.13333333333333333 0.13333333333333333 0.5 1.64 41 20 3.36 1
0
APP_3_Inner_Layer_0:1 0.4666666666666667 0.4666666666666667 1.75 3.09 25 47 3.78 1
0
APP_3_Inner_Layer_0:2 0.13333333333333333 0.13333333333333333 0.5 1.1 23 39 2.98 1
0
APP_3_Output_Layer_0 0.06666666666666667 0.06666666666666667 0.25 1.83 17 32 2.74 1
1 2 3
6
1.6897048275452013
APP_4_Input_Layer_0 0.3333333333333333 0.3333333333333333 1.25 3.98 3 33 3.85 1

APP_4_Inner_Layer_0:0 0.26666666666666666 0.26666666666666666 1.0 2.42 11 14 2.37 1
0
APP_4_Inner_Layer_0:1 0.2 0.2 0.75 2.11 42 4 2.06 1
0
APP_4_Inner_Layer_0:2 0.5333333333333333 0.5333333333333333 2.0 3.8 26 21 3.95 1
0
APP_4_Inner_Layer_0:3 0.2 0.2 0.75 2.77 2 33 1.61 1
0
APP_4_Output_Layer_0 0.5333333333333333 0.5333333333333333 2.0 1.84 12 29 3.08 1
1 2 3 4
3
2.2084787845191594
APP_5_Input_Layer_0 0.3333333333333333 0.3333333333333333 1.25 2.24 5 5 3.06 1

APP_5_Inner_Layer_0:0 0.13333333333333333 0.13333333333333333 0.5 1.61 43 33 2.76 1
0
APP_5_Output_Layer_0 0.4666666666666667 0.4666666666666667 1.75 2.58 42 24 1.69 1
1
9
2.4828356863164753
APP_6_Input_Layer_0 0.13333333333333333 0.13333333333333333 0.5 3.57 16 47 3.69 1

APP_6_Inner_Layer_0:0 0.26666666666666666 0.26666666666666666 1.0 2.16 23 38 3.12 1
0
APP_6_Inner_Layer_1:0 0.3333333333333333 0.3333333333333333 1.25 1.42 7 34 1.24 1
1
APP_6_Inner_Layer_1:1 0.13333333333333333 0.13333333333333333 0.5 2.18 30 26 1.6 1
1
APP_6_Inner_Layer_1:2 0.6 0.6 2.25 3.64 34 9 2.96 1
1
APP_6_Inner_Layer_2:0 0.13333333333333333 0.13333333333333333 0.5 3.88 48 27 1.98 1
3
APP_6_Inner_Layer_2:1 0.4 0.4 1.5 1.73 37 2 2.44 1
2 4
APP_6_Inner_Layer_3:0 0.4666666666666667 0.4666666666666667 1.75 2.3 8 38 2.66 1
5 6
APP_6_Output_Layer_0 0.6 0.6 2.25 1.21 27 43 3.89 1
7
7
2.950207410530575
APP_7_Input_Layer_0 0.5333333333333333 0.5333333333333333 2.0 3.86 28 29 2.55 0

APP_7_Inner_Layer_0:0 0.26666666666666666 0.26666666666666666 1.0 2.07 30 23 1.11 1
0
APP_7_Inner_Layer_0:1 0.13333333333333333 0.13333333333333333 0.5 2.9 14 10 2.5 1
0
APP_7_Inner_Layer_0:2 0.4 0.4 1.5 3.04 38 16 3.32 1
0
APP_7_Inner_Layer_1:0 0.5333333333333333 0.5333333333333333 2.0 2.18 40 25 2.13 1
2
APP_7_Inner_Layer_1:1 0.4666666666666667 0.4666666666666667 1.75 2.79 46 33 2.81 1
1 3
APP_7_Output_Layer_0 0.3333333333333333 0.3333333333333333 1.25 1.47 4 28 2.29 1
4 5
9
3.199616008001064
APP_8_Input_Layer_0 0.6 0.6 2.25 3.33 15 3 1.42 1

APP_8_Inner_Layer_0:0 0.5333333333333333 0.5333333333333333 2.0 1.09 44 17 2.6 1
0
APP_8_Inner_Layer_0:1 0.3333333333333333 0.3333333333333333 1.25 2.91 17 31 2.89 1
0
APP_8_Inner_Layer_0:2 0.6 0.6 2.25 2.27 24 44 3.28 1
0
APP_8_Inner_Layer_0:3 0.06666666666666667 0.06666666666666667 0.25 2.36 42 39 3.71 1
0
APP_8_Inner_Layer_1:0 0.4666666666666667 0.4666666666666667 1.75 2.3 44 7 1.51 1
1 2 3
APP_8_Inner_Layer_1:1 0.3333333333333333 0.3333333333333333 1.25 2.07 49 21 3.43 1
2 4
APP_8_Inner_Layer_1:2 0.4666666666666667 0.4666666666666667 1.75 2.89 13 4 3.58 1
4 2 1
APP_8_Output_Layer_0 0.4 0.4 1.5 2.59 21 42 2.94 1
5 6 7
12
3.44635532033865
APP_9_Input_Layer_0 0.4 0.4 1.5 3.3 37 11 1.32 1

APP_9_Inner_Layer_0:0 0.26666666666666666 0.26666666666666666 1.0 1.02 13 1 2.48 1
0
APP_9_Inner_Layer_0:1 0.4666666666666667 0.4666666666666667 1.75 2.95 49 30 2.44 1
0
APP_9_Inner_Layer_0:2 0.3333333333333333 0.3333333333333333 1.25 1.02 6 21 3.6 1
0
APP_9_Inner_Layer_0:3 0.2 0.2 0.75 3.96 49 4 2.47 1
0
APP_9_Inner_Layer_1:0 0.26666666666666666 0.26666666666666666 1.0 1.53 34 1 1.52 1
2 3
APP_9_Inner_Layer_1:1 0.4 0.4 1.5 3.0 36 17 1.92 1
2 4
APP_9_Inner_Layer_1:2 0.06666666666666667 0.06666666666666667 0.25 1.73 1 47 2.1 1
1 2 4
APP_9_Inner_Layer_1:3 0.4666666666666667 0.4666666666666667 1.75 3.08 41 40 3.33 1
3
APP_9_Inner_Layer_2:0 0.13333333333333333 0.13333333333333333 0.5 3.2 28 11 1.4 1
6 7
APP_9_Inner_Layer_2:1 0.5333333333333333 0.5333333333333333 2.0 3.95 5 21 2.44 1
5 8
APP_9_Output_Layer_0 0.5333333333333333 0.5333333333333333 2.0 3.89 45 44 3.48 1
9 10
12
3.964121916068121
APP_10_Input_Layer_0 0.4 0.4 1.5 3.86 42 6 1.6 1

APP_10_Inner_Layer_0:0 0.13333333333333333 0.13333333333333333 0.5 1.65 27 28 2.07 1
0
APP_10_Inner_Layer_0:1 0.06666666666666667 0.06666666666666667 0.25 3.02 40 39 3.36 1
0
APP_10_Inner_Layer_1:0 0.3333333333333333 0.3333333333333333 1.25 1.46 43 46 2.11 1
1
APP_10_Inner_Layer_1:1 0.06666666666666667 0.06666666666666667 0.25 1.54 20 7 2.24 1
2
APP_10_Inner_Layer_1:2 0.5333333333333333 0.5333333333333333 2.0 1.4 31 32 3.85 1
1
APP_10_Inner_Layer_2:0 0.4 0.4 1.5 3.99 15 7 2.44 1
3 4 5
APP_10_Inner_Layer_3:0 0.13333333333333333 0.13333333333333333 0.5 3.11 2 5 3.0 1
6
APP_10_Inner_Layer_3:1 0.06666666666666667 0.06666666666666667 0.25 2.01 11 9 3.09 1
6
APP_10_Inner_Layer_3:2 0.26666666666666666 0.26666666666666666 1.0 1.03 31 5 2.48 1
6
APP_10_Inner_Layer_3:3 0.3333333333333333 0.3333333333333333 1.25 2.16 45 24 3.79 1
6
APP_10_Output_Layer_0 0.6 0.6 2.25 3.59 41 49 1.86 1
7 8 9 10
4
4.321420863736872
APP_11_Input_Layer_0 0.4 0.4 1.5 2.67 11 16 1.51 1

APP_11_Inner_Layer_0:0 0.4 0.4 1.5 1.7 17 47 2.88 1
0
APP_11_Inner_Layer_1:0 0.4 0.4 1.5 3.95 41 11 1.83 1
1
APP_11_Output_Layer_0 0.4 0.4 1.5 3.12 43 9 3.93 1
2
10
4.562637651439363
APP_12_Input_Layer_0 0.4666666666666667 0.4666666666666667 1.75 1.65 14 34 2.22 1

APP_12_Inner_Layer_0:0 0.4 0.4 1.5 1.52 16 23 1.74 1
0
APP_12_Inner_Layer_1:0 0.06666666666666667 0.06666666666666667 0.25 1.26 47 26 1.6 1
1
APP_12_Inner_Layer_1:1 0.6 0.6 2.25 1.32 20 19 2.41 1
1
APP_12_Inner_Layer_1:2 0.6 0.6 2.25 2.0 25 10 2.66 1
1
APP_12_Inner_Layer_1:3 0.26666666666666666 0.26666666666666666 1.0 3.9 45 29 3.37 1
1
APP_12_Inner_Layer_2:0 0.06666666666666667 0.06666666666666667 0.25 1.07 7 25 2.5 1
2
APP_12_Inner_Layer_2:1 0.13333333333333333 0.13333333333333333 0.5 1.07 8 1 3.64 1
3 4 5
APP_12_Inner_Layer_3:0 0.4666666666666667 0.4666666666666667 1.75 1.21 45 30 3.88 1
6 7
APP_12_Output_Layer_0 0.26666666666666666 0.26666666666666666 1.0 1.01 22 9 1.47 1
8
11
4.970885045371942
APP_13_Input_Layer_0 0.4666666666666667 0.4666666666666667 1.75 2.44 4 46 3.38 1

APP_13_Inner_Layer_0:0 0.3333333333333333 0.3333333333333333 1.25 3.9 47 4 3.56 1
0
APP_13_Inner_Layer_0:1 0.6 0.6 2.25 3.26 24 6 2.72 1
0
APP_13_Inner_Layer_0:2 0.13333333333333333 0.13333333333333333 0.5 2.26 15 30 1.78 1
0
APP_13_Inner_Layer_1:0 0.5333333333333333 0.5333333333333333 2.0 3.42 11 48 2.84 1
1 2
APP_13_Inner_Layer_1:1 0.6 0.6 2.25 2.05 44 27 1.67 1
1 3
APP_13_Inner_Layer_1:2 0.13333333333333333 0.13333333333333333 0.5 1.78 43 2 3.97 1
3
APP_13_Inner_Layer_1:3 0.6 0.6 2.25 2.38 35 45 2.87 1
1 2 3
APP_13_Inner_Layer_2:0 0.13333333333333333 0.13333333333333333 0.5 1.58 4 25 3.6 1
4 5 6 7
APP_13_Inner_Layer_3:0 0.5333333333333333 0.5333333333333333 2.0 2.66 5 29 2.26 1
8
APP_13_Output_Layer_0 0.4666666666666667 0.4666666666666667 1.75 3.43 29 7 1.67 1
9
6
5.256386169380316
APP_14_Input_Layer_0 0.13333333333333333 0.13333333333333333 0.5 2.41 22 8 2.93 1

APP_14_Inner_Layer_0:0 0.3333333333333333 0.3333333333333333 1.25 1.07 33 26 1.49 1
0
APP_14_Inner_Layer_0:1 0.2 0.2 0.75 2.72 47 47 2.18 1
0
APP_14_Inner_Layer_1:0 0.2 0.2 0.75 3.22 19 8 1.25 1
2
APP_14_Inner_Layer_1:1 0.4 0.4 1.5 2.4 7 22 2.24 1
1
APP_14_Output_Layer_0 0.06666666666666667 0.06666666666666667 0.25 2.25 24 49 1.23 1
3 4
11
5.517246128047516
APP_15_Input_Layer_0 0.13333333333333333 0.13333333333333333 0.5 3.37 24 38 1.87 1

APP_15_Inner_Layer_0:0 0.5333333333333333 0.5333333333333333 2.0 1.59 11 42 2.92 1
0
APP_15_Inner_Layer_1:0 0.4666666666666667 0.4666666666666667 1.75 3.4 22 35 1.86 1
1
APP_15_Inner_Layer_1:1 0.4666666666666667 0.4666666666666667 1.75 2.07 44 33 1.51 1
1
APP_15_Inner_Layer_1:2 0.4666666666666667 0.4666666666666667 1.75 3.96 29 14 2.32 1
1
APP_15_Inner_Layer_1:3 0.26666666666666666 0.26666666666666666 1.0 3.15 37 29 1.45 1
1
APP_15_Inner_Layer_2:0 0.4 0.4 1.5 2.5 12 42 2.49 1
2 3 4
APP_15_Inner_Layer_2:1 0.06666666666666667 0.06666666666666667 0.25 2.59 1 16 3.26 1
4
APP_15_Inner_Layer_2:2 0.2 0.2 0.75 3.63 46 2 2.97 1
2 5
APP_15_Inner_Layer_2:3 0.26666666666666666 0.26666666666666666 1.0 3.58 11 32 1.02 1
2 4
APP_15_Output_Layer_0 0.4 0.4 1.5 2.83 2 3 1.65 1
6 7 8 9
