10
16
6
0
APP_0_Input_Layer_0 0.5333333333333333 0.5333333333333333 2.0 3.36 24 49 3.53 1

APP_0_Inner_Layer_0:0 0.26666666666666666 0.26666666666666666 1.0 2.39 25 16 3.15 1
0
APP_0_Inner_Layer_0:1 0.4 0.4 1.5 3.14 12 31 3.01 1
0
APP_0_Inner_Layer_0:2 0.3333333333333333 0.3333333333333333 1.25 1.93 21 36 1.87 1
0
APP_0_Inner_Layer_0:3 0.2 0.2 0.75 2.18 19 1 2.16 1
0
APP_0_Output_Layer_0 0.26666666666666666 0.26666666666666666 1.0 2.89 39 37 1.85 1
1 2 3 4
4
0.5004098391452919
APP_1_Input_Layer_0 0.4 0.4 1.5 1.89 46 42 1.35 1

APP_1_Inner_Layer_0:0 0.5333333333333333 0.5333333333333333 2.0 1.24 47 23 2.51 1
0
APP_1_Inner_Layer_0:1 0.5333333333333333 0.5333333333333333 2.0 3.39 38 28 3.09 1
0
APP_1_Output_Layer_0 0.4666666666666667 0.4666666666666667 1.75 2.02 11 9 2.36 1
1 2
10
1.0956243769265201
APP_2_Input_Layer_0 0.4666666666666667 0.4666666666666667 1.75 2.55 41 42 2.0 1

APP_2_Inner_Layer_0:0 0.26666666666666666 0.26666666666666666 1.0 3.57 41 27 2.36 1
0
APP_2_Inner_Layer_1:0 0.26666666666666666 0.26666666666666666 1.0 1.23 31 36 2.0 1
1
APP_2_Inner_Layer_1:1 0.2 0.2 0.75 2.18 17 9 1.21 1
1
APP_2_Inner_Layer_1:2 0.5333333333333333 0.5333333333333333 2.0 3.12 4 24 2.83 1
1
APP_2_Inner_Layer_1:3 0.26666666666666666 0.26666666666666666 1.0 3.97 21 23 1.71 1
1
APP_2_Inner_Layer_2:0 0.4666666666666667 0.4666666666666667 1.75 1.2 34 42 1.46 1
4 5
APP_2_Inner_Layer_2:1 0.13333333333333333 0.13333333333333333 0.5 1.8 34 44 2.47 1
2 3 4
APP_2_Inner_Layer_2:2 0.13333333333333333 0.13333333333333333 0.5 2.57 15 12 1.7 1
2
APP_2_Output_Layer_0 0.2 0.2 0.75 1.76 7 29 3.14 1
6 7 8
11
1.5084381908309559
APP_3_Input_Layer_0 0.4666666666666667 0.4666666666666667 1.75 1.35 21 46 2.03 1

APP_3_Inner_Layer_0:0 0.6 0.6 2.25 2.97 36 2 2.35 1
0
APP_3_Inner_Layer_0:1 0.6 0.6 2.25 3.27 42 12 1.66 1
0
APP_3_Inner_Layer_0:2 0.2 0.2 0.75 1.02 28 21 2.44 1
0
APP_3_Inner_Layer_1:0 0.13333333333333333 0.13333333333333333 0.5 3.21 24 26 2.9 1
1 2 3
APP_3_Inner_Layer_2:0 0.6 0.6 2.25 3.75 23 38 1.87 1
4
APP_3_Inner_Layer_2:1 0.4 0.4 1.5 2.39 36 17 2.27 1
4
APP_3_Inner_Layer_2:2 0.5333333333333333 0.5333333333333333 2.0 3.74 21 37 3.42 1
4
APP_3_Inner_Layer_3:0 0.4666666666666667 0.4666666666666667 1.75 2.55 41 36 1.36 1
6 7
APP_3_Inner_Layer_3:1 0.2 0.2 0.75 3.06 8 3 2.82 1
5 6 7
APP_3_Output_Layer_0 0.13333333333333333 0.13333333333333333 0.5 3.04 37 25 2.16 1
8 9
10
1.7437203628161302
APP_4_Input_Layer_0 0.4 0.4 1.5 3.05 30 36 2.45 1

APP_4_Inner_Layer_0:0 0.4 0.4 1.5 3.28 19 14 3.02 1
0
APP_4_Inner_Layer_1:0 0.5333333333333333 0.5333333333333333 2.0 1.52 16 14 3.13 1
1
APP_4_Inner_Layer_2:0 0.4666666666666667 0.4666666666666667 1.75 1.61 13 23 2.48 1
2
APP_4_Inner_Layer_2:1 0.5333333333333333 0.5333333333333333 2.0 3.3 30 30 3.86 1
2
APP_4_Inner_Layer_2:2 0.26666666666666666 0.26666666666666666 1.0 2.52 2 15 3.03 1
2
APP_4_Inner_Layer_2:3 0.26666666666666666 0.26666666666666666 1.0 1.02 1 13 2.75 1
2
APP_4_Inner_Layer_3:0 0.6 0.6 2.25 2.87 39 43 2.49 1
3 4 5
APP_4_Inner_Layer_3:1 0.26666666666666666 0.26666666666666666 1.0 2.29 33 7 2.68 1
6
APP_4_Output_Layer_0 0.26666666666666666 0.26666666666666666 1.0 2.48 13 8 1.46 1
7 8
6
2.1272615528315466
APP_5_Input_Layer_0 0.26666666666666666 0.26666666666666666 1.0 1.27 5 1 1.38 0

APP_5_Inner_Layer_0:0 0.13333333333333333 0.13333333333333333 0.5 1.95 2 48 1.67 1
0
APP_5_Inner_Layer_0:1 0.26666666666666666 0.26666666666666666 1.0 2.37 20 34 1.24 1
0
APP_5_Inner_Layer_0:2 0.5333333333333333 0.5333333333333333 2.0 2.22 36 9 1.48 1
0
APP_5_Inner_Layer_0:3 0.3333333333333333 0.3333333333333333 1.25 2.39 21 8 1.55 1
0
APP_5_Output_Layer_0 0.13333333333333333 0.13333333333333333 0.5 1.76 34 27 2.62 1
1 2 3 4
14
2.63679587307207
APP_6_Input_Layer_0 0.2 0.2 0.75 2.11 20 14 2.01 1

APP_6_Inner_Layer_0:0 0.13333333333333333 0.13333333333333333 0.5 1.76 37 31 3.4 1
0
APP_6_Inner_Layer_0:1 0.2 0.2 0.75 1.48 29 49 3.98 1
0
APP_6_Inner_Layer_0:2 0.4666666666666667 0.4666666666666667 1.75 2.48 12 5 3.67 1
0
APP_6_Inner_Layer_0:3 0.13333333333333333 0.13333333333333333 0.5 2.34 34 32 2.07 1
0
APP_6_Inner_Layer_1:0 0.4666666666666667 0.4666666666666667 1.75 3.21 36 40 1.7 1
4
APP_6_Inner_Layer_1:1 0.3333333333333333 0.3333333333333333 1.25 3.74 29 27 2.44 1
1 2 3
APP_6_Inner_Layer_2:0 0.4 0.4 1.5 3.04 45 48 3.98 1
6
APP_6_Inner_Layer_2:1 0.26666666666666666 0.26666666666666666 1.0 1.36 43 46 2.63 1
6
APP_6_Inner_Layer_2:2 0.26666666666666666 0.26666666666666666 1.0 1.54 19 6 3.94 1
6
APP_6_Inner_Layer_2:3 0.4666666666666667 0.4666666666666667 1.75 2.09 4 34 2.48 1
5
APP_6_Inner_Layer_3:0 0.06666666666666667 0.06666666666666667 0.25 2.28 11 46 1.05 1
8 10
APP_6_Inner_Layer_3:1 0.3333333333333333 0.3333333333333333 1.25 1.24 23 25 3.5 1
7 9
APP_6_Output_Layer_0 0.6 0.6 2.25 2.49 19 28 2.27 0
11 12
14
2.8698239531229155
APP_7_Input_Layer_0 0.06666666666666667 0.06666666666666667 0.25 1.86 2 37 2.24 1

APP_7_Inner_Layer_0:0 0.5333333333333333 0.5333333333333333 2.0 1.62 41 35 2.55 1
0
APP_7_Inner_Layer_0:1 0.26666666666666666 0.26666666666666666 1.0 3.71 33 42 2.01 1
0
APP_7_Inner_Layer_0:2 0.5333333333333333 0.5333333333333333 2.0 1.15 8 13 2.2 1
0
APP_7_Inner_Layer_0:3 0.06666666666666667 0.06666666666666667 0.25 1.58 6 44 2.95 1
0
APP_7_Inner_Layer_1:0 0.6 0.6 2.25 2.63 30 40 1.57 1
1 2 3
APP_7_Inner_Layer_1:1 0.13333333333333333 0.13333333333333333 0.5 3.12 24 29 1.39 1
3
APP_7_Inner_Layer_1:2 0.3333333333333333 0.3333333333333333 1.25 2.9 21 5 1.18 1
2 4
APP_7_Inner_Layer_1:3 0.6 0.6 2.25 3.31 1 30 1.79 1
2 3
APP_7_Inner_Layer_2:0 0.26666666666666666 0.26666666666666666 1.0 1.13 38 41 1.88 1
5 7 8
APP_7_Inner_Layer_2:1 0.6 0.6 2.25 2.57 37 4 1.35 1
6 7 8
APP_7_Inner_Layer_2:2 0.4666666666666667 0.4666666666666667 1.75 2.87 48 20 1.25 1
6
APP_7_Inner_Layer_2:3 0.06666666666666667 0.06666666666666667 0.25 1.4 5 2 2.65 1
5
APP_7_Output_Layer_0 0.06666666666666667 0.06666666666666667 0.25 3.44 41 22 1.88 1
9 10 11 12
9
3.279141391791996
APP_8_Input_Layer_0 0.6 0.6 2.25 3.97 49 4 1.3 1

APP_8_Inner_Layer_0:0 0.26666666666666666 0.26666666666666666 1.0 3.64 40 27 1.16 1
0
APP_8_Inner_Layer_0:1 0.13333333333333333 0.13333333333333333 0.5 1.5 37 8 1.69 1
0
APP_8_Inner_Layer_0:2 0.5333333333333333 0.5333333333333333 2.0 1.58 21 10 3.37 1
0
APP_8_Inner_Layer_0:3 0.4 0.4 1.5 3.74 32 33 1.41 1
0
APP_8_Inner_Layer_1:0 0.5333333333333333 0.5333333333333333 2.0 1.68 35 42 2.99 1
3
APP_8_Inner_Layer_1:1 0.3333333333333333 0.3333333333333333 1.25 3.12 47 43 3.45 1
1 2 4
APP_8_Inner_Layer_1:2 0.4 0.4 1.5 2.38 13 34 2.68 1
1 2 4
APP_8_Output_Layer_0 0.2 0.2 0.75 1.94 41 22 3.62 1
5 6 7
17
3.8673539123064677
APP_9_Input_Layer_0 0.4 0.4 1.5 3.25 3 45 2.83 1

APP_9_Inner_Layer_0:0 0.6 0.6 2.25 3.3 13 38 2.21 1
0
APP_9_Inner_Layer_0:1 0.3333333333333333 0.3333333333333333 1.25 3.84 5 21 3.41 1
0
APP_9_Inner_Layer_0:2 0.13333333333333333 0.13333333333333333 0.5 1.74 47 18 3.99 1
0
APP_9_Inner_Layer_0:3 0.4 0.4 1.5 1.08 24 20 3.8 1
0
APP_9_Inner_Layer_1:0 0.5333333333333333 0.5333333333333333 2.0 3.45 2 48 2.38 1
1
APP_9_Inner_Layer_1:1 0.4 0.4 1.5 2.58 6 17 2.64 1
3 4
APP_9_Inner_Layer_1:2 0.06666666666666667 0.06666666666666667 0.25 1.03 33 36 3.04 1
1 3 4
APP_9_Inner_Layer_1:3 0.4 0.4 1.5 1.71 44 40 3.79 1
2
APP_9_Inner_Layer_2:0 0.3333333333333333 0.3333333333333333 1.25 2.36 40 25 1.42 1
6
APP_9_Inner_Layer_2:1 0.06666666666666667 0.06666666666666667 0.25 1.35 42 46 2.42 1
5 8
APP_9_Inner_Layer_2:2 0.4666666666666667 0.4666666666666667 1.75 2.81 33 2 3.87 1
6 8
APP_9_Inner_Layer_2:3 0.06666666666666667 0.06666666666666667 0.25 1.54 2 40 2.44 1
6 7 8
APP_9_Inner_Layer_3:0 0.5333333333333333 0.5333333333333333 2.0 3.7 42 14 3.97 1
9 11
APP_9_Inner_Layer_3:1 0.26666666666666666 0.26666666666666666 1.0 2.46 18 49 1.77 1
9 12
APP_9_Inner_Layer_3:2 0.4666666666666667 0.4666666666666667 1.75 1.64 4 38 1.79 1
10 11
APP_9_Output_Layer_0 0.4 0.4 1.5 1.08 21 35 1.66 1
13 14 15
6
4.433313956464598
APP_10_Input_Layer_0 0.6 0.6 2.25 2.96 1 18 2.23 1

APP_10_Inner_Layer_0:0 0.4666666666666667 0.4666666666666667 1.75 1.63 33 18 2.99 1
0
APP_10_Inner_Layer_0:1 0.2 0.2 0.75 1.35 44 23 1.37 1
0
APP_10_Inner_Layer_0:2 0.06666666666666667 0.06666666666666667 0.25 1.84 45 21 3.13 1
0
APP_10_Inner_Layer_0:3 0.06666666666666667 0.06666666666666667 0.25 3.18 19 34 3.48 1
0
APP_10_Output_Layer_0 0.26666666666666666 0.26666666666666666 1.0 3.24 5 42 3.72 1
1 2 3 4
9
4.836145516447266
APP_11_Input_Layer_0 0.06666666666666667 0.06666666666666667 0.25 1.28 49 16 1.52 1

APP_11_Inner_Layer_0:0 0.2 0.2 0.75 2.92 2 42 1.79 1
0
APP_11_Inner_Layer_0:1 0.26666666666666666 0.26666666666666666 1.0 1.64 12 49 3.35 1
0
APP_11_Inner_Layer_0:2 0.5333333333333333 0.5333333333333333 2.0 1.62 5 12 3.41 1
0
APP_11_Inner_Layer_1:0 0.2 0.2 0.75 3.97 38 17 3.72 1
1 2 3
APP_11_Inner_Layer_2:0 0.2 0.2 0.75 2.05 44 3 1.4 1
4
APP_11_Inner_Layer_2:1 0.2 0.2 0.75 2.0 21 47 3.93 1
4
APP_11_Inner_Layer_3:0 0.2 0.2 0.75 3.31 23 26 1.97 1
5 6
APP_11_Output_Layer_0 0.6 0.6 2.25 2.03 7 19 3.47 1
7
8
5.413775754144593
APP_12_Input_Layer_0 0.4 0.4 1.5 2.22 37 4 2.83 1

APP_12_Inner_Layer_0:0 0.4666666666666667 0.4666666666666667 1.75 1.42 23 2 2.96 1
0
APP_12_Inner_Layer_0:1 0.2 0.2 0.75 1.48 34 11 2.91 1
0
APP_12_Inner_Layer_0:2 0.4666666666666667 0.4666666666666667 1.75 2.8 2 27 3.22 1
0
APP_12_Inner_Layer_1:0 0.6 0.6 2.25 2.1 43 24 2.88 1
1 2 3
APP_12_Inner_Layer_2:0 0.4 0.4 1.5 3.18 4 17 3.59 1
4
APP_12_Inner_Layer_2:1 0.26666666666666666 0.26666666666666666 1.0 3.89 41 37 2.13 1
4
APP_12_Output_Layer_0 0.2 0.2 0.75 2.28 10 24 3.39 1
5 6
6
5.7363666218498945
APP_13_Input_Layer_0 0.2 0.2 0.75 3.58 31 8 2.28 0

APP_13_Inner_Layer_0:0 0.4666666666666667 0.4666666666666667 1.75 3.74 33 47 1.44 1
0
APP_13_Inner_Layer_0:1 0.13333333333333333 0.13333333333333333 0.5 3.37 19 39 1.46 1
0
APP_13_Inner_Layer_0:2 0.3333333333333333 0.3333333333333333 1.25 2.05 25 3 2.18 1
0
APP_13_Inner_Layer_0:3 0.06666666666666667 0.06666666666666667 0.25 3.8 48 30 1.94 1
0
APP_13_Output_Layer_0 0.4 0.4 1.5 1.49 1 41 1.33 1
1 2 3 4
5
6.22122219426229
APP_14_Input_Layer_0 0.4 0.4 1.5 3.76 16 33 3.58 0

APP_14_Inner_Layer_0:0 0.3333333333333333 0.3333333333333333 1.25 3.39 36 47 1.53 1
0
APP_14_Inner_Layer_0:1 0.26666666666666666 0.26666666666666666 1.0 1.22 27 6 2.87 1
0
APP_14_Inner_Layer_1:0 0.4 0.4 1.5 3.93 37 47 3.83 1
1 2
APP_14_Output_Layer_0 0.06666666666666667 0.06666666666666667 0.25 3.68 26 8 3.0 1
3
4
6.625648819465261
APP_15_Input_Layer_0 0.4666666666666667 0.4666666666666667 1.75 2.46 22 15 3.32 1

APP_15_Inner_Layer_0:0 0.4666666666666667 0.4666666666666667 1.75 2.22 5 39 3.37 1
0
APP_15_Inner_Layer_1:0 0.26666666666666666 0.26666666666666666 1.0 2.8 19 7 3.18 1
1
APP_15_Output_Layer_0 0.4 0.4 1.5 3.16 20 6 2.14 1
2
