10
16
7
0
APP_0_Input_Layer_0 0.13333333333333333 0.13333333333333333 0.5 1.79 18 25 1.21 0

APP_0_Inner_Layer_0:0 0.3333333333333333 0.3333333333333333 1.25 3.77 47 33 2.75 1
0
APP_0_Inner_Layer_0:1 0.5333333333333333 0.5333333333333333 2.0 1.83 21 15 1.76 1
0
APP_0_Inner_Layer_0:2 0.4666666666666667 0.4666666666666667 1.75 2.2 32 25 3.67 1
0
APP_0_Inner_Layer_0:3 0.4666666666666667 0.4666666666666667 1.75 1.5 4 25 3.68 1
0
APP_0_Inner_Layer_1:0 0.4 0.4 1.5 1.69 40 15 1.97 1
1 2 3 4
APP_0_Output_Layer_0 0.06666666666666667 0.06666666666666667 0.25 2.41 44 27 1.84 1
5
9
0.413844931591596
APP_1_Input_Layer_0 0.26666666666666666 0.26666666666666666 1.0 1.46 28 34 3.03 1

APP_1_Inner_Layer_0:0 0.26666666666666666 0.26666666666666666 1.0 2.31 25 14 2.25 1
0
APP_1_Inner_Layer_0:1 0.4666666666666667 0.4666666666666667 1.75 2.87 17 48 2.77 1
0
APP_1_Inner_Layer_0:2 0.06666666666666667 0.06666666666666667 0.25 2.37 26 21 1.03 1
0
APP_1_Inner_Layer_1:0 0.4666666666666667 0.4666666666666667 1.75 2.42 24 25 3.53 1
2
APP_1_Inner_Layer_1:1 0.13333333333333333 0.13333333333333333 0.5 1.21 42 47 3.03 1
1 3
APP_1_Inner_Layer_1:2 0.5333333333333333 0.5333333333333333 2.0 1.63 11 35 2.96 1
2 3
APP_1_Inner_Layer_1:3 0.6 0.6 2.25 1.38 20 11 1.91 1
2
APP_1_Output_Layer_0 0.6 0.6 2.25 3.26 4 26 2.32 1
4 5 6 7
4
0.6739368652291606
APP_2_Input_Layer_0 0.06666666666666667 0.06666666666666667 0.25 1.3 13 45 3.01 1

APP_2_Inner_Layer_0:0 0.4 0.4 1.5 1.65 6 27 1.37 1
0
APP_2_Inner_Layer_0:1 0.26666666666666666 0.26666666666666666 1.0 1.93 40 31 2.88 1
0
APP_2_Output_Layer_0 0.06666666666666667 0.06666666666666667 0.25 3.94 7 47 2.56 1
1 2
8
1.0457184139389915
APP_3_Input_Layer_0 0.5333333333333333 0.5333333333333333 2.0 1.8 33 21 3.81 1

APP_3_Inner_Layer_0:0 0.4 0.4 1.5 1.49 39 34 2.58 1
0
APP_3_Inner_Layer_0:1 0.5333333333333333 0.5333333333333333 2.0 2.03 44 32 1.63 1
0
APP_3_Inner_Layer_0:2 0.5333333333333333 0.5333333333333333 2.0 3.55 26 12 3.56 1
0
APP_3_Inner_Layer_1:0 0.13333333333333333 0.13333333333333333 0.5 2.33 12 22 3.51 1
1 2
APP_3_Inner_Layer_1:1 0.06666666666666667 0.06666666666666667 0.25 2.23 47 3 3.11 1
3
APP_3_Inner_Layer_1:2 0.6 0.6 2.25 1.44 1 15 2.05 1
1
APP_3_Output_Layer_0 0.4 0.4 1.5 3.56 7 21 1.91 1
4 5 6
8
1.4695705266204289
APP_4_Input_Layer_0 0.3333333333333333 0.3333333333333333 1.25 1.03 36 4 2.52 1

APP_4_Inner_Layer_0:0 0.13333333333333333 0.13333333333333333 0.5 3.46 38 18 1.08 1
0
APP_4_Inner_Layer_0:1 0.13333333333333333 0.13333333333333333 0.5 1.39 11 20 3.07 1
0
APP_4_Inner_Layer_0:2 0.06666666666666667 0.06666666666666667 0.25 3.28 14 38 3.94 1
0
APP_4_Inner_Layer_1:0 0.3333333333333333 0.3333333333333333 1.25 3.04 38 35 3.82 1
2
APP_4_Inner_Layer_1:1 0.6 0.6 2.25 1.64 47 28 3.27 1
1 2 3
APP_4_Inner_Layer_1:2 0.13333333333333333 0.13333333333333333 0.5 2.0 35 7 1.96 1
1 2
APP_4_Output_Layer_0 0.5333333333333333 0.5333333333333333 2.0 3.13 25 44 1.88 1
4 5 6
12
1.8437297296984234
APP_5_Input_Layer_0 0.4666666666666667 0.4666666666666667 1.75 3.24 23 25 3.87 0

APP_5_Inner_Layer_0:0 0.2 0.2 0.75 3.33 16 13 3.71 1
0
APP_5_Inner_Layer_0:1 0.6 0.6 2.25 3.16 27 48 1.76 1
0
APP_5_Inner_Layer_0:2 0.4 0.4 1.5 2.25 23 31 3.76 1
0
APP_5_Inner_Layer_0:3 0.3333333333333333 0.3333333333333333 1.25 1.08 1 5 3.5 1
0
APP_5_Inner_Layer_1:0 0.3333333333333333 0.3333333333333333 1.25 3.24 28 48 2.5 1
4
APP_5_Inner_Layer_1:1 0.06666666666666667 0.06666666666666667 0.25 1.1 33 1 3.38 1
2 3
APP_5_Inner_Layer_1:2 0.13333333333333333 0.13333333333333333 0.5 2.55 16 30 1.17 1
1
APP_5_Inner_Layer_2:0 0.3333333333333333 0.3333333333333333 1.25 3.85 16 47 2.78 1
5 6
APP_5_Inner_Layer_2:1 0.6 0.6 2.25 1.99 28 23 1.76 1
7
APP_5_Inner_Layer_2:2 0.6 0.6 2.25 3.43 22 43 2.67 1
5
APP_5_Output_Layer_0 0.5333333333333333 0.5333333333333333 2.0 2.49 20 48 2.46 1
8 9 10
4
2.097016497620586
APP_6_Input_Layer_0 0.6 0.6 2.25 1.89 26 11 1.38 0

APP_6_Inner_Layer_0:0 0.13333333333333333 0.13333333333333333 0.5 2.56 23 23 1.63 1
0
APP_6_Inner_Layer_0:1 0.2 0.2 0.75 2.92 31 2 2.06 1
0
APP_6_Output_Layer_0 0.2 0.2 0.75 1.04 3 32 2.99 1
1 2
9
2.4426981945450974
APP_7_Input_Layer_0 0.6 0.6 2.25 1.76 46 46 3.31 1

APP_7_Inner_Layer_0:0 0.3333333333333333 0.3333333333333333 1.25 1.96 5 44 3.88 1
0
APP_7_Inner_Layer_1:0 0.5333333333333333 0.5333333333333333 2.0 2.31 47 39 1.02 1
1
APP_7_Inner_Layer_1:1 0.2 0.2 0.75 1.52 30 49 1.44 1
1
APP_7_Inner_Layer_1:2 0.5333333333333333 0.5333333333333333 2.0 2.81 17 37 2.91 1
1
APP_7_Inner_Layer_2:0 0.4666666666666667 0.4666666666666667 1.75 1.55 9 15 1.45 1
3 4
APP_7_Inner_Layer_2:1 0.5333333333333333 0.5333333333333333 2.0 1.84 9 16 1.98 1
2
APP_7_Inner_Layer_3:0 0.6 0.6 2.25 2.36 10 33 2.48 1
5 6
APP_7_Output_Layer_0 0.3333333333333333 0.3333333333333333 1.25 1.37 21 43 1.98 1
7
9
2.8127150681874746
APP_8_Input_Layer_0 0.2 0.2 0.75 1.35 41 10 2.2 1

APP_8_Inner_Layer_0:0 0.3333333333333333 0.3333333333333333 1.25 3.74 2 23 2.96 1
0
APP_8_Inner_Layer_1:0 0.13333333333333333 0.13333333333333333 0.5 1.73 29 32 3.42 1
1
APP_8_Inner_Layer_1:1 0.4666666666666667 0.4666666666666667 1.75 1.18 47 5 1.49 1
1
APP_8_Inner_Layer_2:0 0.2 0.2 0.75 3.57 20 18 1.34 1
3
APP_8_Inner_Layer_2:1 0.2 0.2 0.75 1.97 39 3 1.29 1
2 3
APP_8_Inner_Layer_2:2 0.06666666666666667 0.06666666666666667 0.25 3.37 28 36 1.54 1
3
APP_8_Inner_Layer_2:3 0.06666666666666667 0.06666666666666667 0.25 1.3 2 17 2.64 1
2 3
APP_8_Output_Layer_0 0.13333333333333333 0.13333333333333333 0.5 1.82 37 24 2.87 1
4 5 6 7
11
3.0805618207304923
APP_9_Input_Layer_0 0.3333333333333333 0.3333333333333333 1.25 1.13 32 43 1.73 1

APP_9_Inner_Layer_0:0 0.13333333333333333 0.13333333333333333 0.5 2.86 24 32 2.11 1
0
APP_9_Inner_Layer_0:1 0.26666666666666666 0.26666666666666666 1.0 2.94 6 13 2.06 1
0
APP_9_Inner_Layer_1:0 0.2 0.2 0.75 3.75 35 16 2.89 1
1
APP_9_Inner_Layer_1:1 0.6 0.6 2.25 3.24 17 2 3.73 1
1 2
APP_9_Inner_Layer_1:2 0.26666666666666666 0.26666666666666666 1.0 1.17 6 34 3.15 1
1 2
APP_9_Inner_Layer_1:3 0.26666666666666666 0.26666666666666666 1.0 3.07 13 38 1.97 1
1 2
APP_9_Inner_Layer_2:0 0.6 0.6 2.25 2.68 2 8 3.21 1
3 6
APP_9_Inner_Layer_2:1 0.6 0.6 2.25 1.51 38 42 2.8 1
4 5
APP_9_Inner_Layer_3:0 0.6 0.6 2.25 3.37 4 15 3.07 1
7 8
APP_9_Output_Layer_0 0.06666666666666667 0.06666666666666667 0.25 2.42 39 18 2.81 1
9
6
3.5415315156663945
APP_10_Input_Layer_0 0.4666666666666667 0.4666666666666667 1.75 1.31 29 22 1.75 1

APP_10_Inner_Layer_0:0 0.4666666666666667 0.4666666666666667 1.75 1.2 49 43 2.42 1
0
APP_10_Inner_Layer_0:1 0.6 0.6 2.25 3.48 30 30 1.99 1
0
APP_10_Inner_Layer_0:2 0.2 0.2 0.75 2.63 34 31 1.57 1
0
APP_10_Inner_Layer_0:3 0.2 0.2 0.75 2.28 7 17 2.09 1
0
APP_10_Output_Layer_0 0.4666666666666667 0.4666666666666667 1.75 3.07 21 23 3.38 1
1 2 3 4
7
3.786009539199892
APP_11_Input_Layer_0 0.2 0.2 0.75 2.44 14 24 3.25 1

APP_11_Inner_Layer_0:0 0.13333333333333333 0.13333333333333333 0.5 2.81 36 41 3.3 1
0
APP_11_Inner_Layer_0:1 0.26666666666666666 0.26666666666666666 1.0 2.27 38 2 1.52 1
0
APP_11_Inner_Layer_0:2 0.6 0.6 2.25 3.93 31 10 2.05 1
0
APP_11_Inner_Layer_0:3 0.06666666666666667 0.06666666666666667 0.25 3.67 21 19 2.24 1
0
APP_11_Inner_Layer_1:0 0.13333333333333333 0.13333333333333333 0.5 1.16 12 36 2.99 1
1 2 3 4
APP_11_Output_Layer_0 0.13333333333333333 0.13333333333333333 0.5 1.57 43 17 3.64 1
5
5
4.382520119445952
APP_12_Input_Layer_0 0.2 0.2 0.75 2.12 3 11 1.13 0

APP_12_Inner_Layer_0:0 0.4 0.4 1.5 1.54 45 48 3.45 1
0
APP_12_Inner_Layer_0:1 0.06666666666666667 0.06666666666666667 0.25 1.44 39 40 2.54 1
0
APP_12_Inner_Layer_1:0 0.4666666666666667 0.4666666666666667 1.75 2.94 23 23 2.18 1
1 2
APP_12_Output_Layer_0 0.6 0.6 2.25 3.86 21 7 3.2 1
3
12
4.613761134336686
APP_13_Input_Layer_0 0.5333333333333333 0.5333333333333333 2.0 1.87 13 15 3.36 1

APP_13_Inner_Layer_0:0 0.13333333333333333 0.13333333333333333 0.5 1.85 24 27 1.17 1
0
APP_13_Inner_Layer_1:0 0.4 0.4 1.5 1.25 31 34 3.31 1
1
APP_13_Inner_Layer_1:1 0.26666666666666666 0.26666666666666666 1.0 2.89 39 16 2.39 1
1
APP_13_Inner_Layer_1:2 0.26666666666666666 0.26666666666666666 1.0 2.16 8 8 2.27 1
1
APP_13_Inner_Layer_2:0 0.06666666666666667 0.06666666666666667 0.25 1.18 17 19 2.14 1
3
APP_13_Inner_Layer_2:1 0.6 0.6 2.25 3.66 2 23 2.45 1
2 3 4
APP_13_Inner_Layer_3:0 0.3333333333333333 0.3333333333333333 1.25 2.25 13 46 2.58 1
6
APP_13_Inner_Layer_3:1 0.4 0.4 1.5 2.55 45 16 3.09 1
6
APP_13_Inner_Layer_3:2 0.5333333333333333 0.5333333333333333 2.0 1.42 25 10 3.47 1
5
APP_13_Inner_Layer_3:3 0.26666666666666666 0.26666666666666666 1.0 1.85 39 47 1.17 1
6
APP_13_Output_Layer_0 0.4666666666666667 0.4666666666666667 1.75 3.18 14 9 1.19 1
7 8 9 10
10
4.978674914534705
APP_14_Input_Layer_0 0.4 0.4 1.5 1.08 25 31 3.6 1

APP_14_Inner_Layer_0:0 0.13333333333333333 0.13333333333333333 0.5 3.16 11 22 1.64 1
0
APP_14_Inner_Layer_1:0 0.26666666666666666 0.26666666666666666 1.0 1.74 10 40 1.31 1
1
APP_14_Inner_Layer_1:1 0.5333333333333333 0.5333333333333333 2.0 2.47 30 20 2.86 1
1
APP_14_Inner_Layer_1:2 0.26666666666666666 0.26666666666666666 1.0 2.33 31 13 1.38 1
1
APP_14_Inner_Layer_1:3 0.2 0.2 0.75 3.48 45 21 3.83 1
1
APP_14_Inner_Layer_2:0 0.06666666666666667 0.06666666666666667 0.25 3.39 37 23 1.07 1
2 3 4 5
APP_14_Inner_Layer_3:0 0.13333333333333333 0.13333333333333333 0.5 3.65 49 12 2.17 1
6
APP_14_Inner_Layer_3:1 0.4 0.4 1.5 1.65 44 16 1.29 1
6
APP_14_Output_Layer_0 0.06666666666666667 0.06666666666666667 0.25 2.56 35 11 2.85 1
7 8
14
5.242137312972551
APP_15_Input_Layer_0 0.26666666666666666 0.26666666666666666 1.0 1.5 3 37 3.32 1

APP_15_Inner_Layer_0:0 0.26666666666666666 0.26666666666666666 1.0 3.21 45 31 2.11 1
0
APP_15_Inner_Layer_0:1 0.26666666666666666 0.26666666666666666 1.0 3.14 25 38 3.16 1
0
APP_15_Inner_Layer_0:2 0.3333333333333333 0.3333333333333333 1.25 1.09 16 30 3.51 1
0
APP_15_Inner_Layer_0:3 0.26666666666666666 0.26666666666666666 1.0 3.51 33 19 2.07 1
0
APP_15_Inner_Layer_1:0 0.6 0.6 2.25 3.56 8 11 3.64 1
2 3 4
APP_15_Inner_Layer_1:1 0.2 0.2 0.75 3.72 1 33 3.94 1
1
APP_15_Inner_Layer_2:0 0.3333333333333333 0.3333333333333333 1.25 1.32 26 18 3.1 1
5
APP_15_Inner_Layer_2:1 0.2 0.2 0.75 2.42 31 41 2.18 1
6
APP_15_Inner_Layer_3:0 0.13333333333333333 0.13333333333333333 0.5 1.33 18 33 3.74 1
8
APP_15_Inner_Layer_3:1 0.06666666666666667 0.06666666666666667 0.25 1.96 29 38 3.16 1
7
APP_15_Inner_Layer_3:2 0.13333333333333333 0.13333333333333333 0.5 2.88 25 39 2.68 1
7 8
APP_15_Inner_Layer_3:3 0.3333333333333333 0.3333333333333333 1.25 2.17 6 5 2.56 1
7
APP_15_Output_Layer_0 0.4666666666666667 0.4666666666666667 1.75 3.69 26 38 2.63 1
9 10 11 12
