10
16
7
0
APP_0_Input_Layer_0 0.4666666666666667 0.4666666666666667 1.75 1.23 24 16 2.09 1

APP_0_Inner_Layer_0:0 0.3333333333333333 0.3333333333333333 1.25 2.93 1 2 2.28 1
0
APP_0_Inner_Layer_0:1 0.2 0.2 0.75 1.11 8 21 3.02 1
0
APP_0_Inner_Layer_0:2 0.2 0.2 0.75 1.09 21 33 2.6 1
0
APP_0_Inner_Layer_0:3 0.13333333333333333 0.13333333333333333 0.5 3.64 10 13 2.0 1
0
APP_0_Inner_Layer_1:0 0.6 0.6 2.25 2.3 21 22 1.06 1
1 2 3 4
APP_0_Output_Layer_0 0.6 0.6 2.25 3.49 24 11 3.09 1
5
7
0.3825192426581551
APP_1_Input_Layer_0 0.5333333333333333 0.5333333333333333 2.0 3.93 35 13 2.89 1

APP_1_Inner_Layer_0:0 0.06666666666666667 0.06666666666666667 0.25 2.66 32 48 3.06 1
0
APP_1_Inner_Layer_0:1 0.5333333333333333 0.5333333333333333 2.0 1.9 44 10 1.86 1
0
APP_1_Inner_Layer_0:2 0.3333333333333333 0.3333333333333333 1.25 3.37 19 25 1.86 1
0
APP_1_Inner_Layer_1:0 0.4 0.4 1.5 1.62 31 49 1.9 1
1 2 3
APP_1_Inner_Layer_1:1 0.6 0.6 2.25 2.12 3 5 2.11 1
3 2
APP_1_Output_Layer_0 0.3333333333333333 0.3333333333333333 1.25 2.77 8 47 3.29 1
4 5
9
0.7953497921126889
APP_2_Input_Layer_0 0.26666666666666666 0.26666666666666666 1.0 3.5 18 28 3.71 1

APP_2_Inner_Layer_0:0 0.13333333333333333 0.13333333333333333 0.5 3.5 34 32 2.31 1
0
APP_2_Inner_Layer_0:1 0.4666666666666667 0.4666666666666667 1.75 3.28 5 1 2.02 1
0
APP_2_Inner_Layer_1:0 0.3333333333333333 0.3333333333333333 1.25 2.63 46 14 3.47 1
1
APP_2_Inner_Layer_1:1 0.5333333333333333 0.5333333333333333 2.0 1.93 13 36 2.63 1
2
APP_2_Inner_Layer_1:2 0.13333333333333333 0.13333333333333333 0.5 2.68 37 30 3.86 1
1
APP_2_Inner_Layer_2:0 0.4 0.4 1.5 1.13 5 14 3.57 1
3 4 5
APP_2_Inner_Layer_3:0 0.4 0.4 1.5 2.63 30 47 2.78 1
6
APP_2_Output_Layer_0 0.06666666666666667 0.06666666666666667 0.25 3.25 45 26 1.69 1
7
12
1.0941613786979245
APP_3_Input_Layer_0 0.06666666666666667 0.06666666666666667 0.25 3.78 10 7 1.35 1

APP_3_Inner_Layer_0:0 0.26666666666666666 0.26666666666666666 1.0 2.03 42 42 3.85 1
0
APP_3_Inner_Layer_0:1 0.4 0.4 1.5 3.32 45 48 2.58 1
0
APP_3_Inner_Layer_1:0 0.5333333333333333 0.5333333333333333 2.0 2.76 22 46 1.09 1
1
APP_3_Inner_Layer_1:1 0.4666666666666667 0.4666666666666667 1.75 3.36 5 7 2.65 1
1 2
APP_3_Inner_Layer_2:0 0.5333333333333333 0.5333333333333333 2.0 3.22 17 21 1.69 1
4
APP_3_Inner_Layer_2:1 0.6 0.6 2.25 2.32 15 16 3.13 1
3 4
APP_3_Inner_Layer_2:2 0.06666666666666667 0.06666666666666667 0.25 2.1 5 15 2.54 1
4
APP_3_Inner_Layer_3:0 0.26666666666666666 0.26666666666666666 1.0 1.26 39 49 3.35 1
5 7
APP_3_Inner_Layer_3:1 0.2 0.2 0.75 3.81 21 46 2.98 1
6 7
APP_3_Inner_Layer_3:2 0.6 0.6 2.25 1.6 10 34 3.54 1
5 6
APP_3_Output_Layer_0 0.6 0.6 2.25 2.92 26 37 2.44 1
8 9 10
14
1.4208376453029101
APP_4_Input_Layer_0 0.2 0.2 0.75 2.68 13 22 3.08 1

APP_4_Inner_Layer_0:0 0.3333333333333333 0.3333333333333333 1.25 2.9 9 26 2.88 1
0
APP_4_Inner_Layer_0:1 0.5333333333333333 0.5333333333333333 2.0 1.02 5 46 3.45 1
0
APP_4_Inner_Layer_0:2 0.6 0.6 2.25 2.87 25 23 3.43 1
0
APP_4_Inner_Layer_1:0 0.6 0.6 2.25 3.93 19 22 3.03 1
1 3
APP_4_Inner_Layer_1:1 0.4 0.4 1.5 2.88 19 26 2.75 1
2 3
APP_4_Inner_Layer_1:2 0.5333333333333333 0.5333333333333333 2.0 2.73 47 28 3.95 1
1
APP_4_Inner_Layer_2:0 0.5333333333333333 0.5333333333333333 2.0 1.72 4 39 2.18 1
6
APP_4_Inner_Layer_2:1 0.5333333333333333 0.5333333333333333 2.0 2.8 14 33 1.64 1
4 5
APP_4_Inner_Layer_3:0 0.06666666666666667 0.06666666666666667 0.25 1.63 8 6 2.32 1
8
APP_4_Inner_Layer_3:1 0.5333333333333333 0.5333333333333333 2.0 2.25 9 27 1.95 1
7
APP_4_Inner_Layer_3:2 0.06666666666666667 0.06666666666666667 0.25 2.73 1 40 3.74 1
7 8
APP_4_Inner_Layer_3:3 0.13333333333333333 0.13333333333333333 0.5 1.73 16 43 2.16 1
8
APP_4_Output_Layer_0 0.06666666666666667 0.06666666666666667 0.25 1.99 39 33 3.59 1
9 10 11 12
9
1.97853663105416
APP_5_Input_Layer_0 0.26666666666666666 0.26666666666666666 1.0 1.64 18 26 2.46 1

APP_5_Inner_Layer_0:0 0.13333333333333333 0.13333333333333333 0.5 1.09 16 21 1.55 1
0
APP_5_Inner_Layer_0:1 0.13333333333333333 0.13333333333333333 0.5 2.87 39 21 1.36 1
0
APP_5_Inner_Layer_0:2 0.2 0.2 0.75 2.51 26 11 3.99 1
0
APP_5_Inner_Layer_0:3 0.06666666666666667 0.06666666666666667 0.25 3.07 38 43 3.48 1
0
APP_5_Inner_Layer_1:0 0.13333333333333333 0.13333333333333333 0.5 2.79 1 37 2.74 1
2 4
APP_5_Inner_Layer_1:1 0.26666666666666666 0.26666666666666666 1.0 2.02 7 38 1.71 1
1 2 3 4
APP_5_Inner_Layer_1:2 0.4666666666666667 0.4666666666666667 1.75 2.94 35 21 2.26 1
1 3
APP_5_Output_Layer_0 0.6 0.6 2.25 3.54 33 39 3.62 1
5 6 7
3
2.223460538778316
APP_6_Input_Layer_0 0.2 0.2 0.75 3.35 23 32 2.6 1

APP_6_Inner_Layer_0:0 0.3333333333333333 0.3333333333333333 1.25 3.26 48 20 3.94 1
0
APP_6_Output_Layer_0 0.4666666666666667 0.4666666666666667 1.75 1.77 18 30 2.24 0
1
6
2.7123299147044837
APP_7_Input_Layer_0 0.5333333333333333 0.5333333333333333 2.0 2.06 33 11 3.21 1

APP_7_Inner_Layer_0:0 0.06666666666666667 0.06666666666666667 0.25 1.59 11 19 3.11 1
0
APP_7_Inner_Layer_1:0 0.26666666666666666 0.26666666666666666 1.0 3.26 41 40 1.05 1
1
APP_7_Inner_Layer_1:1 0.4666666666666667 0.4666666666666667 1.75 3.55 27 29 3.72 1
1
APP_7_Inner_Layer_1:2 0.4 0.4 1.5 3.72 44 43 1.6 1
1
APP_7_Output_Layer_0 0.6 0.6 2.25 2.49 49 32 3.11 1
2 3 4
9
3.0315814251331963
APP_8_Input_Layer_0 0.13333333333333333 0.13333333333333333 0.5 1.91 48 10 2.13 1

APP_8_Inner_Layer_0:0 0.2 0.2 0.75 1.58 33 18 2.96 1
0
APP_8_Inner_Layer_0:1 0.2 0.2 0.75 1.73 28 40 2.78 1
0
APP_8_Inner_Layer_0:2 0.26666666666666666 0.26666666666666666 1.0 3.46 21 14 2.56 1
0
APP_8_Inner_Layer_0:3 0.3333333333333333 0.3333333333333333 1.25 1.56 39 33 1.42 1
0
APP_8_Inner_Layer_1:0 0.26666666666666666 0.26666666666666666 1.0 2.39 11 11 3.71 1
1 2
APP_8_Inner_Layer_1:1 0.2 0.2 0.75 2.3 8 43 2.36 1
4
APP_8_Inner_Layer_1:2 0.6 0.6 2.25 2.77 21 17 2.25 1
1 3 4
APP_8_Output_Layer_0 0.06666666666666667 0.06666666666666667 0.25 2.54 4 31 1.68 1
5 6 7
5
3.326816808446577
APP_9_Input_Layer_0 0.5333333333333333 0.5333333333333333 2.0 2.96 27 4 3.93 1

APP_9_Inner_Layer_0:0 0.6 0.6 2.25 1.39 7 17 3.64 1
0
APP_9_Inner_Layer_0:1 0.4 0.4 1.5 2.01 1 33 2.43 1
0
APP_9_Inner_Layer_0:2 0.3333333333333333 0.3333333333333333 1.25 2.06 5 44 2.9 1
0
APP_9_Output_Layer_0 0.4666666666666667 0.4666666666666667 1.75 1.34 14 14 2.48 1
1 2 3
6
3.61146573900027
APP_10_Input_Layer_0 0.06666666666666667 0.06666666666666667 0.25 1.24 46 17 3.37 1

APP_10_Inner_Layer_0:0 0.06666666666666667 0.06666666666666667 0.25 1.06 28 17 1.45 1
0
APP_10_Inner_Layer_0:1 0.6 0.6 2.25 2.94 46 27 2.21 1
0
APP_10_Inner_Layer_1:0 0.13333333333333333 0.13333333333333333 0.5 3.3 8 45 2.9 1
2
APP_10_Inner_Layer_1:1 0.4666666666666667 0.4666666666666667 1.75 1.16 29 8 2.82 1
1
APP_10_Output_Layer_0 0.13333333333333333 0.13333333333333333 0.5 2.6 45 18 2.12 1
3 4
10
3.853167265285592
APP_11_Input_Layer_0 0.13333333333333333 0.13333333333333333 0.5 2.34 20 16 3.76 1

APP_11_Inner_Layer_0:0 0.4666666666666667 0.4666666666666667 1.75 2.75 29 24 2.2 1
0
APP_11_Inner_Layer_0:1 0.4 0.4 1.5 2.16 27 23 1.15 1
0
APP_11_Inner_Layer_1:0 0.13333333333333333 0.13333333333333333 0.5 1.05 41 29 2.38 1
1 2
APP_11_Inner_Layer_2:0 0.4 0.4 1.5 3.89 5 19 2.57 1
3
APP_11_Inner_Layer_2:1 0.3333333333333333 0.3333333333333333 1.25 1.85 45 11 1.52 1
3
APP_11_Inner_Layer_2:2 0.4666666666666667 0.4666666666666667 1.75 3.92 13 21 1.45 1
3
APP_11_Inner_Layer_2:3 0.13333333333333333 0.13333333333333333 0.5 1.37 23 1 2.38 1
3
APP_11_Inner_Layer_3:0 0.26666666666666666 0.26666666666666666 1.0 2.22 48 43 3.83 1
4 5 6 7
APP_11_Output_Layer_0 0.4 0.4 1.5 1.44 9 14 1.94 1
8
8
4.4708707841915
APP_12_Input_Layer_0 0.26666666666666666 0.26666666666666666 1.0 3.64 25 14 3.25 1

APP_12_Inner_Layer_0:0 0.06666666666666667 0.06666666666666667 0.25 1.57 18 40 2.4 1
0
APP_12_Inner_Layer_0:1 0.3333333333333333 0.3333333333333333 1.25 1.89 10 11 3.97 1
0
APP_12_Inner_Layer_1:0 0.2 0.2 0.75 3.19 2 9 2.72 1
1 2
APP_12_Inner_Layer_1:1 0.4666666666666667 0.4666666666666667 1.75 3.07 12 49 3.51 1
1
APP_12_Inner_Layer_1:2 0.4666666666666667 0.4666666666666667 1.75 2.66 29 47 1.66 1
2
APP_12_Inner_Layer_1:3 0.06666666666666667 0.06666666666666667 0.25 2.05 32 8 1.15 1
1 2
APP_12_Output_Layer_0 0.4 0.4 1.5 3.04 40 48 3.5 1
3 4 5 6
4
4.7148261399987685
APP_13_Input_Layer_0 0.26666666666666666 0.26666666666666666 1.0 3.25 42 12 3.67 1

APP_13_Inner_Layer_0:0 0.2 0.2 0.75 1.24 5 2 1.49 1
0
APP_13_Inner_Layer_0:1 0.5333333333333333 0.5333333333333333 2.0 3.04 8 17 2.5 1
0
APP_13_Output_Layer_0 0.4 0.4 1.5 3.83 15 43 2.6 1
1 2
5
5.170840214408513
APP_14_Input_Layer_0 0.2 0.2 0.75 2.44 21 17 2.45 1

APP_14_Inner_Layer_0:0 0.4 0.4 1.5 2.96 26 4 3.66 1
0
APP_14_Inner_Layer_1:0 0.4666666666666667 0.4666666666666667 1.75 2.18 20 15 3.25 1
1
APP_14_Inner_Layer_1:1 0.5333333333333333 0.5333333333333333 2.0 1.62 22 32 2.85 1
1
APP_14_Output_Layer_0 0.4 0.4 1.5 2.92 47 17 4.0 1
2 3
7
5.646827651955325
APP_15_Input_Layer_0 0.06666666666666667 0.06666666666666667 0.25 1.25 29 29 3.34 1

APP_15_Inner_Layer_0:0 0.5333333333333333 0.5333333333333333 2.0 3.21 9 26 2.62 1
0
APP_15_Inner_Layer_0:1 0.6 0.6 2.25 1.94 2 48 3.1 1
0
APP_15_Inner_Layer_0:2 0.2 0.2 0.75 2.7 38 43 2.12 1
0
APP_15_Inner_Layer_0:3 0.4 0.4 1.5 3.0 17 29 2.54 1
0
APP_15_Inner_Layer_1:0 0.4 0.4 1.5 3.61 9 19 3.38 1
1 2 3 4
APP_15_Output_Layer_0 0.06666666666666667 0.06666666666666667 0.25 1.33 6 39 3.72 1
5
