10
16
12
0
APP_0_Input_Layer_0 0.2 0.2 0.75 1.87 16 35 2.24 1

APP_0_Inner_Layer_0:0 0.4666666666666667 0.4666666666666667 1.75 3.3 20 18 1.75 1
0
APP_0_Inner_Layer_0:1 0.4666666666666667 0.4666666666666667 1.75 3.25 46 24 3.62 1
0
APP_0_Inner_Layer_0:2 0.26666666666666666 0.26666666666666666 1.0 1.03 46 14 2.81 1
0
APP_0_Inner_Layer_0:3 0.6 0.6 2.25 1.15 44 49 2.41 1
0
APP_0_Inner_Layer_1:0 0.6 0.6 2.25 3.89 27 5 2.44 1
3
APP_0_Inner_Layer_1:1 0.5333333333333333 0.5333333333333333 2.0 1.24 34 32 3.06 1
1 2 3 4
APP_0_Inner_Layer_1:2 0.3333333333333333 0.3333333333333333 1.25 1.57 32 17 1.93 1
1 4
APP_0_Inner_Layer_2:0 0.4666666666666667 0.4666666666666667 1.75 3.17 8 43 3.8 1
6 7
APP_0_Inner_Layer_2:1 0.26666666666666666 0.26666666666666666 1.0 1.89 27 27 2.07 1
5
APP_0_Inner_Layer_2:2 0.2 0.2 0.75 3.9 30 18 3.82 1
6 7
APP_0_Output_Layer_0 0.5333333333333333 0.5333333333333333 2.0 1.87 13 44 2.08 1
8 9 10
7
0.3016751499258811
APP_1_Input_Layer_0 0.3333333333333333 0.3333333333333333 1.25 3.44 21 10 3.27 0

APP_1_Inner_Layer_0:0 0.13333333333333333 0.13333333333333333 0.5 2.83 41 15 2.08 1
0
APP_1_Inner_Layer_0:1 0.26666666666666666 0.26666666666666666 1.0 3.75 46 49 2.0 1
0
APP_1_Inner_Layer_0:2 0.5333333333333333 0.5333333333333333 2.0 2.37 9 25 3.67 1
0
APP_1_Inner_Layer_0:3 0.6 0.6 2.25 3.59 42 32 1.17 1
0
APP_1_Inner_Layer_1:0 0.4666666666666667 0.4666666666666667 1.75 3.27 44 34 2.77 1
1 2 3 4
APP_1_Output_Layer_0 0.26666666666666666 0.26666666666666666 1.0 3.6 7 32 1.04 1
5
4
0.6576800694907985
APP_2_Input_Layer_0 0.5333333333333333 0.5333333333333333 2.0 1.35 3 37 1.34 1

APP_2_Inner_Layer_0:0 0.26666666666666666 0.26666666666666666 1.0 3.27 24 32 3.39 1
0
APP_2_Inner_Layer_0:1 0.13333333333333333 0.13333333333333333 0.5 1.32 37 45 3.7 1
0
APP_2_Output_Layer_0 0.4666666666666667 0.4666666666666667 1.75 1.24 32 6 3.01 1
1 2
15
1.1202013466115293
APP_3_Input_Layer_0 0.26666666666666666 0.26666666666666666 1.0 2.7 11 27 1.68 0

APP_3_Inner_Layer_0:0 0.26666666666666666 0.26666666666666666 1.0 4.0 47 23 1.49 1
0
APP_3_Inner_Layer_0:1 0.06666666666666667 0.06666666666666667 0.25 1.81 6 3 2.27 1
0
APP_3_Inner_Layer_1:0 0.5333333333333333 0.5333333333333333 2.0 3.64 6 40 3.09 1
2
APP_3_Inner_Layer_1:1 0.4666666666666667 0.4666666666666667 1.75 2.91 15 20 3.45 1
1
APP_3_Inner_Layer_1:2 0.4666666666666667 0.4666666666666667 1.75 3.17 38 33 3.64 1
2
APP_3_Inner_Layer_2:0 0.13333333333333333 0.13333333333333333 0.5 2.23 33 16 3.51 1
5
APP_3_Inner_Layer_2:1 0.2 0.2 0.75 2.54 24 15 1.68 1
4 5
APP_3_Inner_Layer_2:2 0.5333333333333333 0.5333333333333333 2.0 3.1 4 22 1.43 1
3
APP_3_Inner_Layer_2:3 0.4666666666666667 0.4666666666666667 1.75 1.36 23 2 1.32 1
5 3
APP_3_Inner_Layer_3:0 0.4666666666666667 0.4666666666666667 1.75 3.22 13 44 2.78 1
8
APP_3_Inner_Layer_3:1 0.2 0.2 0.75 1.75 23 5 1.85 1
6 7
APP_3_Inner_Layer_3:2 0.4666666666666667 0.4666666666666667 1.75 3.28 9 8 3.49 1
9
APP_3_Inner_Layer_3:3 0.5333333333333333 0.5333333333333333 2.0 2.23 34 8 1.2 1
6 7
APP_3_Output_Layer_0 0.6 0.6 2.25 1.98 41 10 2.24 1
10 11 12 13
3
1.6940781257804698
APP_4_Input_Layer_0 0.2 0.2 0.75 1.02 23 4 2.21 1

APP_4_Inner_Layer_0:0 0.13333333333333333 0.13333333333333333 0.5 3.97 20 5 1.26 1
0
APP_4_Output_Layer_0 0.06666666666666667 0.06666666666666667 0.25 1.04 14 37 1.29 1
1
9
1.9486432878201816
APP_5_Input_Layer_0 0.2 0.2 0.75 1.25 35 36 1.91 1

APP_5_Inner_Layer_0:0 0.26666666666666666 0.26666666666666666 1.0 3.07 5 45 1.54 1
0
APP_5_Inner_Layer_0:1 0.6 0.6 2.25 3.61 40 18 2.05 1
0
APP_5_Inner_Layer_0:2 0.13333333333333333 0.13333333333333333 0.5 1.62 2 6 3.71 1
0
APP_5_Inner_Layer_0:3 0.13333333333333333 0.13333333333333333 0.5 1.63 42 48 3.48 1
0
APP_5_Inner_Layer_1:0 0.26666666666666666 0.26666666666666666 1.0 2.68 48 46 3.36 1
1 3 4
APP_5_Inner_Layer_1:1 0.06666666666666667 0.06666666666666667 0.25 1.95 43 20 2.5 1
2
APP_5_Inner_Layer_1:2 0.6 0.6 2.25 3.98 30 23 1.04 1
1 2 3 4
APP_5_Output_Layer_0 0.6 0.6 2.25 1.58 31 17 2.02 1
5 6 7
5
2.4085443712997563
APP_6_Input_Layer_0 0.3333333333333333 0.3333333333333333 1.25 3.43 30 40 2.07 0

APP_6_Inner_Layer_0:0 0.6 0.6 2.25 1.8 47 25 3.91 1
0
APP_6_Inner_Layer_0:1 0.26666666666666666 0.26666666666666666 1.0 3.67 49 42 2.12 1
0
APP_6_Inner_Layer_0:2 0.06666666666666667 0.06666666666666667 0.25 2.22 21 19 1.3 1
0
APP_6_Output_Layer_0 0.5333333333333333 0.5333333333333333 2.0 2.35 10 45 2.6 1
1 2 3
5
2.7557209784201446
APP_7_Input_Layer_0 0.26666666666666666 0.26666666666666666 1.0 1.23 46 22 3.78 0

APP_7_Inner_Layer_0:0 0.13333333333333333 0.13333333333333333 0.5 3.45 37 33 2.18 1
0
APP_7_Inner_Layer_0:1 0.13333333333333333 0.13333333333333333 0.5 3.47 5 46 1.21 1
0
APP_7_Inner_Layer_0:2 0.2 0.2 0.75 2.2 44 34 1.7 1
0
APP_7_Output_Layer_0 0.4666666666666667 0.4666666666666667 1.75 3.85 15 29 2.19 1
1 2 3
8
3.2062766556906714
APP_8_Input_Layer_0 0.3333333333333333 0.3333333333333333 1.25 2.91 14 41 1.76 1

APP_8_Inner_Layer_0:0 0.06666666666666667 0.06666666666666667 0.25 2.51 17 40 3.97 1
0
APP_8_Inner_Layer_1:0 0.5333333333333333 0.5333333333333333 2.0 2.93 2 49 1.33 1
1
APP_8_Inner_Layer_2:0 0.4 0.4 1.5 3.04 27 46 1.1 1
2
APP_8_Inner_Layer_2:1 0.2 0.2 0.75 2.67 40 13 2.77 1
2
APP_8_Inner_Layer_2:2 0.6 0.6 2.25 2.49 6 30 1.4 1
2
APP_8_Inner_Layer_2:3 0.4666666666666667 0.4666666666666667 1.75 3.05 7 32 3.2 1
2
APP_8_Output_Layer_0 0.5333333333333333 0.5333333333333333 2.0 1.94 26 35 1.27 1
3 4 5 6
13
3.4586151766125592
APP_9_Input_Layer_0 0.5333333333333333 0.5333333333333333 2.0 2.4 9 48 2.39 1

APP_9_Inner_Layer_0:0 0.4 0.4 1.5 2.57 18 17 3.53 1
0
APP_9_Inner_Layer_0:1 0.2 0.2 0.75 3.43 20 22 1.89 1
0
APP_9_Inner_Layer_0:2 0.4666666666666667 0.4666666666666667 1.75 1.89 37 36 1.0 1
0
APP_9_Inner_Layer_0:3 0.3333333333333333 0.3333333333333333 1.25 3.67 9 36 3.0 1
0
APP_9_Inner_Layer_1:0 0.3333333333333333 0.3333333333333333 1.25 2.78 7 49 2.96 1
1 2 3 4
APP_9_Inner_Layer_2:0 0.2 0.2 0.75 2.96 48 46 2.95 1
5
APP_9_Inner_Layer_2:1 0.2 0.2 0.75 3.82 13 45 1.18 1
5
APP_9_Inner_Layer_2:2 0.5333333333333333 0.5333333333333333 2.0 3.71 13 23 2.87 1
5
APP_9_Inner_Layer_2:3 0.3333333333333333 0.3333333333333333 1.25 1.11 40 46 3.68 1
5
APP_9_Inner_Layer_3:0 0.6 0.6 2.25 3.1 3 37 1.81 1
8 9
APP_9_Inner_Layer_3:1 0.5333333333333333 0.5333333333333333 2.0 3.71 10 19 3.09 1
6 7
APP_9_Output_Layer_0 0.06666666666666667 0.06666666666666667 0.25 2.55 10 2 1.03 1
10 11
3
3.881758151527917
APP_10_Input_Layer_0 0.2 0.2 0.75 2.85 34 19 3.94 1

APP_10_Inner_Layer_0:0 0.6 0.6 2.25 3.44 16 18 1.02 1
0
APP_10_Output_Layer_0 0.4666666666666667 0.4666666666666667 1.75 1.08 20 27 3.12 1
1
3
4.3631069645217515
APP_11_Input_Layer_0 0.06666666666666667 0.06666666666666667 0.25 3.25 26 23 2.55 1

APP_11_Inner_Layer_0:0 0.6 0.6 2.25 3.08 49 41 2.56 1
0
APP_11_Output_Layer_0 0.3333333333333333 0.3333333333333333 1.25 3.8 36 48 3.67 1
1
9
4.72444115882538
APP_12_Input_Layer_0 0.4666666666666667 0.4666666666666667 1.75 3.77 6 30 1.02 1

APP_12_Inner_Layer_0:0 0.4666666666666667 0.4666666666666667 1.75 2.38 5 42 2.49 1
0
APP_12_Inner_Layer_0:1 0.3333333333333333 0.3333333333333333 1.25 2.86 7 16 2.36 1
0
APP_12_Inner_Layer_0:2 0.4666666666666667 0.4666666666666667 1.75 2.27 1 14 1.65 1
0
APP_12_Inner_Layer_1:0 0.06666666666666667 0.06666666666666667 0.25 2.52 11 37 3.97 1
1 2
APP_12_Inner_Layer_1:1 0.4 0.4 1.5 3.13 17 4 1.72 1
3
APP_12_Inner_Layer_1:2 0.6 0.6 2.25 3.87 8 38 3.31 1
3
APP_12_Inner_Layer_1:3 0.3333333333333333 0.3333333333333333 1.25 3.71 33 40 3.31 1
1 3
APP_12_Output_Layer_0 0.2 0.2 0.75 1.51 33 19 3.29 1
4 5 6 7
5
5.327543383957177
APP_13_Input_Layer_0 0.6 0.6 2.25 2.93 11 16 1.72 1

APP_13_Inner_Layer_0:0 0.2 0.2 0.75 2.36 30 40 3.01 1
0
APP_13_Inner_Layer_0:1 0.06666666666666667 0.06666666666666667 0.25 2.55 28 26 3.7 1
0
APP_13_Inner_Layer_0:2 0.06666666666666667 0.06666666666666667 0.25 3.56 10 15 1.61 1
0
APP_13_Output_Layer_0 0.2 0.2 0.75 3.32 45 32 1.53 1
1 2 3
11
5.72580511680824
APP_14_Input_Layer_0 0.4 0.4 1.5 1.67 24 34 2.27 1

APP_14_Inner_Layer_0:0 0.06666666666666667 0.06666666666666667 0.25 1.92 29 13 1.87 1
0
APP_14_Inner_Layer_0:1 0.13333333333333333 0.13333333333333333 0.5 1.57 10 31 1.88 1
0
APP_14_Inner_Layer_1:0 0.3333333333333333 0.3333333333333333 1.25 3.3 1 13 3.1 1
1 2
APP_14_Inner_Layer_2:0 0.26666666666666666 0.26666666666666666 1.0 1.89 26 24 1.79 1
3
APP_14_Inner_Layer_2:1 0.5333333333333333 0.5333333333333333 2.0 3.67 37 5 2.93 1
3
APP_14_Inner_Layer_2:2 0.4666666666666667 0.4666666666666667 1.75 2.37 5 26 2.24 1
3
APP_14_Inner_Layer_2:3 0.4 0.4 1.5 3.95 22 22 2.89 1
3
APP_14_Inner_Layer_3:0 0.5333333333333333 0.5333333333333333 2.0 1.07 1 23 3.53 1
6 7
APP_14_Inner_Layer_3:1 0.06666666666666667 0.06666666666666667 0.25 2.36 5 32 2.55 1
4 5
APP_14_Output_Layer_0 0.3333333333333333 0.3333333333333333 1.25 2.83 9 37 2.95 1
8 9
8
6.02144255021088
APP_15_Input_Layer_0 0.13333333333333333 0.13333333333333333 0.5 2.52 18 38 2.17 1

APP_15_Inner_Layer_0:0 0.3333333333333333 0.3333333333333333 1.25 1.32 44 48 1.34 1
0
APP_15_Inner_Layer_0:1 0.13333333333333333 0.13333333333333333 0.5 3.14 8 22 2.91 1
0
APP_15_Inner_Layer_1:0 0.4 0.4 1.5 3.77 48 47 1.56 1
1
APP_15_Inner_Layer_1:1 0.3333333333333333 0.3333333333333333 1.25 1.53 17 39 1.13 1
1 2
APP_15_Inner_Layer_1:2 0.6 0.6 2.25 2.42 30 22 1.04 1
1
APP_15_Inner_Layer_1:3 0.4666666666666667 0.4666666666666667 1.75 3.25 32 2 2.01 1
1
APP_15_Output_Layer_0 0.26666666666666666 0.26666666666666666 1.0 1.86 29 24 1.8 1
3 4 5 6
