10
2
15
0
APP_0_Input_Layer_0 0.4 0.4 1.5 1.92 12 22 3.9 1

APP_0_Inner_Layer_0:0 0.6 0.6 2.25 3.42 13 48 1.99 1
0
APP_0_Inner_Layer_0:1 0.3333333333333333 0.3333333333333333 1.25 2.95 20 22 2.42 1
0
APP_0_Inner_Layer_0:2 0.4 0.4 1.5 1.69 43 2 2.87 1
0
APP_0_Inner_Layer_0:3 0.3333333333333333 0.3333333333333333 1.25 3.38 12 6 1.24 1
0
APP_0_Inner_Layer_1:0 0.3333333333333333 0.3333333333333333 1.25 3.55 33 43 3.82 1
2 3 4
APP_0_Inner_Layer_1:1 0.4666666666666667 0.4666666666666667 1.75 2.14 17 33 3.59 1
4
APP_0_Inner_Layer_1:2 0.6 0.6 2.25 2.61 5 32 2.68 1
1 3
APP_0_Inner_Layer_1:3 0.5333333333333333 0.5333333333333333 2.0 2.47 7 14 3.05 1
1 3 4
APP_0_Inner_Layer_2:0 0.4666666666666667 0.4666666666666667 1.75 2.01 44 24 3.65 1
6
APP_0_Inner_Layer_2:1 0.6 0.6 2.25 3.09 45 16 1.46 1
5 7 8
APP_0_Inner_Layer_3:0 0.13333333333333333 0.13333333333333333 0.5 1.49 32 9 1.22 1
9
APP_0_Inner_Layer_3:1 0.5333333333333333 0.5333333333333333 2.0 3.88 12 25 3.15 1
9
APP_0_Inner_Layer_3:2 0.4666666666666667 0.4666666666666667 1.75 2.47 25 37 3.9 1
10
APP_0_Output_Layer_0 0.4 0.4 1.5 1.25 1 4 3.12 1
11 12 13
11
3.013494602981529
APP_1_Input_Layer_0 0.3333333333333333 0.3333333333333333 1.25 2.27 34 2 2.14 1

APP_1_Inner_Layer_0:0 0.5333333333333333 0.5333333333333333 2.0 3.63 27 49 2.27 1
0
APP_1_Inner_Layer_0:1 0.2 0.2 0.75 2.11 33 49 1.73 1
0
APP_1_Inner_Layer_1:0 0.6 0.6 2.25 1.23 46 4 2.14 1
2
APP_1_Inner_Layer_1:1 0.4 0.4 1.5 3.34 37 39 1.38 1
1 2
APP_1_Inner_Layer_2:0 0.06666666666666667 0.06666666666666667 0.25 3.73 31 2 3.49 1
3
APP_1_Inner_Layer_2:1 0.5333333333333333 0.5333333333333333 2.0 1.24 25 1 3.12 1
4
APP_1_Inner_Layer_2:2 0.06666666666666667 0.06666666666666667 0.25 3.81 9 25 2.76 1
3 4
APP_1_Inner_Layer_3:0 0.06666666666666667 0.06666666666666667 0.25 3.07 49 5 2.33 1
5 7
APP_1_Inner_Layer_3:1 0.5333333333333333 0.5333333333333333 2.0 1.32 33 20 2.82 1
6
APP_1_Output_Layer_0 0.2 0.2 0.75 2.82 12 24 2.3 1
8 9
