10
2
3
0
APP_0_Input_Layer_0 0.6 0.6 2.25 2.76 47 40 2.89 0

APP_0_Inner_Layer_0:0 0.2 0.2 0.75 3.11 23 25 3.67 1
0
APP_0_Output_Layer_0 0.3333333333333333 0.3333333333333333 1.25 2.64 18 40 2.75 1
1
7
2.478563763886459
APP_1_Input_Layer_0 0.4 0.4 1.5 3.95 39 21 1.39 1

APP_1_Inner_Layer_0:0 0.06666666666666667 0.06666666666666667 0.25 2.51 11 4 3.67 1
0
APP_1_Inner_Layer_0:1 0.2 0.2 0.75 3.54 36 43 1.8 1
0
APP_1_Inner_Layer_0:2 0.4666666666666667 0.4666666666666667 1.75 3.43 28 9 1.46 1
0
APP_1_Inner_Layer_1:0 0.13333333333333333 0.13333333333333333 0.5 1.87 41 44 3.82 1
2
APP_1_Inner_Layer_1:1 0.13333333333333333 0.13333333333333333 0.5 2.77 5 18 2.38 1
1 3
APP_1_Output_Layer_0 0.6 0.6 2.25 2.92 5 1 2.52 0
4 5
