10
2
7
0
APP_0_Input_Layer_0 0.4666666666666667 0.4666666666666667 1.75 3.5 39 30 3.22 1

APP_0_Inner_Layer_0:0 0.3333333333333333 0.3333333333333333 1.25 2.14 8 12 2.83 1
0
APP_0_Inner_Layer_1:0 0.4 0.4 1.5 1.05 10 39 2.88 1
1
APP_0_Inner_Layer_1:1 0.06666666666666667 0.06666666666666667 0.25 1.54 43 42 3.22 1
1
APP_0_Inner_Layer_2:0 0.2 0.2 0.75 3.22 47 13 1.69 1
2 3
APP_0_Inner_Layer_3:0 0.4 0.4 1.5 1.17 48 9 3.53 1
4
APP_0_Output_Layer_0 0.13333333333333333 0.13333333333333333 0.5 3.69 20 11 2.06 1
5
11
4.732568213840982
APP_1_Input_Layer_0 0.26666666666666666 0.26666666666666666 1.0 2.08 44 24 1.83 1

APP_1_Inner_Layer_0:0 0.13333333333333333 0.13333333333333333 0.5 3.31 2 40 3.59 1
0
APP_1_Inner_Layer_0:1 0.6 0.6 2.25 1.72 32 30 2.05 1
0
APP_1_Inner_Layer_0:2 0.4666666666666667 0.4666666666666667 1.75 3.46 22 42 1.67 1
0
APP_1_Inner_Layer_1:0 0.26666666666666666 0.26666666666666666 1.0 1.4 15 36 2.51 1
2
APP_1_Inner_Layer_1:1 0.2 0.2 0.75 2.61 16 24 1.14 1
1 3
APP_1_Inner_Layer_1:2 0.6 0.6 2.25 3.23 11 14 3.4 1
2 3
APP_1_Inner_Layer_1:3 0.13333333333333333 0.13333333333333333 0.5 2.43 11 23 1.44 1
1 2
APP_1_Inner_Layer_2:0 0.4666666666666667 0.4666666666666667 1.75 3.43 4 13 1.46 1
5 6 7
APP_1_Inner_Layer_2:1 0.4666666666666667 0.4666666666666667 1.75 3.04 9 9 1.07 1
4
APP_1_Output_Layer_0 0.13333333333333333 0.13333333333333333 0.5 2.17 36 37 2.94 1
8 9
