10
2
11
0
APP_0_Input_Layer_0 0.2 0.2 0.75 3.55 17 40 1.38 1

APP_0_Inner_Layer_0:0 0.2 0.2 0.75 3.08 45 40 3.6 1
0
APP_0_Inner_Layer_0:1 0.13333333333333333 0.13333333333333333 0.5 3.49 46 28 3.85 1
0
APP_0_Inner_Layer_0:2 0.4666666666666667 0.4666666666666667 1.75 3.85 10 44 2.46 1
0
APP_0_Inner_Layer_1:0 0.06666666666666667 0.06666666666666667 0.25 3.96 36 20 2.74 1
1 2
APP_0_Inner_Layer_1:1 0.2 0.2 0.75 1.47 32 17 2.16 1
2 3
APP_0_Inner_Layer_1:2 0.2 0.2 0.75 3.05 41 1 2.83 1
1 2 3
APP_0_Inner_Layer_2:0 0.4 0.4 1.5 3.65 30 45 2.68 1
4
APP_0_Inner_Layer_2:1 0.4666666666666667 0.4666666666666667 1.75 1.41 7 27 1.02 1
5 6
APP_0_Inner_Layer_2:2 0.3333333333333333 0.3333333333333333 1.25 1.43 10 8 1.58 1
4
APP_0_Output_Layer_0 0.06666666666666667 0.06666666666666667 0.25 2.9 32 1 1.88 1
7 8 9
9
1.9708340527404535
APP_1_Input_Layer_0 0.06666666666666667 0.06666666666666667 0.25 1.85 43 33 1.72 1

APP_1_Inner_Layer_0:0 0.4 0.4 1.5 3.6 45 10 1.57 1
0
APP_1_Inner_Layer_0:1 0.26666666666666666 0.26666666666666666 1.0 2.43 47 20 3.67 1
0
APP_1_Inner_Layer_1:0 0.4 0.4 1.5 1.42 12 26 3.75 1
2
APP_1_Inner_Layer_1:1 0.06666666666666667 0.06666666666666667 0.25 3.12 31 45 3.08 1
2
APP_1_Inner_Layer_1:2 0.06666666666666667 0.06666666666666667 0.25 1.38 47 7 1.03 1
1
APP_1_Inner_Layer_2:0 0.6 0.6 2.25 1.24 22 40 1.94 1
4 5
APP_1_Inner_Layer_2:1 0.4666666666666667 0.4666666666666667 1.75 3.99 19 43 3.63 1
3
APP_1_Output_Layer_0 0.4666666666666667 0.4666666666666667 1.75 3.09 1 41 2.5 0
6 7
