10
1
8
0
APP_0_Input_Layer_0 0.13333333333333333 0.13333333333333333 0.5 3.6 17 27 3.95 1

APP_0_Inner_Layer_0:0 0.3333333333333333 0.3333333333333333 1.25 2.35 32 40 1.68 1
0
APP_0_Inner_Layer_0:1 0.5333333333333333 0.5333333333333333 2.0 2.47 5 22 3.9 1
0
APP_0_Inner_Layer_0:2 0.13333333333333333 0.13333333333333333 0.5 3.75 22 20 1.56 0
0
APP_0_Inner_Layer_0:3 0.4 0.4 1.5 3.69 6 49 3.12 1
0
APP_0_Inner_Layer_1:0 0.06666666666666667 0.06666666666666667 0.25 1.41 34 36 3.35 1
3 4
APP_0_Inner_Layer_1:1 0.06666666666666667 0.06666666666666667 0.25 1.59 3 31 4.0 1
1 2
APP_0_Output_Layer_0 0.3333333333333333 0.3333333333333333 1.25 3.1 9 25 1.85 1
5 6
