10
1
12
0
APP_0_Input_Layer_0 0.3333333333333333 0.3333333333333333 1.25 2.0 2 11 1.9 1

APP_0_Inner_Layer_0:0 0.26666666666666666 0.26666666666666666 1.0 3.95 16 17 3.17 1
0
APP_0_Inner_Layer_0:1 0.26666666666666666 0.26666666666666666 1.0 2.99 21 2 2.86 1
0
APP_0_Inner_Layer_0:2 0.26666666666666666 0.26666666666666666 1.0 3.45 32 3 2.75 1
0
APP_0_Inner_Layer_1:0 0.2 0.2 0.75 3.78 44 37 1.85 0
1 3
APP_0_Inner_Layer_1:1 0.5333333333333333 0.5333333333333333 2.0 3.65 27 43 2.29 1
2
APP_0_Inner_Layer_2:0 0.2 0.2 0.75 1.93 24 49 2.27 1
4 5
APP_0_Inner_Layer_3:0 0.6 0.6 2.25 2.46 18 38 3.75 0
6
APP_0_Inner_Layer_3:1 0.6 0.6 2.25 3.97 1 48 3.08 1
6
APP_0_Inner_Layer_3:2 0.13333333333333333 0.13333333333333333 0.5 1.85 42 27 1.62 1
6
APP_0_Inner_Layer_3:3 0.3333333333333333 0.3333333333333333 1.25 3.0 8 39 3.7 1
6
APP_0_Output_Layer_0 0.3333333333333333 0.3333333333333333 1.25 1.68 23 17 2.44 1
7 8 9 10
