10
1
12
0
APP_0_Input_Layer_0 0.3333333333333333 0.3333333333333333 1.25 2.83 49 47 1.46 1

APP_0_Inner_Layer_0:0 0.3333333333333333 0.3333333333333333 1.25 2.37 7 35 1.85 0
0
APP_0_Inner_Layer_0:1 0.26666666666666666 0.26666666666666666 1.0 1.63 6 12 2.89 1
0
APP_0_Inner_Layer_0:2 0.26666666666666666 0.26666666666666666 1.0 2.13 35 29 1.0 0
0
APP_0_Inner_Layer_1:0 0.06666666666666667 0.06666666666666667 0.25 3.69 21 32 2.86 1
1 2 3
APP_0_Inner_Layer_2:0 0.2 0.2 0.75 3.02 29 43 1.56 1
4
APP_0_Inner_Layer_2:1 0.26666666666666666 0.26666666666666666 1.0 1.22 42 22 1.63 1
4
APP_0_Inner_Layer_2:2 0.26666666666666666 0.26666666666666666 1.0 2.47 42 13 2.81 1
4
APP_0_Inner_Layer_3:0 0.06666666666666667 0.06666666666666667 0.25 1.12 15 41 2.39 0
5 7
APP_0_Inner_Layer_3:1 0.6 0.6 2.25 3.89 42 8 2.18 1
7
APP_0_Inner_Layer_3:2 0.6 0.6 2.25 2.37 40 22 3.66 1
5 6 7
APP_0_Output_Layer_0 0.4 0.4 1.5 3.73 43 12 3.04 1
8 9 10
