10
1
12
0
APP_0_Input_Layer_0 0.06666666666666667 0.06666666666666667 0.25 3.84 41 11 2.24 1

APP_0_Inner_Layer_0:0 0.4666666666666667 0.4666666666666667 1.75 2.4 34 18 1.48 1
0
APP_0_Inner_Layer_0:1 0.6 0.6 2.25 2.86 30 44 1.95 1
0
APP_0_Inner_Layer_0:2 0.4666666666666667 0.4666666666666667 1.75 1.73 17 6 3.8 0
0
APP_0_Inner_Layer_0:3 0.3333333333333333 0.3333333333333333 1.25 2.1 45 13 2.04 1
0
APP_0_Inner_Layer_1:0 0.3333333333333333 0.3333333333333333 1.25 2.45 44 20 3.46 1
3
APP_0_Inner_Layer_1:1 0.26666666666666666 0.26666666666666666 1.0 1.65 11 39 1.12 1
1 2 4
APP_0_Inner_Layer_2:0 0.06666666666666667 0.06666666666666667 0.25 3.31 18 30 1.24 1
5 6
APP_0_Inner_Layer_2:1 0.4 0.4 1.5 3.66 6 37 3.76 1
5
APP_0_Inner_Layer_2:2 0.13333333333333333 0.13333333333333333 0.5 3.3 46 14 2.33 1
6
APP_0_Inner_Layer_2:3 0.6 0.6 2.25 3.0 4 19 3.02 1
5
APP_0_Output_Layer_0 0.4 0.4 1.5 2.4 3 5 3.93 1
7 8 9 10
