10
1
9
0
APP_0_Input_Layer_0 0.26666666666666666 0.26666666666666666 1.0 2.15 10 28 2.47 1

APP_0_Inner_Layer_0:0 0.6 0.6 2.25 1.36 11 32 1.17 0
0
APP_0_Inner_Layer_1:0 0.3333333333333333 0.3333333333333333 1.25 1.12 37 21 3.46 1
1
APP_0_Inner_Layer_2:0 0.4666666666666667 0.4666666666666667 1.75 2.54 7 22 2.32 1
2
APP_0_Inner_Layer_2:1 0.2 0.2 0.75 3.63 45 5 2.57 1
2
APP_0_Inner_Layer_2:2 0.26666666666666666 0.26666666666666666 1.0 1.32 34 42 2.59 1
2
APP_0_Inner_Layer_2:3 0.26666666666666666 0.26666666666666666 1.0 1.71 33 30 1.06 1
2
APP_0_Inner_Layer_3:0 0.3333333333333333 0.3333333333333333 1.25 1.6 18 39 2.15 1
3 4 5 6
APP_0_Output_Layer_0 0.13333333333333333 0.13333333333333333 0.5 2.64 43 28 1.33 0
7
