10
1
7
0
APP_0_Input_Layer_0 0.5333333333333333 0.5333333333333333 2.0 1.72 31 4 3.1 1

APP_0_Inner_Layer_0:0 0.3333333333333333 0.3333333333333333 1.25 2.02 38 48 2.42 1
0
APP_0_Inner_Layer_1:0 0.2 0.2 0.75 3.03 11 5 1.06 1
1
APP_0_Inner_Layer_1:1 0.4666666666666667 0.4666666666666667 1.75 2.72 13 13 3.26 1
1
APP_0_Inner_Layer_1:2 0.26666666666666666 0.26666666666666666 1.0 2.36 24 6 1.51 1
1
APP_0_Inner_Layer_1:3 0.6 0.6 2.25 3.05 33 24 1.7 0
1
APP_0_Output_Layer_0 0.6 0.6 2.25 2.23 39 39 1.07 1
2 3 4 5
