10
1
8
0
APP_0_Input_Layer_0 0.26666666666666666 0.26666666666666666 1.0 2.44 23 37 2.63 1

APP_0_Inner_Layer_0:0 0.26666666666666666 0.26666666666666666 1.0 2.27 22 24 3.76 1
0
APP_0_Inner_Layer_0:1 0.5333333333333333 0.5333333333333333 2.0 3.14 19 15 2.06 1
0
APP_0_Inner_Layer_0:2 0.13333333333333333 0.13333333333333333 0.5 3.41 17 24 1.89 1
0
APP_0_Inner_Layer_0:3 0.4666666666666667 0.4666666666666667 1.75 2.37 4 33 2.75 1
0
APP_0_Inner_Layer_1:0 0.4 0.4 1.5 3.29 2 7 2.39 1
1 2 3 4
APP_0_Inner_Layer_2:0 0.3333333333333333 0.3333333333333333 1.25 1.9 2 44 2.44 1
5
APP_0_Output_Layer_0 0.13333333333333333 0.13333333333333333 0.5 1.16 25 28 1.89 1
6
