10
4
4
0
APP_0_Input_Layer_0 0.3333333333333333 0.3333333333333333 1.25 3.56 45 14 1.04 1

APP_0_Inner_Layer_0:0 0.3333333333333333 0.3333333333333333 1.25 2.84 21 28 3.79 1
0
APP_0_Inner_Layer_1:0 0.26666666666666666 0.26666666666666666 1.0 3.13 30 46 2.44 1
1
APP_0_Output_Layer_0 0.13333333333333333 0.13333333333333333 0.5 1.48 8 39 3.02 1
2
11
2.2523515700446146
APP_1_Input_Layer_0 0.06666666666666667 0.06666666666666667 0.25 1.81 45 45 2.44 0

APP_1_Inner_Layer_0:0 0.4 0.4 1.5 2.08 49 40 1.45 1
0
APP_1_Inner_Layer_0:1 0.06666666666666667 0.06666666666666667 0.25 3.42 11 1 1.18 1
0
APP_1_Inner_Layer_1:0 0.3333333333333333 0.3333333333333333 1.25 3.74 33 43 1.01 1
2
APP_1_Inner_Layer_1:1 0.4666666666666667 0.4666666666666667 1.75 1.09 48 25 2.1 1
2
APP_1_Inner_Layer_1:2 0.3333333333333333 0.3333333333333333 1.25 1.74 46 24 2.44 1
1 2
APP_1_Inner_Layer_2:0 0.4 0.4 1.5 1.11 46 31 3.07 1
4
APP_1_Inner_Layer_2:1 0.2 0.2 0.75 1.38 37 34 2.55 1
5
APP_1_Inner_Layer_2:2 0.4666666666666667 0.4666666666666667 1.75 1.73 2 44 1.58 1
3 5
APP_1_Inner_Layer_2:3 0.06666666666666667 0.06666666666666667 0.25 2.23 36 19 1.03 1
4 5
APP_1_Output_Layer_0 0.26666666666666666 0.26666666666666666 1.0 3.38 29 12 2.86 1
6 7 8 9
6
4.179723249684323
APP_2_Input_Layer_0 0.4666666666666667 0.4666666666666667 1.75 3.06 8 8 3.55 1

APP_2_Inner_Layer_0:0 0.3333333333333333 0.3333333333333333 1.25 1.53 42 33 2.22 1
0
APP_2_Inner_Layer_0:1 0.06666666666666667 0.06666666666666667 0.25 2.6 26 25 3.0 1
0
APP_2_Inner_Layer_0:2 0.4666666666666667 0.4666666666666667 1.75 3.47 20 17 2.08 1
0
APP_2_Inner_Layer_0:3 0.5333333333333333 0.5333333333333333 2.0 2.88 5 3 3.5 1
0
APP_2_Output_Layer_0 0.4 0.4 1.5 1.33 41 36 2.45 1
1 2 3 4
8
5.390468868984971
APP_3_Input_Layer_0 0.5333333333333333 0.5333333333333333 2.0 2.55 34 7 3.76 0

APP_3_Inner_Layer_0:0 0.26666666666666666 0.26666666666666666 1.0 2.93 4 36 3.69 1
0
APP_3_Inner_Layer_0:1 0.06666666666666667 0.06666666666666667 0.25 3.88 8 31 2.69 1
0
APP_3_Inner_Layer_1:0 0.2 0.2 0.75 1.08 42 7 3.55 1
1
APP_3_Inner_Layer_1:1 0.4666666666666667 0.4666666666666667 1.75 2.73 43 24 3.7 1
2
APP_3_Inner_Layer_1:2 0.4 0.4 1.5 3.25 42 21 2.19 1
2
APP_3_Inner_Layer_2:0 0.13333333333333333 0.13333333333333333 0.5 3.77 9 43 1.24 1
3 4 5
APP_3_Output_Layer_0 0.2 0.2 0.75 1.18 6 16 2.48 1
6
