10
4
11
0
APP_0_Input_Layer_0 0.6 0.6 2.25 2.43 2 22 3.21 1

APP_0_Inner_Layer_0:0 0.2 0.2 0.75 3.33 12 24 2.48 1
0
APP_0_Inner_Layer_1:0 0.2 0.2 0.75 1.58 1 15 1.51 1
1
APP_0_Inner_Layer_1:1 0.5333333333333333 0.5333333333333333 2.0 1.9 22 31 1.63 1
1
APP_0_Inner_Layer_1:2 0.2 0.2 0.75 1.12 17 39 3.64 1
1
APP_0_Inner_Layer_2:0 0.06666666666666667 0.06666666666666667 0.25 3.07 23 11 2.8 1
3
APP_0_Inner_Layer_2:1 0.13333333333333333 0.13333333333333333 0.5 2.09 32 27 3.78 1
2 3 4
APP_0_Inner_Layer_3:0 0.5333333333333333 0.5333333333333333 2.0 2.82 45 21 1.41 1
5 6
APP_0_Inner_Layer_3:1 0.6 0.6 2.25 3.25 40 10 3.16 1
6
APP_0_Inner_Layer_3:2 0.6 0.6 2.25 3.68 5 13 3.58 1
6
APP_0_Output_Layer_0 0.06666666666666667 0.06666666666666667 0.25 1.95 6 26 1.79 1
7 8 9
11
1.3156104431707474
APP_1_Input_Layer_0 0.3333333333333333 0.3333333333333333 1.25 1.71 25 34 1.42 1

APP_1_Inner_Layer_0:0 0.13333333333333333 0.13333333333333333 0.5 2.56 2 6 3.37 1
0
APP_1_Inner_Layer_0:1 0.2 0.2 0.75 1.24 7 33 1.91 1
0
APP_1_Inner_Layer_0:2 0.26666666666666666 0.26666666666666666 1.0 3.55 44 17 3.19 1
0
APP_1_Inner_Layer_1:0 0.6 0.6 2.25 1.24 47 31 3.76 1
1 2
APP_1_Inner_Layer_1:1 0.26666666666666666 0.26666666666666666 1.0 1.72 34 45 3.62 1
3
APP_1_Inner_Layer_1:2 0.5333333333333333 0.5333333333333333 2.0 1.79 16 5 1.11 1
2
APP_1_Inner_Layer_2:0 0.26666666666666666 0.26666666666666666 1.0 1.29 43 1 1.11 1
4 5
APP_1_Inner_Layer_2:1 0.3333333333333333 0.3333333333333333 1.25 2.1 47 24 3.1 1
4 5 6
APP_1_Inner_Layer_2:2 0.06666666666666667 0.06666666666666667 0.25 2.13 16 33 3.24 1
4 6
APP_1_Output_Layer_0 0.2 0.2 0.75 3.83 34 35 1.8 1
7 8 9
9
2.456283316625214
APP_2_Input_Layer_0 0.3333333333333333 0.3333333333333333 1.25 1.06 8 26 3.85 1

APP_2_Inner_Layer_0:0 0.4 0.4 1.5 1.88 15 33 3.15 1
0
APP_2_Inner_Layer_0:1 0.13333333333333333 0.13333333333333333 0.5 3.01 28 22 3.68 1
0
APP_2_Inner_Layer_1:0 0.3333333333333333 0.3333333333333333 1.25 2.68 41 27 2.0 1
1 2
APP_2_Inner_Layer_1:1 0.13333333333333333 0.13333333333333333 0.5 3.83 34 37 1.97 1
1 2
APP_2_Inner_Layer_1:2 0.4 0.4 1.5 1.28 49 45 3.23 1
2
APP_2_Inner_Layer_1:3 0.4 0.4 1.5 2.43 9 45 2.12 1
1
APP_2_Inner_Layer_2:0 0.26666666666666666 0.26666666666666666 1.0 2.62 47 14 1.56 1
3 4 5 6
APP_2_Output_Layer_0 0.3333333333333333 0.3333333333333333 1.25 1.96 29 36 1.29 1
7
7
4.542677952431029
APP_3_Input_Layer_0 0.13333333333333333 0.13333333333333333 0.5 3.5 12 30 3.58 1

APP_3_Inner_Layer_0:0 0.2 0.2 0.75 2.09 33 37 3.72 1
0
APP_3_Inner_Layer_0:1 0.6 0.6 2.25 3.53 18 4 4.0 1
0
APP_3_Inner_Layer_0:2 0.4666666666666667 0.4666666666666667 1.75 1.14 34 2 2.07 1
0
APP_3_Inner_Layer_1:0 0.4666666666666667 0.4666666666666667 1.75 1.93 26 2 3.56 1
1 2 3
APP_3_Inner_Layer_1:1 0.13333333333333333 0.13333333333333333 0.5 2.1 28 31 1.6 1
3 2
APP_3_Output_Layer_0 0.13333333333333333 0.13333333333333333 0.5 1.65 22 33 2.9 1
4 5
