10
4
5
0
APP_0_Input_Layer_0 0.3333333333333333 0.3333333333333333 1.25 2.7 43 29 1.34 1

APP_0_Inner_Layer_0:0 0.5333333333333333 0.5333333333333333 2.0 3.29 2 49 2.99 1
0
APP_0_Inner_Layer_1:0 0.6 0.6 2.25 1.94 31 40 1.86 1
1
APP_0_Inner_Layer_1:1 0.26666666666666666 0.26666666666666666 1.0 2.04 42 28 2.16 1
1
APP_0_Output_Layer_0 0.4666666666666667 0.4666666666666667 1.75 2.65 45 22 3.95 1
2 3
6
1.8263204345883244
APP_1_Input_Layer_0 0.4 0.4 1.5 2.18 37 46 1.07 1

APP_1_Inner_Layer_0:0 0.13333333333333333 0.13333333333333333 0.5 2.27 8 21 2.67 1
0
APP_1_Inner_Layer_0:1 0.6 0.6 2.25 3.39 41 28 2.18 1
0
APP_1_Inner_Layer_0:2 0.3333333333333333 0.3333333333333333 1.25 2.24 33 27 3.11 1
0
APP_1_Inner_Layer_1:0 0.2 0.2 0.75 2.68 39 3 3.15 1
1 2 3
APP_1_Output_Layer_0 0.2 0.2 0.75 2.5 47 21 2.08 1
4
9
3.250592074427521
APP_2_Input_Layer_0 0.2 0.2 0.75 1.61 3 47 1.53 1

APP_2_Inner_Layer_0:0 0.26666666666666666 0.26666666666666666 1.0 2.3 21 41 2.99 1
0
APP_2_Inner_Layer_0:1 0.6 0.6 2.25 3.89 6 29 3.0 1
0
APP_2_Inner_Layer_0:2 0.06666666666666667 0.06666666666666667 0.25 1.55 5 45 1.31 1
0
APP_2_Inner_Layer_0:3 0.4666666666666667 0.4666666666666667 1.75 2.27 49 5 2.44 1
0
APP_2_Inner_Layer_1:0 0.26666666666666666 0.26666666666666666 1.0 1.57 26 3 3.34 1
1 2 3
APP_2_Inner_Layer_1:1 0.6 0.6 2.25 3.93 23 29 1.24 1
3 4
APP_2_Inner_Layer_1:2 0.4666666666666667 0.4666666666666667 1.75 3.91 17 23 2.65 1
2 4
APP_2_Output_Layer_0 0.4666666666666667 0.4666666666666667 1.75 2.53 11 43 3.08 1
5 6 7
5
4.44271538089898
APP_3_Input_Layer_0 0.4 0.4 1.5 3.37 8 35 2.87 1

APP_3_Inner_Layer_0:0 0.4 0.4 1.5 3.85 18 11 2.93 1
0
APP_3_Inner_Layer_0:1 0.2 0.2 0.75 1.81 33 39 2.22 1
0
APP_3_Inner_Layer_0:2 0.06666666666666667 0.06666666666666667 0.25 2.31 46 3 3.47 1
0
APP_3_Output_Layer_0 0.4 0.4 1.5 3.98 43 26 2.0 1
1 2 3
