10
4
5
0
APP_0_Input_Layer_0 0.26666666666666666 0.26666666666666666 1.0 1.54 43 9 1.76 1

APP_0_Inner_Layer_0:0 0.3333333333333333 0.3333333333333333 1.25 1.68 26 19 2.49 1
0
APP_0_Inner_Layer_0:1 0.6 0.6 2.25 1.7 39 42 2.24 1
0
APP_0_Inner_Layer_0:2 0.4666666666666667 0.4666666666666667 1.75 3.35 12 7 2.03 1
0
APP_0_Output_Layer_0 0.3333333333333333 0.3333333333333333 1.25 1.14 45 3 1.62 1
1 2 3
13
2.3330816780884467
APP_1_Input_Layer_0 0.06666666666666667 0.06666666666666667 0.25 3.55 38 4 2.51 0

APP_1_Inner_Layer_0:0 0.26666666666666666 0.26666666666666666 1.0 2.84 33 31 1.71 1
0
APP_1_Inner_Layer_1:0 0.2 0.2 0.75 2.91 6 21 2.22 1
1
APP_1_Inner_Layer_1:1 0.13333333333333333 0.13333333333333333 0.5 2.92 49 3 2.38 1
1
APP_1_Inner_Layer_2:0 0.4 0.4 1.5 1.42 32 13 1.45 1
2
APP_1_Inner_Layer_2:1 0.6 0.6 2.25 3.99 16 2 3.65 1
2 3
APP_1_Inner_Layer_2:2 0.6 0.6 2.25 3.53 6 13 1.79 1
3
APP_1_Inner_Layer_2:3 0.4 0.4 1.5 1.34 11 7 3.5 1
2 3
APP_1_Inner_Layer_3:0 0.6 0.6 2.25 2.46 25 33 1.12 1
5 6
APP_1_Inner_Layer_3:1 0.3333333333333333 0.3333333333333333 1.25 2.04 4 11 2.13 1
4
APP_1_Inner_Layer_3:2 0.2 0.2 0.75 1.04 8 36 2.97 1
4 6 7
APP_1_Inner_Layer_3:3 0.2 0.2 0.75 1.48 35 5 1.15 1
4 7
APP_1_Output_Layer_0 0.6 0.6 2.25 2.28 42 2 3.99 1
8 9 10 11
6
3.2573890240540613
APP_2_Input_Layer_0 0.5333333333333333 0.5333333333333333 2.0 2.57 36 20 3.65 0

APP_2_Inner_Layer_0:0 0.3333333333333333 0.3333333333333333 1.25 3.29 48 27 2.34 1
0
APP_2_Inner_Layer_0:1 0.3333333333333333 0.3333333333333333 1.25 3.64 40 11 2.41 1
0
APP_2_Inner_Layer_0:2 0.06666666666666667 0.06666666666666667 0.25 1.78 40 10 3.07 1
0
APP_2_Inner_Layer_0:3 0.06666666666666667 0.06666666666666667 0.25 3.68 2 30 3.8 1
0
APP_2_Output_Layer_0 0.4666666666666667 0.4666666666666667 1.75 1.69 11 34 2.28 1
1 2 3 4
11
4.341365136617513
APP_3_Input_Layer_0 0.4 0.4 1.5 2.05 32 3 1.34 1

APP_3_Inner_Layer_0:0 0.6 0.6 2.25 2.27 6 27 2.78 1
0
APP_3_Inner_Layer_1:0 0.4666666666666667 0.4666666666666667 1.75 3.7 29 4 1.74 1
1
APP_3_Inner_Layer_1:1 0.13333333333333333 0.13333333333333333 0.5 3.57 1 41 2.08 1
1
APP_3_Inner_Layer_1:2 0.4 0.4 1.5 3.08 40 39 2.07 1
1
APP_3_Inner_Layer_1:3 0.3333333333333333 0.3333333333333333 1.25 2.73 40 6 3.58 1
1
APP_3_Inner_Layer_2:0 0.4 0.4 1.5 1.8 22 34 2.6 1
4 3 2
APP_3_Inner_Layer_2:1 0.26666666666666666 0.26666666666666666 1.0 3.34 8 20 1.04 1
2 5
APP_3_Inner_Layer_2:2 0.3333333333333333 0.3333333333333333 1.25 3.51 19 29 3.84 1
3 5
APP_3_Inner_Layer_2:3 0.13333333333333333 0.13333333333333333 0.5 2.68 23 30 1.26 1
4
APP_3_Output_Layer_0 0.26666666666666666 0.26666666666666666 1.0 2.51 40 15 3.88 1
6 7 8 9
