10
4
9
0
APP_0_Input_Layer_0 0.3333333333333333 0.3333333333333333 1.25 1.35 39 21 1.88 1

APP_0_Inner_Layer_0:0 0.6 0.6 2.25 2.13 28 22 2.06 1
0
APP_0_Inner_Layer_0:1 0.26666666666666666 0.26666666666666666 1.0 3.04 26 37 1.7 1
0
APP_0_Inner_Layer_0:2 0.3333333333333333 0.3333333333333333 1.25 2.86 45 2 2.98 1
0
APP_0_Inner_Layer_1:0 0.4666666666666667 0.4666666666666667 1.75 2.12 45 47 2.66 1
2
APP_0_Inner_Layer_1:1 0.5333333333333333 0.5333333333333333 2.0 2.74 1 14 1.17 1
1 2
APP_0_Inner_Layer_1:2 0.4 0.4 1.5 2.88 36 5 3.38 1
1 3
APP_0_Inner_Layer_1:3 0.2 0.2 0.75 3.5 43 23 3.59 1
1 2
APP_0_Output_Layer_0 0.13333333333333333 0.13333333333333333 0.5 2.77 24 1 1.15 1
4 5 6 7
8
1.096313543763271
APP_1_Input_Layer_0 0.26666666666666666 0.26666666666666666 1.0 3.28 38 35 1.57 1

APP_1_Inner_Layer_0:0 0.4 0.4 1.5 3.97 26 21 3.87 1
0
APP_1_Inner_Layer_0:1 0.13333333333333333 0.13333333333333333 0.5 3.11 2 16 2.2 1
0
APP_1_Inner_Layer_0:2 0.3333333333333333 0.3333333333333333 1.25 3.26 22 17 2.91 1
0
APP_1_Inner_Layer_1:0 0.06666666666666667 0.06666666666666667 0.25 1.03 36 49 1.44 1
1 2 3
APP_1_Inner_Layer_1:1 0.3333333333333333 0.3333333333333333 1.25 2.6 11 23 1.62 1
1 2 3
APP_1_Inner_Layer_1:2 0.4666666666666667 0.4666666666666667 1.75 1.56 36 2 2.27 1
3
APP_1_Output_Layer_0 0.4666666666666667 0.4666666666666667 1.75 2.31 1 49 2.89 1
4 5 6
9
2.671894579635355
APP_2_Input_Layer_0 0.4 0.4 1.5 1.33 29 15 1.92 1

APP_2_Inner_Layer_0:0 0.26666666666666666 0.26666666666666666 1.0 3.85 38 39 3.06 1
0
APP_2_Inner_Layer_1:0 0.13333333333333333 0.13333333333333333 0.5 1.55 17 44 1.15 1
1
APP_2_Inner_Layer_2:0 0.2 0.2 0.75 1.53 47 38 3.9 1
2
APP_2_Inner_Layer_2:1 0.06666666666666667 0.06666666666666667 0.25 2.62 27 27 2.55 1
2
APP_2_Inner_Layer_2:2 0.3333333333333333 0.3333333333333333 1.25 2.84 33 31 1.76 1
2
APP_2_Inner_Layer_3:0 0.06666666666666667 0.06666666666666667 0.25 2.06 5 30 2.71 1
4 5
APP_2_Inner_Layer_3:1 0.3333333333333333 0.3333333333333333 1.25 3.17 26 8 1.58 1
3
APP_2_Output_Layer_0 0.2 0.2 0.75 3.72 31 31 2.69 1
6 7
7
3.7013819543196953
APP_3_Input_Layer_0 0.3333333333333333 0.3333333333333333 1.25 3.46 41 35 3.54 1

APP_3_Inner_Layer_0:0 0.2 0.2 0.75 3.87 12 6 1.75 1
0
APP_3_Inner_Layer_1:0 0.5333333333333333 0.5333333333333333 2.0 1.32 20 45 2.46 1
1
APP_3_Inner_Layer_1:1 0.4666666666666667 0.4666666666666667 1.75 1.17 19 7 3.79 1
1
APP_3_Inner_Layer_2:0 0.4 0.4 1.5 1.04 17 42 2.47 1
2 3
APP_3_Inner_Layer_3:0 0.2 0.2 0.75 3.2 10 38 1.96 1
4
APP_3_Output_Layer_0 0.26666666666666666 0.26666666666666666 1.0 1.19 36 46 3.01 1
5
