10
4
11
0
APP_0_Input_Layer_0 0.4 0.4 1.5 2.29 9 20 1.46 1

APP_0_Inner_Layer_0:0 0.4 0.4 1.5 2.87 36 45 2.94 1
0
APP_0_Inner_Layer_0:1 0.06666666666666667 0.06666666666666667 0.25 2.96 5 22 2.86 1
0
APP_0_Inner_Layer_0:2 0.6 0.6 2.25 3.58 1 37 2.86 1
0
APP_0_Inner_Layer_0:3 0.4 0.4 1.5 3.85 48 22 1.77 1
0
APP_0_Inner_Layer_1:0 0.4666666666666667 0.4666666666666667 1.75 2.39 6 48 1.95 1
1 3
APP_0_Inner_Layer_1:1 0.06666666666666667 0.06666666666666667 0.25 1.1 22 24 3.32 1
2 4
APP_0_Inner_Layer_1:2 0.3333333333333333 0.3333333333333333 1.25 1.34 35 27 2.35 1
1 2 3
APP_0_Inner_Layer_2:0 0.4 0.4 1.5 1.05 20 1 3.09 1
5 6 7
APP_0_Inner_Layer_3:0 0.6 0.6 2.25 2.21 38 23 3.1 1
8
APP_0_Output_Layer_0 0.3333333333333333 0.3333333333333333 1.25 2.47 8 36 3.04 1
9
8
1.640282014026421
APP_1_Input_Layer_0 0.26666666666666666 0.26666666666666666 1.0 1.21 36 13 3.32 1

APP_1_Inner_Layer_0:0 0.26666666666666666 0.26666666666666666 1.0 3.06 49 27 1.7 1
0
APP_1_Inner_Layer_0:1 0.06666666666666667 0.06666666666666667 0.25 1.87 6 3 1.38 1
0
APP_1_Inner_Layer_0:2 0.2 0.2 0.75 3.64 31 10 2.39 1
0
APP_1_Inner_Layer_0:3 0.13333333333333333 0.13333333333333333 0.5 3.46 1 48 2.71 1
0
APP_1_Inner_Layer_1:0 0.4666666666666667 0.4666666666666667 1.75 3.39 12 19 3.97 1
1 3
APP_1_Inner_Layer_1:1 0.4666666666666667 0.4666666666666667 1.75 1.31 39 38 2.0 1
2 4
APP_1_Output_Layer_0 0.13333333333333333 0.13333333333333333 0.5 2.86 23 24 2.22 1
5 6
6
3.554599267935134
APP_2_Input_Layer_0 0.3333333333333333 0.3333333333333333 1.25 3.18 2 28 2.0 1

APP_2_Inner_Layer_0:0 0.3333333333333333 0.3333333333333333 1.25 2.61 38 33 3.12 1
0
APP_2_Inner_Layer_1:0 0.5333333333333333 0.5333333333333333 2.0 2.94 21 49 2.89 1
1
APP_2_Inner_Layer_2:0 0.13333333333333333 0.13333333333333333 0.5 3.6 41 9 3.81 1
2
APP_2_Inner_Layer_2:1 0.5333333333333333 0.5333333333333333 2.0 3.35 35 42 3.41 1
2
APP_2_Output_Layer_0 0.6 0.6 2.25 2.03 3 36 2.87 1
3 4
7
4.866459903472043
APP_3_Input_Layer_0 0.26666666666666666 0.26666666666666666 1.0 1.96 34 29 2.16 1

APP_3_Inner_Layer_0:0 0.5333333333333333 0.5333333333333333 2.0 2.7 1 20 3.76 1
0
APP_3_Inner_Layer_0:1 0.6 0.6 2.25 2.23 45 37 3.21 1
0
APP_3_Inner_Layer_1:0 0.06666666666666667 0.06666666666666667 0.25 2.1 6 17 1.54 1
2
APP_3_Inner_Layer_1:1 0.4666666666666667 0.4666666666666667 1.75 3.23 28 4 3.65 1
1
APP_3_Inner_Layer_1:2 0.6 0.6 2.25 3.2 27 12 1.45 1
1 2
APP_3_Output_Layer_0 0.5333333333333333 0.5333333333333333 2.0 3.13 16 12 3.26 1
3 4 5
