10
4
13
0
APP_0_Input_Layer_0 0.4666666666666667 0.4666666666666667 1.75 3.46 4 37 1.78 1

APP_0_Inner_Layer_0:0 0.4 0.4 1.5 2.71 34 45 1.71 1
0
APP_0_Inner_Layer_0:1 0.3333333333333333 0.3333333333333333 1.25 2.6 40 44 1.0 1
0
APP_0_Inner_Layer_0:2 0.4666666666666667 0.4666666666666667 1.75 1.49 35 22 1.92 1
0
APP_0_Inner_Layer_0:3 0.13333333333333333 0.13333333333333333 0.5 1.65 21 6 3.49 1
0
APP_0_Inner_Layer_1:0 0.6 0.6 2.25 2.57 3 37 1.63 1
1 2 3 4
APP_0_Inner_Layer_1:1 0.06666666666666667 0.06666666666666667 0.25 2.01 27 16 2.51 1
4
APP_0_Inner_Layer_1:2 0.5333333333333333 0.5333333333333333 2.0 3.27 6 31 2.05 1
2 3
APP_0_Inner_Layer_2:0 0.06666666666666667 0.06666666666666667 0.25 1.09 12 33 1.49 1
5 7
APP_0_Inner_Layer_2:1 0.4666666666666667 0.4666666666666667 1.75 1.92 15 4 2.53 1
5 6
APP_0_Inner_Layer_2:2 0.06666666666666667 0.06666666666666667 0.25 3.64 6 40 2.28 1
5 6 7
APP_0_Inner_Layer_2:3 0.2 0.2 0.75 1.01 39 46 1.08 1
7
APP_0_Output_Layer_0 0.26666666666666666 0.26666666666666666 1.0 2.0 24 25 1.37 1
8 9 10 11
4
1.0850585321349775
APP_1_Input_Layer_0 0.6 0.6 2.25 2.07 45 21 3.72 1

APP_1_Inner_Layer_0:0 0.2 0.2 0.75 1.24 25 2 1.51 1
0
APP_1_Inner_Layer_1:0 0.26666666666666666 0.26666666666666666 1.0 1.96 22 48 2.38 1
1
APP_1_Output_Layer_0 0.06666666666666667 0.06666666666666667 0.25 1.63 25 46 3.54 1
2
5
2.6375202640474598
APP_2_Input_Layer_0 0.4666666666666667 0.4666666666666667 1.75 1.22 45 28 2.07 1

APP_2_Inner_Layer_0:0 0.3333333333333333 0.3333333333333333 1.25 2.39 45 42 2.05 1
0
APP_2_Inner_Layer_0:1 0.06666666666666667 0.06666666666666667 0.25 1.72 39 24 3.22 1
0
APP_2_Inner_Layer_1:0 0.26666666666666666 0.26666666666666666 1.0 2.26 30 6 2.0 1
1 2
APP_2_Output_Layer_0 0.2 0.2 0.75 3.19 39 48 1.61 1
3
11
3.6763171722154278
APP_3_Input_Layer_0 0.06666666666666667 0.06666666666666667 0.25 1.39 29 35 3.74 0

APP_3_Inner_Layer_0:0 0.13333333333333333 0.13333333333333333 0.5 1.77 2 33 3.2 1
0
APP_3_Inner_Layer_0:1 0.5333333333333333 0.5333333333333333 2.0 3.96 44 5 3.46 1
0
APP_3_Inner_Layer_1:0 0.3333333333333333 0.3333333333333333 1.25 3.03 42 48 2.92 1
1 2
APP_3_Inner_Layer_1:1 0.2 0.2 0.75 1.6 48 7 2.13 1
1
APP_3_Inner_Layer_1:2 0.3333333333333333 0.3333333333333333 1.25 3.29 5 12 1.58 1
2
APP_3_Inner_Layer_1:3 0.06666666666666667 0.06666666666666667 0.25 2.85 4 11 1.18 1
1
APP_3_Inner_Layer_2:0 0.4666666666666667 0.4666666666666667 1.75 2.87 46 26 1.22 1
5 6
APP_3_Inner_Layer_2:1 0.6 0.6 2.25 1.58 24 17 2.12 1
3 4
APP_3_Inner_Layer_3:0 0.4666666666666667 0.4666666666666667 1.75 2.98 19 34 3.43 1
7 8
APP_3_Output_Layer_0 0.5333333333333333 0.5333333333333333 2.0 3.53 17 30 1.38 1
9
