10
4
8
0
APP_0_Input_Layer_0 0.4 0.4 1.5 2.79 21 29 1.47 1

APP_0_Inner_Layer_0:0 0.13333333333333333 0.13333333333333333 0.5 2.74 36 6 2.39 1
0
APP_0_Inner_Layer_0:1 0.3333333333333333 0.3333333333333333 1.25 1.37 2 46 3.72 1
0
APP_0_Inner_Layer_0:2 0.3333333333333333 0.3333333333333333 1.25 1.29 42 25 1.19 1
0
APP_0_Inner_Layer_0:3 0.06666666666666667 0.06666666666666667 0.25 2.01 31 16 2.27 1
0
APP_0_Inner_Layer_1:0 0.26666666666666666 0.26666666666666666 1.0 3.11 27 15 1.93 1
1 2 3 4
APP_0_Inner_Layer_2:0 0.5333333333333333 0.5333333333333333 2.0 3.66 31 44 2.89 1
5
APP_0_Output_Layer_0 0.4 0.4 1.5 2.18 16 6 3.81 1
6
8
1.4334528413271224
APP_1_Input_Layer_0 0.13333333333333333 0.13333333333333333 0.5 3.57 1 42 3.65 1

APP_1_Inner_Layer_0:0 0.4 0.4 1.5 1.01 19 14 2.43 1
0
APP_1_Inner_Layer_1:0 0.6 0.6 2.25 3.85 42 26 1.26 1
1
APP_1_Inner_Layer_2:0 0.06666666666666667 0.06666666666666667 0.25 3.39 9 40 3.01 1
2
APP_1_Inner_Layer_2:1 0.6 0.6 2.25 3.26 9 24 3.62 1
2
APP_1_Inner_Layer_2:2 0.13333333333333333 0.13333333333333333 0.5 3.38 19 9 3.27 1
2
APP_1_Inner_Layer_2:3 0.26666666666666666 0.26666666666666666 1.0 2.19 37 20 3.12 1
2
APP_1_Output_Layer_0 0.2 0.2 0.75 3.59 20 45 2.31 1
3 4 5 6
5
2.834090574715842
APP_2_Input_Layer_0 0.3333333333333333 0.3333333333333333 1.25 3.25 30 10 2.82 1

APP_2_Inner_Layer_0:0 0.06666666666666667 0.06666666666666667 0.25 2.31 2 30 2.76 1
0
APP_2_Inner_Layer_0:1 0.3333333333333333 0.3333333333333333 1.25 1.1 6 26 1.88 1
0
APP_2_Inner_Layer_0:2 0.26666666666666666 0.26666666666666666 1.0 3.33 12 37 3.46 1
0
APP_2_Output_Layer_0 0.6 0.6 2.25 1.93 20 21 3.44 0
1 2 3
5
3.833284598410324
APP_3_Input_Layer_0 0.2 0.2 0.75 1.66 31 11 3.53 1

APP_3_Inner_Layer_0:0 0.4666666666666667 0.4666666666666667 1.75 1.11 10 14 2.64 1
0
APP_3_Inner_Layer_0:1 0.4 0.4 1.5 1.52 5 17 3.78 1
0
APP_3_Inner_Layer_0:2 0.6 0.6 2.25 3.15 26 31 3.48 1
0
APP_3_Output_Layer_0 0.6 0.6 2.25 1.19 47 2 1.29 1
1 2 3
