10
5
9
0
APP_0_Input_Layer_0 0.4666666666666667 0.4666666666666667 1.75 2.99 14 7 1.57 1

APP_0_Inner_Layer_0:0 0.26666666666666666 0.26666666666666666 1.0 3.47 9 29 3.9 1
0
APP_0_Inner_Layer_0:1 0.4666666666666667 0.4666666666666667 1.75 3.43 41 41 1.48 1
0
APP_0_Inner_Layer_0:2 0.2 0.2 0.75 1.96 9 40 1.51 1
0
APP_0_Inner_Layer_1:0 0.4666666666666667 0.4666666666666667 1.75 2.89 30 16 3.1 1
2 3
APP_0_Inner_Layer_1:1 0.26666666666666666 0.26666666666666666 1.0 2.52 30 33 1.13 1
1 3
APP_0_Inner_Layer_1:2 0.5333333333333333 0.5333333333333333 2.0 1.88 48 29 1.14 1
2
APP_0_Inner_Layer_1:3 0.2 0.2 0.75 1.37 5 16 1.0 1
1
APP_0_Output_Layer_0 0.6 0.6 2.25 1.44 19 21 1.67 0
4 5 6 7
13
0.7586152152455404
APP_1_Input_Layer_0 0.13333333333333333 0.13333333333333333 0.5 2.94 36 6 2.79 1

APP_1_Inner_Layer_0:0 0.5333333333333333 0.5333333333333333 2.0 2.02 20 41 2.85 1
0
APP_1_Inner_Layer_0:1 0.5333333333333333 0.5333333333333333 2.0 2.33 7 29 2.79 1
0
APP_1_Inner_Layer_0:2 0.4666666666666667 0.4666666666666667 1.75 2.65 35 17 2.35 1
0
APP_1_Inner_Layer_0:3 0.26666666666666666 0.26666666666666666 1.0 2.44 15 40 2.03 1
0
APP_1_Inner_Layer_1:0 0.4 0.4 1.5 1.94 28 44 3.28 1
1 2
APP_1_Inner_Layer_1:1 0.5333333333333333 0.5333333333333333 2.0 3.71 45 39 3.0 0
4
APP_1_Inner_Layer_1:2 0.06666666666666667 0.06666666666666667 0.25 2.67 20 37 3.2 1
1 2 3 4
APP_1_Inner_Layer_1:3 0.5333333333333333 0.5333333333333333 2.0 2.99 27 38 3.14 1
2 4
APP_1_Inner_Layer_2:0 0.26666666666666666 0.26666666666666666 1.0 2.38 18 43 1.16 1
5 6 7 8
APP_1_Inner_Layer_3:0 0.26666666666666666 0.26666666666666666 1.0 2.67 49 25 2.26 1
9
APP_1_Inner_Layer_3:1 0.06666666666666667 0.06666666666666667 0.25 1.84 17 35 3.87 1
9
APP_1_Output_Layer_0 0.06666666666666667 0.06666666666666667 0.25 1.07 42 44 3.98 1
10 11
6
2.3354379980794557
APP_2_Input_Layer_0 0.3333333333333333 0.3333333333333333 1.25 1.95 26 9 3.7 1

APP_2_Inner_Layer_0:0 0.2 0.2 0.75 3.73 23 11 1.58 1
0
APP_2_Inner_Layer_0:1 0.6 0.6 2.25 1.88 4 34 2.96 0
0
APP_2_Inner_Layer_0:2 0.2 0.2 0.75 1.59 42 34 2.49 1
0
APP_2_Inner_Layer_0:3 0.26666666666666666 0.26666666666666666 1.0 3.71 35 21 2.03 1
0
APP_2_Output_Layer_0 0.2 0.2 0.75 2.34 31 44 2.93 1
1 2 3 4
9
3.6882917854536412
APP_3_Input_Layer_0 0.2 0.2 0.75 3.8 12 20 1.64 1

APP_3_Inner_Layer_0:0 0.26666666666666666 0.26666666666666666 1.0 1.69 4 12 2.15 1
0
APP_3_Inner_Layer_0:1 0.06666666666666667 0.06666666666666667 0.25 1.21 5 25 3.09 0
0
APP_3_Inner_Layer_0:2 0.26666666666666666 0.26666666666666666 1.0 1.75 24 28 2.01 1
0
APP_3_Inner_Layer_0:3 0.5333333333333333 0.5333333333333333 2.0 2.73 7 12 2.46 1
0
APP_3_Inner_Layer_1:0 0.6 0.6 2.25 1.09 27 38 3.81 1
3 4
APP_3_Inner_Layer_1:1 0.4666666666666667 0.4666666666666667 1.75 2.13 24 20 1.59 1
2 3 1
APP_3_Inner_Layer_1:2 0.2 0.2 0.75 1.12 41 12 2.12 1
1 2 4
APP_3_Output_Layer_0 0.6 0.6 2.25 1.25 28 29 3.29 1
5 6 7
4
4.478101318780528
APP_4_Input_Layer_0 0.26666666666666666 0.26666666666666666 1.0 3.97 29 17 2.42 1

APP_4_Inner_Layer_0:0 0.2 0.2 0.75 2.79 14 13 1.51 1
0
APP_4_Inner_Layer_0:1 0.4 0.4 1.5 2.89 45 34 3.7 1
0
APP_4_Output_Layer_0 0.4666666666666667 0.4666666666666667 1.75 2.37 17 30 1.49 1
1 2
