10
5
11
0
APP_0_Input_Layer_0 0.6 0.6 2.25 3.9 7 30 2.25 1

APP_0_Inner_Layer_0:0 0.4 0.4 1.5 3.98 23 25 2.96 0
0
APP_0_Inner_Layer_0:1 0.6 0.6 2.25 3.74 38 1 3.13 1
0
APP_0_Inner_Layer_0:2 0.4 0.4 1.5 3.97 23 8 1.37 1
0
APP_0_Inner_Layer_1:0 0.6 0.6 2.25 1.63 2 13 2.12 1
2 3
APP_0_Inner_Layer_1:1 0.4 0.4 1.5 2.76 16 9 2.67 1
1
APP_0_Inner_Layer_2:0 0.4 0.4 1.5 1.61 12 41 1.65 1
4 5
APP_0_Inner_Layer_2:1 0.26666666666666666 0.26666666666666666 1.0 3.4 27 29 3.69 1
4
APP_0_Inner_Layer_2:2 0.3333333333333333 0.3333333333333333 1.25 3.02 26 22 3.81 1
4
APP_0_Inner_Layer_2:3 0.5333333333333333 0.5333333333333333 2.0 3.58 8 11 2.81 1
4 5
APP_0_Output_Layer_0 0.4666666666666667 0.4666666666666667 1.75 3.01 15 44 2.85 1
6 7 8 9
11
1.519559934507053
APP_1_Input_Layer_0 0.5333333333333333 0.5333333333333333 2.0 2.22 38 34 3.05 1

APP_1_Inner_Layer_0:0 0.4666666666666667 0.4666666666666667 1.75 1.5 27 15 2.48 0
0
APP_1_Inner_Layer_0:1 0.13333333333333333 0.13333333333333333 0.5 1.68 48 48 2.41 0
0
APP_1_Inner_Layer_0:2 0.6 0.6 2.25 1.62 36 1 3.57 1
0
APP_1_Inner_Layer_1:0 0.5333333333333333 0.5333333333333333 2.0 2.25 44 29 1.94 1
3
APP_1_Inner_Layer_1:1 0.6 0.6 2.25 2.04 29 47 1.45 1
1
APP_1_Inner_Layer_1:2 0.6 0.6 2.25 2.59 35 4 2.0 1
1 2 3
APP_1_Inner_Layer_2:0 0.06666666666666667 0.06666666666666667 0.25 1.35 32 47 1.23 1
4 5 6
APP_1_Inner_Layer_2:1 0.4 0.4 1.5 3.63 44 18 1.06 1
4 5
APP_1_Inner_Layer_2:2 0.3333333333333333 0.3333333333333333 1.25 1.11 18 37 1.3 1
4
APP_1_Output_Layer_0 0.2 0.2 0.75 2.96 31 24 1.97 0
7 8 9
10
2.8673199175483504
APP_2_Input_Layer_0 0.2 0.2 0.75 3.5 2 30 3.83 1

APP_2_Inner_Layer_0:0 0.26666666666666666 0.26666666666666666 1.0 3.7 24 14 3.7 1
0
APP_2_Inner_Layer_0:1 0.3333333333333333 0.3333333333333333 1.25 1.19 7 42 3.16 1
0
APP_2_Inner_Layer_1:0 0.5333333333333333 0.5333333333333333 2.0 2.82 29 47 1.67 1
2
APP_2_Inner_Layer_1:1 0.4666666666666667 0.4666666666666667 1.75 1.33 46 34 3.56 1
1 2
APP_2_Inner_Layer_1:2 0.2 0.2 0.75 3.01 46 40 2.22 1
1
APP_2_Inner_Layer_2:0 0.5333333333333333 0.5333333333333333 2.0 3.25 35 47 1.43 1
4
APP_2_Inner_Layer_2:1 0.6 0.6 2.25 1.9 9 24 3.24 1
3 4
APP_2_Inner_Layer_2:2 0.3333333333333333 0.3333333333333333 1.25 3.59 46 19 3.8 1
3 5
APP_2_Output_Layer_0 0.4666666666666667 0.4666666666666667 1.75 4.0 23 17 2.53 1
6 7 8
7
4.779589230486628
APP_3_Input_Layer_0 0.06666666666666667 0.06666666666666667 0.25 3.24 7 32 1.79 1

APP_3_Inner_Layer_0:0 0.5333333333333333 0.5333333333333333 2.0 1.75 20 31 3.2 1
0
APP_3_Inner_Layer_0:1 0.4666666666666667 0.4666666666666667 1.75 3.34 48 37 2.17 0
0
APP_3_Inner_Layer_1:0 0.2 0.2 0.75 2.79 13 7 3.37 1
1
APP_3_Inner_Layer_1:1 0.26666666666666666 0.26666666666666666 1.0 2.24 30 11 1.67 1
1 2
APP_3_Inner_Layer_1:2 0.5333333333333333 0.5333333333333333 2.0 3.54 4 47 3.75 1
1 2
APP_3_Output_Layer_0 0.26666666666666666 0.26666666666666666 1.0 3.23 10 2 3.91 1
3 4 5
14
5.819801697386325
APP_4_Input_Layer_0 0.4 0.4 1.5 2.61 17 2 2.16 1

APP_4_Inner_Layer_0:0 0.13333333333333333 0.13333333333333333 0.5 3.07 39 2 1.52 1
0
APP_4_Inner_Layer_0:1 0.6 0.6 2.25 2.24 46 5 1.12 1
0
APP_4_Inner_Layer_0:2 0.2 0.2 0.75 2.16 18 24 3.51 1
0
APP_4_Inner_Layer_1:0 0.6 0.6 2.25 1.6 6 16 2.52 0
1 3
APP_4_Inner_Layer_1:1 0.2 0.2 0.75 2.68 9 36 2.57 1
2
APP_4_Inner_Layer_1:2 0.2 0.2 0.75 2.81 29 6 1.29 0
1 2 3
APP_4_Inner_Layer_1:3 0.3333333333333333 0.3333333333333333 1.25 2.79 15 25 3.49 1
2 3
APP_4_Inner_Layer_2:0 0.3333333333333333 0.3333333333333333 1.25 2.54 32 7 2.46 1
5 6 7
APP_4_Inner_Layer_2:1 0.26666666666666666 0.26666666666666666 1.0 1.03 20 10 2.42 1
4
APP_4_Inner_Layer_3:0 0.06666666666666667 0.06666666666666667 0.25 2.88 17 43 2.92 0
9
APP_4_Inner_Layer_3:1 0.3333333333333333 0.3333333333333333 1.25 3.28 6 39 1.56 1
8
APP_4_Inner_Layer_3:2 0.4 0.4 1.5 3.17 32 8 2.59 1
8
APP_4_Output_Layer_0 0.3333333333333333 0.3333333333333333 1.25 1.31 36 39 2.77 1
10 11 12
