10
5
4
0
APP_0_Input_Layer_0 0.4 0.4 1.5 3.0 21 1 3.43 1

APP_0_Inner_Layer_0:0 0.6 0.6 2.25 1.94 12 40 2.63 1
0
APP_0_Inner_Layer_1:0 0.26666666666666666 0.26666666666666666 1.0 2.65 15 46 2.46 1
1
APP_0_Output_Layer_0 0.6 0.6 2.25 1.33 9 41 1.18 1
2
5
0.963659658430375
APP_1_Input_Layer_0 0.3333333333333333 0.3333333333333333 1.25 2.12 18 35 1.79 1

APP_1_Inner_Layer_0:0 0.5333333333333333 0.5333333333333333 2.0 3.71 20 42 3.34 1
0
APP_1_Inner_Layer_0:1 0.13333333333333333 0.13333333333333333 0.5 1.21 41 19 1.46 1
0
APP_1_Inner_Layer_0:2 0.3333333333333333 0.3333333333333333 1.25 1.02 29 6 1.0 1
0
APP_1_Output_Layer_0 0.4 0.4 1.5 2.75 26 23 3.29 1
1 2 3
16
1.7447474501763978
APP_2_Input_Layer_0 0.4 0.4 1.5 1.27 23 28 3.95 1

APP_2_Inner_Layer_0:0 0.26666666666666666 0.26666666666666666 1.0 1.12 43 32 3.55 1
0
APP_2_Inner_Layer_0:1 0.2 0.2 0.75 2.77 19 36 2.14 1
0
APP_2_Inner_Layer_0:2 0.6 0.6 2.25 3.66 28 14 3.99 1
0
APP_2_Inner_Layer_0:3 0.3333333333333333 0.3333333333333333 1.25 2.83 35 36 3.45 1
0
APP_2_Inner_Layer_1:0 0.3333333333333333 0.3333333333333333 1.25 3.09 26 21 2.75 1
1 2
APP_2_Inner_Layer_1:1 0.06666666666666667 0.06666666666666667 0.25 1.11 24 21 2.59 1
1 2 4
APP_2_Inner_Layer_1:2 0.4 0.4 1.5 1.18 7 1 3.98 1
1 2 4
APP_2_Inner_Layer_1:3 0.26666666666666666 0.26666666666666666 1.0 2.58 21 43 2.23 1
3 4
APP_2_Inner_Layer_2:0 0.06666666666666667 0.06666666666666667 0.25 1.98 8 39 3.12 1
5
APP_2_Inner_Layer_2:1 0.5333333333333333 0.5333333333333333 2.0 3.22 40 30 3.26 1
6 7 8
APP_2_Inner_Layer_3:0 0.6 0.6 2.25 2.11 38 40 3.8 1
10
APP_2_Inner_Layer_3:1 0.26666666666666666 0.26666666666666666 1.0 1.45 35 7 1.82 1
9 10
APP_2_Inner_Layer_3:2 0.13333333333333333 0.13333333333333333 0.5 1.37 40 10 3.54 1
9
APP_2_Inner_Layer_3:3 0.2 0.2 0.75 3.12 34 44 2.96 1
9
APP_2_Output_Layer_0 0.06666666666666667 0.06666666666666667 0.25 1.05 25 29 2.1 1
11 12 13 14
3
3.657434523551374
APP_3_Input_Layer_0 0.6 0.6 2.25 1.76 34 21 3.25 1

APP_3_Inner_Layer_0:0 0.5333333333333333 0.5333333333333333 2.0 1.63 22 32 3.98 0
0
APP_3_Output_Layer_0 0.3333333333333333 0.3333333333333333 1.25 1.51 31 9 3.49 0
1
10
5.594444819576575
APP_4_Input_Layer_0 0.4 0.4 1.5 2.41 27 39 1.84 1

APP_4_Inner_Layer_0:0 0.06666666666666667 0.06666666666666667 0.25 2.18 40 12 1.04 0
0
APP_4_Inner_Layer_0:1 0.4 0.4 1.5 3.95 21 27 3.37 1
0
APP_4_Inner_Layer_0:2 0.3333333333333333 0.3333333333333333 1.25 2.76 30 40 3.09 1
0
APP_4_Inner_Layer_1:0 0.06666666666666667 0.06666666666666667 0.25 3.02 2 40 2.74 1
3
APP_4_Inner_Layer_1:1 0.06666666666666667 0.06666666666666667 0.25 1.78 31 19 1.69 1
1 2
APP_4_Inner_Layer_2:0 0.4666666666666667 0.4666666666666667 1.75 2.99 37 26 1.64 1
5
APP_4_Inner_Layer_2:1 0.4 0.4 1.5 3.41 29 47 3.99 1
5
APP_4_Inner_Layer_2:2 0.6 0.6 2.25 2.76 12 41 3.29 1
4
APP_4_Output_Layer_0 0.5333333333333333 0.5333333333333333 2.0 2.82 12 25 3.56 1
6 7 8
