10
5
9
0
APP_0_Input_Layer_0 0.4 0.4 1.5 1.17 11 39 3.09 1

APP_0_Inner_Layer_0:0 0.2 0.2 0.75 1.22 28 8 3.91 1
0
APP_0_Inner_Layer_0:1 0.5333333333333333 0.5333333333333333 2.0 1.95 43 23 3.33 0
0
APP_0_Inner_Layer_1:0 0.26666666666666666 0.26666666666666666 1.0 3.07 48 16 2.44 1
1 2
APP_0_Inner_Layer_2:0 0.3333333333333333 0.3333333333333333 1.25 2.23 33 19 1.47 0
3
APP_0_Inner_Layer_2:1 0.4666666666666667 0.4666666666666667 1.75 3.58 16 37 2.26 1
3
APP_0_Inner_Layer_2:2 0.13333333333333333 0.13333333333333333 0.5 2.21 25 7 1.95 1
3
APP_0_Inner_Layer_2:3 0.13333333333333333 0.13333333333333333 0.5 3.52 3 31 2.43 1
3
APP_0_Output_Layer_0 0.26666666666666666 0.26666666666666666 1.0 2.94 46 25 4.0 1
4 5 6 7
7
1.3621657870816894
APP_1_Input_Layer_0 0.4 0.4 1.5 3.39 9 17 1.03 1

APP_1_Inner_Layer_0:0 0.3333333333333333 0.3333333333333333 1.25 3.02 49 4 1.87 1
0
APP_1_Inner_Layer_1:0 0.3333333333333333 0.3333333333333333 1.25 1.86 45 14 2.35 1
1
APP_1_Inner_Layer_2:0 0.4666666666666667 0.4666666666666667 1.75 3.06 10 47 1.3 1
2
APP_1_Inner_Layer_3:0 0.6 0.6 2.25 1.68 12 27 3.89 1
3
APP_1_Inner_Layer_3:1 0.2 0.2 0.75 1.9 16 18 1.18 1
3
APP_1_Output_Layer_0 0.13333333333333333 0.13333333333333333 0.5 2.05 29 1 1.73 1
4 5
5
2.8341258029608354
APP_2_Input_Layer_0 0.6 0.6 2.25 3.71 23 3 1.4 1

APP_2_Inner_Layer_0:0 0.4 0.4 1.5 2.87 16 29 3.92 1
0
APP_2_Inner_Layer_0:1 0.5333333333333333 0.5333333333333333 2.0 3.95 42 26 3.72 1
0
APP_2_Inner_Layer_0:2 0.6 0.6 2.25 3.05 24 24 3.65 1
0
APP_2_Output_Layer_0 0.3333333333333333 0.3333333333333333 1.25 1.91 22 43 1.65 1
1 2 3
11
4.1654552783864425
APP_3_Input_Layer_0 0.6 0.6 2.25 1.23 8 28 2.07 1

APP_3_Inner_Layer_0:0 0.5333333333333333 0.5333333333333333 2.0 3.37 16 27 1.95 1
0
APP_3_Inner_Layer_0:1 0.06666666666666667 0.06666666666666667 0.25 1.51 26 41 2.16 1
0
APP_3_Inner_Layer_0:2 0.3333333333333333 0.3333333333333333 1.25 2.34 3 5 1.65 1
0
APP_3_Inner_Layer_0:3 0.26666666666666666 0.26666666666666666 1.0 3.66 29 27 1.16 1
0
APP_3_Inner_Layer_1:0 0.2 0.2 0.75 3.67 6 42 2.88 1
1 4
APP_3_Inner_Layer_1:1 0.3333333333333333 0.3333333333333333 1.25 1.06 11 28 1.79 1
2 3
APP_3_Inner_Layer_2:0 0.13333333333333333 0.13333333333333333 0.5 1.8 49 5 1.27 1
6
APP_3_Inner_Layer_2:1 0.3333333333333333 0.3333333333333333 1.25 2.82 17 38 2.52 1
6
APP_3_Inner_Layer_2:2 0.4 0.4 1.5 3.57 49 28 1.46 1
5
APP_3_Output_Layer_0 0.4666666666666667 0.4666666666666667 1.75 2.5 16 4 3.4 1
7 8 9
7
5.613380833766744
APP_4_Input_Layer_0 0.5333333333333333 0.5333333333333333 2.0 3.05 20 7 2.03 1

APP_4_Inner_Layer_0:0 0.06666666666666667 0.06666666666666667 0.25 3.54 29 16 1.97 1
0
APP_4_Inner_Layer_0:1 0.13333333333333333 0.13333333333333333 0.5 2.94 38 41 3.71 1
0
APP_4_Inner_Layer_0:2 0.06666666666666667 0.06666666666666667 0.25 3.47 48 5 3.56 0
0
APP_4_Inner_Layer_0:3 0.4 0.4 1.5 1.56 42 37 1.42 1
0
APP_4_Inner_Layer_1:0 0.3333333333333333 0.3333333333333333 1.25 3.84 13 25 1.83 1
1 2 3 4
APP_4_Output_Layer_0 0.2 0.2 0.75 1.82 17 39 1.68 1
5
