10
5
11
0
APP_0_Input_Layer_0 0.4666666666666667 0.4666666666666667 1.75 3.01 19 16 2.16 1

APP_0_Inner_Layer_0:0 0.2 0.2 0.75 2.05 4 35 2.72 1
0
APP_0_Inner_Layer_0:1 0.6 0.6 2.25 1.38 18 25 1.73 1
0
APP_0_Inner_Layer_0:2 0.3333333333333333 0.3333333333333333 1.25 2.71 44 20 2.19 1
0
APP_0_Inner_Layer_0:3 0.26666666666666666 0.26666666666666666 1.0 2.92 17 39 1.04 0
0
APP_0_Inner_Layer_1:0 0.06666666666666667 0.06666666666666667 0.25 3.25 49 45 3.82 1
3 4
APP_0_Inner_Layer_1:1 0.6 0.6 2.25 1.28 46 33 2.46 1
2
APP_0_Inner_Layer_1:2 0.6 0.6 2.25 3.48 6 22 3.77 1
1
APP_0_Inner_Layer_2:0 0.4 0.4 1.5 3.76 9 42 2.2 1
5 6 7
APP_0_Inner_Layer_3:0 0.5333333333333333 0.5333333333333333 2.0 3.93 5 37 1.59 1
8
APP_0_Output_Layer_0 0.4666666666666667 0.4666666666666667 1.75 2.49 36 38 2.49 1
9
7
1.053434462730838
APP_1_Input_Layer_0 0.26666666666666666 0.26666666666666666 1.0 1.62 37 33 3.87 1

APP_1_Inner_Layer_0:0 0.5333333333333333 0.5333333333333333 2.0 2.59 4 34 2.96 1
0
APP_1_Inner_Layer_0:1 0.2 0.2 0.75 3.6 45 21 3.82 0
0
APP_1_Inner_Layer_0:2 0.06666666666666667 0.06666666666666667 0.25 1.87 17 36 3.44 1
0
APP_1_Inner_Layer_0:3 0.06666666666666667 0.06666666666666667 0.25 1.32 44 26 2.78 1
0
APP_1_Inner_Layer_1:0 0.06666666666666667 0.06666666666666667 0.25 1.49 31 27 3.97 1
1 2 3 4
APP_1_Output_Layer_0 0.4 0.4 1.5 1.82 28 34 2.08 1
5
4
2.464713813049654
APP_2_Input_Layer_0 0.4666666666666667 0.4666666666666667 1.75 1.59 7 37 3.73 1

APP_2_Inner_Layer_0:0 0.26666666666666666 0.26666666666666666 1.0 2.1 37 41 2.63 1
0
APP_2_Inner_Layer_1:0 0.3333333333333333 0.3333333333333333 1.25 3.32 23 48 1.56 0
1
APP_2_Output_Layer_0 0.4666666666666667 0.4666666666666667 1.75 2.63 6 10 2.71 1
2
13
3.987232054177695
APP_3_Input_Layer_0 0.4 0.4 1.5 1.14 23 32 3.5 1

APP_3_Inner_Layer_0:0 0.26666666666666666 0.26666666666666666 1.0 3.06 11 20 3.84 1
0
APP_3_Inner_Layer_0:1 0.06666666666666667 0.06666666666666667 0.25 2.94 39 27 2.28 1
0
APP_3_Inner_Layer_1:0 0.6 0.6 2.25 3.13 41 48 1.18 1
2
APP_3_Inner_Layer_1:1 0.13333333333333333 0.13333333333333333 0.5 3.99 32 42 1.15 1
1
APP_3_Inner_Layer_2:0 0.3333333333333333 0.3333333333333333 1.25 2.6 44 24 1.83 1
4
APP_3_Inner_Layer_2:1 0.4666666666666667 0.4666666666666667 1.75 3.3 31 25 1.43 1
3 4
APP_3_Inner_Layer_2:2 0.2 0.2 0.75 1.66 29 20 1.09 1
3
APP_3_Inner_Layer_3:0 0.6 0.6 2.25 3.69 5 43 2.64 1
5
APP_3_Inner_Layer_3:1 0.4666666666666667 0.4666666666666667 1.75 3.83 33 16 1.87 1
5 6
APP_3_Inner_Layer_3:2 0.26666666666666666 0.26666666666666666 1.0 2.72 45 7 3.59 1
6
APP_3_Inner_Layer_3:3 0.4 0.4 1.5 1.68 38 7 2.36 1
6 7
APP_3_Output_Layer_0 0.06666666666666667 0.06666666666666667 0.25 1.36 32 38 1.98 1
8 9 10 11
3
4.929467249094377
APP_4_Input_Layer_0 0.13333333333333333 0.13333333333333333 0.5 2.04 17 43 2.37 1

APP_4_Inner_Layer_0:0 0.2 0.2 0.75 3.75 4 40 2.13 1
0
APP_4_Output_Layer_0 0.5333333333333333 0.5333333333333333 2.0 3.85 38 9 2.31 1
1
