10
5
9
0
APP_0_Input_Layer_0 0.26666666666666666 0.26666666666666666 1.0 2.86 25 40 2.24 1

APP_0_Inner_Layer_0:0 0.4666666666666667 0.4666666666666667 1.75 3.5 40 37 2.66 1
0
APP_0_Inner_Layer_0:1 0.2 0.2 0.75 2.19 4 25 2.51 1
0
APP_0_Inner_Layer_0:2 0.4 0.4 1.5 2.86 38 21 1.81 1
0
APP_0_Inner_Layer_1:0 0.2 0.2 0.75 2.75 27 7 2.91 1
3
APP_0_Inner_Layer_1:1 0.5333333333333333 0.5333333333333333 2.0 3.29 47 6 2.57 1
1 2
APP_0_Inner_Layer_1:2 0.4666666666666667 0.4666666666666667 1.75 1.89 9 39 1.13 1
1
APP_0_Inner_Layer_1:3 0.06666666666666667 0.06666666666666667 0.25 3.05 23 14 3.59 1
3 1
APP_0_Output_Layer_0 0.3333333333333333 0.3333333333333333 1.25 1.89 29 28 1.64 1
4 5 6 7
11
0.9134480160066729
APP_1_Input_Layer_0 0.4666666666666667 0.4666666666666667 1.75 1.67 40 31 1.54 1

APP_1_Inner_Layer_0:0 0.26666666666666666 0.26666666666666666 1.0 2.4 9 10 3.41 1
0
APP_1_Inner_Layer_0:1 0.6 0.6 2.25 1.36 28 37 3.29 0
0
APP_1_Inner_Layer_0:2 0.26666666666666666 0.26666666666666666 1.0 2.28 13 12 2.7 1
0
APP_1_Inner_Layer_0:3 0.13333333333333333 0.13333333333333333 0.5 1.08 34 17 3.88 1
0
APP_1_Inner_Layer_1:0 0.13333333333333333 0.13333333333333333 0.5 2.84 12 35 2.67 1
1 2 3 4
APP_1_Inner_Layer_2:0 0.4666666666666667 0.4666666666666667 1.75 1.14 3 13 3.52 1
5
APP_1_Inner_Layer_2:1 0.3333333333333333 0.3333333333333333 1.25 1.61 29 45 1.59 1
5
APP_1_Inner_Layer_2:2 0.3333333333333333 0.3333333333333333 1.25 2.56 7 30 1.79 1
5
APP_1_Inner_Layer_3:0 0.13333333333333333 0.13333333333333333 0.5 1.18 49 36 1.34 1
6 7 8
APP_1_Output_Layer_0 0.06666666666666667 0.06666666666666667 0.25 1.35 32 46 2.62 1
9
11
1.721517340490509
APP_2_Input_Layer_0 0.4666666666666667 0.4666666666666667 1.75 2.08 10 43 1.33 1

APP_2_Inner_Layer_0:0 0.5333333333333333 0.5333333333333333 2.0 2.59 16 8 2.48 1
0
APP_2_Inner_Layer_0:1 0.13333333333333333 0.13333333333333333 0.5 1.58 7 23 1.95 1
0
APP_2_Inner_Layer_0:2 0.4 0.4 1.5 2.28 9 26 3.57 1
0
APP_2_Inner_Layer_1:0 0.2 0.2 0.75 1.18 40 28 1.98 1
1 2 3
APP_2_Inner_Layer_1:1 0.06666666666666667 0.06666666666666667 0.25 3.23 45 11 2.94 1
1 3
APP_2_Inner_Layer_2:0 0.06666666666666667 0.06666666666666667 0.25 1.87 4 26 3.63 1
4
APP_2_Inner_Layer_2:1 0.26666666666666666 0.26666666666666666 1.0 2.36 49 23 2.2 1
5
APP_2_Inner_Layer_2:2 0.4 0.4 1.5 2.02 21 38 3.7 0
4 5
APP_2_Inner_Layer_2:3 0.06666666666666667 0.06666666666666667 0.25 1.98 33 39 3.67 1
5
APP_2_Output_Layer_0 0.4 0.4 1.5 1.19 9 49 1.39 1
6 7 8 9
10
2.873814857231971
APP_3_Input_Layer_0 0.3333333333333333 0.3333333333333333 1.25 1.91 47 15 3.05 1

APP_3_Inner_Layer_0:0 0.4666666666666667 0.4666666666666667 1.75 2.97 37 48 1.75 0
0
APP_3_Inner_Layer_0:1 0.06666666666666667 0.06666666666666667 0.25 2.47 37 48 2.7 1
0
APP_3_Inner_Layer_0:2 0.06666666666666667 0.06666666666666667 0.25 2.71 9 44 1.07 1
0
APP_3_Inner_Layer_0:3 0.06666666666666667 0.06666666666666667 0.25 2.02 34 5 3.05 1
0
APP_3_Inner_Layer_1:0 0.3333333333333333 0.3333333333333333 1.25 3.76 3 8 3.07 1
1 2 3
APP_3_Inner_Layer_1:1 0.2 0.2 0.75 1.95 33 21 1.99 1
4
APP_3_Inner_Layer_1:2 0.2 0.2 0.75 1.03 47 10 1.57 1
1 2 4
APP_3_Inner_Layer_2:0 0.13333333333333333 0.13333333333333333 0.5 2.29 20 18 3.39 1
5 6 7
APP_3_Output_Layer_0 0.5333333333333333 0.5333333333333333 2.0 3.35 5 34 1.77 1
8
7
4.697726251704856
APP_4_Input_Layer_0 0.5333333333333333 0.5333333333333333 2.0 1.1 37 46 2.17 1

APP_4_Inner_Layer_0:0 0.3333333333333333 0.3333333333333333 1.25 1.48 1 13 2.18 1
0
APP_4_Inner_Layer_0:1 0.6 0.6 2.25 1.09 4 21 3.44 0
0
APP_4_Inner_Layer_1:0 0.3333333333333333 0.3333333333333333 1.25 1.63 35 41 1.3 1
2
APP_4_Inner_Layer_1:1 0.4666666666666667 0.4666666666666667 1.75 1.6 4 38 1.82 1
1 2
APP_4_Inner_Layer_1:2 0.3333333333333333 0.3333333333333333 1.25 3.0 19 17 1.18 1
1
APP_4_Output_Layer_0 0.26666666666666666 0.26666666666666666 1.0 3.93 23 46 3.15 0
3 4 5
