10
14
6
0
APP_0_Input_Layer_0 0.6 0.6 2.25 2.19 25 2 2.13 1

APP_0_Inner_Layer_0:0 0.4666666666666667 0.4666666666666667 1.75 3.62 7 32 3.1 1
0
APP_0_Inner_Layer_0:1 0.13333333333333333 0.13333333333333333 0.5 2.55 14 36 2.68 1
0
APP_0_Inner_Layer_0:2 0.26666666666666666 0.26666666666666666 1.0 1.28 2 38 1.47 1
0
APP_0_Inner_Layer_1:0 0.3333333333333333 0.3333333333333333 1.25 2.99 20 12 3.77 1
1 2 3
APP_0_Output_Layer_0 0.13333333333333333 0.13333333333333333 0.5 2.12 25 49 1.89 1
4
8
0.3093861904323278
APP_1_Input_Layer_0 0.13333333333333333 0.13333333333333333 0.5 2.65 38 23 3.79 1

APP_1_Inner_Layer_0:0 0.2 0.2 0.75 1.07 45 32 3.07 0
0
APP_1_Inner_Layer_0:1 0.3333333333333333 0.3333333333333333 1.25 1.06 14 10 3.18 1
0
APP_1_Inner_Layer_0:2 0.3333333333333333 0.3333333333333333 1.25 1.47 14 43 1.63 1
0
APP_1_Inner_Layer_0:3 0.6 0.6 2.25 1.16 2 1 3.24 1
0
APP_1_Inner_Layer_1:0 0.06666666666666667 0.06666666666666667 0.25 3.6 16 48 2.91 1
4
APP_1_Inner_Layer_1:1 0.6 0.6 2.25 1.03 18 5 3.97 1
1 2 3 4
APP_1_Output_Layer_0 0.13333333333333333 0.13333333333333333 0.5 2.08 9 16 1.63 1
5 6
11
0.8287829749870483
APP_2_Input_Layer_0 0.6 0.6 2.25 2.43 27 11 2.24 1

APP_2_Inner_Layer_0:0 0.4 0.4 1.5 3.14 22 4 3.23 1
0
APP_2_Inner_Layer_0:1 0.2 0.2 0.75 2.17 26 15 1.54 1
0
APP_2_Inner_Layer_1:0 0.3333333333333333 0.3333333333333333 1.25 2.04 32 10 2.07 1
2
APP_2_Inner_Layer_1:1 0.5333333333333333 0.5333333333333333 2.0 3.96 14 33 3.26 1
1
APP_2_Inner_Layer_1:2 0.13333333333333333 0.13333333333333333 0.5 1.07 7 15 1.21 1
1 2
APP_2_Inner_Layer_2:0 0.26666666666666666 0.26666666666666666 1.0 2.97 19 42 3.49 1
3 5
APP_2_Inner_Layer_2:1 0.6 0.6 2.25 1.61 25 24 2.2 1
4
APP_2_Inner_Layer_2:2 0.6 0.6 2.25 3.16 39 33 1.87 1
5
APP_2_Inner_Layer_2:3 0.3333333333333333 0.3333333333333333 1.25 3.89 24 49 1.97 1
5 3
APP_2_Output_Layer_0 0.06666666666666667 0.06666666666666667 0.25 2.61 35 6 3.27 1
6 7 8 9
7
1.155181628632194
APP_3_Input_Layer_0 0.6 0.6 2.25 1.89 49 15 3.6 1

APP_3_Inner_Layer_0:0 0.26666666666666666 0.26666666666666666 1.0 3.77 19 3 3.39 1
0
APP_3_Inner_Layer_0:1 0.3333333333333333 0.3333333333333333 1.25 2.54 23 28 3.19 1
0
APP_3_Inner_Layer_0:2 0.2 0.2 0.75 2.05 13 13 1.57 1
0
APP_3_Inner_Layer_0:3 0.13333333333333333 0.13333333333333333 0.5 3.75 29 21 2.05 1
0
APP_3_Inner_Layer_1:0 0.13333333333333333 0.13333333333333333 0.5 3.84 42 32 2.81 1
1 2 3 4
APP_3_Output_Layer_0 0.4 0.4 1.5 3.26 35 38 1.26 1
5
5
1.423346555024625
APP_4_Input_Layer_0 0.4 0.4 1.5 2.96 49 1 1.11 1

APP_4_Inner_Layer_0:0 0.4666666666666667 0.4666666666666667 1.75 1.27 28 3 3.12 1
0
APP_4_Inner_Layer_0:1 0.4666666666666667 0.4666666666666667 1.75 3.34 4 40 2.81 1
0
APP_4_Inner_Layer_0:2 0.4 0.4 1.5 1.74 9 16 2.75 1
0
APP_4_Output_Layer_0 0.26666666666666666 0.26666666666666666 1.0 2.63 5 14 1.85 1
1 2 3
10
1.7338557706588777
APP_5_Input_Layer_0 0.13333333333333333 0.13333333333333333 0.5 3.9 44 30 3.71 1

APP_5_Inner_Layer_0:0 0.4 0.4 1.5 1.72 22 31 2.0 1
0
APP_5_Inner_Layer_1:0 0.4 0.4 1.5 1.41 15 48 1.38 1
1
APP_5_Inner_Layer_1:1 0.4666666666666667 0.4666666666666667 1.75 2.75 47 21 2.05 1
1
APP_5_Inner_Layer_1:2 0.4666666666666667 0.4666666666666667 1.75 1.99 37 47 1.83 1
1
APP_5_Inner_Layer_2:0 0.13333333333333333 0.13333333333333333 0.5 1.78 1 31 3.63 1
2 3
APP_5_Inner_Layer_2:1 0.5333333333333333 0.5333333333333333 2.0 2.68 29 42 1.88 0
3
APP_5_Inner_Layer_2:2 0.4 0.4 1.5 3.79 4 6 1.16 1
2
APP_5_Inner_Layer_2:3 0.2 0.2 0.75 1.06 33 2 1.91 1
2 4
APP_5_Output_Layer_0 0.13333333333333333 0.13333333333333333 0.5 1.89 28 23 3.3 1
5 6 7 8
11
2.0833717540027457
APP_6_Input_Layer_0 0.2 0.2 0.75 3.85 28 48 1.77 1

APP_6_Inner_Layer_0:0 0.6 0.6 2.25 1.54 11 14 1.25 1
0
APP_6_Inner_Layer_0:1 0.06666666666666667 0.06666666666666667 0.25 1.59 40 30 1.07 1
0
APP_6_Inner_Layer_1:0 0.2 0.2 0.75 3.22 37 45 2.53 1
1 2
APP_6_Inner_Layer_2:0 0.26666666666666666 0.26666666666666666 1.0 3.5 14 12 3.33 1
3
APP_6_Inner_Layer_2:1 0.4 0.4 1.5 1.29 16 29 3.45 1
3
APP_6_Inner_Layer_3:0 0.4666666666666667 0.4666666666666667 1.75 2.95 47 34 3.91 1
4
APP_6_Inner_Layer_3:1 0.06666666666666667 0.06666666666666667 0.25 2.43 20 25 2.47 1
5
APP_6_Inner_Layer_3:2 0.26666666666666666 0.26666666666666666 1.0 3.43 22 21 2.63 1
4
APP_6_Inner_Layer_3:3 0.5333333333333333 0.5333333333333333 2.0 3.47 21 21 1.4 1
5
APP_6_Output_Layer_0 0.13333333333333333 0.13333333333333333 0.5 2.36 45 30 3.23 0
6 7 8 9
11
2.4850625634642634
APP_7_Input_Layer_0 0.3333333333333333 0.3333333333333333 1.25 1.04 35 41 2.5 0

APP_7_Inner_Layer_0:0 0.13333333333333333 0.13333333333333333 0.5 2.94 14 40 3.23 1
0
APP_7_Inner_Layer_1:0 0.3333333333333333 0.3333333333333333 1.25 2.84 14 23 1.17 1
1
APP_7_Inner_Layer_1:1 0.5333333333333333 0.5333333333333333 2.0 2.43 5 24 1.88 1
1
APP_7_Inner_Layer_1:2 0.06666666666666667 0.06666666666666667 0.25 2.53 5 16 3.3 1
1
APP_7_Inner_Layer_1:3 0.2 0.2 0.75 3.57 16 25 1.81 1
1
APP_7_Inner_Layer_2:0 0.4 0.4 1.5 2.47 18 17 1.01 1
3 4
APP_7_Inner_Layer_2:1 0.13333333333333333 0.13333333333333333 0.5 3.23 44 23 1.39 1
5
APP_7_Inner_Layer_2:2 0.4 0.4 1.5 3.99 7 45 1.79 1
2 4
APP_7_Inner_Layer_2:3 0.06666666666666667 0.06666666666666667 0.25 1.93 6 26 2.09 1
2 3
APP_7_Output_Layer_0 0.06666666666666667 0.06666666666666667 0.25 3.61 45 18 2.15 1
6 7 8 9
4
2.992690183547813
APP_8_Input_Layer_0 0.4 0.4 1.5 2.12 36 36 1.55 1

APP_8_Inner_Layer_0:0 0.4 0.4 1.5 1.61 38 12 3.39 1
0
APP_8_Inner_Layer_1:0 0.26666666666666666 0.26666666666666666 1.0 2.75 19 35 2.91 1
1
APP_8_Output_Layer_0 0.26666666666666666 0.26666666666666666 1.0 3.14 18 32 3.69 1
2
16
3.3507836892383502
APP_9_Input_Layer_0 0.26666666666666666 0.26666666666666666 1.0 2.46 46 38 2.62 1

APP_9_Inner_Layer_0:0 0.2 0.2 0.75 3.72 44 8 2.9 1
0
APP_9_Inner_Layer_0:1 0.6 0.6 2.25 1.93 26 41 1.98 1
0
APP_9_Inner_Layer_0:2 0.5333333333333333 0.5333333333333333 2.0 2.54 8 14 2.76 1
0
APP_9_Inner_Layer_0:3 0.4 0.4 1.5 3.99 38 45 3.44 1
0
APP_9_Inner_Layer_1:0 0.6 0.6 2.25 3.81 22 37 2.48 1
2 3
APP_9_Inner_Layer_1:1 0.4666666666666667 0.4666666666666667 1.75 2.17 30 13 3.54 1
2 4
APP_9_Inner_Layer_1:2 0.6 0.6 2.25 2.35 43 1 2.39 1
2 3
APP_9_Inner_Layer_1:3 0.13333333333333333 0.13333333333333333 0.5 3.07 21 29 2.48 0
1 4
APP_9_Inner_Layer_2:0 0.5333333333333333 0.5333333333333333 2.0 1.45 49 21 1.17 1
5 6 7 8
APP_9_Inner_Layer_2:1 0.6 0.6 2.25 3.07 34 41 2.75 1
5 7
APP_9_Inner_Layer_2:2 0.5333333333333333 0.5333333333333333 2.0 2.65 12 3 2.26 1
6
APP_9_Inner_Layer_3:0 0.2 0.2 0.75 1.57 32 42 3.67 1
11 9
APP_9_Inner_Layer_3:1 0.26666666666666666 0.26666666666666666 1.0 2.8 11 5 3.8 1
9 11
APP_9_Inner_Layer_3:2 0.26666666666666666 0.26666666666666666 1.0 3.08 32 18 2.45 1
9 10
APP_9_Output_Layer_0 0.6 0.6 2.25 1.84 9 34 3.54 1
12 13 14
8
4.007336098920982
APP_10_Input_Layer_0 0.4666666666666667 0.4666666666666667 1.75 2.51 9 15 3.67 1

APP_10_Inner_Layer_0:0 0.26666666666666666 0.26666666666666666 1.0 2.16 35 41 3.84 1
0
APP_10_Inner_Layer_0:1 0.13333333333333333 0.13333333333333333 0.5 1.06 35 35 2.07 1
0
APP_10_Inner_Layer_1:0 0.2 0.2 0.75 1.62 40 12 1.55 0
2
APP_10_Inner_Layer_1:1 0.26666666666666666 0.26666666666666666 1.0 1.67 18 27 3.18 1
2
APP_10_Inner_Layer_1:2 0.3333333333333333 0.3333333333333333 1.25 1.99 4 25 3.02 1
1
APP_10_Inner_Layer_1:3 0.06666666666666667 0.06666666666666667 0.25 1.56 35 45 2.24 1
2
APP_10_Output_Layer_0 0.13333333333333333 0.13333333333333333 0.5 3.53 19 10 2.55 1
3 4 5 6
11
4.343741583470198
APP_11_Input_Layer_0 0.4666666666666667 0.4666666666666667 1.75 3.92 31 30 3.25 0

APP_11_Inner_Layer_0:0 0.4666666666666667 0.4666666666666667 1.75 1.96 39 30 3.98 0
0
APP_11_Inner_Layer_0:1 0.5333333333333333 0.5333333333333333 2.0 3.73 13 20 2.95 1
0
APP_11_Inner_Layer_0:2 0.26666666666666666 0.26666666666666666 1.0 1.77 4 9 2.02 1
0
APP_11_Inner_Layer_1:0 0.13333333333333333 0.13333333333333333 0.5 1.68 29 32 1.8 1
3
APP_11_Inner_Layer_1:1 0.3333333333333333 0.3333333333333333 1.25 1.89 17 2 2.17 1
1 2 3
APP_11_Inner_Layer_2:0 0.2 0.2 0.75 2.66 6 10 3.77 1
4 5
APP_11_Inner_Layer_2:1 0.4 0.4 1.5 2.43 11 7 2.91 1
5
APP_11_Inner_Layer_3:0 0.06666666666666667 0.06666666666666667 0.25 3.61 48 31 1.01 1
6 7
APP_11_Inner_Layer_3:1 0.4 0.4 1.5 2.05 24 48 3.56 1
7
APP_11_Output_Layer_0 0.5333333333333333 0.5333333333333333 2.0 2.61 28 31 3.84 0
8 9
4
4.912132741175207
APP_12_Input_Layer_0 0.4666666666666667 0.4666666666666667 1.75 1.56 33 43 2.97 1

APP_12_Inner_Layer_0:0 0.6 0.6 2.25 2.85 40 4 2.91 1
0
APP_12_Inner_Layer_0:1 0.2 0.2 0.75 2.98 4 20 2.43 1
0
APP_12_Output_Layer_0 0.26666666666666666 0.26666666666666666 1.0 2.23 35 43 1.69 1
1 2
5
5.194677737537446
APP_13_Input_Layer_0 0.4 0.4 1.5 4.0 34 5 1.76 1

APP_13_Inner_Layer_0:0 0.3333333333333333 0.3333333333333333 1.25 3.08 22 27 1.06 1
0
APP_13_Inner_Layer_0:1 0.4 0.4 1.5 3.85 17 26 3.62 1
0
APP_13_Inner_Layer_1:0 0.26666666666666666 0.26666666666666666 1.0 3.35 34 14 2.05 1
1 2
APP_13_Output_Layer_0 0.13333333333333333 0.13333333333333333 0.5 1.47 1 46 1.13 1
3
