10
14
3
0
APP_0_Input_Layer_0 0.06666666666666667 0.06666666666666667 0.25 2.54 34 24 2.41 0

APP_0_Inner_Layer_0:0 0.13333333333333333 0.13333333333333333 0.5 2.75 40 34 2.3 1
0
APP_0_Output_Layer_0 0.4 0.4 1.5 3.52 40 39 3.48 1
1
5
0.6699472099394095
APP_1_Input_Layer_0 0.4 0.4 1.5 1.16 38 48 1.9 0

APP_1_Inner_Layer_0:0 0.2 0.2 0.75 3.8 19 22 3.55 1
0
APP_1_Inner_Layer_0:1 0.2 0.2 0.75 1.14 32 9 2.48 1
0
APP_1_Inner_Layer_1:0 0.4 0.4 1.5 2.78 3 9 3.56 1
1 2
APP_1_Output_Layer_0 0.06666666666666667 0.06666666666666667 0.25 3.1 34 30 3.32 1
3
14
1.221950560524078
APP_2_Input_Layer_0 0.3333333333333333 0.3333333333333333 1.25 2.7 25 42 2.8 1

APP_2_Inner_Layer_0:0 0.06666666666666667 0.06666666666666667 0.25 2.44 18 15 1.31 1
0
APP_2_Inner_Layer_0:1 0.3333333333333333 0.3333333333333333 1.25 1.28 11 48 2.9 1
0
APP_2_Inner_Layer_0:2 0.4 0.4 1.5 1.08 21 13 1.49 1
0
APP_2_Inner_Layer_0:3 0.4666666666666667 0.4666666666666667 1.75 2.18 37 47 3.49 0
0
APP_2_Inner_Layer_1:0 0.4 0.4 1.5 3.12 47 33 1.05 1
2 1
APP_2_Inner_Layer_1:1 0.6 0.6 2.25 3.89 36 2 2.23 1
1 2 3
APP_2_Inner_Layer_1:2 0.26666666666666666 0.26666666666666666 1.0 1.71 10 30 3.12 1
3 4
APP_2_Inner_Layer_1:3 0.13333333333333333 0.13333333333333333 0.5 1.96 28 4 1.61 1
1 3 4
APP_2_Inner_Layer_2:0 0.4666666666666667 0.4666666666666667 1.75 1.6 25 12 2.95 1
5 6 7 8
APP_2_Inner_Layer_3:0 0.3333333333333333 0.3333333333333333 1.25 1.74 20 11 3.16 1
9
APP_2_Inner_Layer_3:1 0.4666666666666667 0.4666666666666667 1.75 2.04 26 37 2.21 1
9
APP_2_Inner_Layer_3:2 0.3333333333333333 0.3333333333333333 1.25 2.63 18 21 2.23 1
9
APP_2_Output_Layer_0 0.13333333333333333 0.13333333333333333 0.5 2.03 19 42 1.44 0
10 11 12
8
1.7498220386696262
APP_3_Input_Layer_0 0.13333333333333333 0.13333333333333333 0.5 3.47 41 43 2.01 1

APP_3_Inner_Layer_0:0 0.2 0.2 0.75 1.54 35 1 2.88 1
0
APP_3_Inner_Layer_1:0 0.5333333333333333 0.5333333333333333 2.0 1.63 5 9 2.84 1
1
APP_3_Inner_Layer_2:0 0.2 0.2 0.75 3.65 43 1 3.68 1
2
APP_3_Inner_Layer_3:0 0.6 0.6 2.25 1.85 6 20 2.22 1
3
APP_3_Inner_Layer_3:1 0.13333333333333333 0.13333333333333333 0.5 2.55 39 43 2.31 1
3
APP_3_Inner_Layer_3:2 0.26666666666666666 0.26666666666666666 1.0 2.24 11 5 1.5 1
3
APP_3_Output_Layer_0 0.4 0.4 1.5 2.61 6 25 2.18 0
4 5 6
5
2.42547621610664
APP_4_Input_Layer_0 0.4 0.4 1.5 2.44 4 31 1.56 1

APP_4_Inner_Layer_0:0 0.2 0.2 0.75 2.4 5 31 2.02 1
0
APP_4_Inner_Layer_0:1 0.06666666666666667 0.06666666666666667 0.25 3.72 15 40 3.5 1
0
APP_4_Inner_Layer_0:2 0.26666666666666666 0.26666666666666666 1.0 3.27 37 38 3.34 1
0
APP_4_Output_Layer_0 0.5333333333333333 0.5333333333333333 2.0 2.77 10 22 1.18 1
1 2 3
13
2.8613752913940718
APP_5_Input_Layer_0 0.5333333333333333 0.5333333333333333 2.0 1.99 39 36 2.2 1

APP_5_Inner_Layer_0:0 0.6 0.6 2.25 3.29 24 31 3.52 1
0
APP_5_Inner_Layer_0:1 0.3333333333333333 0.3333333333333333 1.25 1.7 49 12 3.32 1
0
APP_5_Inner_Layer_0:2 0.4666666666666667 0.4666666666666667 1.75 2.52 21 13 2.4 1
0
APP_5_Inner_Layer_0:3 0.5333333333333333 0.5333333333333333 2.0 2.03 45 7 1.34 1
0
APP_5_Inner_Layer_1:0 0.3333333333333333 0.3333333333333333 1.25 2.89 21 22 3.38 1
2 3
APP_5_Inner_Layer_1:1 0.13333333333333333 0.13333333333333333 0.5 3.49 13 38 3.96 1
1 2 3 4
APP_5_Inner_Layer_1:2 0.2 0.2 0.75 3.05 6 27 3.02 1
4
APP_5_Inner_Layer_2:0 0.26666666666666666 0.26666666666666666 1.0 1.79 49 10 3.44 1
5 6 7
APP_5_Inner_Layer_2:1 0.26666666666666666 0.26666666666666666 1.0 3.28 7 41 2.07 1
5 7
APP_5_Inner_Layer_3:0 0.3333333333333333 0.3333333333333333 1.25 1.2 2 43 2.33 1
9
APP_5_Inner_Layer_3:1 0.13333333333333333 0.13333333333333333 0.5 1.96 15 10 1.26 1
8
APP_5_Output_Layer_0 0.4666666666666667 0.4666666666666667 1.75 2.75 13 36 2.69 1
10 11
3
3.1282384584881475
APP_6_Input_Layer_0 0.3333333333333333 0.3333333333333333 1.25 1.81 43 11 3.99 1

APP_6_Inner_Layer_0:0 0.2 0.2 0.75 1.53 10 24 1.48 1
0
APP_6_Output_Layer_0 0.06666666666666667 0.06666666666666667 0.25 1.52 16 47 2.44 1
1
12
3.4882431540262817
APP_7_Input_Layer_0 0.5333333333333333 0.5333333333333333 2.0 3.45 41 16 2.43 1

APP_7_Inner_Layer_0:0 0.13333333333333333 0.13333333333333333 0.5 1.63 16 2 1.86 1
0
APP_7_Inner_Layer_0:1 0.5333333333333333 0.5333333333333333 2.0 3.77 38 30 2.3 1
0
APP_7_Inner_Layer_0:2 0.4 0.4 1.5 2.45 37 47 2.91 0
0
APP_7_Inner_Layer_0:3 0.4666666666666667 0.4666666666666667 1.75 1.34 23 41 3.25 1
0
APP_7_Inner_Layer_1:0 0.26666666666666666 0.26666666666666666 1.0 1.68 41 26 2.05 1
3 2
APP_7_Inner_Layer_1:1 0.3333333333333333 0.3333333333333333 1.25 1.88 10 2 3.98 1
1 2 3 4
APP_7_Inner_Layer_2:0 0.3333333333333333 0.3333333333333333 1.25 3.31 7 33 3.78 0
6
APP_7_Inner_Layer_2:1 0.13333333333333333 0.13333333333333333 0.5 3.52 6 46 1.73 1
6
APP_7_Inner_Layer_2:2 0.4 0.4 1.5 3.12 48 33 1.7 0
5
APP_7_Inner_Layer_3:0 0.26666666666666666 0.26666666666666666 1.0 3.27 12 1 3.35 1
7 8 9
APP_7_Output_Layer_0 0.2 0.2 0.75 1.53 22 35 3.38 1
10
3
3.819125753212366
APP_8_Input_Layer_0 0.5333333333333333 0.5333333333333333 2.0 3.28 35 10 3.58 1

APP_8_Inner_Layer_0:0 0.2 0.2 0.75 2.37 21 23 3.87 0
0
APP_8_Output_Layer_0 0.4666666666666667 0.4666666666666667 1.75 3.87 27 18 2.08 1
1
9
4.142098811741021
APP_9_Input_Layer_0 0.3333333333333333 0.3333333333333333 1.25 2.28 15 16 3.85 1

APP_9_Inner_Layer_0:0 0.4 0.4 1.5 1.31 35 43 2.07 1
0
APP_9_Inner_Layer_1:0 0.13333333333333333 0.13333333333333333 0.5 3.0 13 31 3.71 1
1
APP_9_Inner_Layer_1:1 0.26666666666666666 0.26666666666666666 1.0 2.84 44 46 3.5 1
1
APP_9_Inner_Layer_2:0 0.6 0.6 2.25 1.03 49 32 2.54 1
3
APP_9_Inner_Layer_2:1 0.26666666666666666 0.26666666666666666 1.0 3.78 30 41 1.42 1
3
APP_9_Inner_Layer_2:2 0.4 0.4 1.5 1.7 3 48 3.61 1
2
APP_9_Inner_Layer_3:0 0.06666666666666667 0.06666666666666667 0.25 2.63 15 24 2.26 1
4 5 6
APP_9_Output_Layer_0 0.6 0.6 2.25 1.88 21 12 2.0 1
7
5
4.417327168346105
APP_10_Input_Layer_0 0.5333333333333333 0.5333333333333333 2.0 3.86 31 2 3.04 1

APP_10_Inner_Layer_0:0 0.13333333333333333 0.13333333333333333 0.5 2.56 17 45 2.79 1
0
APP_10_Inner_Layer_0:1 0.06666666666666667 0.06666666666666667 0.25 3.61 43 10 3.37 1
0
APP_10_Inner_Layer_0:2 0.3333333333333333 0.3333333333333333 1.25 1.95 3 24 2.97 1
0
APP_10_Output_Layer_0 0.2 0.2 0.75 2.19 13 39 3.54 1
1 2 3
8
4.8688002792969165
APP_11_Input_Layer_0 0.4666666666666667 0.4666666666666667 1.75 3.24 7 23 2.35 0

APP_11_Inner_Layer_0:0 0.3333333333333333 0.3333333333333333 1.25 1.3 39 47 2.04 1
0
APP_11_Inner_Layer_0:1 0.06666666666666667 0.06666666666666667 0.25 2.14 14 11 1.46 1
0
APP_11_Inner_Layer_0:2 0.3333333333333333 0.3333333333333333 1.25 3.85 11 11 2.3 1
0
APP_11_Inner_Layer_1:0 0.06666666666666667 0.06666666666666667 0.25 3.73 48 30 3.85 1
2 3
APP_11_Inner_Layer_1:1 0.13333333333333333 0.13333333333333333 0.5 1.41 10 30 1.87 1
1
APP_11_Inner_Layer_1:2 0.4 0.4 1.5 3.96 43 38 1.32 0
2
APP_11_Output_Layer_0 0.5333333333333333 0.5333333333333333 2.0 2.0 16 24 3.79 1
4 5 6
3
5.306374006668221
APP_12_Input_Layer_0 0.6 0.6 2.25 3.03 48 32 3.94 1

APP_12_Inner_Layer_0:0 0.5333333333333333 0.5333333333333333 2.0 1.08 14 38 3.62 1
0
APP_12_Output_Layer_0 0.4 0.4 1.5 1.52 9 44 2.05 1
1
7
5.599491323127081
APP_13_Input_Layer_0 0.5333333333333333 0.5333333333333333 2.0 1.28 16 34 2.17 1

APP_13_Inner_Layer_0:0 0.6 0.6 2.25 3.69 30 37 2.11 1
0
APP_13_Inner_Layer_0:1 0.13333333333333333 0.13333333333333333 0.5 3.98 16 10 2.69 1
0
APP_13_Inner_Layer_1:0 0.6 0.6 2.25 1.82 38 10 1.64 1
2
APP_13_Inner_Layer_1:1 0.4 0.4 1.5 1.9 38 31 2.24 1
2
APP_13_Inner_Layer_1:2 0.4 0.4 1.5 2.62 39 13 3.52 1
1
APP_13_Output_Layer_0 0.4666666666666667 0.4666666666666667 1.75 3.13 13 10 1.21 1
3 4 5
