10
14
7
0
APP_0_Input_Layer_0 0.06666666666666667 0.06666666666666667 0.25 1.58 37 34 2.08 1

APP_0_Inner_Layer_0:0 0.13333333333333333 0.13333333333333333 0.5 1.76 35 29 2.66 1
0
APP_0_Inner_Layer_0:1 0.26666666666666666 0.26666666666666666 1.0 1.33 42 6 2.54 1
0
APP_0_Inner_Layer_1:0 0.2 0.2 0.75 1.07 4 25 2.09 1
2
APP_0_Inner_Layer_1:1 0.4 0.4 1.5 2.61 20 36 1.61 1
1
APP_0_Inner_Layer_1:2 0.3333333333333333 0.3333333333333333 1.25 3.55 27 37 1.87 1
2
APP_0_Output_Layer_0 0.2 0.2 0.75 2.58 5 23 1.22 0
3 4 5
14
0.3856524675761276
APP_1_Input_Layer_0 0.13333333333333333 0.13333333333333333 0.5 1.38 42 46 2.03 1

APP_1_Inner_Layer_0:0 0.6 0.6 2.25 1.56 5 1 2.34 1
0
APP_1_Inner_Layer_0:1 0.26666666666666666 0.26666666666666666 1.0 2.66 29 30 3.42 1
0
APP_1_Inner_Layer_0:2 0.26666666666666666 0.26666666666666666 1.0 1.69 49 25 2.31 1
0
APP_1_Inner_Layer_1:0 0.5333333333333333 0.5333333333333333 2.0 2.39 9 8 2.56 1
3
APP_1_Inner_Layer_1:1 0.2 0.2 0.75 1.91 45 43 1.59 1
3
APP_1_Inner_Layer_1:2 0.13333333333333333 0.13333333333333333 0.5 3.84 19 24 2.72 1
2
APP_1_Inner_Layer_1:3 0.5333333333333333 0.5333333333333333 2.0 3.98 21 24 3.13 1
1 3
APP_1_Inner_Layer_2:0 0.4666666666666667 0.4666666666666667 1.75 2.78 9 37 2.08 1
4 5 6 7
APP_1_Inner_Layer_3:0 0.4666666666666667 0.4666666666666667 1.75 3.82 45 11 3.32 1
8
APP_1_Inner_Layer_3:1 0.6 0.6 2.25 1.51 27 3 3.96 1
8
APP_1_Inner_Layer_3:2 0.06666666666666667 0.06666666666666667 0.25 3.57 17 12 3.66 1
8
APP_1_Inner_Layer_3:3 0.4 0.4 1.5 3.46 17 22 1.18 1
8
APP_1_Output_Layer_0 0.3333333333333333 0.3333333333333333 1.25 1.78 6 8 2.59 0
9 10 11 12
8
0.8234822096830334
APP_2_Input_Layer_0 0.4666666666666667 0.4666666666666667 1.75 3.61 18 13 1.75 0

APP_2_Inner_Layer_0:0 0.3333333333333333 0.3333333333333333 1.25 1.1 6 3 1.54 1
0
APP_2_Inner_Layer_0:1 0.06666666666666667 0.06666666666666667 0.25 2.41 13 49 2.24 1
0
APP_2_Inner_Layer_0:2 0.4666666666666667 0.4666666666666667 1.75 3.57 23 9 1.43 1
0
APP_2_Inner_Layer_1:0 0.26666666666666666 0.26666666666666666 1.0 2.39 12 29 3.79 1
1
APP_2_Inner_Layer_1:1 0.4666666666666667 0.4666666666666667 1.75 2.92 27 45 2.71 1
1 3
APP_2_Inner_Layer_1:2 0.2 0.2 0.75 3.32 20 31 3.53 1
2
APP_2_Output_Layer_0 0.26666666666666666 0.26666666666666666 1.0 3.64 17 13 1.11 0
4 5 6
9
1.3949171780193133
APP_3_Input_Layer_0 0.6 0.6 2.25 3.46 12 6 3.13 1

APP_3_Inner_Layer_0:0 0.6 0.6 2.25 1.02 42 22 1.94 0
0
APP_3_Inner_Layer_0:1 0.4666666666666667 0.4666666666666667 1.75 3.74 32 42 1.22 1
0
APP_3_Inner_Layer_0:2 0.5333333333333333 0.5333333333333333 2.0 3.25 35 41 1.05 1
0
APP_3_Inner_Layer_1:0 0.2 0.2 0.75 3.54 49 10 2.51 1
1 2 3
APP_3_Inner_Layer_2:0 0.13333333333333333 0.13333333333333333 0.5 2.94 31 2 1.15 1
4
APP_3_Inner_Layer_2:1 0.6 0.6 2.25 2.45 21 4 2.46 1
4
APP_3_Inner_Layer_2:2 0.5333333333333333 0.5333333333333333 2.0 2.74 9 48 1.66 1
4
APP_3_Output_Layer_0 0.6 0.6 2.25 1.98 24 15 1.0 1
5 6 7
8
1.8531853986026436
APP_4_Input_Layer_0 0.4666666666666667 0.4666666666666667 1.75 2.32 22 9 2.85 1

APP_4_Inner_Layer_0:0 0.2 0.2 0.75 1.56 5 16 1.12 1
0
APP_4_Inner_Layer_0:1 0.4666666666666667 0.4666666666666667 1.75 3.93 19 25 3.25 1
0
APP_4_Inner_Layer_1:0 0.4 0.4 1.5 1.12 10 39 2.52 1
2
APP_4_Inner_Layer_1:1 0.5333333333333333 0.5333333333333333 2.0 2.18 27 29 3.47 1
2
APP_4_Inner_Layer_1:2 0.4666666666666667 0.4666666666666667 1.75 1.63 37 2 3.77 1
1
APP_4_Inner_Layer_1:3 0.4666666666666667 0.4666666666666667 1.75 3.56 10 20 2.26 1
1
APP_4_Output_Layer_0 0.13333333333333333 0.13333333333333333 0.5 2.44 36 17 2.1 1
3 4 5 6
9
2.3130680141388527
APP_5_Input_Layer_0 0.13333333333333333 0.13333333333333333 0.5 3.65 16 6 3.69 1

APP_5_Inner_Layer_0:0 0.4 0.4 1.5 3.67 31 32 2.04 1
0
APP_5_Inner_Layer_0:1 0.06666666666666667 0.06666666666666667 0.25 2.46 29 40 2.16 1
0
APP_5_Inner_Layer_0:2 0.5333333333333333 0.5333333333333333 2.0 1.65 29 13 2.33 1
0
APP_5_Inner_Layer_1:0 0.4 0.4 1.5 2.32 16 11 3.3 1
2
APP_5_Inner_Layer_1:1 0.4 0.4 1.5 1.26 20 46 3.82 1
1 3
APP_5_Inner_Layer_1:2 0.6 0.6 2.25 3.35 37 5 1.29 1
1 2 3
APP_5_Inner_Layer_2:0 0.4 0.4 1.5 3.39 21 30 3.64 1
4 5 6
APP_5_Output_Layer_0 0.4 0.4 1.5 2.33 11 30 3.64 1
7
11
2.8395316575147933
APP_6_Input_Layer_0 0.06666666666666667 0.06666666666666667 0.25 1.19 24 46 1.48 1

APP_6_Inner_Layer_0:0 0.6 0.6 2.25 3.34 1 19 3.39 1
0
APP_6_Inner_Layer_0:1 0.5333333333333333 0.5333333333333333 2.0 2.12 14 18 3.76 1
0
APP_6_Inner_Layer_1:0 0.26666666666666666 0.26666666666666666 1.0 2.91 47 39 1.4 1
2
APP_6_Inner_Layer_1:1 0.4 0.4 1.5 1.85 6 23 1.45 1
1 2
APP_6_Inner_Layer_1:2 0.3333333333333333 0.3333333333333333 1.25 2.71 20 43 3.33 1
1
APP_6_Inner_Layer_2:0 0.06666666666666667 0.06666666666666667 0.25 1.78 8 12 2.96 1
3 4 5
APP_6_Inner_Layer_3:0 0.13333333333333333 0.13333333333333333 0.5 1.02 28 41 3.62 1
6
APP_6_Inner_Layer_3:1 0.4666666666666667 0.4666666666666667 1.75 3.9 20 19 3.27 1
6
APP_6_Inner_Layer_3:2 0.3333333333333333 0.3333333333333333 1.25 1.09 48 31 3.87 1
6
APP_6_Output_Layer_0 0.2 0.2 0.75 1.73 47 21 3.52 1
7 8 9
6
3.158640536881192
APP_7_Input_Layer_0 0.6 0.6 2.25 2.49 48 10 1.96 1

APP_7_Inner_Layer_0:0 0.5333333333333333 0.5333333333333333 2.0 2.56 16 22 2.62 1
0
APP_7_Inner_Layer_0:1 0.4666666666666667 0.4666666666666667 1.75 2.96 15 14 1.17 1
0
APP_7_Inner_Layer_1:0 0.2 0.2 0.75 3.18 27 32 1.13 1
1 2
APP_7_Inner_Layer_2:0 0.2 0.2 0.75 3.8 27 5 2.98 1
3
APP_7_Output_Layer_0 0.26666666666666666 0.26666666666666666 1.0 2.9 15 15 2.24 1
4
5
3.54024629376065
APP_8_Input_Layer_0 0.4 0.4 1.5 2.84 47 43 3.74 1

APP_8_Inner_Layer_0:0 0.26666666666666666 0.26666666666666666 1.0 1.09 12 14 1.79 1
0
APP_8_Inner_Layer_0:1 0.4666666666666667 0.4666666666666667 1.75 2.63 35 20 2.35 1
0
APP_8_Inner_Layer_0:2 0.5333333333333333 0.5333333333333333 2.0 3.09 17 32 1.42 1
0
APP_8_Output_Layer_0 0.3333333333333333 0.3333333333333333 1.25 1.68 17 43 1.58 1
1 2 3
13
4.072261505551156
APP_9_Input_Layer_0 0.06666666666666667 0.06666666666666667 0.25 2.12 22 35 3.12 1

APP_9_Inner_Layer_0:0 0.3333333333333333 0.3333333333333333 1.25 2.5 42 48 2.38 1
0
APP_9_Inner_Layer_0:1 0.4 0.4 1.5 3.29 11 39 1.86 0
0
APP_9_Inner_Layer_0:2 0.4 0.4 1.5 1.19 15 4 2.93 1
0
APP_9_Inner_Layer_1:0 0.13333333333333333 0.13333333333333333 0.5 1.39 43 13 1.34 1
1 2
APP_9_Inner_Layer_1:1 0.4666666666666667 0.4666666666666667 1.75 3.61 33 9 1.57 1
1 3
APP_9_Inner_Layer_1:2 0.4 0.4 1.5 1.6 3 5 1.03 1
3
APP_9_Inner_Layer_1:3 0.4666666666666667 0.4666666666666667 1.75 2.72 36 25 2.84 1
1 3
APP_9_Inner_Layer_2:0 0.4 0.4 1.5 1.91 34 42 1.37 1
4 5
APP_9_Inner_Layer_2:1 0.2 0.2 0.75 3.98 24 9 2.38 1
6 7
APP_9_Inner_Layer_2:2 0.13333333333333333 0.13333333333333333 0.5 3.95 10 17 3.13 1
4 5 7
APP_9_Inner_Layer_2:3 0.2 0.2 0.75 3.59 10 3 1.13 1
4 5 7
APP_9_Output_Layer_0 0.06666666666666667 0.06666666666666667 0.25 2.1 10 40 3.86 1
8 9 10 11
4
4.374849771220062
APP_10_Input_Layer_0 0.4666666666666667 0.4666666666666667 1.75 2.87 18 23 2.14 1

APP_10_Inner_Layer_0:0 0.4 0.4 1.5 2.28 41 5 3.87 1
0
APP_10_Inner_Layer_1:0 0.2 0.2 0.75 3.21 38 29 3.07 0
1
APP_10_Output_Layer_0 0.26666666666666666 0.26666666666666666 1.0 1.49 17 6 2.96 1
2
12
4.689581624564489
APP_11_Input_Layer_0 0.5333333333333333 0.5333333333333333 2.0 1.81 49 9 1.97 1

APP_11_Inner_Layer_0:0 0.26666666666666666 0.26666666666666666 1.0 3.18 41 36 1.14 1
0
APP_11_Inner_Layer_0:1 0.13333333333333333 0.13333333333333333 0.5 3.73 6 45 2.78 1
0
APP_11_Inner_Layer_1:0 0.06666666666666667 0.06666666666666667 0.25 1.87 15 8 2.09 1
1
APP_11_Inner_Layer_1:1 0.2 0.2 0.75 2.89 28 14 2.37 1
1 2
APP_11_Inner_Layer_2:0 0.26666666666666666 0.26666666666666666 1.0 3.17 30 13 1.58 1
3
APP_11_Inner_Layer_2:1 0.4 0.4 1.5 1.37 29 21 3.61 1
3 4
APP_11_Inner_Layer_3:0 0.06666666666666667 0.06666666666666667 0.25 3.43 31 3 2.99 1
6
APP_11_Inner_Layer_3:1 0.2 0.2 0.75 1.56 47 46 2.47 1
5
APP_11_Inner_Layer_3:2 0.5333333333333333 0.5333333333333333 2.0 1.45 12 6 1.63 1
6
APP_11_Inner_Layer_3:3 0.6 0.6 2.25 2.56 28 49 2.36 1
6
APP_11_Output_Layer_0 0.4 0.4 1.5 1.13 13 42 1.05 0
7 8 9 10
6
5.193079707271357
APP_12_Input_Layer_0 0.2 0.2 0.75 3.19 22 19 2.8 1

APP_12_Inner_Layer_0:0 0.13333333333333333 0.13333333333333333 0.5 1.56 48 18 2.44 1
0
APP_12_Inner_Layer_1:0 0.2 0.2 0.75 1.8 12 17 2.33 1
1
APP_12_Inner_Layer_2:0 0.06666666666666667 0.06666666666666667 0.25 3.22 47 18 2.85 1
2
APP_12_Inner_Layer_3:0 0.4666666666666667 0.4666666666666667 1.75 1.75 19 21 1.04 1
3
APP_12_Output_Layer_0 0.06666666666666667 0.06666666666666667 0.25 1.44 45 13 1.72 1
4
7
5.559870840095029
APP_13_Input_Layer_0 0.26666666666666666 0.26666666666666666 1.0 1.96 15 23 2.18 1

APP_13_Inner_Layer_0:0 0.26666666666666666 0.26666666666666666 1.0 3.13 24 36 2.89 1
0
APP_13_Inner_Layer_0:1 0.5333333333333333 0.5333333333333333 2.0 3.63 12 15 3.42 0
0
APP_13_Inner_Layer_0:2 0.5333333333333333 0.5333333333333333 2.0 1.48 37 24 3.76 1
0
APP_13_Inner_Layer_1:0 0.2 0.2 0.75 2.94 30 19 2.0 1
1 2 3
APP_13_Inner_Layer_2:0 0.4666666666666667 0.4666666666666667 1.75 1.77 9 1 1.72 1
4
APP_13_Output_Layer_0 0.06666666666666667 0.06666666666666667 0.25 1.71 24 1 1.45 1
5
