10
14
3
0
APP_0_Input_Layer_0 0.2 0.2 0.75 3.72 34 25 2.34 1

APP_0_Inner_Layer_0:0 0.6 0.6 2.25 3.21 20 15 2.74 1
0
APP_0_Output_Layer_0 0.4 0.4 1.5 3.62 12 11 3.56 1
1
9
0.33818457304464444
APP_1_Input_Layer_0 0.4 0.4 1.5 2.72 5 37 3.38 1

APP_1_Inner_Layer_0:0 0.06666666666666667 0.06666666666666667 0.25 1.19 35 3 3.32 0
0
APP_1_Inner_Layer_1:0 0.13333333333333333 0.13333333333333333 0.5 2.03 32 19 3.19 1
1
APP_1_Inner_Layer_1:1 0.06666666666666667 0.06666666666666667 0.25 2.72 31 11 2.31 1
1
APP_1_Inner_Layer_1:2 0.5333333333333333 0.5333333333333333 2.0 1.8 18 36 1.35 1
1
APP_1_Inner_Layer_1:3 0.06666666666666667 0.06666666666666667 0.25 1.34 23 19 3.88 1
1
APP_1_Inner_Layer_2:0 0.26666666666666666 0.26666666666666666 1.0 1.45 22 49 1.0 1
2 3 4 5
APP_1_Inner_Layer_3:0 0.13333333333333333 0.13333333333333333 0.5 1.59 12 26 3.76 1
6
APP_1_Output_Layer_0 0.5333333333333333 0.5333333333333333 2.0 3.11 49 32 1.5 1
7
10
0.9604673890405018
APP_2_Input_Layer_0 0.6 0.6 2.25 1.4 7 21 1.65 1

APP_2_Inner_Layer_0:0 0.4666666666666667 0.4666666666666667 1.75 1.66 14 44 1.74 1
0
APP_2_Inner_Layer_0:1 0.13333333333333333 0.13333333333333333 0.5 3.71 28 44 1.43 1
0
APP_2_Inner_Layer_0:2 0.26666666666666666 0.26666666666666666 1.0 3.17 46 44 3.34 1
0
APP_2_Inner_Layer_1:0 0.26666666666666666 0.26666666666666666 1.0 3.02 21 42 3.17 1
2 3
APP_2_Inner_Layer_1:1 0.5333333333333333 0.5333333333333333 2.0 3.67 18 22 3.41 1
1
APP_2_Inner_Layer_1:2 0.4666666666666667 0.4666666666666667 1.75 1.8 7 25 2.54 1
2 3
APP_2_Inner_Layer_1:3 0.4 0.4 1.5 3.47 1 6 2.86 1
1 3
APP_2_Inner_Layer_2:0 0.06666666666666667 0.06666666666666667 0.25 3.12 3 37 2.92 1
4 5 6 7
APP_2_Output_Layer_0 0.6 0.6 2.25 2.09 48 33 2.61 1
8
8
1.475046943288635
APP_3_Input_Layer_0 0.3333333333333333 0.3333333333333333 1.25 1.84 49 3 3.09 1

APP_3_Inner_Layer_0:0 0.2 0.2 0.75 2.14 10 41 3.27 1
0
APP_3_Inner_Layer_0:1 0.2 0.2 0.75 3.54 29 4 1.58 1
0
APP_3_Inner_Layer_1:0 0.06666666666666667 0.06666666666666667 0.25 2.76 3 44 2.53 1
2
APP_3_Inner_Layer_1:1 0.4666666666666667 0.4666666666666667 1.75 1.75 12 17 2.31 1
1
APP_3_Inner_Layer_1:2 0.4666666666666667 0.4666666666666667 1.75 2.13 12 23 1.03 1
1
APP_3_Inner_Layer_1:3 0.26666666666666666 0.26666666666666666 1.0 1.48 9 42 3.13 1
1 2
APP_3_Output_Layer_0 0.3333333333333333 0.3333333333333333 1.25 3.97 2 40 1.62 1
3 4 5 6
16
2.155685665379333
APP_4_Input_Layer_0 0.2 0.2 0.75 1.55 16 1 3.22 1

APP_4_Inner_Layer_0:0 0.3333333333333333 0.3333333333333333 1.25 2.66 20 42 1.94 1
0
APP_4_Inner_Layer_0:1 0.4 0.4 1.5 2.7 30 43 3.47 1
0
APP_4_Inner_Layer_0:2 0.4 0.4 1.5 1.67 8 32 1.96 1
0
APP_4_Inner_Layer_0:3 0.6 0.6 2.25 2.07 7 32 1.84 1
0
APP_4_Inner_Layer_1:0 0.5333333333333333 0.5333333333333333 2.0 3.09 41 41 3.34 1
1 2
APP_4_Inner_Layer_1:1 0.5333333333333333 0.5333333333333333 2.0 3.33 36 1 3.68 1
1 4
APP_4_Inner_Layer_1:2 0.3333333333333333 0.3333333333333333 1.25 2.0 42 36 3.64 1
1 2 3 4
APP_4_Inner_Layer_1:3 0.4666666666666667 0.4666666666666667 1.75 2.03 28 26 3.63 1
2 4
APP_4_Inner_Layer_2:0 0.2 0.2 0.75 2.31 37 37 1.14 1
5 6
APP_4_Inner_Layer_2:1 0.6 0.6 2.25 1.4 15 3 2.33 1
8
APP_4_Inner_Layer_2:2 0.5333333333333333 0.5333333333333333 2.0 3.51 8 13 1.7 0
5 7 8
APP_4_Inner_Layer_2:3 0.4666666666666667 0.4666666666666667 1.75 1.63 39 7 2.71 1
8
APP_4_Inner_Layer_3:0 0.5333333333333333 0.5333333333333333 2.0 3.77 40 21 2.6 0
11
APP_4_Inner_Layer_3:1 0.13333333333333333 0.13333333333333333 0.5 3.3 11 4 2.31 1
9 10 12
APP_4_Output_Layer_0 0.2 0.2 0.75 1.21 13 43 1.85 1
13 14
8
2.448918810235944
APP_5_Input_Layer_0 0.5333333333333333 0.5333333333333333 2.0 2.09 34 5 3.38 1

APP_5_Inner_Layer_0:0 0.2 0.2 0.75 1.79 26 4 2.07 1
0
APP_5_Inner_Layer_0:1 0.6 0.6 2.25 3.36 13 12 2.87 1
0
APP_5_Inner_Layer_1:0 0.4666666666666667 0.4666666666666667 1.75 3.15 36 3 3.05 0
2
APP_5_Inner_Layer_1:1 0.6 0.6 2.25 2.1 15 6 3.91 1
1
APP_5_Inner_Layer_1:2 0.13333333333333333 0.13333333333333333 0.5 1.57 2 42 1.61 1
2
APP_5_Inner_Layer_1:3 0.2 0.2 0.75 2.3 28 28 2.68 1
1 2
APP_5_Output_Layer_0 0.4 0.4 1.5 1.45 37 24 3.88 1
3 4 5 6
10
2.716403980595421
APP_6_Input_Layer_0 0.4666666666666667 0.4666666666666667 1.75 1.56 26 13 3.29 1

APP_6_Inner_Layer_0:0 0.3333333333333333 0.3333333333333333 1.25 3.94 37 17 3.04 1
0
APP_6_Inner_Layer_0:1 0.4 0.4 1.5 1.14 34 11 1.34 1
0
APP_6_Inner_Layer_0:2 0.5333333333333333 0.5333333333333333 2.0 2.44 29 1 3.4 1
0
APP_6_Inner_Layer_0:3 0.13333333333333333 0.13333333333333333 0.5 2.2 27 12 2.07 1
0
APP_6_Inner_Layer_1:0 0.13333333333333333 0.13333333333333333 0.5 1.28 34 6 2.51 1
2
APP_6_Inner_Layer_1:1 0.2 0.2 0.75 2.91 3 39 1.42 1
1 3 4
APP_6_Inner_Layer_2:0 0.4 0.4 1.5 2.54 18 40 3.38 0
6
APP_6_Inner_Layer_2:1 0.4 0.4 1.5 1.17 20 40 1.76 1
5
APP_6_Output_Layer_0 0.26666666666666666 0.26666666666666666 1.0 3.59 49 1 3.84 1
7 8
10
3.083719848496899
APP_7_Input_Layer_0 0.3333333333333333 0.3333333333333333 1.25 1.2 44 41 3.13 1

APP_7_Inner_Layer_0:0 0.5333333333333333 0.5333333333333333 2.0 1.17 16 20 3.47 1
0
APP_7_Inner_Layer_0:1 0.6 0.6 2.25 3.79 41 19 3.81 1
0
APP_7_Inner_Layer_0:2 0.3333333333333333 0.3333333333333333 1.25 2.7 30 16 2.14 1
0
APP_7_Inner_Layer_0:3 0.4666666666666667 0.4666666666666667 1.75 2.12 9 37 1.62 1
0
APP_7_Inner_Layer_1:0 0.2 0.2 0.75 3.9 49 37 2.7 0
1 2 3 4
APP_7_Inner_Layer_2:0 0.13333333333333333 0.13333333333333333 0.5 3.05 7 32 2.02 1
5
APP_7_Inner_Layer_2:1 0.5333333333333333 0.5333333333333333 2.0 3.1 46 4 2.41 1
5
APP_7_Inner_Layer_2:2 0.4666666666666667 0.4666666666666667 1.75 1.89 19 5 3.67 1
5
APP_7_Output_Layer_0 0.6 0.6 2.25 4.0 17 10 3.87 1
6 7 8
9
3.742804312838389
APP_8_Input_Layer_0 0.26666666666666666 0.26666666666666666 1.0 3.36 43 5 2.77 1

APP_8_Inner_Layer_0:0 0.4 0.4 1.5 1.17 45 47 1.61 1
0
APP_8_Inner_Layer_1:0 0.4666666666666667 0.4666666666666667 1.75 1.7 25 3 1.35 1
1
APP_8_Inner_Layer_1:1 0.06666666666666667 0.06666666666666667 0.25 3.98 34 26 1.48 1
1
APP_8_Inner_Layer_2:0 0.3333333333333333 0.3333333333333333 1.25 2.28 11 49 3.82 1
2
APP_8_Inner_Layer_2:1 0.5333333333333333 0.5333333333333333 2.0 3.48 28 35 3.16 1
3
APP_8_Inner_Layer_3:0 0.4 0.4 1.5 3.99 19 2 3.29 1
4
APP_8_Inner_Layer_3:1 0.4 0.4 1.5 2.58 18 19 2.76 1
4 5
APP_8_Output_Layer_0 0.26666666666666666 0.26666666666666666 1.0 1.43 13 18 3.12 1
6 7
7
4.17766063968136
APP_9_Input_Layer_0 0.2 0.2 0.75 2.17 43 7 3.72 0

APP_9_Inner_Layer_0:0 0.5333333333333333 0.5333333333333333 2.0 2.47 46 21 3.03 1
0
APP_9_Inner_Layer_0:1 0.3333333333333333 0.3333333333333333 1.25 1.58 8 15 1.76 1
0
APP_9_Inner_Layer_1:0 0.26666666666666666 0.26666666666666666 1.0 3.58 8 16 1.86 1
1
APP_9_Inner_Layer_1:1 0.4666666666666667 0.4666666666666667 1.75 1.84 22 34 2.43 1
1 2
APP_9_Inner_Layer_1:2 0.06666666666666667 0.06666666666666667 0.25 1.13 43 27 2.38 1
2
APP_9_Output_Layer_0 0.4 0.4 1.5 2.05 11 28 2.8 1
3 4 5
14
4.603142665421756
APP_10_Input_Layer_0 0.4666666666666667 0.4666666666666667 1.75 3.48 46 26 2.44 1

APP_10_Inner_Layer_0:0 0.6 0.6 2.25 1.84 23 3 2.57 1
0
APP_10_Inner_Layer_0:1 0.13333333333333333 0.13333333333333333 0.5 3.67 34 38 1.32 1
0
APP_10_Inner_Layer_0:2 0.5333333333333333 0.5333333333333333 2.0 1.45 38 45 3.44 1
0
APP_10_Inner_Layer_0:3 0.13333333333333333 0.13333333333333333 0.5 2.31 28 29 1.19 1
0
APP_10_Inner_Layer_1:0 0.06666666666666667 0.06666666666666667 0.25 2.4 41 29 3.79 0
1 2 3 4
APP_10_Inner_Layer_2:0 0.3333333333333333 0.3333333333333333 1.25 3.03 17 22 3.48 1
5
APP_10_Inner_Layer_2:1 0.6 0.6 2.25 3.24 18 17 1.52 1
5
APP_10_Inner_Layer_2:2 0.2 0.2 0.75 2.21 25 18 2.1 1
5
APP_10_Inner_Layer_2:3 0.4 0.4 1.5 1.31 41 45 3.06 0
5
APP_10_Inner_Layer_3:0 0.4 0.4 1.5 2.03 19 44 3.82 1
7 8 9
APP_10_Inner_Layer_3:1 0.5333333333333333 0.5333333333333333 2.0 1.76 25 13 2.4 1
6
APP_10_Inner_Layer_3:2 0.6 0.6 2.25 2.34 16 2 2.48 1
6
APP_10_Output_Layer_0 0.13333333333333333 0.13333333333333333 0.5 2.7 37 17 1.1 1
10 11 12
9
4.990986115932338
APP_11_Input_Layer_0 0.06666666666666667 0.06666666666666667 0.25 3.08 29 35 2.78 1

APP_11_Inner_Layer_0:0 0.4 0.4 1.5 2.24 20 45 2.01 1
0
APP_11_Inner_Layer_0:1 0.6 0.6 2.25 3.51 9 39 1.5 1
0
APP_11_Inner_Layer_0:2 0.2 0.2 0.75 2.35 23 28 3.38 0
0
APP_11_Inner_Layer_1:0 0.06666666666666667 0.06666666666666667 0.25 3.19 10 11 3.42 1
1 2 3
APP_11_Inner_Layer_2:0 0.26666666666666666 0.26666666666666666 1.0 1.06 5 40 3.76 1
4
APP_11_Inner_Layer_2:1 0.06666666666666667 0.06666666666666667 0.25 2.41 1 5 1.76 1
4
APP_11_Inner_Layer_2:2 0.06666666666666667 0.06666666666666667 0.25 2.49 48 29 3.7 0
4
APP_11_Output_Layer_0 0.6 0.6 2.25 1.81 13 39 1.49 1
5 6 7
7
5.269020395205037
APP_12_Input_Layer_0 0.13333333333333333 0.13333333333333333 0.5 2.67 33 20 1.62 1

APP_12_Inner_Layer_0:0 0.3333333333333333 0.3333333333333333 1.25 1.01 14 8 1.1 1
0
APP_12_Inner_Layer_1:0 0.4666666666666667 0.4666666666666667 1.75 1.24 23 34 2.15 1
1
APP_12_Inner_Layer_1:1 0.4 0.4 1.5 1.1 36 8 1.17 1
1
APP_12_Inner_Layer_1:2 0.13333333333333333 0.13333333333333333 0.5 3.41 37 7 3.65 1
1
APP_12_Inner_Layer_1:3 0.06666666666666667 0.06666666666666667 0.25 1.5 9 7 3.08 1
1
APP_12_Output_Layer_0 0.26666666666666666 0.26666666666666666 1.0 2.37 29 39 1.31 1
2 3 4 5
9
5.916680143309631
APP_13_Input_Layer_0 0.4666666666666667 0.4666666666666667 1.75 3.13 48 8 1.76 1

APP_13_Inner_Layer_0:0 0.5333333333333333 0.5333333333333333 2.0 3.43 47 12 2.62 1
0
APP_13_Inner_Layer_0:1 0.13333333333333333 0.13333333333333333 0.5 3.84 27 10 1.48 1
0
APP_13_Inner_Layer_0:2 0.3333333333333333 0.3333333333333333 1.25 3.31 14 14 3.96 0
0
APP_13_Inner_Layer_1:0 0.4666666666666667 0.4666666666666667 1.75 1.83 4 32 3.63 1
1
APP_13_Inner_Layer_1:1 0.2 0.2 0.75 2.53 15 16 1.95 1
3
APP_13_Inner_Layer_1:2 0.2 0.2 0.75 3.55 10 12 1.03 1
1 2 3
APP_13_Inner_Layer_1:3 0.26666666666666666 0.26666666666666666 1.0 2.05 23 43 1.75 1
1 2 3
APP_13_Output_Layer_0 0.4666666666666667 0.4666666666666667 1.75 1.59 14 30 3.4 1
4 5 6 7
