10
14
7
0
APP_0_Input_Layer_0 0.4666666666666667 0.4666666666666667 1.75 3.63 13 35 2.21 0

APP_0_Inner_Layer_0:0 0.4 0.4 1.5 1.78 45 32 3.92 1
0
APP_0_Inner_Layer_0:1 0.13333333333333333 0.13333333333333333 0.5 2.27 13 11 3.87 1
0
APP_0_Inner_Layer_1:0 0.2 0.2 0.75 2.29 41 30 3.12 1
1 2
APP_0_Inner_Layer_2:0 0.3333333333333333 0.3333333333333333 1.25 2.98 31 48 3.78 1
3
APP_0_Inner_Layer_2:1 0.6 0.6 2.25 3.24 39 29 1.3 1
3
APP_0_Output_Layer_0 0.4666666666666667 0.4666666666666667 1.75 3.36 15 48 2.14 1
4 5
10
0.6029670105881919
APP_1_Input_Layer_0 0.13333333333333333 0.13333333333333333 0.5 3.16 40 46 3.35 0

APP_1_Inner_Layer_0:0 0.2 0.2 0.75 2.7 9 11 2.39 1
0
APP_1_Inner_Layer_0:1 0.06666666666666667 0.06666666666666667 0.25 1.43 13 32 3.73 1
0
APP_1_Inner_Layer_0:2 0.3333333333333333 0.3333333333333333 1.25 2.43 4 35 3.99 1
0
APP_1_Inner_Layer_0:3 0.6 0.6 2.25 3.2 40 30 1.8 1
0
APP_1_Inner_Layer_1:0 0.4 0.4 1.5 3.02 22 11 3.03 1
4
APP_1_Inner_Layer_1:1 0.3333333333333333 0.3333333333333333 1.25 2.69 25 11 3.3 0
2 3
APP_1_Inner_Layer_1:2 0.26666666666666666 0.26666666666666666 1.0 3.5 6 19 3.32 1
1 2 4
APP_1_Inner_Layer_1:3 0.2 0.2 0.75 3.68 17 1 2.63 1
1
APP_1_Output_Layer_0 0.26666666666666666 0.26666666666666666 1.0 3.79 38 29 3.69 1
5 6 7 8
3
0.9003330246359875
APP_2_Input_Layer_0 0.6 0.6 2.25 2.87 4 39 2.1 1

APP_2_Inner_Layer_0:0 0.6 0.6 2.25 2.87 26 47 1.16 1
0
APP_2_Output_Layer_0 0.13333333333333333 0.13333333333333333 0.5 1.54 2 2 2.48 1
1
8
1.4869831650712757
APP_3_Input_Layer_0 0.06666666666666667 0.06666666666666667 0.25 1.5 27 24 1.85 1

APP_3_Inner_Layer_0:0 0.4666666666666667 0.4666666666666667 1.75 1.73 47 18 1.31 1
0
APP_3_Inner_Layer_0:1 0.6 0.6 2.25 3.28 2 7 2.78 1
0
APP_3_Inner_Layer_1:0 0.3333333333333333 0.3333333333333333 1.25 3.92 15 41 3.66 1
2
APP_3_Inner_Layer_1:1 0.2 0.2 0.75 1.06 2 28 2.41 1
1 2
APP_3_Inner_Layer_1:2 0.4666666666666667 0.4666666666666667 1.75 1.32 37 41 1.57 1
1 2
APP_3_Inner_Layer_1:3 0.5333333333333333 0.5333333333333333 2.0 1.69 12 26 1.69 1
1
APP_3_Output_Layer_0 0.5333333333333333 0.5333333333333333 2.0 3.39 6 17 3.67 1
3 4 5 6
14
1.7864147659238006
APP_4_Input_Layer_0 0.06666666666666667 0.06666666666666667 0.25 2.5 41 36 1.76 1

APP_4_Inner_Layer_0:0 0.6 0.6 2.25 2.33 10 33 1.4 1
0
APP_4_Inner_Layer_0:1 0.06666666666666667 0.06666666666666667 0.25 3.24 16 37 1.43 1
0
APP_4_Inner_Layer_0:2 0.2 0.2 0.75 1.88 24 6 3.81 1
0
APP_4_Inner_Layer_0:3 0.3333333333333333 0.3333333333333333 1.25 3.23 12 5 1.26 1
0
APP_4_Inner_Layer_1:0 0.3333333333333333 0.3333333333333333 1.25 1.27 37 35 1.86 1
1 2 3 4
APP_4_Inner_Layer_1:1 0.4666666666666667 0.4666666666666667 1.75 1.59 32 38 3.88 1
1
APP_4_Inner_Layer_1:2 0.5333333333333333 0.5333333333333333 2.0 2.12 13 18 3.86 1
3 4
APP_4_Inner_Layer_2:0 0.06666666666666667 0.06666666666666667 0.25 1.35 28 26 1.57 1
6
APP_4_Inner_Layer_2:1 0.13333333333333333 0.13333333333333333 0.5 1.93 3 30 3.29 1
5 7
APP_4_Inner_Layer_3:0 0.2 0.2 0.75 2.08 16 2 1.11 1
8
APP_4_Inner_Layer_3:1 0.4666666666666667 0.4666666666666667 1.75 3.62 5 46 3.5 1
9
APP_4_Inner_Layer_3:2 0.6 0.6 2.25 1.75 24 41 3.52 1
8
APP_4_Output_Layer_0 0.26666666666666666 0.26666666666666666 1.0 1.26 16 18 1.87 1
10 11 12
5
2.4369274004695827
APP_5_Input_Layer_0 0.4 0.4 1.5 2.11 42 14 2.07 0

APP_5_Inner_Layer_0:0 0.2 0.2 0.75 3.34 47 26 1.61 1
0
APP_5_Inner_Layer_0:1 0.26666666666666666 0.26666666666666666 1.0 1.59 20 45 2.14 1
0
APP_5_Inner_Layer_0:2 0.4 0.4 1.5 3.6 13 27 3.47 0
0
APP_5_Output_Layer_0 0.3333333333333333 0.3333333333333333 1.25 2.29 16 14 3.2 1
1 2 3
15
2.983630109527447
APP_6_Input_Layer_0 0.4 0.4 1.5 1.11 8 10 3.65 1

APP_6_Inner_Layer_0:0 0.4 0.4 1.5 2.54 27 32 2.36 1
0
APP_6_Inner_Layer_0:1 0.6 0.6 2.25 1.41 14 26 3.23 1
0
APP_6_Inner_Layer_0:2 0.2 0.2 0.75 1.74 31 36 2.67 1
0
APP_6_Inner_Layer_1:0 0.6 0.6 2.25 1.09 48 44 1.63 1
1 2 3
APP_6_Inner_Layer_1:1 0.26666666666666666 0.26666666666666666 1.0 1.92 41 32 2.54 1
2
APP_6_Inner_Layer_1:2 0.3333333333333333 0.3333333333333333 1.25 2.44 17 43 1.72 1
1 3
APP_6_Inner_Layer_1:3 0.4 0.4 1.5 3.0 3 22 1.63 1
2 3
APP_6_Inner_Layer_2:0 0.4 0.4 1.5 1.66 1 32 2.72 1
5 6
APP_6_Inner_Layer_2:1 0.26666666666666666 0.26666666666666666 1.0 3.12 38 27 3.32 0
5 7
APP_6_Inner_Layer_2:2 0.5333333333333333 0.5333333333333333 2.0 1.74 30 49 1.06 1
4 6
APP_6_Inner_Layer_2:3 0.26666666666666666 0.26666666666666666 1.0 3.93 45 12 3.22 1
5 6 7
APP_6_Inner_Layer_3:0 0.5333333333333333 0.5333333333333333 2.0 1.67 14 11 3.31 1
8 11
APP_6_Inner_Layer_3:1 0.5333333333333333 0.5333333333333333 2.0 1.62 33 16 2.31 1
9 10
APP_6_Output_Layer_0 0.4 0.4 1.5 3.81 29 34 3.97 1
12 13
10
3.252919237749622
APP_7_Input_Layer_0 0.4666666666666667 0.4666666666666667 1.75 2.11 19 8 2.66 1

APP_7_Inner_Layer_0:0 0.5333333333333333 0.5333333333333333 2.0 3.47 23 8 2.38 1
0
APP_7_Inner_Layer_0:1 0.4 0.4 1.5 1.88 24 34 3.82 1
0
APP_7_Inner_Layer_0:2 0.3333333333333333 0.3333333333333333 1.25 1.45 10 20 1.37 1
0
APP_7_Inner_Layer_0:3 0.3333333333333333 0.3333333333333333 1.25 1.71 28 44 3.95 1
0
APP_7_Inner_Layer_1:0 0.5333333333333333 0.5333333333333333 2.0 3.2 33 47 2.25 1
2 1
APP_7_Inner_Layer_1:1 0.6 0.6 2.25 2.14 49 6 2.44 1
4
APP_7_Inner_Layer_1:2 0.3333333333333333 0.3333333333333333 1.25 3.24 4 18 2.44 1
1 2 3 4
APP_7_Inner_Layer_1:3 0.4666666666666667 0.4666666666666667 1.75 2.21 2 40 1.16 1
1 4
APP_7_Output_Layer_0 0.5333333333333333 0.5333333333333333 2.0 2.72 4 3 2.58 1
5 6 7 8
6
3.660744741249093
APP_8_Input_Layer_0 0.13333333333333333 0.13333333333333333 0.5 3.02 17 27 1.79 1

APP_8_Inner_Layer_0:0 0.6 0.6 2.25 1.78 38 33 2.82 1
0
APP_8_Inner_Layer_0:1 0.5333333333333333 0.5333333333333333 2.0 3.82 38 7 3.97 0
0
APP_8_Inner_Layer_1:0 0.26666666666666666 0.26666666666666666 1.0 2.97 20 9 3.12 1
1 2
APP_8_Inner_Layer_2:0 0.4666666666666667 0.4666666666666667 1.75 3.39 11 40 1.2 1
3
APP_8_Output_Layer_0 0.6 0.6 2.25 3.54 34 17 2.07 0
4
6
4.313344795807289
APP_9_Input_Layer_0 0.4 0.4 1.5 2.26 20 11 3.81 1

APP_9_Inner_Layer_0:0 0.13333333333333333 0.13333333333333333 0.5 3.33 32 40 2.69 1
0
APP_9_Inner_Layer_0:1 0.4666666666666667 0.4666666666666667 1.75 3.12 38 22 4.0 1
0
APP_9_Inner_Layer_0:2 0.5333333333333333 0.5333333333333333 2.0 1.92 5 12 3.12 1
0
APP_9_Inner_Layer_0:3 0.4 0.4 1.5 1.74 22 33 1.47 1
0
APP_9_Output_Layer_0 0.13333333333333333 0.13333333333333333 0.5 2.94 2 39 1.33 1
1 2 3 4
5
4.704992599315315
APP_10_Input_Layer_0 0.2 0.2 0.75 2.19 18 18 3.95 1

APP_10_Inner_Layer_0:0 0.4666666666666667 0.4666666666666667 1.75 1.07 3 9 3.67 1
0
APP_10_Inner_Layer_0:1 0.6 0.6 2.25 2.96 14 42 3.65 1
0
APP_10_Inner_Layer_0:2 0.4 0.4 1.5 1.78 37 9 3.2 1
0
APP_10_Output_Layer_0 0.26666666666666666 0.26666666666666666 1.0 3.81 10 1 3.94 1
1 2 3
13
5.235394701430814
APP_11_Input_Layer_0 0.26666666666666666 0.26666666666666666 1.0 3.38 49 28 2.04 1

APP_11_Inner_Layer_0:0 0.4666666666666667 0.4666666666666667 1.75 2.94 28 7 1.6 1
0
APP_11_Inner_Layer_0:1 0.3333333333333333 0.3333333333333333 1.25 3.52 25 22 2.06 1
0
APP_11_Inner_Layer_0:2 0.4666666666666667 0.4666666666666667 1.75 3.66 33 44 1.92 1
0
APP_11_Inner_Layer_0:3 0.2 0.2 0.75 3.34 21 34 3.74 1
0
APP_11_Inner_Layer_1:0 0.4 0.4 1.5 1.09 39 46 1.0 0
1 3
APP_11_Inner_Layer_1:1 0.6 0.6 2.25 3.26 32 4 1.15 1
2 4
APP_11_Inner_Layer_2:0 0.06666666666666667 0.06666666666666667 0.25 2.42 17 6 3.68 1
6
APP_11_Inner_Layer_2:1 0.4 0.4 1.5 1.17 25 16 3.95 1
5
APP_11_Inner_Layer_2:2 0.4 0.4 1.5 1.07 4 30 1.69 1
5
APP_11_Inner_Layer_3:0 0.3333333333333333 0.3333333333333333 1.25 3.24 17 46 2.79 1
8 9
APP_11_Inner_Layer_3:1 0.06666666666666667 0.06666666666666667 0.25 1.23 16 41 1.76 0
7
APP_11_Output_Layer_0 0.06666666666666667 0.06666666666666667 0.25 2.59 41 44 2.6 1
10 11
10
5.799695609585042
APP_12_Input_Layer_0 0.4 0.4 1.5 2.28 37 29 2.26 1

APP_12_Inner_Layer_0:0 0.4 0.4 1.5 2.91 23 34 1.58 1
0
APP_12_Inner_Layer_0:1 0.13333333333333333 0.13333333333333333 0.5 2.08 49 48 1.17 1
0
APP_12_Inner_Layer_0:2 0.26666666666666666 0.26666666666666666 1.0 1.29 41 38 3.62 1
0
APP_12_Inner_Layer_0:3 0.06666666666666667 0.06666666666666667 0.25 1.44 45 3 1.22 1
0
APP_12_Inner_Layer_1:0 0.6 0.6 2.25 2.22 3 39 3.83 1
2 4
APP_12_Inner_Layer_1:1 0.6 0.6 2.25 1.32 28 3 1.34 1
1 3
APP_12_Inner_Layer_2:0 0.26666666666666666 0.26666666666666666 1.0 2.32 46 29 1.45 1
6
APP_12_Inner_Layer_2:1 0.13333333333333333 0.13333333333333333 0.5 2.12 32 26 1.17 1
5 6
APP_12_Output_Layer_0 0.4666666666666667 0.4666666666666667 1.75 3.94 27 25 3.82 0
7 8
4
6.4603437225361136
APP_13_Input_Layer_0 0.13333333333333333 0.13333333333333333 0.5 3.58 45 18 2.56 0

APP_13_Inner_Layer_0:0 0.06666666666666667 0.06666666666666667 0.25 3.42 30 28 3.29 1
0
APP_13_Inner_Layer_0:1 0.06666666666666667 0.06666666666666667 0.25 2.72 29 41 2.96 1
0
APP_13_Output_Layer_0 0.4666666666666667 0.4666666666666667 1.75 1.49 8 10 3.64 1
1 2
