10
14
10
0
APP_0_Input_Layer_0 0.5333333333333333 0.5333333333333333 2.0 1.61 28 34 1.7 1

APP_0_Inner_Layer_0:0 0.5333333333333333 0.5333333333333333 2.0 3.75 24 21 2.44 1
0
APP_0_Inner_Layer_0:1 0.5333333333333333 0.5333333333333333 2.0 3.37 25 1 1.8 1
0
APP_0_Inner_Layer_0:2 0.6 0.6 2.25 3.65 6 16 1.25 1
0
APP_0_Inner_Layer_0:3 0.2 0.2 0.75 2.02 8 46 3.74 1
0
APP_0_Inner_Layer_1:0 0.2 0.2 0.75 2.54 46 23 2.03 1
1 2 4
APP_0_Inner_Layer_1:1 0.3333333333333333 0.3333333333333333 1.25 1.01 9 14 3.71 1
1 3
APP_0_Inner_Layer_1:2 0.2 0.2 0.75 3.91 38 49 3.01 0
1 2 4
APP_0_Inner_Layer_1:3 0.6 0.6 2.25 2.27 19 2 2.26 1
2 4
APP_0_Output_Layer_0 0.06666666666666667 0.06666666666666667 0.25 2.56 13 49 2.62 1
5 6 7 8
9
0.35796449513505224
APP_1_Input_Layer_0 0.13333333333333333 0.13333333333333333 0.5 1.7 48 34 3.78 0

APP_1_Inner_Layer_0:0 0.13333333333333333 0.13333333333333333 0.5 1.24 3 5 3.85 1
0
APP_1_Inner_Layer_0:1 0.4 0.4 1.5 1.48 42 24 2.9 1
0
APP_1_Inner_Layer_1:0 0.2 0.2 0.75 1.23 16 16 2.61 1
1 2
APP_1_Inner_Layer_2:0 0.5333333333333333 0.5333333333333333 2.0 3.11 20 1 1.76 0
3
APP_1_Inner_Layer_3:0 0.6 0.6 2.25 2.2 13 14 2.76 1
4
APP_1_Inner_Layer_3:1 0.2 0.2 0.75 1.41 39 25 3.44 1
4
APP_1_Inner_Layer_3:2 0.5333333333333333 0.5333333333333333 2.0 3.57 14 6 2.49 1
4
APP_1_Output_Layer_0 0.6 0.6 2.25 2.31 18 46 3.64 1
5 6 7
5
0.7339395755646704
APP_2_Input_Layer_0 0.26666666666666666 0.26666666666666666 1.0 3.43 40 49 1.11 1

APP_2_Inner_Layer_0:0 0.13333333333333333 0.13333333333333333 0.5 3.64 48 17 3.02 1
0
APP_2_Inner_Layer_1:0 0.4666666666666667 0.4666666666666667 1.75 2.25 10 2 3.9 1
1
APP_2_Inner_Layer_1:1 0.6 0.6 2.25 1.59 44 30 1.39 1
1
APP_2_Output_Layer_0 0.6 0.6 2.25 2.85 9 31 2.39 1
2 3
3
1.1442902028783761
APP_3_Input_Layer_0 0.13333333333333333 0.13333333333333333 0.5 3.92 7 42 2.35 1

APP_3_Inner_Layer_0:0 0.4 0.4 1.5 2.64 14 28 3.35 1
0
APP_3_Output_Layer_0 0.06666666666666667 0.06666666666666667 0.25 2.88 40 26 1.73 1
1
14
1.7116427023186458
APP_4_Input_Layer_0 0.4 0.4 1.5 3.1 11 6 3.27 1

APP_4_Inner_Layer_0:0 0.4666666666666667 0.4666666666666667 1.75 3.92 16 24 3.98 1
0
APP_4_Inner_Layer_0:1 0.06666666666666667 0.06666666666666667 0.25 3.37 17 39 3.77 1
0
APP_4_Inner_Layer_0:2 0.6 0.6 2.25 2.69 44 2 3.82 1
0
APP_4_Inner_Layer_0:3 0.06666666666666667 0.06666666666666667 0.25 2.37 46 13 1.61 1
0
APP_4_Inner_Layer_1:0 0.4666666666666667 0.4666666666666667 1.75 3.68 1 47 2.36 1
1 4
APP_4_Inner_Layer_1:1 0.4 0.4 1.5 2.84 36 35 3.63 1
2 3
APP_4_Inner_Layer_2:0 0.4666666666666667 0.4666666666666667 1.75 2.6 10 25 1.81 1
6
APP_4_Inner_Layer_2:1 0.4 0.4 1.5 1.95 32 12 3.76 1
5
APP_4_Inner_Layer_3:0 0.26666666666666666 0.26666666666666666 1.0 3.55 29 2 1.86 1
8
APP_4_Inner_Layer_3:1 0.3333333333333333 0.3333333333333333 1.25 1.52 10 47 1.83 1
7
APP_4_Inner_Layer_3:2 0.13333333333333333 0.13333333333333333 0.5 2.75 40 14 1.97 1
7
APP_4_Inner_Layer_3:3 0.2 0.2 0.75 3.62 3 29 2.95 1
7
APP_4_Output_Layer_0 0.13333333333333333 0.13333333333333333 0.5 3.32 21 45 2.19 1
9 10 11 12
6
2.1577941934717337
APP_5_Input_Layer_0 0.4666666666666667 0.4666666666666667 1.75 3.39 7 22 1.38 1

APP_5_Inner_Layer_0:0 0.3333333333333333 0.3333333333333333 1.25 1.83 9 6 3.98 1
0
APP_5_Inner_Layer_0:1 0.4666666666666667 0.4666666666666667 1.75 1.46 30 43 2.7 1
0
APP_5_Inner_Layer_1:0 0.5333333333333333 0.5333333333333333 2.0 3.85 11 1 3.79 1
1
APP_5_Inner_Layer_1:1 0.2 0.2 0.75 2.33 43 20 3.54 1
1 2
APP_5_Output_Layer_0 0.2 0.2 0.75 2.31 2 48 1.04 1
3 4
8
2.455772772447311
APP_6_Input_Layer_0 0.4666666666666667 0.4666666666666667 1.75 3.2 2 7 1.05 1

APP_6_Inner_Layer_0:0 0.4666666666666667 0.4666666666666667 1.75 1.63 29 36 3.9 1
0
APP_6_Inner_Layer_0:1 0.6 0.6 2.25 4.0 31 46 1.61 0
0
APP_6_Inner_Layer_0:2 0.2 0.2 0.75 2.78 30 4 3.99 1
0
APP_6_Inner_Layer_1:0 0.13333333333333333 0.13333333333333333 0.5 1.28 11 14 1.51 1
2 1
APP_6_Inner_Layer_1:1 0.26666666666666666 0.26666666666666666 1.0 3.39 9 7 3.49 1
1 2 3
APP_6_Inner_Layer_2:0 0.26666666666666666 0.26666666666666666 1.0 1.07 36 7 1.1 1
4 5
APP_6_Output_Layer_0 0.3333333333333333 0.3333333333333333 1.25 3.39 3 21 1.22 0
6
6
2.7594079604311705
APP_7_Input_Layer_0 0.6 0.6 2.25 3.98 27 44 2.82 1

APP_7_Inner_Layer_0:0 0.3333333333333333 0.3333333333333333 1.25 3.9 40 44 1.7 1
0
APP_7_Inner_Layer_0:1 0.5333333333333333 0.5333333333333333 2.0 2.02 30 20 3.74 1
0
APP_7_Inner_Layer_0:2 0.26666666666666666 0.26666666666666666 1.0 2.97 25 15 1.89 0
0
APP_7_Inner_Layer_0:3 0.26666666666666666 0.26666666666666666 1.0 3.3 29 1 1.44 1
0
APP_7_Output_Layer_0 0.4 0.4 1.5 2.71 24 40 3.9 1
1 2 3 4
6
3.043350657759963
APP_8_Input_Layer_0 0.3333333333333333 0.3333333333333333 1.25 3.09 22 28 3.25 1

APP_8_Inner_Layer_0:0 0.06666666666666667 0.06666666666666667 0.25 2.13 40 19 3.36 0
0
APP_8_Inner_Layer_0:1 0.4666666666666667 0.4666666666666667 1.75 1.23 3 30 1.71 1
0
APP_8_Inner_Layer_0:2 0.4 0.4 1.5 1.34 9 1 3.11 1
0
APP_8_Inner_Layer_1:0 0.4 0.4 1.5 1.49 9 25 1.08 1
1 2 3
APP_8_Output_Layer_0 0.13333333333333333 0.13333333333333333 0.5 3.1 3 9 2.79 1
4
13
3.6164867668545604
APP_9_Input_Layer_0 0.2 0.2 0.75 1.07 43 27 2.62 1

APP_9_Inner_Layer_0:0 0.26666666666666666 0.26666666666666666 1.0 3.4 38 25 1.93 1
0
APP_9_Inner_Layer_0:1 0.2 0.2 0.75 3.04 29 34 2.28 0
0
APP_9_Inner_Layer_0:2 0.06666666666666667 0.06666666666666667 0.25 1.59 31 8 1.6 1
0
APP_9_Inner_Layer_0:3 0.5333333333333333 0.5333333333333333 2.0 2.43 14 18 3.39 1
0
APP_9_Inner_Layer_1:0 0.5333333333333333 0.5333333333333333 2.0 1.8 16 11 1.73 1
2
APP_9_Inner_Layer_1:1 0.2 0.2 0.75 1.5 16 4 2.65 1
2
APP_9_Inner_Layer_1:2 0.26666666666666666 0.26666666666666666 1.0 2.01 1 43 2.02 1
2 3 4
APP_9_Inner_Layer_1:3 0.2 0.2 0.75 2.21 14 2 1.75 1
1 4
APP_9_Inner_Layer_2:0 0.26666666666666666 0.26666666666666666 1.0 2.51 46 45 1.37 1
5
APP_9_Inner_Layer_2:1 0.2 0.2 0.75 1.19 15 32 3.29 1
5 7 8
APP_9_Inner_Layer_2:2 0.2 0.2 0.75 3.74 8 44 1.07 1
6
APP_9_Output_Layer_0 0.2 0.2 0.75 1.15 31 36 2.73 1
9 10 11
3
3.9224005512481126
APP_10_Input_Layer_0 0.26666666666666666 0.26666666666666666 1.0 2.18 8 47 3.63 0

APP_10_Inner_Layer_0:0 0.2 0.2 0.75 1.4 47 37 3.01 1
0
APP_10_Output_Layer_0 0.3333333333333333 0.3333333333333333 1.25 3.76 45 15 2.72 1
1
8
4.47307746173407
APP_11_Input_Layer_0 0.5333333333333333 0.5333333333333333 2.0 1.38 20 26 3.1 0

APP_11_Inner_Layer_0:0 0.26666666666666666 0.26666666666666666 1.0 2.71 20 5 2.33 1
0
APP_11_Inner_Layer_0:1 0.4666666666666667 0.4666666666666667 1.75 1.64 13 37 2.99 0
0
APP_11_Inner_Layer_0:2 0.4 0.4 1.5 2.67 34 18 3.64 1
0
APP_11_Inner_Layer_1:0 0.2 0.2 0.75 1.31 44 26 2.85 1
1 2 3
APP_11_Inner_Layer_2:0 0.3333333333333333 0.3333333333333333 1.25 3.94 1 41 1.66 1
4
APP_11_Inner_Layer_2:1 0.3333333333333333 0.3333333333333333 1.25 2.33 7 36 1.03 1
4
APP_11_Output_Layer_0 0.13333333333333333 0.13333333333333333 0.5 4.0 26 35 1.37 1
5 6
9
4.879405805772763
APP_12_Input_Layer_0 0.3333333333333333 0.3333333333333333 1.25 3.53 41 1 1.33 1

APP_12_Inner_Layer_0:0 0.4 0.4 1.5 2.07 25 36 1.92 1
0
APP_12_Inner_Layer_0:1 0.26666666666666666 0.26666666666666666 1.0 3.03 38 40 2.86 1
0
APP_12_Inner_Layer_0:2 0.4 0.4 1.5 3.77 21 36 1.27 1
0
APP_12_Inner_Layer_0:3 0.13333333333333333 0.13333333333333333 0.5 1.08 2 41 1.52 1
0
APP_12_Inner_Layer_1:0 0.2 0.2 0.75 3.64 35 27 2.25 1
1 2
APP_12_Inner_Layer_1:1 0.2 0.2 0.75 2.78 31 43 2.93 1
3
APP_12_Inner_Layer_1:2 0.4666666666666667 0.4666666666666667 1.75 3.96 33 49 3.12 0
1 2 3 4
APP_12_Output_Layer_0 0.4666666666666667 0.4666666666666667 1.75 1.38 47 19 3.49 1
5 6 7
11
5.297264086014493
APP_13_Input_Layer_0 0.06666666666666667 0.06666666666666667 0.25 1.32 46 39 1.78 1

APP_13_Inner_Layer_0:0 0.3333333333333333 0.3333333333333333 1.25 3.76 43 47 3.9 1
0
APP_13_Inner_Layer_0:1 0.26666666666666666 0.26666666666666666 1.0 2.1 14 30 2.78 1
0
APP_13_Inner_Layer_1:0 0.3333333333333333 0.3333333333333333 1.25 2.02 12 10 1.39 1
1
APP_13_Inner_Layer_1:1 0.4 0.4 1.5 2.12 31 6 1.84 1
1 2
APP_13_Inner_Layer_1:2 0.26666666666666666 0.26666666666666666 1.0 2.0 45 25 3.53 1
1
APP_13_Inner_Layer_2:0 0.6 0.6 2.25 2.44 28 18 1.24 0
4 5
APP_13_Inner_Layer_2:1 0.2 0.2 0.75 2.71 17 3 3.5 1
3 4 5
APP_13_Inner_Layer_2:2 0.4 0.4 1.5 1.81 40 48 3.2 1
3 4 5
APP_13_Inner_Layer_3:0 0.26666666666666666 0.26666666666666666 1.0 1.23 47 49 1.93 1
6 7 8
APP_13_Output_Layer_0 0.4 0.4 1.5 1.91 39 34 3.06 1
9
