10
14
8
0
APP_0_Input_Layer_0 0.26666666666666666 0.26666666666666666 1.0 1.76 8 2 1.36 1

APP_0_Inner_Layer_0:0 0.5333333333333333 0.5333333333333333 2.0 3.67 44 10 3.79 0
0
APP_0_Inner_Layer_0:1 0.26666666666666666 0.26666666666666666 1.0 3.68 39 25 1.45 1
0
APP_0_Inner_Layer_1:0 0.5333333333333333 0.5333333333333333 2.0 1.04 49 27 1.19 1
2
APP_0_Inner_Layer_1:1 0.13333333333333333 0.13333333333333333 0.5 3.41 13 18 3.51 1
1
APP_0_Inner_Layer_1:2 0.4 0.4 1.5 2.47 45 30 3.91 1
1
APP_0_Inner_Layer_1:3 0.6 0.6 2.25 3.75 29 1 2.05 1
2
APP_0_Output_Layer_0 0.3333333333333333 0.3333333333333333 1.25 1.29 31 16 1.11 1
3 4 5 6
8
0.5013142054231767
APP_1_Input_Layer_0 0.26666666666666666 0.26666666666666666 1.0 3.27 35 28 3.29 0

APP_1_Inner_Layer_0:0 0.13333333333333333 0.13333333333333333 0.5 2.42 7 1 3.25 1
0
APP_1_Inner_Layer_0:1 0.3333333333333333 0.3333333333333333 1.25 1.4 38 48 3.27 1
0
APP_1_Inner_Layer_0:2 0.13333333333333333 0.13333333333333333 0.5 2.38 38 46 1.43 1
0
APP_1_Inner_Layer_1:0 0.4666666666666667 0.4666666666666667 1.75 2.97 44 33 2.77 1
1
APP_1_Inner_Layer_1:1 0.6 0.6 2.25 2.57 14 27 3.01 1
2 3
APP_1_Inner_Layer_2:0 0.2 0.2 0.75 2.22 31 37 3.75 1
4 5
APP_1_Output_Layer_0 0.3333333333333333 0.3333333333333333 1.25 2.29 41 25 1.29 1
6
13
0.8016884094583749
APP_2_Input_Layer_0 0.26666666666666666 0.26666666666666666 1.0 2.58 47 32 2.69 1

APP_2_Inner_Layer_0:0 0.13333333333333333 0.13333333333333333 0.5 3.48 28 2 1.68 1
0
APP_2_Inner_Layer_0:1 0.3333333333333333 0.3333333333333333 1.25 3.46 13 26 3.04 1
0
APP_2_Inner_Layer_0:2 0.2 0.2 0.75 3.12 33 3 2.96 1
0
APP_2_Inner_Layer_0:3 0.6 0.6 2.25 1.13 21 23 3.89 1
0
APP_2_Inner_Layer_1:0 0.13333333333333333 0.13333333333333333 0.5 1.98 47 8 1.44 1
2 3
APP_2_Inner_Layer_1:1 0.06666666666666667 0.06666666666666667 0.25 1.12 38 2 1.55 1
1 4
APP_2_Inner_Layer_1:2 0.13333333333333333 0.13333333333333333 0.5 1.96 24 31 2.05 1
2 4
APP_2_Inner_Layer_2:0 0.3333333333333333 0.3333333333333333 1.25 1.84 5 30 2.08 1
6
APP_2_Inner_Layer_2:1 0.06666666666666667 0.06666666666666667 0.25 3.15 39 16 3.57 0
5 7
APP_2_Inner_Layer_2:2 0.4 0.4 1.5 1.48 46 49 2.5 1
7
APP_2_Inner_Layer_2:3 0.13333333333333333 0.13333333333333333 0.5 2.95 2 9 2.22 1
7
APP_2_Output_Layer_0 0.4 0.4 1.5 2.79 1 19 3.44 1
8 9 10 11
15
1.2734987966289995
APP_3_Input_Layer_0 0.6 0.6 2.25 3.23 38 10 3.35 1

APP_3_Inner_Layer_0:0 0.06666666666666667 0.06666666666666667 0.25 1.24 32 36 2.09 1
0
APP_3_Inner_Layer_0:1 0.13333333333333333 0.13333333333333333 0.5 1.98 25 24 1.9 1
0
APP_3_Inner_Layer_0:2 0.13333333333333333 0.13333333333333333 0.5 2.88 15 49 1.13 1
0
APP_3_Inner_Layer_1:0 0.4666666666666667 0.4666666666666667 1.75 1.69 36 13 3.88 1
3
APP_3_Inner_Layer_1:1 0.3333333333333333 0.3333333333333333 1.25 2.5 21 43 3.87 1
1 2
APP_3_Inner_Layer_2:0 0.13333333333333333 0.13333333333333333 0.5 3.57 28 46 1.69 1
5
APP_3_Inner_Layer_2:1 0.5333333333333333 0.5333333333333333 2.0 3.55 25 1 1.06 1
4
APP_3_Inner_Layer_2:2 0.4666666666666667 0.4666666666666667 1.75 2.39 35 42 2.72 1
4 5
APP_3_Inner_Layer_2:3 0.2 0.2 0.75 3.87 16 9 1.81 0
4
APP_3_Inner_Layer_3:0 0.4666666666666667 0.4666666666666667 1.75 1.01 47 14 2.81 1
9 8 6
APP_3_Inner_Layer_3:1 0.26666666666666666 0.26666666666666666 1.0 1.57 25 45 2.62 1
8 9
APP_3_Inner_Layer_3:2 0.2 0.2 0.75 3.04 13 33 1.54 1
6 7 9
APP_3_Inner_Layer_3:3 0.3333333333333333 0.3333333333333333 1.25 1.37 27 30 2.85 1
8
APP_3_Output_Layer_0 0.26666666666666666 0.26666666666666666 1.0 3.74 10 20 2.14 1
10 11 12 13
6
1.7884691534205825
APP_4_Input_Layer_0 0.13333333333333333 0.13333333333333333 0.5 3.16 23 45 3.4 1

APP_4_Inner_Layer_0:0 0.6 0.6 2.25 3.99 5 9 1.56 1
0
APP_4_Inner_Layer_0:1 0.13333333333333333 0.13333333333333333 0.5 2.6 46 34 3.23 1
0
APP_4_Inner_Layer_0:2 0.4666666666666667 0.4666666666666667 1.75 3.92 12 37 2.57 0
0
APP_4_Inner_Layer_0:3 0.13333333333333333 0.13333333333333333 0.5 1.8 3 14 1.07 1
0
APP_4_Output_Layer_0 0.4666666666666667 0.4666666666666667 1.75 3.94 28 11 1.85 1
1 2 3 4
8
2.2739657450202655
APP_5_Input_Layer_0 0.2 0.2 0.75 2.78 23 14 1.11 1

APP_5_Inner_Layer_0:0 0.4 0.4 1.5 3.3 26 46 2.41 1
0
APP_5_Inner_Layer_0:1 0.26666666666666666 0.26666666666666666 1.0 2.91 47 6 3.13 1
0
APP_5_Inner_Layer_1:0 0.5333333333333333 0.5333333333333333 2.0 1.56 39 24 2.13 0
2
APP_5_Inner_Layer_1:1 0.4 0.4 1.5 1.29 12 46 1.5 1
1
APP_5_Inner_Layer_1:2 0.26666666666666666 0.26666666666666666 1.0 3.85 31 6 1.48 1
1
APP_5_Inner_Layer_1:3 0.4 0.4 1.5 1.57 39 29 1.42 1
1 2
APP_5_Output_Layer_0 0.3333333333333333 0.3333333333333333 1.25 3.66 46 27 2.32 1
3 4 5 6
3
2.6303075140756254
APP_6_Input_Layer_0 0.26666666666666666 0.26666666666666666 1.0 1.15 42 43 2.23 1

APP_6_Inner_Layer_0:0 0.4666666666666667 0.4666666666666667 1.75 2.85 16 9 1.82 1
0
APP_6_Output_Layer_0 0.4666666666666667 0.4666666666666667 1.75 3.5 37 9 3.78 1
1
6
3.121820850405184
APP_7_Input_Layer_0 0.13333333333333333 0.13333333333333333 0.5 3.53 34 14 2.22 1

APP_7_Inner_Layer_0:0 0.4 0.4 1.5 1.16 38 2 1.79 1
0
APP_7_Inner_Layer_1:0 0.4 0.4 1.5 2.82 10 20 3.33 1
1
APP_7_Inner_Layer_2:0 0.06666666666666667 0.06666666666666667 0.25 2.42 44 47 3.03 1
2
APP_7_Inner_Layer_2:1 0.26666666666666666 0.26666666666666666 1.0 1.74 44 29 2.9 1
2
APP_7_Output_Layer_0 0.2 0.2 0.75 2.87 3 49 2.13 1
3 4
3
3.499593953438839
APP_8_Input_Layer_0 0.6 0.6 2.25 2.67 38 46 1.59 1

APP_8_Inner_Layer_0:0 0.5333333333333333 0.5333333333333333 2.0 1.54 48 23 2.93 1
0
APP_8_Output_Layer_0 0.2 0.2 0.75 2.74 8 8 3.25 0
1
11
4.159367193597882
APP_9_Input_Layer_0 0.4 0.4 1.5 2.36 6 1 3.63 1

APP_9_Inner_Layer_0:0 0.5333333333333333 0.5333333333333333 2.0 1.93 26 32 1.5 1
0
APP_9_Inner_Layer_1:0 0.4666666666666667 0.4666666666666667 1.75 2.26 6 35 2.11 1
1
APP_9_Inner_Layer_1:1 0.4666666666666667 0.4666666666666667 1.75 3.96 21 15 1.72 1
1
APP_9_Inner_Layer_1:2 0.4 0.4 1.5 1.52 10 13 1.33 1
1
APP_9_Inner_Layer_1:3 0.4 0.4 1.5 1.44 18 22 3.52 1
1
APP_9_Inner_Layer_2:0 0.5333333333333333 0.5333333333333333 2.0 2.82 10 23 2.15 1
2
APP_9_Inner_Layer_2:1 0.4 0.4 1.5 1.51 44 43 1.6 1
4 5
APP_9_Inner_Layer_2:2 0.2 0.2 0.75 2.35 16 49 2.92 1
2 3 5
APP_9_Inner_Layer_2:3 0.2 0.2 0.75 2.59 33 19 2.04 1
2
APP_9_Output_Layer_0 0.4666666666666667 0.4666666666666667 1.75 2.33 19 45 1.83 1
6 7 8 9
5
4.428431952695577
APP_10_Input_Layer_0 0.5333333333333333 0.5333333333333333 2.0 3.45 14 7 2.88 1

APP_10_Inner_Layer_0:0 0.3333333333333333 0.3333333333333333 1.25 1.12 37 47 1.49 1
0
APP_10_Inner_Layer_0:1 0.4 0.4 1.5 3.73 19 22 1.02 1
0
APP_10_Inner_Layer_0:2 0.3333333333333333 0.3333333333333333 1.25 1.29 26 26 2.38 1
0
APP_10_Output_Layer_0 0.4666666666666667 0.4666666666666667 1.75 3.55 13 4 1.52 1
1 2 3
10
5.02498284419204
APP_11_Input_Layer_0 0.4666666666666667 0.4666666666666667 1.75 2.4 20 42 3.12 1

APP_11_Inner_Layer_0:0 0.2 0.2 0.75 3.27 45 9 1.64 1
0
APP_11_Inner_Layer_1:0 0.06666666666666667 0.06666666666666667 0.25 1.05 28 7 2.26 1
1
APP_11_Inner_Layer_1:1 0.3333333333333333 0.3333333333333333 1.25 2.92 47 11 3.15 1
1
APP_11_Inner_Layer_1:2 0.6 0.6 2.25 3.43 17 42 1.22 1
1
APP_11_Inner_Layer_1:3 0.26666666666666666 0.26666666666666666 1.0 2.94 43 43 3.7 1
1
APP_11_Inner_Layer_2:0 0.4666666666666667 0.4666666666666667 1.75 1.27 42 21 1.59 1
5 3
APP_11_Inner_Layer_2:1 0.6 0.6 2.25 2.26 39 29 3.61 1
2 3 4 5
APP_11_Inner_Layer_2:2 0.2 0.2 0.75 1.35 12 16 3.09 1
2 4 5
APP_11_Output_Layer_0 0.06666666666666667 0.06666666666666667 0.25 2.0 11 4 1.37 1
6 7 8
11
5.347728953938734
APP_12_Input_Layer_0 0.4 0.4 1.5 3.26 23 4 3.52 1

APP_12_Inner_Layer_0:0 0.4 0.4 1.5 3.62 13 41 2.73 1
0
APP_12_Inner_Layer_1:0 0.6 0.6 2.25 3.78 38 48 3.27 1
1
APP_12_Inner_Layer_1:1 0.4 0.4 1.5 2.78 44 11 1.52 1
1
APP_12_Inner_Layer_1:2 0.26666666666666666 0.26666666666666666 1.0 3.98 38 42 2.85 1
1
APP_12_Inner_Layer_2:0 0.5333333333333333 0.5333333333333333 2.0 2.61 29 26 1.4 1
2 3 4
APP_12_Inner_Layer_3:0 0.6 0.6 2.25 1.3 2 3 3.4 1
5
APP_12_Inner_Layer_3:1 0.13333333333333333 0.13333333333333333 0.5 3.35 4 4 3.76 1
5
APP_12_Inner_Layer_3:2 0.2 0.2 0.75 1.8 18 10 3.71 1
5
APP_12_Inner_Layer_3:3 0.13333333333333333 0.13333333333333333 0.5 3.14 43 11 2.58 1
5
APP_12_Output_Layer_0 0.5333333333333333 0.5333333333333333 2.0 3.26 31 40 1.91 1
6 7 8 9
8
5.734971932707336
APP_13_Input_Layer_0 0.4666666666666667 0.4666666666666667 1.75 2.15 28 37 1.34 1

APP_13_Inner_Layer_0:0 0.3333333333333333 0.3333333333333333 1.25 1.12 47 9 3.41 1
0
APP_13_Inner_Layer_1:0 0.6 0.6 2.25 1.03 4 46 2.3 1
1
APP_13_Inner_Layer_2:0 0.13333333333333333 0.13333333333333333 0.5 3.25 48 34 1.36 1
2
APP_13_Inner_Layer_3:0 0.3333333333333333 0.3333333333333333 1.25 3.96 14 8 3.67 1
3
APP_13_Inner_Layer_3:1 0.26666666666666666 0.26666666666666666 1.0 3.93 6 39 3.12 1
3
APP_13_Inner_Layer_3:2 0.3333333333333333 0.3333333333333333 1.25 2.36 13 20 1.95 1
3
APP_13_Output_Layer_0 0.5333333333333333 0.5333333333333333 2.0 1.52 3 44 3.4 1
4 5 6
