10
14
7
0
APP_0_Input_Layer_0 0.4666666666666667 0.4666666666666667 1.75 3.51 7 17 3.53 1

APP_0_Inner_Layer_0:0 0.4666666666666667 0.4666666666666667 1.75 1.76 20 16 1.79 1
0
APP_0_Inner_Layer_0:1 0.2 0.2 0.75 1.38 20 41 3.26 1
0
APP_0_Inner_Layer_1:0 0.4666666666666667 0.4666666666666667 1.75 2.96 40 15 1.83 1
2
APP_0_Inner_Layer_1:1 0.13333333333333333 0.13333333333333333 0.5 1.88 22 41 1.86 1
1
APP_0_Inner_Layer_1:2 0.4666666666666667 0.4666666666666667 1.75 1.28 31 1 2.2 1
2
APP_0_Output_Layer_0 0.4 0.4 1.5 2.83 27 42 3.79 1
3 4 5
8
0.2793134491735421
APP_1_Input_Layer_0 0.26666666666666666 0.26666666666666666 1.0 2.62 39 32 2.38 1

APP_1_Inner_Layer_0:0 0.3333333333333333 0.3333333333333333 1.25 3.71 44 8 3.21 1
0
APP_1_Inner_Layer_0:1 0.06666666666666667 0.06666666666666667 0.25 2.11 7 25 2.14 1
0
APP_1_Inner_Layer_0:2 0.5333333333333333 0.5333333333333333 2.0 1.85 45 44 2.2 1
0
APP_1_Inner_Layer_1:0 0.4 0.4 1.5 1.15 3 45 3.19 1
2
APP_1_Inner_Layer_1:1 0.4 0.4 1.5 2.0 16 1 3.23 0
1 2
APP_1_Inner_Layer_1:2 0.4 0.4 1.5 2.57 49 13 3.31 1
3
APP_1_Output_Layer_0 0.06666666666666667 0.06666666666666667 0.25 2.66 29 28 3.81 0
4 5 6
8
0.5815962975389133
APP_2_Input_Layer_0 0.06666666666666667 0.06666666666666667 0.25 3.97 9 34 1.3 1

APP_2_Inner_Layer_0:0 0.3333333333333333 0.3333333333333333 1.25 2.35 29 34 3.87 0
0
APP_2_Inner_Layer_1:0 0.4 0.4 1.5 2.62 47 37 3.61 1
1
APP_2_Inner_Layer_1:1 0.06666666666666667 0.06666666666666667 0.25 3.08 47 18 2.38 1
1
APP_2_Inner_Layer_2:0 0.06666666666666667 0.06666666666666667 0.25 1.32 8 10 2.48 1
2
APP_2_Inner_Layer_2:1 0.06666666666666667 0.06666666666666667 0.25 2.24 46 38 3.95 1
3
APP_2_Inner_Layer_2:2 0.4 0.4 1.5 1.18 15 34 1.92 1
2 3
APP_2_Output_Layer_0 0.5333333333333333 0.5333333333333333 2.0 2.17 42 42 1.32 1
4 5 6
6
1.119041596845543
APP_3_Input_Layer_0 0.13333333333333333 0.13333333333333333 0.5 3.21 44 13 3.12 1

APP_3_Inner_Layer_0:0 0.4666666666666667 0.4666666666666667 1.75 4.0 35 45 3.56 1
0
APP_3_Inner_Layer_1:0 0.5333333333333333 0.5333333333333333 2.0 3.51 23 19 2.74 1
1
APP_3_Inner_Layer_1:1 0.06666666666666667 0.06666666666666667 0.25 2.81 38 5 1.36 1
1
APP_3_Inner_Layer_1:2 0.5333333333333333 0.5333333333333333 2.0 2.06 3 18 2.42 1
1
APP_3_Output_Layer_0 0.6 0.6 2.25 2.56 4 20 2.1 1
2 3 4
6
1.6042584111910652
APP_4_Input_Layer_0 0.06666666666666667 0.06666666666666667 0.25 3.12 3 1 1.49 1

APP_4_Inner_Layer_0:0 0.06666666666666667 0.06666666666666667 0.25 1.31 48 43 2.12 1
0
APP_4_Inner_Layer_0:1 0.6 0.6 2.25 3.5 8 15 2.67 0
0
APP_4_Inner_Layer_0:2 0.2 0.2 0.75 3.92 48 22 2.26 0
0
APP_4_Inner_Layer_1:0 0.13333333333333333 0.13333333333333333 0.5 2.37 2 46 1.11 1
1 2 3
APP_4_Output_Layer_0 0.4 0.4 1.5 1.96 20 18 3.74 1
4
3
2.058300652901613
APP_5_Input_Layer_0 0.3333333333333333 0.3333333333333333 1.25 1.13 42 8 2.28 1

APP_5_Inner_Layer_0:0 0.6 0.6 2.25 2.84 11 26 3.12 1
0
APP_5_Output_Layer_0 0.6 0.6 2.25 1.41 24 37 2.69 0
1
3
2.3422900590107565
APP_6_Input_Layer_0 0.5333333333333333 0.5333333333333333 2.0 2.86 28 35 2.71 1

APP_6_Inner_Layer_0:0 0.06666666666666667 0.06666666666666667 0.25 3.84 5 4 3.25 1
0
APP_6_Output_Layer_0 0.13333333333333333 0.13333333333333333 0.5 3.05 30 37 1.21 1
1
8
2.781351804113455
APP_7_Input_Layer_0 0.13333333333333333 0.13333333333333333 0.5 3.65 35 39 3.27 1

APP_7_Inner_Layer_0:0 0.2 0.2 0.75 2.18 23 5 1.03 1
0
APP_7_Inner_Layer_0:1 0.06666666666666667 0.06666666666666667 0.25 1.75 46 26 1.94 1
0
APP_7_Inner_Layer_0:2 0.3333333333333333 0.3333333333333333 1.25 2.26 34 34 2.89 0
0
APP_7_Inner_Layer_0:3 0.6 0.6 2.25 2.42 4 13 2.71 0
0
APP_7_Inner_Layer_1:0 0.2 0.2 0.75 2.24 46 36 3.19 1
1 3 4
APP_7_Inner_Layer_1:1 0.26666666666666666 0.26666666666666666 1.0 3.06 31 34 1.71 0
2
APP_7_Output_Layer_0 0.4 0.4 1.5 3.19 23 23 3.9 1
5 6
8
3.084551742032526
APP_8_Input_Layer_0 0.5333333333333333 0.5333333333333333 2.0 3.04 46 5 2.52 1

APP_8_Inner_Layer_0:0 0.2 0.2 0.75 1.92 16 17 1.59 1
0
APP_8_Inner_Layer_0:1 0.5333333333333333 0.5333333333333333 2.0 1.61 45 1 1.07 1
0
APP_8_Inner_Layer_1:0 0.3333333333333333 0.3333333333333333 1.25 2.98 2 15 3.83 1
1 2
APP_8_Inner_Layer_2:0 0.13333333333333333 0.13333333333333333 0.5 3.88 9 27 2.27 1
3
APP_8_Inner_Layer_3:0 0.4 0.4 1.5 3.61 38 22 2.25 1
4
APP_8_Inner_Layer_3:1 0.2 0.2 0.75 3.58 20 11 2.4 1
4
APP_8_Output_Layer_0 0.5333333333333333 0.5333333333333333 2.0 1.53 18 29 1.2 1
5 6
6
3.362019231675362
APP_9_Input_Layer_0 0.06666666666666667 0.06666666666666667 0.25 3.45 23 31 1.17 1

APP_9_Inner_Layer_0:0 0.13333333333333333 0.13333333333333333 0.5 2.07 12 13 1.32 1
0
APP_9_Inner_Layer_1:0 0.13333333333333333 0.13333333333333333 0.5 3.96 40 38 1.01 0
1
APP_9_Inner_Layer_1:1 0.26666666666666666 0.26666666666666666 1.0 3.1 47 44 2.91 1
1
APP_9_Inner_Layer_2:0 0.4 0.4 1.5 1.89 43 24 2.22 0
2 3
APP_9_Output_Layer_0 0.2 0.2 0.75 3.92 22 22 2.33 1
4
6
3.628049094274691
APP_10_Input_Layer_0 0.3333333333333333 0.3333333333333333 1.25 1.7 41 46 1.82 1

APP_10_Inner_Layer_0:0 0.13333333333333333 0.13333333333333333 0.5 3.45 21 23 1.83 1
0
APP_10_Inner_Layer_0:1 0.06666666666666667 0.06666666666666667 0.25 3.97 45 41 2.29 1
0
APP_10_Inner_Layer_1:0 0.5333333333333333 0.5333333333333333 2.0 2.93 22 35 3.53 1
2
APP_10_Inner_Layer_1:1 0.3333333333333333 0.3333333333333333 1.25 3.47 39 28 3.71 1
1
APP_10_Output_Layer_0 0.5333333333333333 0.5333333333333333 2.0 2.98 18 16 2.26 1
3 4
7
4.132507164196552
APP_11_Input_Layer_0 0.5333333333333333 0.5333333333333333 2.0 3.09 12 17 1.77 1

APP_11_Inner_Layer_0:0 0.4 0.4 1.5 3.45 39 12 1.51 0
0
APP_11_Inner_Layer_1:0 0.6 0.6 2.25 2.08 25 27 1.16 1
1
APP_11_Inner_Layer_1:1 0.2 0.2 0.75 3.46 3 22 1.48 1
1
APP_11_Inner_Layer_1:2 0.06666666666666667 0.06666666666666667 0.25 2.51 41 38 1.7 0
1
APP_11_Inner_Layer_1:3 0.2 0.2 0.75 2.33 18 20 2.76 1
1
APP_11_Output_Layer_0 0.4666666666666667 0.4666666666666667 1.75 1.5 5 12 3.31 1
2 3 4 5
5
4.667266560921027
APP_12_Input_Layer_0 0.3333333333333333 0.3333333333333333 1.25 3.06 18 24 1.41 1

APP_12_Inner_Layer_0:0 0.26666666666666666 0.26666666666666666 1.0 2.81 15 43 3.6 1
0
APP_12_Inner_Layer_0:1 0.06666666666666667 0.06666666666666667 0.25 3.63 33 42 3.57 1
0
APP_12_Inner_Layer_0:2 0.06666666666666667 0.06666666666666667 0.25 2.87 10 46 2.48 1
0
APP_12_Output_Layer_0 0.3333333333333333 0.3333333333333333 1.25 2.01 44 27 2.91 1
1 2 3
9
5.244730396715287
APP_13_Input_Layer_0 0.06666666666666667 0.06666666666666667 0.25 2.68 7 12 2.66 1

APP_13_Inner_Layer_0:0 0.4666666666666667 0.4666666666666667 1.75 3.96 14 18 3.78 1
0
APP_13_Inner_Layer_1:0 0.4666666666666667 0.4666666666666667 1.75 1.99 47 6 3.16 1
1
APP_13_Inner_Layer_1:1 0.4666666666666667 0.4666666666666667 1.75 3.85 49 49 3.97 1
1
APP_13_Inner_Layer_1:2 0.3333333333333333 0.3333333333333333 1.25 3.0 11 29 2.3 1
1
APP_13_Inner_Layer_1:3 0.26666666666666666 0.26666666666666666 1.0 1.8 14 2 1.86 1
1
APP_13_Inner_Layer_2:0 0.3333333333333333 0.3333333333333333 1.25 1.16 30 24 1.56 1
2
APP_13_Inner_Layer_2:1 0.5333333333333333 0.5333333333333333 2.0 3.52 35 21 1.07 1
3 4 5
APP_13_Output_Layer_0 0.3333333333333333 0.3333333333333333 1.25 2.85 6 21 3.01 1
6 7
