10
19
8
0
APP_0_Input_Layer_0 0.6 0.6 2.25 1.67 46 19 2.01 1

APP_0_Inner_Layer_0:0 0.3333333333333333 0.3333333333333333 1.25 1.39 35 21 2.61 1
0
APP_0_Inner_Layer_0:1 0.4666666666666667 0.4666666666666667 1.75 3.81 4 15 1.29 1
0
APP_0_Inner_Layer_0:2 0.2 0.2 0.75 2.58 49 47 2.18 1
0
APP_0_Inner_Layer_1:0 0.6 0.6 2.25 1.34 33 30 1.07 1
3
APP_0_Inner_Layer_1:1 0.13333333333333333 0.13333333333333333 0.5 1.35 32 3 1.52 1
1 2
APP_0_Inner_Layer_1:2 0.5333333333333333 0.5333333333333333 2.0 3.45 18 47 1.77 0
2
APP_0_Output_Layer_0 0.26666666666666666 0.26666666666666666 1.0 1.28 15 33 2.08 0
4 5 6
6
0.29488682026839313
APP_1_Input_Layer_0 0.5333333333333333 0.5333333333333333 2.0 1.93 12 15 1.34 1

APP_1_Inner_Layer_0:0 0.4 0.4 1.5 1.19 38 25 3.27 0
0
APP_1_Inner_Layer_0:1 0.3333333333333333 0.3333333333333333 1.25 2.61 21 32 1.27 1
0
APP_1_Inner_Layer_0:2 0.5333333333333333 0.5333333333333333 2.0 1.05 24 49 1.84 0
0
APP_1_Inner_Layer_0:3 0.3333333333333333 0.3333333333333333 1.25 1.36 36 14 1.87 1
0
APP_1_Output_Layer_0 0.5333333333333333 0.5333333333333333 2.0 2.17 1 38 2.61 1
1 2 3 4
8
0.8095524080767047
APP_2_Input_Layer_0 0.4666666666666667 0.4666666666666667 1.75 1.22 32 2 1.14 1

APP_2_Inner_Layer_0:0 0.5333333333333333 0.5333333333333333 2.0 1.85 44 38 1.9 1
0
APP_2_Inner_Layer_0:1 0.3333333333333333 0.3333333333333333 1.25 1.33 9 9 1.67 0
0
APP_2_Inner_Layer_0:2 0.4666666666666667 0.4666666666666667 1.75 1.33 29 6 1.63 1
0
APP_2_Inner_Layer_1:0 0.13333333333333333 0.13333333333333333 0.5 2.85 17 36 1.02 1
1 3
APP_2_Inner_Layer_1:1 0.6 0.6 2.25 3.36 31 37 3.4 1
3 2
APP_2_Inner_Layer_1:2 0.3333333333333333 0.3333333333333333 1.25 2.17 10 33 3.43 0
1 2
APP_2_Output_Layer_0 0.06666666666666667 0.06666666666666667 0.25 2.67 4 47 3.43 1
4 5 6
5
1.1935199242348016
APP_3_Input_Layer_0 0.6 0.6 2.25 3.45 37 28 2.19 1

APP_3_Inner_Layer_0:0 0.4 0.4 1.5 3.77 38 25 2.33 0
0
APP_3_Inner_Layer_1:0 0.3333333333333333 0.3333333333333333 1.25 2.13 47 26 3.32 1
1
APP_3_Inner_Layer_1:1 0.4666666666666667 0.4666666666666667 1.75 2.95 17 37 2.45 1
1
APP_3_Output_Layer_0 0.4 0.4 1.5 1.29 33 10 1.52 1
2 3
5
1.7194107885477998
APP_4_Input_Layer_0 0.4 0.4 1.5 3.5 38 18 2.76 1

APP_4_Inner_Layer_0:0 0.2 0.2 0.75 2.73 3 29 1.25 1
0
APP_4_Inner_Layer_0:1 0.5333333333333333 0.5333333333333333 2.0 1.92 34 45 2.48 1
0
APP_4_Inner_Layer_0:2 0.2 0.2 0.75 1.33 19 28 1.08 1
0
APP_4_Output_Layer_0 0.3333333333333333 0.3333333333333333 1.25 1.53 38 23 1.64 0
1 2 3
11
1.95220753936348
APP_5_Input_Layer_0 0.06666666666666667 0.06666666666666667 0.25 3.59 4 25 1.81 1

APP_5_Inner_Layer_0:0 0.5333333333333333 0.5333333333333333 2.0 3.08 45 2 2.58 1
0
APP_5_Inner_Layer_1:0 0.06666666666666667 0.06666666666666667 0.25 2.72 21 26 2.48 1
1
APP_5_Inner_Layer_1:1 0.6 0.6 2.25 1.56 3 44 1.49 0
1
APP_5_Inner_Layer_1:2 0.3333333333333333 0.3333333333333333 1.25 2.98 43 10 3.01 0
1
APP_5_Inner_Layer_1:3 0.4666666666666667 0.4666666666666667 1.75 3.72 29 1 3.45 1
1
APP_5_Inner_Layer_2:0 0.3333333333333333 0.3333333333333333 1.25 3.25 32 35 2.21 1
2 3 4 5
APP_5_Inner_Layer_2:1 0.5333333333333333 0.5333333333333333 2.0 3.12 7 46 2.91 1
2
APP_5_Inner_Layer_2:2 0.13333333333333333 0.13333333333333333 0.5 1.5 1 40 1.74 1
3
APP_5_Inner_Layer_3:0 0.2 0.2 0.75 2.78 30 29 2.29 1
6 7 8
APP_5_Output_Layer_0 0.26666666666666666 0.26666666666666666 1.0 2.39 19 10 2.73 1
9
6
2.154995070679413
APP_6_Input_Layer_0 0.3333333333333333 0.3333333333333333 1.25 1.16 6 34 1.73 1

APP_6_Inner_Layer_0:0 0.13333333333333333 0.13333333333333333 0.5 3.26 40 47 2.47 1
0
APP_6_Inner_Layer_0:1 0.4 0.4 1.5 1.98 28 40 2.62 1
0
APP_6_Inner_Layer_0:2 0.26666666666666666 0.26666666666666666 1.0 3.24 44 38 2.83 1
0
APP_6_Inner_Layer_0:3 0.2 0.2 0.75 1.43 49 35 1.02 1
0
APP_6_Output_Layer_0 0.13333333333333333 0.13333333333333333 0.5 2.16 27 20 1.49 1
1 2 3 4
6
2.4687663881808817
APP_7_Input_Layer_0 0.4 0.4 1.5 1.38 26 13 1.64 1

APP_7_Inner_Layer_0:0 0.26666666666666666 0.26666666666666666 1.0 3.8 3 44 2.36 1
0
APP_7_Inner_Layer_0:1 0.4 0.4 1.5 3.64 38 12 1.81 1
0
APP_7_Inner_Layer_0:2 0.26666666666666666 0.26666666666666666 1.0 3.71 5 16 2.62 1
0
APP_7_Inner_Layer_1:0 0.6 0.6 2.25 3.14 41 25 3.2 0
1 2 3
APP_7_Output_Layer_0 0.6 0.6 2.25 2.78 49 22 2.6 1
4
3
2.7496220509897604
APP_8_Input_Layer_0 0.5333333333333333 0.5333333333333333 2.0 3.55 6 28 2.75 1

APP_8_Inner_Layer_0:0 0.6 0.6 2.25 2.78 6 49 3.47 1
0
APP_8_Output_Layer_0 0.13333333333333333 0.13333333333333333 0.5 2.44 31 6 1.44 1
1
9
3.233824416841614
APP_9_Input_Layer_0 0.06666666666666667 0.06666666666666667 0.25 3.77 21 28 2.06 0

APP_9_Inner_Layer_0:0 0.4 0.4 1.5 1.39 20 25 3.81 0
0
APP_9_Inner_Layer_0:1 0.4666666666666667 0.4666666666666667 1.75 3.82 8 49 1.13 0
0
APP_9_Inner_Layer_0:2 0.2 0.2 0.75 1.51 46 13 3.94 0
0
APP_9_Inner_Layer_1:0 0.2 0.2 0.75 2.13 2 25 1.62 0
1
APP_9_Inner_Layer_1:1 0.4666666666666667 0.4666666666666667 1.75 2.23 24 42 2.0 1
2
APP_9_Inner_Layer_1:2 0.5333333333333333 0.5333333333333333 2.0 2.29 38 27 3.79 0
3
APP_9_Inner_Layer_1:3 0.06666666666666667 0.06666666666666667 0.25 1.82 34 39 3.92 1
3
APP_9_Output_Layer_0 0.13333333333333333 0.13333333333333333 0.5 3.91 22 18 1.4 1
4 5 6 7
5
3.590784875858766
APP_10_Input_Layer_0 0.5333333333333333 0.5333333333333333 2.0 3.72 48 46 3.3 1

APP_10_Inner_Layer_0:0 0.2 0.2 0.75 3.58 38 22 2.5 0
0
APP_10_Inner_Layer_0:1 0.5333333333333333 0.5333333333333333 2.0 2.75 11 38 3.81 0
0
APP_10_Inner_Layer_0:2 0.2 0.2 0.75 2.58 30 22 1.66 1
0
APP_10_Output_Layer_0 0.06666666666666667 0.06666666666666667 0.25 1.84 3 15 2.15 1
1 2 3
12
3.863634432535966
APP_11_Input_Layer_0 0.26666666666666666 0.26666666666666666 1.0 3.05 2 43 1.71 0

APP_11_Inner_Layer_0:0 0.13333333333333333 0.13333333333333333 0.5 1.25 29 1 1.85 1
0
APP_11_Inner_Layer_0:1 0.13333333333333333 0.13333333333333333 0.5 1.9 28 3 3.58 1
0
APP_11_Inner_Layer_0:2 0.2 0.2 0.75 2.19 11 21 2.38 1
0
APP_11_Inner_Layer_1:0 0.13333333333333333 0.13333333333333333 0.5 3.06 5 18 3.26 0
2
APP_11_Inner_Layer_1:1 0.6 0.6 2.25 2.63 42 47 3.64 1
1 3
APP_11_Inner_Layer_1:2 0.06666666666666667 0.06666666666666667 0.25 2.09 18 28 2.91 1
2 3
APP_11_Inner_Layer_1:3 0.06666666666666667 0.06666666666666667 0.25 2.94 2 44 2.61 0
1 2 3
APP_11_Inner_Layer_2:0 0.4666666666666667 0.4666666666666667 1.75 3.29 18 17 2.66 1
7
APP_11_Inner_Layer_2:1 0.3333333333333333 0.3333333333333333 1.25 2.16 39 10 2.01 0
4
APP_11_Inner_Layer_2:2 0.5333333333333333 0.5333333333333333 2.0 1.16 25 46 3.68 1
5 6
APP_11_Output_Layer_0 0.06666666666666667 0.06666666666666667 0.25 2.1 12 31 1.08 1
8 9 10
6
4.116261375312116
APP_12_Input_Layer_0 0.26666666666666666 0.26666666666666666 1.0 2.28 31 44 1.71 1

APP_12_Inner_Layer_0:0 0.4666666666666667 0.4666666666666667 1.75 3.5 31 29 1.89 1
0
APP_12_Inner_Layer_0:1 0.13333333333333333 0.13333333333333333 0.5 2.66 6 45 3.74 1
0
APP_12_Inner_Layer_0:2 0.3333333333333333 0.3333333333333333 1.25 1.45 38 12 2.27 1
0
APP_12_Inner_Layer_0:3 0.2 0.2 0.75 1.71 13 44 3.57 1
0
APP_12_Output_Layer_0 0.13333333333333333 0.13333333333333333 0.5 3.69 3 1 1.74 1
1 2 3 4
9
4.42307451053361
APP_13_Input_Layer_0 0.4666666666666667 0.4666666666666667 1.75 3.62 43 11 1.44 1

APP_13_Inner_Layer_0:0 0.6 0.6 2.25 1.06 29 8 1.47 0
0
APP_13_Inner_Layer_0:1 0.2 0.2 0.75 2.19 49 36 1.35 1
0
APP_13_Inner_Layer_0:2 0.5333333333333333 0.5333333333333333 2.0 3.57 39 7 1.59 1
0
APP_13_Inner_Layer_0:3 0.2 0.2 0.75 2.15 6 2 2.51 1
0
APP_13_Inner_Layer_1:0 0.5333333333333333 0.5333333333333333 2.0 2.22 12 49 1.9 1
1 2 3 4
APP_13_Inner_Layer_2:0 0.3333333333333333 0.3333333333333333 1.25 3.37 10 5 1.15 1
5
APP_13_Inner_Layer_3:0 0.6 0.6 2.25 1.05 15 25 2.54 1
6
APP_13_Output_Layer_0 0.4666666666666667 0.4666666666666667 1.75 3.05 14 49 3.82 1
7
9
4.753666821935232
APP_14_Input_Layer_0 0.4 0.4 1.5 2.29 4 43 3.81 1

APP_14_Inner_Layer_0:0 0.06666666666666667 0.06666666666666667 0.25 3.85 30 15 2.57 1
0
APP_14_Inner_Layer_0:1 0.06666666666666667 0.06666666666666667 0.25 1.31 17 7 3.74 1
0
APP_14_Inner_Layer_0:2 0.4666666666666667 0.4666666666666667 1.75 3.72 28 15 1.06 1
0
APP_14_Inner_Layer_1:0 0.26666666666666666 0.26666666666666666 1.0 2.03 41 2 1.84 0
2 3
APP_14_Inner_Layer_1:1 0.06666666666666667 0.06666666666666667 0.25 2.33 21 20 3.52 1
2
APP_14_Inner_Layer_1:2 0.5333333333333333 0.5333333333333333 2.0 3.65 36 27 2.78 1
1 2 3
APP_14_Inner_Layer_1:3 0.5333333333333333 0.5333333333333333 2.0 2.68 3 20 1.36 0
1 2 3
APP_14_Output_Layer_0 0.6 0.6 2.25 2.75 13 40 1.73 1
4 5 6 7
12
5.078969210146165
APP_15_Input_Layer_0 0.2 0.2 0.75 3.27 34 22 2.05 1

APP_15_Inner_Layer_0:0 0.13333333333333333 0.13333333333333333 0.5 1.62 4 1 1.03 1
0
APP_15_Inner_Layer_0:1 0.06666666666666667 0.06666666666666667 0.25 3.18 11 19 1.81 1
0
APP_15_Inner_Layer_1:0 0.2 0.2 0.75 2.83 43 5 1.24 1
1 2
APP_15_Inner_Layer_1:1 0.4666666666666667 0.4666666666666667 1.75 1.32 25 32 3.9 0
1 2
APP_15_Inner_Layer_1:2 0.06666666666666667 0.06666666666666667 0.25 3.79 14 40 3.25 1
2
APP_15_Inner_Layer_1:3 0.3333333333333333 0.3333333333333333 1.25 1.73 30 3 3.75 1
1 2
APP_15_Inner_Layer_2:0 0.26666666666666666 0.26666666666666666 1.0 2.28 20 28 1.74 1
4
APP_15_Inner_Layer_2:1 0.13333333333333333 0.13333333333333333 0.5 3.64 29 47 2.91 1
3 4 5
APP_15_Inner_Layer_2:2 0.5333333333333333 0.5333333333333333 2.0 3.36 8 10 2.48 1
3 4 5 6
APP_15_Inner_Layer_2:3 0.5333333333333333 0.5333333333333333 2.0 2.85 27 40 2.89 1
5 6 3
APP_15_Output_Layer_0 0.4 0.4 1.5 2.58 24 39 1.48 1
7 8 9 10
9
5.465493748743676
APP_16_Input_Layer_0 0.06666666666666667 0.06666666666666667 0.25 2.51 38 21 3.07 0

APP_16_Inner_Layer_0:0 0.06666666666666667 0.06666666666666667 0.25 2.82 12 33 3.65 0
0
APP_16_Inner_Layer_1:0 0.6 0.6 2.25 2.06 25 42 3.88 0
1
APP_16_Inner_Layer_1:1 0.26666666666666666 0.26666666666666666 1.0 1.68 47 45 3.92 1
1
APP_16_Inner_Layer_2:0 0.2 0.2 0.75 1.44 31 31 3.87 1
2
APP_16_Inner_Layer_2:1 0.6 0.6 2.25 1.07 9 29 1.13 0
3
APP_16_Inner_Layer_3:0 0.5333333333333333 0.5333333333333333 2.0 1.62 32 1 1.49 1
4
APP_16_Inner_Layer_3:1 0.4666666666666667 0.4666666666666667 1.75 2.4 47 29 3.18 1
5
APP_16_Output_Layer_0 0.3333333333333333 0.3333333333333333 1.25 3.82 44 45 2.94 1
6 7
9
5.964219378703435
APP_17_Input_Layer_0 0.5333333333333333 0.5333333333333333 2.0 3.31 25 43 3.72 1

APP_17_Inner_Layer_0:0 0.2 0.2 0.75 3.64 1 28 2.97 0
0
APP_17_Inner_Layer_1:0 0.2 0.2 0.75 2.24 32 42 1.81 1
1
APP_17_Inner_Layer_1:1 0.2 0.2 0.75 3.09 33 49 2.03 0
1
APP_17_Inner_Layer_1:2 0.06666666666666667 0.06666666666666667 0.25 1.85 48 39 2.82 1
1
APP_17_Inner_Layer_2:0 0.6 0.6 2.25 1.41 35 15 1.97 1
2 3 4
APP_17_Inner_Layer_3:0 0.4 0.4 1.5 1.71 24 49 3.18 1
5
APP_17_Inner_Layer_3:1 0.6 0.6 2.25 3.76 23 26 1.55 1
5
APP_17_Output_Layer_0 0.6 0.6 2.25 2.81 2 24 3.93 1
6 7
7
6.391271562865355
APP_18_Input_Layer_0 0.3333333333333333 0.3333333333333333 1.25 2.32 24 6 3.48 1

APP_18_Inner_Layer_0:0 0.26666666666666666 0.26666666666666666 1.0 2.5 47 28 1.99 1
0
APP_18_Inner_Layer_0:1 0.26666666666666666 0.26666666666666666 1.0 1.8 25 47 2.61 0
0
APP_18_Inner_Layer_0:2 0.5333333333333333 0.5333333333333333 2.0 2.02 15 46 2.91 1
0
APP_18_Inner_Layer_0:3 0.4 0.4 1.5 1.29 43 34 2.9 1
0
APP_18_Inner_Layer_1:0 0.3333333333333333 0.3333333333333333 1.25 1.93 19 20 2.74 1
1 2 3 4
APP_18_Output_Layer_0 0.4 0.4 1.5 1.67 34 39 1.15 1
5
