10
19
6
0
APP_0_Input_Layer_0 0.2 0.2 0.75 1.96 35 27 2.38 1

APP_0_Inner_Layer_0:0 0.4666666666666667 0.4666666666666667 1.75 3.9 11 36 1.41 1
0
APP_0_Inner_Layer_1:0 0.6 0.6 2.25 2.54 10 47 1.09 1
1
APP_0_Inner_Layer_1:1 0.3333333333333333 0.3333333333333333 1.25 1.08 4 19 3.63 0
1
APP_0_Inner_Layer_2:0 0.3333333333333333 0.3333333333333333 1.25 3.46 47 17 2.76 1
2 3
APP_0_Output_Layer_0 0.06666666666666667 0.06666666666666667 0.25 2.38 44 32 1.48 1
4
14
0.3658779436227296
APP_1_Input_Layer_0 0.26666666666666666 0.26666666666666666 1.0 1.49 4 41 2.32 1

APP_1_Inner_Layer_0:0 0.2 0.2 0.75 2.94 41 8 2.33 1
0
APP_1_Inner_Layer_0:1 0.3333333333333333 0.3333333333333333 1.25 1.27 48 46 2.6 1
0
APP_1_Inner_Layer_0:2 0.3333333333333333 0.3333333333333333 1.25 1.51 3 3 2.0 0
0
APP_1_Inner_Layer_0:3 0.3333333333333333 0.3333333333333333 1.25 3.27 33 19 2.59 1
0
APP_1_Inner_Layer_1:0 0.6 0.6 2.25 1.47 17 29 1.17 0
1 2
APP_1_Inner_Layer_1:1 0.26666666666666666 0.26666666666666666 1.0 3.21 1 46 1.63 0
3
APP_1_Inner_Layer_1:2 0.3333333333333333 0.3333333333333333 1.25 3.92 36 32 1.56 1
2 4
APP_1_Inner_Layer_1:3 0.13333333333333333 0.13333333333333333 0.5 3.02 40 11 2.67 1
2 3
APP_1_Inner_Layer_2:0 0.2 0.2 0.75 2.25 30 41 3.23 1
5 7
APP_1_Inner_Layer_2:1 0.13333333333333333 0.13333333333333333 0.5 2.04 47 6 3.14 1
6 8
APP_1_Inner_Layer_3:0 0.6 0.6 2.25 2.65 24 16 3.59 1
10
APP_1_Inner_Layer_3:1 0.13333333333333333 0.13333333333333333 0.5 3.07 32 1 2.8 0
9
APP_1_Output_Layer_0 0.5333333333333333 0.5333333333333333 2.0 3.84 10 37 3.68 1
11 12
5
0.7506144178790888
APP_2_Input_Layer_0 0.26666666666666666 0.26666666666666666 1.0 3.08 31 6 1.46 1

APP_2_Inner_Layer_0:0 0.2 0.2 0.75 2.52 40 23 2.89 1
0
APP_2_Inner_Layer_0:1 0.6 0.6 2.25 3.59 29 9 3.84 1
0
APP_2_Inner_Layer_0:2 0.5333333333333333 0.5333333333333333 2.0 2.01 44 30 3.21 1
0
APP_2_Output_Layer_0 0.26666666666666666 0.26666666666666666 1.0 2.38 45 3 2.18 1
1 2 3
9
1.1298794669233936
APP_3_Input_Layer_0 0.4666666666666667 0.4666666666666667 1.75 2.18 44 34 1.96 1

APP_3_Inner_Layer_0:0 0.26666666666666666 0.26666666666666666 1.0 3.44 20 17 1.94 1
0
APP_3_Inner_Layer_0:1 0.4 0.4 1.5 1.77 3 36 2.81 0
0
APP_3_Inner_Layer_1:0 0.2 0.2 0.75 2.14 33 16 3.75 1
1 2
APP_3_Inner_Layer_2:0 0.4 0.4 1.5 1.95 3 17 1.95 1
3
APP_3_Inner_Layer_2:1 0.4666666666666667 0.4666666666666667 1.75 2.23 27 18 3.29 1
3
APP_3_Inner_Layer_2:2 0.5333333333333333 0.5333333333333333 2.0 1.98 11 9 3.22 0
3
APP_3_Inner_Layer_2:3 0.06666666666666667 0.06666666666666667 0.25 1.43 12 31 3.27 0
3
APP_3_Output_Layer_0 0.3333333333333333 0.3333333333333333 1.25 3.64 28 40 1.32 1
4 5 6 7
5
1.45530561822482
APP_4_Input_Layer_0 0.4 0.4 1.5 1.67 47 12 1.22 1

APP_4_Inner_Layer_0:0 0.5333333333333333 0.5333333333333333 2.0 2.67 18 8 1.87 1
0
APP_4_Inner_Layer_1:0 0.6 0.6 2.25 1.08 11 5 2.1 0
1
APP_4_Inner_Layer_2:0 0.2 0.2 0.75 2.11 29 23 3.85 1
2
APP_4_Output_Layer_0 0.26666666666666666 0.26666666666666666 1.0 1.95 24 34 2.02 1
3
5
1.7708038358296558
APP_5_Input_Layer_0 0.3333333333333333 0.3333333333333333 1.25 1.22 1 11 3.45 1

APP_5_Inner_Layer_0:0 0.3333333333333333 0.3333333333333333 1.25 1.03 36 25 3.4 1
0
APP_5_Inner_Layer_0:1 0.06666666666666667 0.06666666666666667 0.25 3.83 20 28 3.98 1
0
APP_5_Inner_Layer_0:2 0.06666666666666667 0.06666666666666667 0.25 3.1 22 48 1.27 1
0
APP_5_Output_Layer_0 0.13333333333333333 0.13333333333333333 0.5 2.64 28 36 3.61 0
1 2 3
7
2.127716567193514
APP_6_Input_Layer_0 0.06666666666666667 0.06666666666666667 0.25 2.42 23 25 3.67 1

APP_6_Inner_Layer_0:0 0.13333333333333333 0.13333333333333333 0.5 2.39 32 2 1.41 0
0
APP_6_Inner_Layer_1:0 0.2 0.2 0.75 3.66 13 10 1.4 1
1
APP_6_Inner_Layer_1:1 0.4666666666666667 0.4666666666666667 1.75 3.0 27 37 2.29 0
1
APP_6_Inner_Layer_1:2 0.26666666666666666 0.26666666666666666 1.0 3.1 25 45 2.95 0
1
APP_6_Inner_Layer_1:3 0.06666666666666667 0.06666666666666667 0.25 3.66 27 22 2.63 1
1
APP_6_Output_Layer_0 0.3333333333333333 0.3333333333333333 1.25 3.83 33 6 3.17 1
2 3 4 5
12
2.4316958798428496
APP_7_Input_Layer_0 0.4666666666666667 0.4666666666666667 1.75 2.6 12 45 1.38 1

APP_7_Inner_Layer_0:0 0.06666666666666667 0.06666666666666667 0.25 1.35 44 41 3.59 0
0
APP_7_Inner_Layer_0:1 0.4666666666666667 0.4666666666666667 1.75 2.39 26 1 3.19 1
0
APP_7_Inner_Layer_0:2 0.3333333333333333 0.3333333333333333 1.25 1.24 21 25 1.91 1
0
APP_7_Inner_Layer_0:3 0.26666666666666666 0.26666666666666666 1.0 3.35 19 14 2.42 1
0
APP_7_Inner_Layer_1:0 0.3333333333333333 0.3333333333333333 1.25 1.48 25 26 1.37 1
1 3
APP_7_Inner_Layer_1:1 0.4666666666666667 0.4666666666666667 1.75 3.54 47 36 2.88 1
4
APP_7_Inner_Layer_1:2 0.26666666666666666 0.26666666666666666 1.0 1.32 48 38 2.93 1
2 3 4
APP_7_Inner_Layer_2:0 0.4666666666666667 0.4666666666666667 1.75 3.42 40 16 2.13 0
5 7
APP_7_Inner_Layer_2:1 0.6 0.6 2.25 2.71 3 34 3.65 1
6 7
APP_7_Inner_Layer_2:2 0.6 0.6 2.25 1.15 14 35 1.22 0
6
APP_7_Output_Layer_0 0.2 0.2 0.75 3.18 48 24 2.07 1
8 9 10
6
2.634739706428451
APP_8_Input_Layer_0 0.4 0.4 1.5 3.11 23 6 2.3 0

APP_8_Inner_Layer_0:0 0.26666666666666666 0.26666666666666666 1.0 3.95 45 35 1.78 1
0
APP_8_Inner_Layer_0:1 0.6 0.6 2.25 3.81 38 22 2.12 0
0
APP_8_Inner_Layer_0:2 0.4 0.4 1.5 2.78 35 13 3.11 1
0
APP_8_Inner_Layer_0:3 0.4 0.4 1.5 1.32 28 47 3.21 1
0
APP_8_Output_Layer_0 0.2 0.2 0.75 1.92 40 17 3.33 1
1 2 3 4
10
2.8518401981486496
APP_9_Input_Layer_0 0.13333333333333333 0.13333333333333333 0.5 2.73 37 13 1.35 1

APP_9_Inner_Layer_0:0 0.2 0.2 0.75 1.76 29 14 3.11 1
0
APP_9_Inner_Layer_0:1 0.3333333333333333 0.3333333333333333 1.25 3.19 36 21 3.73 0
0
APP_9_Inner_Layer_0:2 0.6 0.6 2.25 1.58 45 30 2.03 1
0
APP_9_Inner_Layer_0:3 0.2 0.2 0.75 1.5 9 9 3.27 0
0
APP_9_Inner_Layer_1:0 0.13333333333333333 0.13333333333333333 0.5 2.54 42 29 2.37 1
1 2 3 4
APP_9_Inner_Layer_2:0 0.4 0.4 1.5 2.49 39 17 3.49 1
5
APP_9_Inner_Layer_2:1 0.6 0.6 2.25 2.33 31 6 1.14 1
5
APP_9_Inner_Layer_3:0 0.5333333333333333 0.5333333333333333 2.0 1.94 41 16 3.25 0
6 7
APP_9_Output_Layer_0 0.06666666666666667 0.06666666666666667 0.25 2.52 25 13 1.08 1
8
8
3.1482261323149183
APP_10_Input_Layer_0 0.5333333333333333 0.5333333333333333 2.0 2.9 27 25 2.36 0

APP_10_Inner_Layer_0:0 0.4 0.4 1.5 2.16 22 26 1.27 1
0
APP_10_Inner_Layer_1:0 0.4666666666666667 0.4666666666666667 1.75 1.87 38 10 2.43 0
1
APP_10_Inner_Layer_1:1 0.6 0.6 2.25 2.63 24 34 2.83 0
1
APP_10_Inner_Layer_1:2 0.26666666666666666 0.26666666666666666 1.0 2.92 10 36 1.89 1
1
APP_10_Inner_Layer_1:3 0.3333333333333333 0.3333333333333333 1.25 2.77 33 8 3.59 1
1
APP_10_Inner_Layer_2:0 0.2 0.2 0.75 1.14 31 28 2.33 1
2 3 4 5
APP_10_Output_Layer_0 0.26666666666666666 0.26666666666666666 1.0 3.86 31 27 1.78 1
6
6
3.463616677203753
APP_11_Input_Layer_0 0.4 0.4 1.5 1.32 30 43 2.68 1

APP_11_Inner_Layer_0:0 0.4 0.4 1.5 1.92 47 16 2.62 1
0
APP_11_Inner_Layer_0:1 0.13333333333333333 0.13333333333333333 0.5 2.32 29 49 2.39 1
0
APP_11_Inner_Layer_0:2 0.4 0.4 1.5 2.76 33 34 1.39 1
0
APP_11_Inner_Layer_0:3 0.6 0.6 2.25 1.32 30 30 3.92 1
0
APP_11_Output_Layer_0 0.4666666666666667 0.4666666666666667 1.75 2.51 33 25 1.77 1
1 2 3 4
3
3.682840084178569
APP_12_Input_Layer_0 0.06666666666666667 0.06666666666666667 0.25 2.14 32 17 2.51 1

APP_12_Inner_Layer_0:0 0.06666666666666667 0.06666666666666667 0.25 3.0 36 34 3.42 1
0
APP_12_Output_Layer_0 0.4 0.4 1.5 1.93 47 34 1.44 1
1
10
3.9588785526030867
APP_13_Input_Layer_0 0.4666666666666667 0.4666666666666667 1.75 3.48 21 19 3.17 0

APP_13_Inner_Layer_0:0 0.13333333333333333 0.13333333333333333 0.5 3.76 38 17 3.13 1
0
APP_13_Inner_Layer_0:1 0.6 0.6 2.25 2.18 48 46 2.75 0
0
APP_13_Inner_Layer_0:2 0.26666666666666666 0.26666666666666666 1.0 3.6 44 7 3.75 0
0
APP_13_Inner_Layer_0:3 0.3333333333333333 0.3333333333333333 1.25 3.47 2 28 3.38 1
0
APP_13_Inner_Layer_1:0 0.06666666666666667 0.06666666666666667 0.25 2.84 7 8 1.41 1
1 2
APP_13_Inner_Layer_1:1 0.4666666666666667 0.4666666666666667 1.75 1.74 7 1 3.88 0
3 4
APP_13_Inner_Layer_2:0 0.5333333333333333 0.5333333333333333 2.0 3.76 2 34 2.05 1
5
APP_13_Inner_Layer_2:1 0.5333333333333333 0.5333333333333333 2.0 3.24 11 16 1.99 1
6
APP_13_Output_Layer_0 0.6 0.6 2.25 2.6 31 38 3.38 1
7 8
4
4.159357767336487
APP_14_Input_Layer_0 0.5333333333333333 0.5333333333333333 2.0 2.09 31 36 1.99 0

APP_14_Inner_Layer_0:0 0.4666666666666667 0.4666666666666667 1.75 1.59 35 44 3.76 1
0
APP_14_Inner_Layer_0:1 0.5333333333333333 0.5333333333333333 2.0 2.02 22 6 3.43 0
0
APP_14_Output_Layer_0 0.4666666666666667 0.4666666666666667 1.75 3.53 5 21 1.29 1
1 2
8
4.40881304591832
APP_15_Input_Layer_0 0.06666666666666667 0.06666666666666667 0.25 3.73 32 23 2.14 1

APP_15_Inner_Layer_0:0 0.26666666666666666 0.26666666666666666 1.0 3.61 30 41 2.59 1
0
APP_15_Inner_Layer_1:0 0.26666666666666666 0.26666666666666666 1.0 2.09 27 39 1.8 1
1
APP_15_Inner_Layer_1:1 0.13333333333333333 0.13333333333333333 0.5 1.65 15 20 3.78 0
1
APP_15_Inner_Layer_2:0 0.4666666666666667 0.4666666666666667 1.75 3.98 35 34 2.58 1
2
APP_15_Inner_Layer_2:1 0.2 0.2 0.75 1.78 41 35 1.36 1
3
APP_15_Inner_Layer_2:2 0.3333333333333333 0.3333333333333333 1.25 2.92 14 33 3.18 1
2
APP_15_Output_Layer_0 0.6 0.6 2.25 1.58 21 30 1.54 1
4 5 6
11
4.6953764884365174
APP_16_Input_Layer_0 0.26666666666666666 0.26666666666666666 1.0 2.34 27 14 1.61 1

APP_16_Inner_Layer_0:0 0.26666666666666666 0.26666666666666666 1.0 3.31 24 46 2.53 1
0
APP_16_Inner_Layer_0:1 0.06666666666666667 0.06666666666666667 0.25 3.06 13 13 3.64 1
0
APP_16_Inner_Layer_0:2 0.4 0.4 1.5 1.84 37 44 2.55 1
0
APP_16_Inner_Layer_0:3 0.26666666666666666 0.26666666666666666 1.0 3.71 24 13 1.62 1
0
APP_16_Inner_Layer_1:0 0.3333333333333333 0.3333333333333333 1.25 1.61 24 30 2.61 0
1 2 3 4
APP_16_Inner_Layer_1:1 0.6 0.6 2.25 1.16 15 39 1.99 1
3
APP_16_Inner_Layer_2:0 0.26666666666666666 0.26666666666666666 1.0 1.21 12 1 3.37 1
6
APP_16_Inner_Layer_2:1 0.3333333333333333 0.3333333333333333 1.25 3.15 26 21 1.32 0
5 6
APP_16_Inner_Layer_2:2 0.2 0.2 0.75 3.58 26 1 2.94 1
5
APP_16_Output_Layer_0 0.3333333333333333 0.3333333333333333 1.25 2.34 14 8 2.88 1
7 8 9
10
5.067945532307857
APP_17_Input_Layer_0 0.4 0.4 1.5 1.12 14 3 1.2 1

APP_17_Inner_Layer_0:0 0.3333333333333333 0.3333333333333333 1.25 1.89 6 26 1.08 1
0
APP_17_Inner_Layer_0:1 0.26666666666666666 0.26666666666666666 1.0 2.21 28 9 1.68 1
0
APP_17_Inner_Layer_1:0 0.3333333333333333 0.3333333333333333 1.25 3.42 44 26 2.48 0
2
APP_17_Inner_Layer_1:1 0.4666666666666667 0.4666666666666667 1.75 3.1 44 24 3.59 1
1 2
APP_17_Inner_Layer_1:2 0.4 0.4 1.5 1.5 39 15 1.58 1
1 2
APP_17_Inner_Layer_1:3 0.4666666666666667 0.4666666666666667 1.75 3.78 46 34 2.74 1
2
APP_17_Inner_Layer_2:0 0.06666666666666667 0.06666666666666667 0.25 3.55 31 43 3.81 1
3 4 5 6
APP_17_Inner_Layer_3:0 0.2 0.2 0.75 2.96 34 46 3.57 1
7
APP_17_Output_Layer_0 0.6 0.6 2.25 2.44 26 7 3.89 1
8
13
5.407790939029779
APP_18_Input_Layer_0 0.6 0.6 2.25 2.29 18 41 1.34 1

APP_18_Inner_Layer_0:0 0.13333333333333333 0.13333333333333333 0.5 2.86 42 2 2.01 1
0
APP_18_Inner_Layer_0:1 0.4 0.4 1.5 1.34 19 29 1.31 1
0
APP_18_Inner_Layer_0:2 0.3333333333333333 0.3333333333333333 1.25 3.12 4 46 3.27 1
0
APP_18_Inner_Layer_1:0 0.2 0.2 0.75 1.6 28 48 1.63 1
2 3
APP_18_Inner_Layer_1:1 0.4666666666666667 0.4666666666666667 1.75 2.41 7 28 2.98 1
1
APP_18_Inner_Layer_1:2 0.5333333333333333 0.5333333333333333 2.0 2.18 40 27 2.28 1
3
APP_18_Inner_Layer_2:0 0.2 0.2 0.75 1.3 6 47 1.58 0
5
APP_18_Inner_Layer_2:1 0.2 0.2 0.75 2.47 34 15 1.9 1
5
APP_18_Inner_Layer_2:2 0.4666666666666667 0.4666666666666667 1.75 2.59 12 5 2.43 1
4 6
APP_18_Inner_Layer_2:3 0.6 0.6 2.25 2.21 4 7 2.63 0
4 6
APP_18_Inner_Layer_3:0 0.26666666666666666 0.26666666666666666 1.0 2.37 30 15 2.51 0
7 8 9 10
APP_18_Output_Layer_0 0.2 0.2 0.75 2.54 31 7 1.13 1
11
