10
19
5
0
APP_0_Input_Layer_0 0.26666666666666666 0.26666666666666666 1.0 2.73 6 41 1.83 1

APP_0_Inner_Layer_0:0 0.06666666666666667 0.06666666666666667 0.25 2.28 2 14 3.84 0
0
APP_0_Inner_Layer_0:1 0.06666666666666667 0.06666666666666667 0.25 1.62 32 5 1.46 1
0
APP_0_Inner_Layer_1:0 0.06666666666666667 0.06666666666666667 0.25 2.64 25 14 2.43 0
1 2
APP_0_Output_Layer_0 0.4 0.4 1.5 3.58 9 1 3.63 1
3
8
0.32125633463359093
APP_1_Input_Layer_0 0.3333333333333333 0.3333333333333333 1.25 2.19 18 29 2.14 1

APP_1_Inner_Layer_0:0 0.6 0.6 2.25 3.07 42 41 3.11 0
0
APP_1_Inner_Layer_0:1 0.26666666666666666 0.26666666666666666 1.0 1.42 18 39 3.67 1
0
APP_1_Inner_Layer_0:2 0.2 0.2 0.75 2.83 33 43 2.4 1
0
APP_1_Inner_Layer_0:3 0.13333333333333333 0.13333333333333333 0.5 1.05 11 32 2.77 0
0
APP_1_Inner_Layer_1:0 0.06666666666666667 0.06666666666666667 0.25 1.87 45 2 2.11 1
1 4
APP_1_Inner_Layer_1:1 0.13333333333333333 0.13333333333333333 0.5 1.23 12 35 1.42 0
2 3
APP_1_Output_Layer_0 0.5333333333333333 0.5333333333333333 2.0 1.03 4 17 2.53 1
5 6
6
0.6814085507394632
APP_2_Input_Layer_0 0.4 0.4 1.5 1.87 38 14 1.02 1

APP_2_Inner_Layer_0:0 0.13333333333333333 0.13333333333333333 0.5 3.82 44 7 1.62 1
0
APP_2_Inner_Layer_0:1 0.26666666666666666 0.26666666666666666 1.0 1.48 21 5 2.87 1
0
APP_2_Inner_Layer_0:2 0.06666666666666667 0.06666666666666667 0.25 2.05 15 18 3.59 1
0
APP_2_Inner_Layer_1:0 0.2 0.2 0.75 1.94 33 1 2.12 1
1 2 3
APP_2_Output_Layer_0 0.13333333333333333 0.13333333333333333 0.5 1.24 45 47 1.25 1
4
6
0.9377047182384852
APP_3_Input_Layer_0 0.26666666666666666 0.26666666666666666 1.0 2.36 25 7 3.9 1

APP_3_Inner_Layer_0:0 0.5333333333333333 0.5333333333333333 2.0 2.96 35 44 2.14 0
0
APP_3_Inner_Layer_0:1 0.4 0.4 1.5 1.03 3 20 2.54 0
0
APP_3_Inner_Layer_0:2 0.06666666666666667 0.06666666666666667 0.25 2.95 18 9 2.24 1
0
APP_3_Inner_Layer_0:3 0.5333333333333333 0.5333333333333333 2.0 2.41 8 20 2.65 1
0
APP_3_Output_Layer_0 0.06666666666666667 0.06666666666666667 0.25 2.1 34 31 2.67 1
1 2 3 4
5
1.2637540412742152
APP_4_Input_Layer_0 0.6 0.6 2.25 2.45 24 49 1.73 0

APP_4_Inner_Layer_0:0 0.5333333333333333 0.5333333333333333 2.0 2.13 3 31 1.34 1
0
APP_4_Inner_Layer_1:0 0.2 0.2 0.75 2.72 23 8 3.67 0
1
APP_4_Inner_Layer_1:1 0.4 0.4 1.5 2.06 36 24 2.67 0
1
APP_4_Output_Layer_0 0.2 0.2 0.75 1.19 8 7 2.61 0
2 3
8
1.4823443263211402
APP_5_Input_Layer_0 0.4666666666666667 0.4666666666666667 1.75 1.33 11 5 1.59 1

APP_5_Inner_Layer_0:0 0.2 0.2 0.75 3.54 8 47 3.02 1
0
APP_5_Inner_Layer_1:0 0.4 0.4 1.5 2.73 2 29 1.42 1
1
APP_5_Inner_Layer_1:1 0.13333333333333333 0.13333333333333333 0.5 1.64 35 33 2.58 1
1
APP_5_Inner_Layer_2:0 0.2 0.2 0.75 3.22 28 48 3.88 1
2 3
APP_5_Inner_Layer_3:0 0.26666666666666666 0.26666666666666666 1.0 1.8 29 29 1.44 0
4
APP_5_Inner_Layer_3:1 0.13333333333333333 0.13333333333333333 0.5 2.8 40 8 3.9 1
4
APP_5_Output_Layer_0 0.06666666666666667 0.06666666666666667 0.25 2.52 29 40 1.3 1
5 6
9
1.682419512113006
APP_6_Input_Layer_0 0.4 0.4 1.5 1.09 23 20 2.18 1

APP_6_Inner_Layer_0:0 0.4 0.4 1.5 2.19 34 9 2.99 1
0
APP_6_Inner_Layer_0:1 0.06666666666666667 0.06666666666666667 0.25 1.26 18 37 3.19 1
0
APP_6_Inner_Layer_0:2 0.06666666666666667 0.06666666666666667 0.25 2.89 21 8 1.63 0
0
APP_6_Inner_Layer_0:3 0.2 0.2 0.75 2.89 9 46 1.78 1
0
APP_6_Inner_Layer_1:0 0.3333333333333333 0.3333333333333333 1.25 2.12 4 21 1.79 1
2 3 4
APP_6_Inner_Layer_1:1 0.3333333333333333 0.3333333333333333 1.25 2.95 14 6 2.75 1
2 3
APP_6_Inner_Layer_1:2 0.3333333333333333 0.3333333333333333 1.25 2.9 44 19 2.39 1
1 4
APP_6_Output_Layer_0 0.13333333333333333 0.13333333333333333 0.5 3.88 20 10 3.54 1
5 6 7
4
1.964260543996019
APP_7_Input_Layer_0 0.26666666666666666 0.26666666666666666 1.0 2.26 41 31 2.58 1

APP_7_Inner_Layer_0:0 0.4666666666666667 0.4666666666666667 1.75 2.74 35 19 1.63 0
0
APP_7_Inner_Layer_1:0 0.5333333333333333 0.5333333333333333 2.0 2.8 9 42 1.62 0
1
APP_7_Output_Layer_0 0.06666666666666667 0.06666666666666667 0.25 2.72 33 32 3.91 1
2
9
2.1923519331105283
APP_8_Input_Layer_0 0.4 0.4 1.5 3.9 31 15 1.88 1

APP_8_Inner_Layer_0:0 0.4 0.4 1.5 3.01 9 42 1.15 1
0
APP_8_Inner_Layer_0:1 0.4666666666666667 0.4666666666666667 1.75 2.38 16 20 2.56 1
0
APP_8_Inner_Layer_0:2 0.5333333333333333 0.5333333333333333 2.0 1.15 9 35 3.58 1
0
APP_8_Inner_Layer_0:3 0.2 0.2 0.75 3.54 10 8 2.27 1
0
APP_8_Inner_Layer_1:0 0.26666666666666666 0.26666666666666666 1.0 1.76 12 11 3.34 1
1 2 3 4
APP_8_Inner_Layer_2:0 0.2 0.2 0.75 2.69 46 23 1.62 0
5
APP_8_Inner_Layer_2:1 0.6 0.6 2.25 2.58 10 10 3.94 0
5
APP_8_Output_Layer_0 0.3333333333333333 0.3333333333333333 1.25 2.19 3 48 2.52 1
6 7
4
2.683201274144675
APP_9_Input_Layer_0 0.4666666666666667 0.4666666666666667 1.75 2.21 9 2 1.73 1

APP_9_Inner_Layer_0:0 0.6 0.6 2.25 3.64 30 11 1.75 0
0
APP_9_Inner_Layer_0:1 0.06666666666666667 0.06666666666666667 0.25 3.34 23 33 2.48 0
0
APP_9_Output_Layer_0 0.6 0.6 2.25 1.8 9 37 3.27 1
1 2
11
2.9952549597028044
APP_10_Input_Layer_0 0.26666666666666666 0.26666666666666666 1.0 3.52 36 41 2.31 1

APP_10_Inner_Layer_0:0 0.2 0.2 0.75 2.9 20 45 3.43 1
0
APP_10_Inner_Layer_0:1 0.26666666666666666 0.26666666666666666 1.0 3.32 8 41 3.85 1
0
APP_10_Inner_Layer_0:2 0.26666666666666666 0.26666666666666666 1.0 2.95 27 49 2.21 1
0
APP_10_Inner_Layer_1:0 0.13333333333333333 0.13333333333333333 0.5 2.52 5 27 2.49 1
1
APP_10_Inner_Layer_1:1 0.4 0.4 1.5 2.67 1 20 3.46 1
2
APP_10_Inner_Layer_1:2 0.13333333333333333 0.13333333333333333 0.5 3.7 26 21 3.5 1
3
APP_10_Inner_Layer_2:0 0.4 0.4 1.5 2.63 48 2 2.69 1
5 6
APP_10_Inner_Layer_2:1 0.5333333333333333 0.5333333333333333 2.0 3.83 32 43 3.85 1
4
APP_10_Inner_Layer_2:2 0.26666666666666666 0.26666666666666666 1.0 1.65 17 33 3.09 0
4 6
APP_10_Output_Layer_0 0.6 0.6 2.25 1.33 3 14 2.7 1
7 8 9
9
3.4876021981072083
APP_11_Input_Layer_0 0.3333333333333333 0.3333333333333333 1.25 3.72 14 19 3.22 1

APP_11_Inner_Layer_0:0 0.06666666666666667 0.06666666666666667 0.25 3.67 5 30 2.19 1
0
APP_11_Inner_Layer_0:1 0.3333333333333333 0.3333333333333333 1.25 2.21 1 45 1.51 1
0
APP_11_Inner_Layer_1:0 0.4666666666666667 0.4666666666666667 1.75 1.22 3 45 3.26 1
1 2
APP_11_Inner_Layer_2:0 0.13333333333333333 0.13333333333333333 0.5 1.01 15 35 2.38 1
3
APP_11_Inner_Layer_2:1 0.2 0.2 0.75 1.46 17 6 3.2 0
3
APP_11_Inner_Layer_2:2 0.4666666666666667 0.4666666666666667 1.75 3.72 30 34 3.78 0
3
APP_11_Inner_Layer_3:0 0.6 0.6 2.25 3.71 10 20 3.92 1
4 5 6
APP_11_Output_Layer_0 0.2 0.2 0.75 2.18 25 29 1.85 1
7
6
3.7346115148377583
APP_12_Input_Layer_0 0.3333333333333333 0.3333333333333333 1.25 1.16 17 27 1.95 1

APP_12_Inner_Layer_0:0 0.26666666666666666 0.26666666666666666 1.0 2.32 16 6 3.43 1
0
APP_12_Inner_Layer_0:1 0.06666666666666667 0.06666666666666667 0.25 1.13 17 35 2.12 1
0
APP_12_Inner_Layer_0:2 0.2 0.2 0.75 3.28 2 33 1.64 1
0
APP_12_Inner_Layer_0:3 0.6 0.6 2.25 3.67 22 39 3.9 0
0
APP_12_Output_Layer_0 0.06666666666666667 0.06666666666666667 0.25 3.67 39 36 3.44 1
1 2 3 4
10
4.108785169523811
APP_13_Input_Layer_0 0.2 0.2 0.75 3.99 30 25 2.61 1

APP_13_Inner_Layer_0:0 0.4666666666666667 0.4666666666666667 1.75 3.29 5 33 3.75 1
0
APP_13_Inner_Layer_1:0 0.4 0.4 1.5 3.21 4 1 3.74 1
1
APP_13_Inner_Layer_1:1 0.4 0.4 1.5 2.58 4 15 1.26 1
1
APP_13_Inner_Layer_1:2 0.26666666666666666 0.26666666666666666 1.0 2.05 24 47 3.11 1
1
APP_13_Inner_Layer_2:0 0.26666666666666666 0.26666666666666666 1.0 3.21 33 21 1.3 1
3 4
APP_13_Inner_Layer_2:1 0.5333333333333333 0.5333333333333333 2.0 3.03 38 35 2.96 1
2
APP_13_Inner_Layer_3:0 0.6 0.6 2.25 2.11 24 7 1.95 1
6
APP_13_Inner_Layer_3:1 0.3333333333333333 0.3333333333333333 1.25 2.02 48 35 2.08 1
5
APP_13_Output_Layer_0 0.06666666666666667 0.06666666666666667 0.25 1.38 40 42 1.57 1
7 8
11
4.5306501217727595
APP_14_Input_Layer_0 0.6 0.6 2.25 1.17 42 19 3.32 1

APP_14_Inner_Layer_0:0 0.26666666666666666 0.26666666666666666 1.0 1.12 27 3 1.57 1
0
APP_14_Inner_Layer_0:1 0.6 0.6 2.25 3.92 15 27 1.87 1
0
APP_14_Inner_Layer_0:2 0.13333333333333333 0.13333333333333333 0.5 1.87 39 7 1.65 0
0
APP_14_Inner_Layer_1:0 0.26666666666666666 0.26666666666666666 1.0 3.72 37 31 2.95 0
1 2
APP_14_Inner_Layer_1:1 0.5333333333333333 0.5333333333333333 2.0 1.13 1 21 2.16 1
1
APP_14_Inner_Layer_1:2 0.26666666666666666 0.26666666666666666 1.0 3.24 4 9 2.41 1
3
APP_14_Inner_Layer_2:0 0.26666666666666666 0.26666666666666666 1.0 1.05 23 19 1.29 1
5 6
APP_14_Inner_Layer_2:1 0.3333333333333333 0.3333333333333333 1.25 3.47 37 12 2.29 1
4
APP_14_Inner_Layer_3:0 0.4 0.4 1.5 3.08 48 5 2.99 1
7 8
APP_14_Output_Layer_0 0.2 0.2 0.75 3.24 19 24 2.72 1
9
9
5.027530848560627
APP_15_Input_Layer_0 0.26666666666666666 0.26666666666666666 1.0 3.18 6 8 1.06 1

APP_15_Inner_Layer_0:0 0.06666666666666667 0.06666666666666667 0.25 1.66 10 43 2.54 0
0
APP_15_Inner_Layer_0:1 0.3333333333333333 0.3333333333333333 1.25 1.85 13 19 1.96 1
0
APP_15_Inner_Layer_0:2 0.26666666666666666 0.26666666666666666 1.0 1.31 20 4 2.28 0
0
APP_15_Inner_Layer_1:0 0.4 0.4 1.5 1.21 17 24 1.72 1
2 3
APP_15_Inner_Layer_1:1 0.4 0.4 1.5 3.8 20 42 1.7 1
3 2
APP_15_Inner_Layer_1:2 0.4 0.4 1.5 3.83 9 17 4.0 1
1 3
APP_15_Inner_Layer_1:3 0.13333333333333333 0.13333333333333333 0.5 3.81 48 3 2.31 1
3
APP_15_Output_Layer_0 0.26666666666666666 0.26666666666666666 1.0 2.55 35 2 3.64 1
4 5 6 7
6
5.372441047325032
APP_16_Input_Layer_0 0.06666666666666667 0.06666666666666667 0.25 3.97 28 29 3.42 1

APP_16_Inner_Layer_0:0 0.2 0.2 0.75 1.73 47 19 1.77 1
0
APP_16_Inner_Layer_0:1 0.26666666666666666 0.26666666666666666 1.0 2.47 43 13 3.29 0
0
APP_16_Inner_Layer_0:2 0.6 0.6 2.25 2.98 11 5 2.97 0
0
APP_16_Inner_Layer_0:3 0.26666666666666666 0.26666666666666666 1.0 2.82 14 34 1.98 1
0
APP_16_Output_Layer_0 0.26666666666666666 0.26666666666666666 1.0 3.53 42 38 3.68 1
1 2 3 4
6
5.684406427413055
APP_17_Input_Layer_0 0.4 0.4 1.5 2.64 13 11 1.26 1

APP_17_Inner_Layer_0:0 0.3333333333333333 0.3333333333333333 1.25 2.62 9 7 1.38 0
0
APP_17_Inner_Layer_0:1 0.5333333333333333 0.5333333333333333 2.0 3.79 19 49 3.78 0
0
APP_17_Inner_Layer_1:0 0.2 0.2 0.75 3.93 42 5 1.81 1
1 2
APP_17_Inner_Layer_2:0 0.4666666666666667 0.4666666666666667 1.75 3.45 45 19 3.46 0
3
APP_17_Output_Layer_0 0.06666666666666667 0.06666666666666667 0.25 3.91 9 5 1.01 0
4
13
5.931741453933259
APP_18_Input_Layer_0 0.06666666666666667 0.06666666666666667 0.25 1.64 42 39 1.2 1

APP_18_Inner_Layer_0:0 0.6 0.6 2.25 2.76 47 17 1.65 1
0
APP_18_Inner_Layer_0:1 0.5333333333333333 0.5333333333333333 2.0 3.0 27 4 3.19 1
0
APP_18_Inner_Layer_0:2 0.6 0.6 2.25 1.31 36 10 2.07 0
0
APP_18_Inner_Layer_0:3 0.5333333333333333 0.5333333333333333 2.0 1.54 28 38 2.09 0
0
APP_18_Inner_Layer_1:0 0.3333333333333333 0.3333333333333333 1.25 2.83 28 16 2.87 1
3 4
APP_18_Inner_Layer_1:1 0.6 0.6 2.25 1.5 46 27 1.71 1
1 2
APP_18_Inner_Layer_2:0 0.06666666666666667 0.06666666666666667 0.25 1.05 37 36 3.72 0
6
APP_18_Inner_Layer_2:1 0.26666666666666666 0.26666666666666666 1.0 1.73 23 26 2.2 1
5 6
APP_18_Inner_Layer_3:0 0.06666666666666667 0.06666666666666667 0.25 2.06 18 39 3.31 0
7 8
APP_18_Inner_Layer_3:1 0.13333333333333333 0.13333333333333333 0.5 1.95 46 16 3.21 1
7
APP_18_Inner_Layer_3:2 0.4 0.4 1.5 1.79 43 16 1.83 0
8
APP_18_Output_Layer_0 0.3333333333333333 0.3333333333333333 1.25 1.25 5 25 2.56 1
9 10 11
