10
19
11
0
APP_0_Input_Layer_0 0.13333333333333333 0.13333333333333333 0.5 1.28 37 32 2.2 1

APP_0_Inner_Layer_0:0 0.06666666666666667 0.06666666666666667 0.25 2.76 4 28 1.71 1
0
APP_0_Inner_Layer_1:0 0.13333333333333333 0.13333333333333333 0.5 3.97 23 26 2.77 0
1
APP_0_Inner_Layer_1:1 0.5333333333333333 0.5333333333333333 2.0 1.59 23 5 1.07 1
1
APP_0_Inner_Layer_1:2 0.3333333333333333 0.3333333333333333 1.25 3.02 32 8 2.12 1
1
APP_0_Inner_Layer_1:3 0.13333333333333333 0.13333333333333333 0.5 2.81 4 39 1.38 0
1
APP_0_Inner_Layer_2:0 0.26666666666666666 0.26666666666666666 1.0 2.58 44 48 1.24 1
2 5
APP_0_Inner_Layer_2:1 0.13333333333333333 0.13333333333333333 0.5 2.24 20 20 2.01 1
3 4
APP_0_Inner_Layer_2:2 0.4666666666666667 0.4666666666666667 1.75 3.09 49 49 3.34 0
5
APP_0_Inner_Layer_2:3 0.26666666666666666 0.26666666666666666 1.0 2.01 10 21 1.98 0
2
APP_0_Output_Layer_0 0.4 0.4 1.5 1.28 7 11 3.7 1
6 7 8 9
13
0.2254006620026756
APP_1_Input_Layer_0 0.4666666666666667 0.4666666666666667 1.75 2.17 23 27 3.44 1

APP_1_Inner_Layer_0:0 0.5333333333333333 0.5333333333333333 2.0 2.14 14 35 3.95 1
0
APP_1_Inner_Layer_0:1 0.2 0.2 0.75 2.05 10 17 2.07 1
0
APP_1_Inner_Layer_0:2 0.2 0.2 0.75 2.55 30 33 1.52 0
0
APP_1_Inner_Layer_1:0 0.6 0.6 2.25 1.38 14 35 1.09 0
1 2 3
APP_1_Inner_Layer_2:0 0.5333333333333333 0.5333333333333333 2.0 3.23 4 1 2.93 0
4
APP_1_Inner_Layer_2:1 0.5333333333333333 0.5333333333333333 2.0 1.88 16 38 1.29 1
4
APP_1_Inner_Layer_2:2 0.06666666666666667 0.06666666666666667 0.25 1.47 13 36 1.01 0
4
APP_1_Inner_Layer_2:3 0.6 0.6 2.25 2.32 2 21 1.22 1
4
APP_1_Inner_Layer_3:0 0.4 0.4 1.5 2.44 39 43 1.61 1
5 8
APP_1_Inner_Layer_3:1 0.2 0.2 0.75 1.54 8 46 2.57 1
5 6 7
APP_1_Inner_Layer_3:2 0.4 0.4 1.5 1.35 49 14 3.91 1
6 7
APP_1_Output_Layer_0 0.5333333333333333 0.5333333333333333 2.0 1.97 13 34 1.65 1
9 10 11
8
0.42613924121882363
APP_2_Input_Layer_0 0.5333333333333333 0.5333333333333333 2.0 2.68 17 32 1.17 1

APP_2_Inner_Layer_0:0 0.6 0.6 2.25 2.77 44 33 3.68 1
0
APP_2_Inner_Layer_0:1 0.6 0.6 2.25 3.32 25 4 1.02 1
0
APP_2_Inner_Layer_0:2 0.06666666666666667 0.06666666666666667 0.25 3.44 22 42 1.5 1
0
APP_2_Inner_Layer_1:0 0.5333333333333333 0.5333333333333333 2.0 2.02 18 38 2.52 1
3
APP_2_Inner_Layer_1:1 0.4666666666666667 0.4666666666666667 1.75 3.35 30 20 3.18 0
1
APP_2_Inner_Layer_1:2 0.3333333333333333 0.3333333333333333 1.25 2.71 5 37 1.61 1
2
APP_2_Output_Layer_0 0.2 0.2 0.75 1.21 43 46 1.28 0
4 5 6
10
0.9091835328758961
APP_3_Input_Layer_0 0.26666666666666666 0.26666666666666666 1.0 3.55 44 48 1.43 1

APP_3_Inner_Layer_0:0 0.4 0.4 1.5 1.13 10 38 1.47 1
0
APP_3_Inner_Layer_0:1 0.26666666666666666 0.26666666666666666 1.0 2.47 44 2 2.49 1
0
APP_3_Inner_Layer_1:0 0.6 0.6 2.25 2.86 16 27 1.35 0
2
APP_3_Inner_Layer_1:1 0.5333333333333333 0.5333333333333333 2.0 2.68 21 15 1.7 1
1
APP_3_Inner_Layer_2:0 0.26666666666666666 0.26666666666666666 1.0 2.85 45 5 2.16 1
4
APP_3_Inner_Layer_2:1 0.13333333333333333 0.13333333333333333 0.5 3.88 2 49 1.95 0
3
APP_3_Inner_Layer_2:2 0.6 0.6 2.25 2.7 28 19 3.6 1
3 4
APP_3_Inner_Layer_2:3 0.13333333333333333 0.13333333333333333 0.5 3.38 33 3 1.85 0
3
APP_3_Output_Layer_0 0.13333333333333333 0.13333333333333333 0.5 3.04 1 12 1.6 1
5 6 7 8
10
1.1704335103750982
APP_4_Input_Layer_0 0.2 0.2 0.75 2.29 25 33 2.32 1

APP_4_Inner_Layer_0:0 0.2 0.2 0.75 1.16 32 12 3.16 1
0
APP_4_Inner_Layer_1:0 0.4666666666666667 0.4666666666666667 1.75 2.33 8 9 3.49 1
1
APP_4_Inner_Layer_2:0 0.6 0.6 2.25 2.97 6 12 1.73 1
2
APP_4_Inner_Layer_2:1 0.6 0.6 2.25 2.8 15 14 1.18 1
2
APP_4_Inner_Layer_2:2 0.6 0.6 2.25 2.57 31 4 2.22 0
2
APP_4_Inner_Layer_3:0 0.13333333333333333 0.13333333333333333 0.5 3.16 34 2 3.26 1
5
APP_4_Inner_Layer_3:1 0.4 0.4 1.5 1.03 17 1 2.15 1
3 4 5
APP_4_Inner_Layer_3:2 0.6 0.6 2.25 2.77 45 10 2.12 1
3
APP_4_Output_Layer_0 0.4666666666666667 0.4666666666666667 1.75 2.47 42 6 1.98 1
6 7 8
9
1.3794775668849224
APP_5_Input_Layer_0 0.6 0.6 2.25 3.51 4 31 2.41 1

APP_5_Inner_Layer_0:0 0.4 0.4 1.5 2.15 30 27 3.99 1
0
APP_5_Inner_Layer_0:1 0.26666666666666666 0.26666666666666666 1.0 1.63 36 1 2.81 1
0
APP_5_Inner_Layer_1:0 0.06666666666666667 0.06666666666666667 0.25 1.46 11 12 1.8 1
1 2
APP_5_Inner_Layer_2:0 0.13333333333333333 0.13333333333333333 0.5 2.65 48 26 3.16 1
3
APP_5_Inner_Layer_2:1 0.26666666666666666 0.26666666666666666 1.0 1.8 33 46 2.84 1
3
APP_5_Inner_Layer_2:2 0.06666666666666667 0.06666666666666667 0.25 1.72 19 10 2.42 0
3
APP_5_Inner_Layer_2:3 0.06666666666666667 0.06666666666666667 0.25 3.62 43 12 1.03 1
3
APP_5_Output_Layer_0 0.4666666666666667 0.4666666666666667 1.75 1.92 7 13 3.79 1
4 5 6 7
9
1.8489478700553301
APP_6_Input_Layer_0 0.26666666666666666 0.26666666666666666 1.0 1.38 29 37 2.35 1

APP_6_Inner_Layer_0:0 0.2 0.2 0.75 2.61 31 40 2.7 0
0
APP_6_Inner_Layer_0:1 0.6 0.6 2.25 2.84 7 31 1.16 1
0
APP_6_Inner_Layer_1:0 0.13333333333333333 0.13333333333333333 0.5 2.25 16 30 1.57 0
1
APP_6_Inner_Layer_1:1 0.4666666666666667 0.4666666666666667 1.75 3.84 42 28 3.7 0
1 2
APP_6_Inner_Layer_1:2 0.3333333333333333 0.3333333333333333 1.25 2.47 38 7 2.42 1
2
APP_6_Inner_Layer_2:0 0.3333333333333333 0.3333333333333333 1.25 1.08 7 11 2.81 1
3
APP_6_Inner_Layer_2:1 0.4666666666666667 0.4666666666666667 1.75 3.56 22 1 1.69 0
4 5
APP_6_Output_Layer_0 0.4 0.4 1.5 1.18 37 1 3.93 0
6 7
9
2.2767396935512423
APP_7_Input_Layer_0 0.4 0.4 1.5 2.24 6 10 3.82 1

APP_7_Inner_Layer_0:0 0.6 0.6 2.25 2.21 10 13 1.34 1
0
APP_7_Inner_Layer_0:1 0.2 0.2 0.75 3.08 20 44 1.36 1
0
APP_7_Inner_Layer_0:2 0.26666666666666666 0.26666666666666666 1.0 1.84 11 37 1.42 1
0
APP_7_Inner_Layer_1:0 0.5333333333333333 0.5333333333333333 2.0 2.96 20 36 2.51 1
1 2 3
APP_7_Inner_Layer_2:0 0.13333333333333333 0.13333333333333333 0.5 3.33 46 6 2.23 0
4
APP_7_Inner_Layer_3:0 0.26666666666666666 0.26666666666666666 1.0 1.88 27 27 3.16 0
5
APP_7_Inner_Layer_3:1 0.13333333333333333 0.13333333333333333 0.5 3.17 20 8 1.91 1
5
APP_7_Output_Layer_0 0.26666666666666666 0.26666666666666666 1.0 1.01 1 42 1.75 0
6 7
5
2.5207428095450393
APP_8_Input_Layer_0 0.6 0.6 2.25 1.4 23 2 3.14 1

APP_8_Inner_Layer_0:0 0.6 0.6 2.25 2.55 17 43 1.79 1
0
APP_8_Inner_Layer_0:1 0.06666666666666667 0.06666666666666667 0.25 1.36 24 41 3.26 1
0
APP_8_Inner_Layer_1:0 0.13333333333333333 0.13333333333333333 0.5 3.91 39 5 1.58 0
1 2
APP_8_Output_Layer_0 0.4 0.4 1.5 3.89 12 48 1.65 1
3
4
2.7234066597146995
APP_9_Input_Layer_0 0.5333333333333333 0.5333333333333333 2.0 1.6 23 8 1.09 1

APP_9_Inner_Layer_0:0 0.6 0.6 2.25 3.72 9 41 2.55 1
0
APP_9_Inner_Layer_0:1 0.06666666666666667 0.06666666666666667 0.25 2.6 4 37 3.04 1
0
APP_9_Output_Layer_0 0.4666666666666667 0.4666666666666667 1.75 1.94 32 43 3.14 1
1 2
7
3.0911983072722644
APP_10_Input_Layer_0 0.2 0.2 0.75 2.07 26 20 1.02 0

APP_10_Inner_Layer_0:0 0.4666666666666667 0.4666666666666667 1.75 1.92 40 37 1.24 0
0
APP_10_Inner_Layer_1:0 0.4 0.4 1.5 3.93 27 24 1.86 1
1
APP_10_Inner_Layer_2:0 0.3333333333333333 0.3333333333333333 1.25 1.71 46 29 3.5 1
2
APP_10_Inner_Layer_2:1 0.26666666666666666 0.26666666666666666 1.0 3.34 44 36 1.71 0
2
APP_10_Inner_Layer_2:2 0.4 0.4 1.5 3.06 17 11 3.86 1
2
APP_10_Output_Layer_0 0.13333333333333333 0.13333333333333333 0.5 1.68 45 20 3.99 1
3 4 5
11
3.358406429589214
APP_11_Input_Layer_0 0.4 0.4 1.5 2.46 14 43 2.48 1

APP_11_Inner_Layer_0:0 0.2 0.2 0.75 1.95 30 19 3.96 1
0
APP_11_Inner_Layer_0:1 0.4666666666666667 0.4666666666666667 1.75 2.33 19 7 3.41 1
0
APP_11_Inner_Layer_1:0 0.13333333333333333 0.13333333333333333 0.5 1.83 39 10 3.15 0
2
APP_11_Inner_Layer_1:1 0.6 0.6 2.25 3.29 46 27 3.36 1
1 2
APP_11_Inner_Layer_1:2 0.4666666666666667 0.4666666666666667 1.75 2.25 18 33 2.02 1
1
APP_11_Inner_Layer_1:3 0.6 0.6 2.25 3.51 32 11 2.14 1
1 2
APP_11_Inner_Layer_2:0 0.3333333333333333 0.3333333333333333 1.25 1.86 5 10 4.0 1
4
APP_11_Inner_Layer_2:1 0.3333333333333333 0.3333333333333333 1.25 3.47 26 16 1.91 0
6 4
APP_11_Inner_Layer_2:2 0.5333333333333333 0.5333333333333333 2.0 3.78 37 11 2.39 0
3 4 5 6
APP_11_Output_Layer_0 0.06666666666666667 0.06666666666666667 0.25 1.07 36 47 3.83 1
7 8 9
4
3.593997451239461
APP_12_Input_Layer_0 0.4666666666666667 0.4666666666666667 1.75 1.41 23 20 3.12 1

APP_12_Inner_Layer_0:0 0.06666666666666667 0.06666666666666667 0.25 1.47 9 18 3.15 1
0
APP_12_Inner_Layer_0:1 0.6 0.6 2.25 2.92 32 2 1.52 1
0
APP_12_Output_Layer_0 0.4666666666666667 0.4666666666666667 1.75 3.7 49 13 1.03 1
1 2
3
3.8625070076077654
APP_13_Input_Layer_0 0.5333333333333333 0.5333333333333333 2.0 3.32 31 3 3.1 1

APP_13_Inner_Layer_0:0 0.06666666666666667 0.06666666666666667 0.25 1.82 14 27 2.28 1
0
APP_13_Output_Layer_0 0.3333333333333333 0.3333333333333333 1.25 3.31 47 45 1.23 1
1
7
4.2917670420496306
APP_14_Input_Layer_0 0.2 0.2 0.75 1.19 49 21 2.38 1

APP_14_Inner_Layer_0:0 0.26666666666666666 0.26666666666666666 1.0 2.97 21 12 1.64 1
0
APP_14_Inner_Layer_1:0 0.4 0.4 1.5 3.45 9 16 3.41 1
1
APP_14_Inner_Layer_1:1 0.5333333333333333 0.5333333333333333 2.0 3.71 41 8 3.71 1
1
APP_14_Inner_Layer_1:2 0.06666666666666667 0.06666666666666667 0.25 3.05 17 42 3.97 0
1
APP_14_Inner_Layer_1:3 0.4 0.4 1.5 1.18 43 33 2.5 1
1
APP_14_Output_Layer_0 0.6 0.6 2.25 1.2 43 29 1.9 1
2 3 4 5
6
4.733863227031934
APP_15_Input_Layer_0 0.13333333333333333 0.13333333333333333 0.5 1.18 36 44 2.01 1

APP_15_Inner_Layer_0:0 0.26666666666666666 0.26666666666666666 1.0 1.72 9 9 3.36 1
0
APP_15_Inner_Layer_0:1 0.06666666666666667 0.06666666666666667 0.25 3.34 30 49 3.28 1
0
APP_15_Inner_Layer_0:2 0.3333333333333333 0.3333333333333333 1.25 2.13 4 1 1.84 0
0
APP_15_Inner_Layer_0:3 0.2 0.2 0.75 1.71 41 47 1.44 1
0
APP_15_Output_Layer_0 0.2 0.2 0.75 2.57 29 21 2.79 1
1 2 3 4
9
5.116272836066432
APP_16_Input_Layer_0 0.2 0.2 0.75 3.52 17 47 1.89 1

APP_16_Inner_Layer_0:0 0.3333333333333333 0.3333333333333333 1.25 1.28 40 48 3.79 1
0
APP_16_Inner_Layer_0:1 0.4666666666666667 0.4666666666666667 1.75 2.16 11 20 1.6 1
0
APP_16_Inner_Layer_0:2 0.2 0.2 0.75 1.52 34 37 3.98 1
0
APP_16_Inner_Layer_1:0 0.2 0.2 0.75 3.26 31 22 3.14 1
1 2 3
APP_16_Inner_Layer_2:0 0.13333333333333333 0.13333333333333333 0.5 3.79 15 36 3.83 1
4
APP_16_Inner_Layer_2:1 0.2 0.2 0.75 1.55 23 41 3.9 1
4
APP_16_Inner_Layer_3:0 0.26666666666666666 0.26666666666666666 1.0 1.08 14 42 2.62 1
5 6
APP_16_Output_Layer_0 0.6 0.6 2.25 2.66 30 2 2.94 1
7
6
5.639172636040125
APP_17_Input_Layer_0 0.13333333333333333 0.13333333333333333 0.5 3.45 11 19 1.79 1

APP_17_Inner_Layer_0:0 0.2 0.2 0.75 3.67 32 46 2.53 1
0
APP_17_Inner_Layer_0:1 0.6 0.6 2.25 2.23 38 8 3.79 0
0
APP_17_Inner_Layer_1:0 0.2 0.2 0.75 3.42 43 10 1.11 1
1 2
APP_17_Inner_Layer_1:1 0.3333333333333333 0.3333333333333333 1.25 2.59 20 8 3.77 1
1
APP_17_Output_Layer_0 0.26666666666666666 0.26666666666666666 1.0 3.85 9 1 2.92 1
3 4
6
5.874989713649886
APP_18_Input_Layer_0 0.26666666666666666 0.26666666666666666 1.0 1.58 26 33 3.17 0

APP_18_Inner_Layer_0:0 0.3333333333333333 0.3333333333333333 1.25 2.46 49 17 1.55 1
0
APP_18_Inner_Layer_0:1 0.2 0.2 0.75 3.53 49 16 1.41 0
0
APP_18_Inner_Layer_0:2 0.13333333333333333 0.13333333333333333 0.5 1.35 37 18 3.62 1
0
APP_18_Inner_Layer_0:3 0.4 0.4 1.5 2.0 48 23 1.96 1
0
APP_18_Output_Layer_0 0.3333333333333333 0.3333333333333333 1.25 2.76 1 5 3.09 1
1 2 3 4
