10
19
11
0
APP_0_Input_Layer_0 0.06666666666666667 0.06666666666666667 0.25 1.93 17 13 1.03 1

APP_0_Inner_Layer_0:0 0.06666666666666667 0.06666666666666667 0.25 3.79 21 36 2.98 1
0
APP_0_Inner_Layer_1:0 0.6 0.6 2.25 3.46 46 16 1.27 0
1
APP_0_Inner_Layer_1:1 0.6 0.6 2.25 1.64 6 24 2.96 0
1
APP_0_Inner_Layer_1:2 0.4 0.4 1.5 1.56 49 36 2.39 1
1
APP_0_Inner_Layer_1:3 0.13333333333333333 0.13333333333333333 0.5 3.49 29 36 2.16 1
1
APP_0_Inner_Layer_2:0 0.3333333333333333 0.3333333333333333 1.25 2.77 29 35 3.14 0
2
APP_0_Inner_Layer_2:1 0.2 0.2 0.75 2.08 37 29 3.12 1
4
APP_0_Inner_Layer_2:2 0.5333333333333333 0.5333333333333333 2.0 2.37 9 30 2.25 1
3 5
APP_0_Inner_Layer_3:0 0.26666666666666666 0.26666666666666666 1.0 2.16 48 8 2.19 0
6 7 8
APP_0_Output_Layer_0 0.4 0.4 1.5 1.55 44 44 3.39 1
9
12
0.21974388290975228
APP_1_Input_Layer_0 0.13333333333333333 0.13333333333333333 0.5 1.69 14 12 3.67 1

APP_1_Inner_Layer_0:0 0.4666666666666667 0.4666666666666667 1.75 3.82 16 39 3.27 1
0
APP_1_Inner_Layer_0:1 0.3333333333333333 0.3333333333333333 1.25 2.17 44 27 3.19 1
0
APP_1_Inner_Layer_0:2 0.6 0.6 2.25 1.97 39 17 2.88 1
0
APP_1_Inner_Layer_1:0 0.06666666666666667 0.06666666666666667 0.25 3.29 9 42 2.31 1
1 2 3
APP_1_Inner_Layer_2:0 0.06666666666666667 0.06666666666666667 0.25 3.87 27 28 2.24 0
4
APP_1_Inner_Layer_2:1 0.4 0.4 1.5 2.97 3 33 1.57 1
4
APP_1_Inner_Layer_2:2 0.3333333333333333 0.3333333333333333 1.25 1.9 33 40 2.14 0
4
APP_1_Inner_Layer_2:3 0.4 0.4 1.5 1.62 40 35 3.84 1
4
APP_1_Inner_Layer_3:0 0.4666666666666667 0.4666666666666667 1.75 2.84 21 39 1.91 0
6 8
APP_1_Inner_Layer_3:1 0.26666666666666666 0.26666666666666666 1.0 1.7 33 41 3.28 1
5 7
APP_1_Output_Layer_0 0.06666666666666667 0.06666666666666667 0.25 2.87 29 19 1.85 1
9 10
5
0.6608958807780079
APP_2_Input_Layer_0 0.4666666666666667 0.4666666666666667 1.75 3.42 24 38 3.17 1

APP_2_Inner_Layer_0:0 0.2 0.2 0.75 1.05 18 37 3.56 1
0
APP_2_Inner_Layer_0:1 0.4 0.4 1.5 2.11 21 38 2.85 1
0
APP_2_Inner_Layer_0:2 0.5333333333333333 0.5333333333333333 2.0 3.39 43 35 2.9 1
0
APP_2_Output_Layer_0 0.4 0.4 1.5 3.23 32 31 1.08 1
1 2 3
5
1.1484890330698743
APP_3_Input_Layer_0 0.5333333333333333 0.5333333333333333 2.0 1.59 27 38 1.64 0

APP_3_Inner_Layer_0:0 0.5333333333333333 0.5333333333333333 2.0 2.1 36 20 2.19 1
0
APP_3_Inner_Layer_0:1 0.2 0.2 0.75 1.56 44 12 2.62 1
0
APP_3_Inner_Layer_0:2 0.5333333333333333 0.5333333333333333 2.0 1.08 9 45 1.51 0
0
APP_3_Output_Layer_0 0.4 0.4 1.5 1.18 13 11 1.01 1
1 2 3
12
1.6062279780315665
APP_4_Input_Layer_0 0.4666666666666667 0.4666666666666667 1.75 1.21 41 27 3.11 1

APP_4_Inner_Layer_0:0 0.4 0.4 1.5 2.32 23 30 2.28 0
0
APP_4_Inner_Layer_0:1 0.6 0.6 2.25 1.78 37 7 2.65 0
0
APP_4_Inner_Layer_0:2 0.2 0.2 0.75 1.11 32 13 1.56 1
0
APP_4_Inner_Layer_0:3 0.4 0.4 1.5 3.9 39 39 3.1 1
0
APP_4_Inner_Layer_1:0 0.06666666666666667 0.06666666666666667 0.25 2.36 44 36 2.91 1
1 4
APP_4_Inner_Layer_1:1 0.5333333333333333 0.5333333333333333 2.0 1.67 34 12 3.42 0
2 3
APP_4_Inner_Layer_2:0 0.6 0.6 2.25 2.1 14 45 1.05 1
6
APP_4_Inner_Layer_2:1 0.3333333333333333 0.3333333333333333 1.25 2.48 2 35 3.47 0
6
APP_4_Inner_Layer_2:2 0.4666666666666667 0.4666666666666667 1.75 2.09 35 23 2.21 1
5 6
APP_4_Inner_Layer_2:3 0.5333333333333333 0.5333333333333333 2.0 2.34 38 38 2.19 1
5 6
APP_4_Output_Layer_0 0.13333333333333333 0.13333333333333333 0.5 3.82 10 7 3.03 1
7 8 9 10
10
1.8478739874106813
APP_5_Input_Layer_0 0.4666666666666667 0.4666666666666667 1.75 2.46 28 11 3.88 1

APP_5_Inner_Layer_0:0 0.5333333333333333 0.5333333333333333 2.0 2.37 24 12 2.89 1
0
APP_5_Inner_Layer_1:0 0.4666666666666667 0.4666666666666667 1.75 2.04 27 16 1.46 1
1
APP_5_Inner_Layer_1:1 0.3333333333333333 0.3333333333333333 1.25 3.71 23 45 2.68 0
1
APP_5_Inner_Layer_1:2 0.06666666666666667 0.06666666666666667 0.25 3.06 39 28 1.76 0
1
APP_5_Inner_Layer_2:0 0.4 0.4 1.5 3.81 28 16 2.67 0
2 3
APP_5_Inner_Layer_2:1 0.26666666666666666 0.26666666666666666 1.0 1.57 20 10 2.95 0
2
APP_5_Inner_Layer_2:2 0.3333333333333333 0.3333333333333333 1.25 3.92 5 19 1.49 0
3
APP_5_Inner_Layer_2:3 0.13333333333333333 0.13333333333333333 0.5 3.43 21 28 3.59 1
2 3 4
APP_5_Output_Layer_0 0.3333333333333333 0.3333333333333333 1.25 1.96 43 34 3.45 1
5 6 7 8
6
2.248667679217418
APP_6_Input_Layer_0 0.06666666666666667 0.06666666666666667 0.25 2.84 20 46 1.5 1

APP_6_Inner_Layer_0:0 0.26666666666666666 0.26666666666666666 1.0 3.74 9 37 3.89 0
0
APP_6_Inner_Layer_0:1 0.2 0.2 0.75 3.51 21 23 2.74 0
0
APP_6_Inner_Layer_0:2 0.4666666666666667 0.4666666666666667 1.75 2.8 25 34 1.23 1
0
APP_6_Inner_Layer_0:3 0.6 0.6 2.25 2.47 10 19 3.24 1
0
APP_6_Output_Layer_0 0.13333333333333333 0.13333333333333333 0.5 2.71 18 25 2.32 1
1 2 3 4
6
2.4897022822742247
APP_7_Input_Layer_0 0.26666666666666666 0.26666666666666666 1.0 2.33 21 6 1.66 1

APP_7_Inner_Layer_0:0 0.26666666666666666 0.26666666666666666 1.0 3.19 28 47 3.46 0
0
APP_7_Inner_Layer_0:1 0.4 0.4 1.5 3.48 17 45 3.23 0
0
APP_7_Inner_Layer_0:2 0.4 0.4 1.5 2.17 39 43 3.76 1
0
APP_7_Inner_Layer_0:3 0.06666666666666667 0.06666666666666667 0.25 3.72 43 20 3.65 1
0
APP_7_Output_Layer_0 0.13333333333333333 0.13333333333333333 0.5 2.59 26 33 2.53 1
1 2 3 4
8
2.717230425571812
APP_8_Input_Layer_0 0.4666666666666667 0.4666666666666667 1.75 1.97 44 30 3.57 1

APP_8_Inner_Layer_0:0 0.13333333333333333 0.13333333333333333 0.5 1.03 42 4 3.3 1
0
APP_8_Inner_Layer_1:0 0.13333333333333333 0.13333333333333333 0.5 2.97 45 37 1.64 1
1
APP_8_Inner_Layer_1:1 0.4 0.4 1.5 1.01 8 40 1.57 1
1
APP_8_Inner_Layer_1:2 0.4666666666666667 0.4666666666666667 1.75 1.78 43 31 3.5 1
1
APP_8_Inner_Layer_2:0 0.26666666666666666 0.26666666666666666 1.0 2.54 24 7 2.57 1
3
APP_8_Inner_Layer_2:1 0.26666666666666666 0.26666666666666666 1.0 2.6 43 24 1.53 0
2 4
APP_8_Output_Layer_0 0.2 0.2 0.75 2.48 37 33 3.4 1
5 6
11
3.2173669756353833
APP_9_Input_Layer_0 0.2 0.2 0.75 1.32 16 7 3.21 1

APP_9_Inner_Layer_0:0 0.3333333333333333 0.3333333333333333 1.25 3.45 44 40 3.91 1
0
APP_9_Inner_Layer_0:1 0.4 0.4 1.5 1.7 3 23 2.49 0
0
APP_9_Inner_Layer_0:2 0.06666666666666667 0.06666666666666667 0.25 1.69 24 35 1.88 0
0
APP_9_Inner_Layer_0:3 0.06666666666666667 0.06666666666666667 0.25 3.89 39 36 2.76 1
0
APP_9_Inner_Layer_1:0 0.26666666666666666 0.26666666666666666 1.0 3.76 26 11 1.97 1
2 3 4
APP_9_Inner_Layer_1:1 0.6 0.6 2.25 1.1 8 45 3.89 1
1 3
APP_9_Inner_Layer_1:2 0.2 0.2 0.75 3.7 48 42 2.65 1
1 4
APP_9_Inner_Layer_2:0 0.5333333333333333 0.5333333333333333 2.0 3.14 48 14 2.13 1
7
APP_9_Inner_Layer_2:1 0.2 0.2 0.75 3.46 20 23 3.18 1
5 6
APP_9_Output_Layer_0 0.4666666666666667 0.4666666666666667 1.75 2.74 11 45 2.98 1
8 9
6
3.6149165607939766
APP_10_Input_Layer_0 0.2 0.2 0.75 2.36 40 33 1.81 1

APP_10_Inner_Layer_0:0 0.3333333333333333 0.3333333333333333 1.25 1.27 19 27 2.76 1
0
APP_10_Inner_Layer_0:1 0.06666666666666667 0.06666666666666667 0.25 3.13 29 24 3.51 1
0
APP_10_Inner_Layer_0:2 0.13333333333333333 0.13333333333333333 0.5 3.56 48 2 3.72 1
0
APP_10_Inner_Layer_0:3 0.3333333333333333 0.3333333333333333 1.25 2.31 17 31 2.52 1
0
APP_10_Output_Layer_0 0.6 0.6 2.25 1.31 8 4 2.83 1
1 2 3 4
4
3.9950727185525414
APP_11_Input_Layer_0 0.3333333333333333 0.3333333333333333 1.25 3.07 15 47 3.76 1

APP_11_Inner_Layer_0:0 0.4666666666666667 0.4666666666666667 1.75 2.06 44 27 3.83 1
0
APP_11_Inner_Layer_1:0 0.3333333333333333 0.3333333333333333 1.25 3.16 44 13 3.73 1
1
APP_11_Output_Layer_0 0.3333333333333333 0.3333333333333333 1.25 2.67 13 46 2.13 1
2
5
4.298206422192787
APP_12_Input_Layer_0 0.13333333333333333 0.13333333333333333 0.5 2.01 2 2 1.73 1

APP_12_Inner_Layer_0:0 0.06666666666666667 0.06666666666666667 0.25 1.04 6 1 2.05 0
0
APP_12_Inner_Layer_0:1 0.4 0.4 1.5 2.28 49 21 3.87 0
0
APP_12_Inner_Layer_1:0 0.2 0.2 0.75 1.58 9 8 1.25 1
1 2
APP_12_Output_Layer_0 0.3333333333333333 0.3333333333333333 1.25 2.27 35 27 2.01 1
3
5
4.60687985887231
APP_13_Input_Layer_0 0.06666666666666667 0.06666666666666667 0.25 3.8 16 16 3.87 1

APP_13_Inner_Layer_0:0 0.06666666666666667 0.06666666666666667 0.25 1.64 43 34 2.38 0
0
APP_13_Inner_Layer_1:0 0.06666666666666667 0.06666666666666667 0.25 1.59 31 30 2.76 1
1
APP_13_Inner_Layer_1:1 0.5333333333333333 0.5333333333333333 2.0 1.15 10 3 2.54 1
1
APP_13_Output_Layer_0 0.4666666666666667 0.4666666666666667 1.75 2.9 9 46 2.25 0
2 3
8
4.9326234137470975
APP_14_Input_Layer_0 0.06666666666666667 0.06666666666666667 0.25 3.3 14 34 2.32 1

APP_14_Inner_Layer_0:0 0.26666666666666666 0.26666666666666666 1.0 2.56 24 4 2.08 1
0
APP_14_Inner_Layer_0:1 0.4 0.4 1.5 2.36 21 32 3.39 1
0
APP_14_Inner_Layer_0:2 0.6 0.6 2.25 3.99 35 19 2.99 0
0
APP_14_Inner_Layer_1:0 0.06666666666666667 0.06666666666666667 0.25 2.94 27 29 3.31 1
1 2
APP_14_Inner_Layer_1:1 0.5333333333333333 0.5333333333333333 2.0 3.6 19 22 2.08 1
1
APP_14_Inner_Layer_1:2 0.4 0.4 1.5 1.54 10 24 1.17 0
3
APP_14_Output_Layer_0 0.5333333333333333 0.5333333333333333 2.0 3.46 11 25 2.98 1
4 5 6
9
5.284587701527883
APP_15_Input_Layer_0 0.06666666666666667 0.06666666666666667 0.25 2.87 37 5 1.65 1

APP_15_Inner_Layer_0:0 0.06666666666666667 0.06666666666666667 0.25 2.73 47 41 3.39 1
0
APP_15_Inner_Layer_0:1 0.4 0.4 1.5 1.7 35 11 1.59 1
0
APP_15_Inner_Layer_1:0 0.4 0.4 1.5 2.64 49 39 3.58 0
1
APP_15_Inner_Layer_1:1 0.3333333333333333 0.3333333333333333 1.25 3.19 32 48 1.36 0
2
APP_15_Inner_Layer_2:0 0.4 0.4 1.5 2.11 13 2 2.92 1
3 4
APP_15_Inner_Layer_2:1 0.5333333333333333 0.5333333333333333 2.0 2.35 6 30 1.19 1
3
APP_15_Inner_Layer_2:2 0.4 0.4 1.5 1.42 5 6 1.12 1
3 4
APP_15_Output_Layer_0 0.5333333333333333 0.5333333333333333 2.0 2.72 38 27 3.33 0
5 6 7
6
5.777237070567947
APP_16_Input_Layer_0 0.2 0.2 0.75 2.1 31 43 2.73 1

APP_16_Inner_Layer_0:0 0.4666666666666667 0.4666666666666667 1.75 1.63 49 20 3.6 1
0
APP_16_Inner_Layer_0:1 0.6 0.6 2.25 1.84 23 4 3.61 1
0
APP_16_Inner_Layer_0:2 0.6 0.6 2.25 2.15 48 44 1.08 1
0
APP_16_Inner_Layer_0:3 0.4666666666666667 0.4666666666666667 1.75 3.7 47 23 3.2 1
0
APP_16_Output_Layer_0 0.2 0.2 0.75 1.99 2 26 1.27 1
1 2 3 4
10
6.144859955251996
APP_17_Input_Layer_0 0.4 0.4 1.5 2.29 32 10 2.72 1

APP_17_Inner_Layer_0:0 0.5333333333333333 0.5333333333333333 2.0 2.61 20 8 3.67 1
0
APP_17_Inner_Layer_0:1 0.4 0.4 1.5 1.05 37 21 3.79 1
0
APP_17_Inner_Layer_0:2 0.2 0.2 0.75 1.46 37 15 2.4 0
0
APP_17_Inner_Layer_0:3 0.5333333333333333 0.5333333333333333 2.0 1.97 31 14 2.71 1
0
APP_17_Inner_Layer_1:0 0.6 0.6 2.25 1.52 30 14 1.08 0
1 3
APP_17_Inner_Layer_1:1 0.26666666666666666 0.26666666666666666 1.0 3.29 18 26 3.5 1
1 2 3
APP_17_Inner_Layer_1:2 0.4 0.4 1.5 2.42 42 38 1.26 1
2 4
APP_17_Inner_Layer_1:3 0.6 0.6 2.25 1.24 28 1 1.35 1
2 4
APP_17_Output_Layer_0 0.4 0.4 1.5 1.56 19 42 3.08 1
5 6 7 8
11
6.407385327737542
APP_18_Input_Layer_0 0.6 0.6 2.25 1.94 23 26 2.59 1

APP_18_Inner_Layer_0:0 0.13333333333333333 0.13333333333333333 0.5 2.67 24 12 2.66 1
0
APP_18_Inner_Layer_0:1 0.4 0.4 1.5 1.57 13 7 2.41 0
0
APP_18_Inner_Layer_0:2 0.26666666666666666 0.26666666666666666 1.0 2.26 48 40 3.9 0
0
APP_18_Inner_Layer_1:0 0.4666666666666667 0.4666666666666667 1.75 1.45 18 17 1.83 1
2 3
APP_18_Inner_Layer_1:1 0.06666666666666667 0.06666666666666667 0.25 2.2 35 25 3.62 1
1
APP_18_Inner_Layer_2:0 0.2 0.2 0.75 3.24 12 27 2.45 1
4 5
APP_18_Inner_Layer_3:0 0.3333333333333333 0.3333333333333333 1.25 3.5 23 31 1.73 0
6
APP_18_Inner_Layer_3:1 0.13333333333333333 0.13333333333333333 0.5 3.3 29 20 1.29 0
6
APP_18_Inner_Layer_3:2 0.26666666666666666 0.26666666666666666 1.0 2.33 44 32 3.79 0
6
APP_18_Output_Layer_0 0.13333333333333333 0.13333333333333333 0.5 2.5 18 10 3.82 1
7 8 9
