10
19
4
0
APP_0_Input_Layer_0 0.5333333333333333 0.5333333333333333 2.0 3.45 35 12 1.76 1

APP_0_Inner_Layer_0:0 0.26666666666666666 0.26666666666666666 1.0 3.4 6 3 3.73 0
0
APP_0_Inner_Layer_0:1 0.5333333333333333 0.5333333333333333 2.0 2.36 24 40 2.03 1
0
APP_0_Output_Layer_0 0.5333333333333333 0.5333333333333333 2.0 1.19 4 20 3.19 1
1 2
8
0.21631536059139508
APP_1_Input_Layer_0 0.4666666666666667 0.4666666666666667 1.75 3.34 31 34 2.62 1

APP_1_Inner_Layer_0:0 0.26666666666666666 0.26666666666666666 1.0 1.3 15 1 3.66 1
0
APP_1_Inner_Layer_0:1 0.13333333333333333 0.13333333333333333 0.5 2.86 47 19 3.7 0
0
APP_1_Inner_Layer_0:2 0.4666666666666667 0.4666666666666667 1.75 1.47 33 28 3.07 1
0
APP_1_Inner_Layer_1:0 0.3333333333333333 0.3333333333333333 1.25 1.27 26 12 2.99 0
1 2
APP_1_Inner_Layer_1:1 0.4 0.4 1.5 2.43 26 42 1.18 1
3 2
APP_1_Inner_Layer_1:2 0.26666666666666666 0.26666666666666666 1.0 2.96 33 31 1.62 0
1 3
APP_1_Output_Layer_0 0.13333333333333333 0.13333333333333333 0.5 3.53 26 13 1.74 1
4 5 6
11
0.5284456622894165
APP_2_Input_Layer_0 0.2 0.2 0.75 3.1 5 16 3.58 1

APP_2_Inner_Layer_0:0 0.5333333333333333 0.5333333333333333 2.0 3.9 48 27 1.91 1
0
APP_2_Inner_Layer_0:1 0.3333333333333333 0.3333333333333333 1.25 2.31 8 12 2.28 1
0
APP_2_Inner_Layer_1:0 0.4 0.4 1.5 2.98 20 46 3.54 0
1
APP_2_Inner_Layer_1:1 0.4666666666666667 0.4666666666666667 1.75 3.24 45 34 3.67 1
2
APP_2_Inner_Layer_1:2 0.2 0.2 0.75 2.56 2 18 2.97 1
2
APP_2_Inner_Layer_1:3 0.3333333333333333 0.3333333333333333 1.25 2.5 36 13 1.16 1
1
APP_2_Inner_Layer_2:0 0.4666666666666667 0.4666666666666667 1.75 3.47 22 23 2.62 1
3 4 5 6
APP_2_Inner_Layer_3:0 0.6 0.6 2.25 1.37 49 32 2.2 1
7
APP_2_Inner_Layer_3:1 0.2 0.2 0.75 3.02 41 34 1.67 1
7
APP_2_Output_Layer_0 0.13333333333333333 0.13333333333333333 0.5 2.85 10 23 2.51 1
8 9
15
0.7250320897452335
APP_3_Input_Layer_0 0.13333333333333333 0.13333333333333333 0.5 1.8 31 49 1.98 1

APP_3_Inner_Layer_0:0 0.3333333333333333 0.3333333333333333 1.25 2.65 28 7 3.88 0
0
APP_3_Inner_Layer_0:1 0.5333333333333333 0.5333333333333333 2.0 3.07 36 33 3.02 0
0
APP_3_Inner_Layer_1:0 0.3333333333333333 0.3333333333333333 1.25 1.55 16 10 3.5 1
1 2
APP_3_Inner_Layer_1:1 0.4 0.4 1.5 1.42 37 40 1.7 0
1
APP_3_Inner_Layer_1:2 0.06666666666666667 0.06666666666666667 0.25 1.88 27 38 1.59 0
2
APP_3_Inner_Layer_1:3 0.3333333333333333 0.3333333333333333 1.25 2.7 19 43 1.85 1
1 2
APP_3_Inner_Layer_2:0 0.13333333333333333 0.13333333333333333 0.5 2.17 26 36 3.81 1
5 6
APP_3_Inner_Layer_2:1 0.26666666666666666 0.26666666666666666 1.0 2.48 45 18 1.29 0
3 4 5 6
APP_3_Inner_Layer_2:2 0.6 0.6 2.25 2.32 22 44 1.82 1
3 6
APP_3_Inner_Layer_2:3 0.06666666666666667 0.06666666666666667 0.25 1.61 48 49 2.02 0
3
APP_3_Inner_Layer_3:0 0.13333333333333333 0.13333333333333333 0.5 1.98 47 28 3.0 1
8
APP_3_Inner_Layer_3:1 0.26666666666666666 0.26666666666666666 1.0 1.93 9 22 2.84 1
10 8 7
APP_3_Inner_Layer_3:2 0.4 0.4 1.5 2.83 39 42 3.42 1
7 9 10
APP_3_Output_Layer_0 0.4 0.4 1.5 3.63 3 24 2.32 1
11 12 13
14
1.0353871481225378
APP_4_Input_Layer_0 0.2 0.2 0.75 1.17 17 2 2.41 1

APP_4_Inner_Layer_0:0 0.13333333333333333 0.13333333333333333 0.5 3.05 46 13 2.66 0
0
APP_4_Inner_Layer_0:1 0.4666666666666667 0.4666666666666667 1.75 1.9 19 46 1.71 1
0
APP_4_Inner_Layer_0:2 0.5333333333333333 0.5333333333333333 2.0 3.27 9 13 1.38 0
0
APP_4_Inner_Layer_0:3 0.5333333333333333 0.5333333333333333 2.0 1.99 25 23 1.68 1
0
APP_4_Inner_Layer_1:0 0.3333333333333333 0.3333333333333333 1.25 3.38 43 32 3.96 0
1 2 3 4
APP_4_Inner_Layer_1:1 0.13333333333333333 0.13333333333333333 0.5 3.72 47 39 3.79 1
4 2 3
APP_4_Inner_Layer_1:2 0.26666666666666666 0.26666666666666666 1.0 3.65 2 39 3.83 0
2 4
APP_4_Inner_Layer_2:0 0.6 0.6 2.25 3.59 45 28 2.1 1
5 6 7
APP_4_Inner_Layer_2:1 0.26666666666666666 0.26666666666666666 1.0 2.5 40 19 3.46 1
7
APP_4_Inner_Layer_2:2 0.5333333333333333 0.5333333333333333 2.0 3.51 33 25 2.04 1
6
APP_4_Inner_Layer_3:0 0.4666666666666667 0.4666666666666667 1.75 2.64 37 19 3.43 1
8
APP_4_Inner_Layer_3:1 0.06666666666666667 0.06666666666666667 0.25 3.66 47 39 2.82 1
8 9 10
APP_4_Output_Layer_0 0.4 0.4 1.5 1.0 48 14 1.29 0
11 12
9
1.3331738723835083
APP_5_Input_Layer_0 0.4666666666666667 0.4666666666666667 1.75 3.59 38 38 3.71 1

APP_5_Inner_Layer_0:0 0.13333333333333333 0.13333333333333333 0.5 3.39 14 12 3.77 1
0
APP_5_Inner_Layer_0:1 0.2 0.2 0.75 3.34 25 35 1.03 1
0
APP_5_Inner_Layer_0:2 0.4666666666666667 0.4666666666666667 1.75 3.51 10 39 2.64 0
0
APP_5_Inner_Layer_1:0 0.06666666666666667 0.06666666666666667 0.25 2.04 21 35 1.45 1
2
APP_5_Inner_Layer_1:1 0.4666666666666667 0.4666666666666667 1.75 3.09 37 46 2.47 0
2
APP_5_Inner_Layer_1:2 0.06666666666666667 0.06666666666666667 0.25 3.44 36 2 1.26 1
1 2 3
APP_5_Inner_Layer_2:0 0.5333333333333333 0.5333333333333333 2.0 1.78 45 37 1.08 0
4 5 6
APP_5_Output_Layer_0 0.4666666666666667 0.4666666666666667 1.75 3.26 40 10 2.58 0
7
10
1.5924928895149792
APP_6_Input_Layer_0 0.4666666666666667 0.4666666666666667 1.75 2.63 40 7 1.96 1

APP_6_Inner_Layer_0:0 0.4666666666666667 0.4666666666666667 1.75 2.37 39 1 1.6 1
0
APP_6_Inner_Layer_0:1 0.06666666666666667 0.06666666666666667 0.25 2.22 30 37 2.59 1
0
APP_6_Inner_Layer_0:2 0.3333333333333333 0.3333333333333333 1.25 1.9 19 18 2.89 0
0
APP_6_Inner_Layer_1:0 0.5333333333333333 0.5333333333333333 2.0 2.82 33 13 2.69 0
1
APP_6_Inner_Layer_1:1 0.6 0.6 2.25 2.57 4 48 2.11 1
2 3
APP_6_Inner_Layer_2:0 0.2 0.2 0.75 3.65 21 9 1.18 1
4 5
APP_6_Inner_Layer_2:1 0.13333333333333333 0.13333333333333333 0.5 2.21 29 24 3.32 0
4
APP_6_Inner_Layer_3:0 0.6 0.6 2.25 2.34 3 40 3.52 1
6 7
APP_6_Output_Layer_0 0.6 0.6 2.25 1.28 12 20 3.21 1
8
7
2.036711303221158
APP_7_Input_Layer_0 0.06666666666666667 0.06666666666666667 0.25 3.6 4 22 3.7 1

APP_7_Inner_Layer_0:0 0.26666666666666666 0.26666666666666666 1.0 3.69 34 45 2.85 1
0
APP_7_Inner_Layer_0:1 0.13333333333333333 0.13333333333333333 0.5 1.28 20 39 1.68 1
0
APP_7_Inner_Layer_0:2 0.4666666666666667 0.4666666666666667 1.75 3.6 18 48 1.04 1
0
APP_7_Inner_Layer_0:3 0.06666666666666667 0.06666666666666667 0.25 2.68 2 35 1.48 1
0
APP_7_Inner_Layer_1:0 0.26666666666666666 0.26666666666666666 1.0 1.08 11 14 3.25 1
1 2 3 4
APP_7_Output_Layer_0 0.6 0.6 2.25 2.45 19 47 3.45 1
5
6
2.242944064220066
APP_8_Input_Layer_0 0.6 0.6 2.25 3.01 29 38 1.27 1

APP_8_Inner_Layer_0:0 0.5333333333333333 0.5333333333333333 2.0 2.52 38 31 2.29 1
0
APP_8_Inner_Layer_0:1 0.6 0.6 2.25 1.94 38 26 1.56 1
0
APP_8_Inner_Layer_0:2 0.5333333333333333 0.5333333333333333 2.0 3.97 32 48 2.69 0
0
APP_8_Inner_Layer_0:3 0.26666666666666666 0.26666666666666666 1.0 3.81 45 46 3.29 1
0
APP_8_Output_Layer_0 0.4666666666666667 0.4666666666666667 1.75 3.79 28 3 1.61 1
1 2 3 4
11
2.7328814662703618
APP_9_Input_Layer_0 0.4 0.4 1.5 2.71 37 39 2.97 1

APP_9_Inner_Layer_0:0 0.4 0.4 1.5 3.04 39 5 1.12 1
0
APP_9_Inner_Layer_0:1 0.3333333333333333 0.3333333333333333 1.25 3.02 10 41 1.48 0
0
APP_9_Inner_Layer_0:2 0.4666666666666667 0.4666666666666667 1.75 2.18 44 39 3.96 1
0
APP_9_Inner_Layer_1:0 0.26666666666666666 0.26666666666666666 1.0 3.54 18 9 2.29 1
2 3
APP_9_Inner_Layer_1:1 0.13333333333333333 0.13333333333333333 0.5 3.09 22 5 2.97 0
2 3
APP_9_Inner_Layer_1:2 0.06666666666666667 0.06666666666666667 0.25 1.81 45 41 1.5 1
2
APP_9_Inner_Layer_1:3 0.26666666666666666 0.26666666666666666 1.0 1.33 32 40 2.61 1
1 3
APP_9_Inner_Layer_2:0 0.6 0.6 2.25 1.57 31 5 2.9 1
4 7
APP_9_Inner_Layer_2:1 0.2 0.2 0.75 3.48 31 41 2.9 1
5 6
APP_9_Output_Layer_0 0.26666666666666666 0.26666666666666666 1.0 3.59 46 20 3.16 1
8 9
6
3.0575158236724267
APP_10_Input_Layer_0 0.26666666666666666 0.26666666666666666 1.0 1.78 33 31 1.87 0

APP_10_Inner_Layer_0:0 0.6 0.6 2.25 1.13 44 43 2.2 0
0
APP_10_Inner_Layer_0:1 0.4 0.4 1.5 1.62 6 21 1.24 1
0
APP_10_Inner_Layer_0:2 0.5333333333333333 0.5333333333333333 2.0 2.32 27 49 3.71 1
0
APP_10_Inner_Layer_0:3 0.26666666666666666 0.26666666666666666 1.0 3.59 5 18 3.44 0
0
APP_10_Output_Layer_0 0.13333333333333333 0.13333333333333333 0.5 3.38 18 1 1.47 1
1 2 3 4
9
3.518113935806902
APP_11_Input_Layer_0 0.13333333333333333 0.13333333333333333 0.5 3.71 18 27 3.96 1

APP_11_Inner_Layer_0:0 0.06666666666666667 0.06666666666666667 0.25 3.06 16 23 3.21 1
0
APP_11_Inner_Layer_0:1 0.4666666666666667 0.4666666666666667 1.75 3.51 46 49 3.71 1
0
APP_11_Inner_Layer_0:2 0.4666666666666667 0.4666666666666667 1.75 1.24 41 48 1.03 0
0
APP_11_Inner_Layer_1:0 0.26666666666666666 0.26666666666666666 1.0 1.63 47 16 1.53 1
1 2 3
APP_11_Inner_Layer_2:0 0.5333333333333333 0.5333333333333333 2.0 3.73 5 8 2.42 1
4
APP_11_Inner_Layer_2:1 0.4 0.4 1.5 3.77 2 10 3.78 1
4
APP_11_Inner_Layer_2:2 0.13333333333333333 0.13333333333333333 0.5 3.43 30 25 1.34 1
4
APP_11_Output_Layer_0 0.26666666666666666 0.26666666666666666 1.0 1.63 46 21 3.81 1
5 6 7
12
3.896715270723184
APP_12_Input_Layer_0 0.06666666666666667 0.06666666666666667 0.25 2.96 36 1 2.43 1

APP_12_Inner_Layer_0:0 0.4666666666666667 0.4666666666666667 1.75 2.15 25 42 1.49 1
0
APP_12_Inner_Layer_0:1 0.6 0.6 2.25 2.94 42 40 2.95 1
0
APP_12_Inner_Layer_1:0 0.13333333333333333 0.13333333333333333 0.5 3.03 34 41 3.7 1
1 2
APP_12_Inner_Layer_1:1 0.26666666666666666 0.26666666666666666 1.0 1.83 48 37 1.41 0
2
APP_12_Inner_Layer_1:2 0.3333333333333333 0.3333333333333333 1.25 3.14 33 40 2.64 0
2
APP_12_Inner_Layer_1:3 0.5333333333333333 0.5333333333333333 2.0 2.43 28 41 1.87 0
1
APP_12_Inner_Layer_2:0 0.6 0.6 2.25 1.74 44 40 1.26 1
5 6
APP_12_Inner_Layer_2:1 0.2 0.2 0.75 1.49 28 25 3.2 1
3 4
APP_12_Inner_Layer_3:0 0.6 0.6 2.25 2.32 17 37 1.07 0
7
APP_12_Inner_Layer_3:1 0.06666666666666667 0.06666666666666667 0.25 3.19 11 31 3.7 1
8
APP_12_Output_Layer_0 0.5333333333333333 0.5333333333333333 2.0 2.24 2 21 2.15 1
9 10
10
4.337885911401546
APP_13_Input_Layer_0 0.26666666666666666 0.26666666666666666 1.0 2.69 32 17 1.52 1

APP_13_Inner_Layer_0:0 0.06666666666666667 0.06666666666666667 0.25 2.43 36 33 3.95 1
0
APP_13_Inner_Layer_0:1 0.13333333333333333 0.13333333333333333 0.5 3.68 22 31 1.56 0
0
APP_13_Inner_Layer_0:2 0.13333333333333333 0.13333333333333333 0.5 2.63 18 22 2.16 1
0
APP_13_Inner_Layer_1:0 0.26666666666666666 0.26666666666666666 1.0 2.67 9 35 2.62 0
1 2 3
APP_13_Inner_Layer_2:0 0.4 0.4 1.5 3.52 9 14 2.1 0
4
APP_13_Inner_Layer_2:1 0.06666666666666667 0.06666666666666667 0.25 2.35 22 40 2.38 0
4
APP_13_Inner_Layer_3:0 0.4666666666666667 0.4666666666666667 1.75 1.76 7 42 2.24 0
6
APP_13_Inner_Layer_3:1 0.4666666666666667 0.4666666666666667 1.75 2.49 23 46 1.97 1
5
APP_13_Output_Layer_0 0.2 0.2 0.75 3.99 4 49 3.05 0
7 8
7
4.584706988604251
APP_14_Input_Layer_0 0.13333333333333333 0.13333333333333333 0.5 1.51 10 15 3.92 1

APP_14_Inner_Layer_0:0 0.2 0.2 0.75 2.9 3 48 1.52 1
0
APP_14_Inner_Layer_0:1 0.3333333333333333 0.3333333333333333 1.25 3.37 33 44 2.77 1
0
APP_14_Inner_Layer_1:0 0.06666666666666667 0.06666666666666667 0.25 1.72 22 32 3.2 1
1 2
APP_14_Inner_Layer_2:0 0.5333333333333333 0.5333333333333333 2.0 1.24 1 8 1.13 1
3
APP_14_Inner_Layer_2:1 0.3333333333333333 0.3333333333333333 1.25 2.5 25 24 2.33 0
3
APP_14_Output_Layer_0 0.4666666666666667 0.4666666666666667 1.75 2.32 31 13 2.45 1
4 5
11
5.0333151455764025
APP_15_Input_Layer_0 0.06666666666666667 0.06666666666666667 0.25 3.42 24 24 1.51 1

APP_15_Inner_Layer_0:0 0.6 0.6 2.25 2.54 24 38 2.7 1
0
APP_15_Inner_Layer_0:1 0.4666666666666667 0.4666666666666667 1.75 2.01 32 15 2.19 1
0
APP_15_Inner_Layer_1:0 0.5333333333333333 0.5333333333333333 2.0 3.85 39 20 3.02 1
1
APP_15_Inner_Layer_1:1 0.26666666666666666 0.26666666666666666 1.0 3.34 10 21 2.76 1
1 2
APP_15_Inner_Layer_1:2 0.5333333333333333 0.5333333333333333 2.0 1.97 20 31 2.02 1
1
APP_15_Inner_Layer_2:0 0.06666666666666667 0.06666666666666667 0.25 3.96 9 49 3.36 0
3 5
APP_15_Inner_Layer_2:1 0.2 0.2 0.75 2.6 47 30 3.78 0
4
APP_15_Inner_Layer_3:0 0.3333333333333333 0.3333333333333333 1.25 3.43 47 16 3.73 1
6
APP_15_Inner_Layer_3:1 0.5333333333333333 0.5333333333333333 2.0 1.51 8 17 3.26 1
7
APP_15_Output_Layer_0 0.2 0.2 0.75 1.33 18 23 1.48 1
8 9
15
5.266926866945707
APP_16_Input_Layer_0 0.06666666666666667 0.06666666666666667 0.25 1.56 22 31 2.37 0

APP_16_Inner_Layer_0:0 0.5333333333333333 0.5333333333333333 2.0 1.6 48 32 2.92 1
0
APP_16_Inner_Layer_0:1 0.5333333333333333 0.5333333333333333 2.0 3.69 33 47 2.09 1
0
APP_16_Inner_Layer_1:0 0.13333333333333333 0.13333333333333333 0.5 1.65 40 39 3.98 0
1
APP_16_Inner_Layer_1:1 0.5333333333333333 0.5333333333333333 2.0 3.64 37 19 1.86 1
2
APP_16_Inner_Layer_1:2 0.2 0.2 0.75 2.89 36 45 3.63 1
2
APP_16_Inner_Layer_1:3 0.06666666666666667 0.06666666666666667 0.25 3.19 1 31 2.47 1
1 2
APP_16_Inner_Layer_2:0 0.2 0.2 0.75 3.48 29 23 1.02 0
4 5 6
APP_16_Inner_Layer_2:1 0.6 0.6 2.25 1.56 6 20 1.03 0
3
APP_16_Inner_Layer_2:2 0.13333333333333333 0.13333333333333333 0.5 1.67 37 24 3.93 0
3 4
APP_16_Inner_Layer_3:0 0.4666666666666667 0.4666666666666667 1.75 2.7 35 14 3.64 1
7 9
APP_16_Inner_Layer_3:1 0.3333333333333333 0.3333333333333333 1.25 2.37 13 15 1.53 1
7 8
APP_16_Inner_Layer_3:2 0.13333333333333333 0.13333333333333333 0.5 3.1 38 41 2.55 1
8
APP_16_Inner_Layer_3:3 0.3333333333333333 0.3333333333333333 1.25 3.24 18 14 3.19 1
7
APP_16_Output_Layer_0 0.13333333333333333 0.13333333333333333 0.5 1.66 17 37 3.16 1
10 11 12 13
12
5.622376369221377
APP_17_Input_Layer_0 0.2 0.2 0.75 1.42 6 19 1.02 1

APP_17_Inner_Layer_0:0 0.4 0.4 1.5 1.9 23 5 3.7 1
0
APP_17_Inner_Layer_0:1 0.4666666666666667 0.4666666666666667 1.75 1.57 45 29 3.93 1
0
APP_17_Inner_Layer_0:2 0.26666666666666666 0.26666666666666666 1.0 2.75 44 41 2.03 0
0
APP_17_Inner_Layer_1:0 0.5333333333333333 0.5333333333333333 2.0 2.35 15 33 1.41 1
2
APP_17_Inner_Layer_1:1 0.06666666666666667 0.06666666666666667 0.25 1.21 10 3 1.79 1
3
APP_17_Inner_Layer_1:2 0.26666666666666666 0.26666666666666666 1.0 2.37 32 44 3.19 1
1 2 3
APP_17_Inner_Layer_1:3 0.4666666666666667 0.4666666666666667 1.75 3.79 14 34 2.18 0
2 3
APP_17_Inner_Layer_2:0 0.4666666666666667 0.4666666666666667 1.75 1.72 10 42 2.48 1
6 7
APP_17_Inner_Layer_2:1 0.5333333333333333 0.5333333333333333 2.0 1.26 2 38 3.18 1
4 5
APP_17_Inner_Layer_3:0 0.2 0.2 0.75 2.92 3 25 3.65 1
8 9
APP_17_Output_Layer_0 0.3333333333333333 0.3333333333333333 1.25 2.83 23 34 2.26 1
10
7
6.051762278982059
APP_18_Input_Layer_0 0.4 0.4 1.5 1.87 39 19 3.9 1

APP_18_Inner_Layer_0:0 0.06666666666666667 0.06666666666666667 0.25 3.27 19 11 2.13 0
0
APP_18_Inner_Layer_0:1 0.4 0.4 1.5 3.4 41 26 1.1 0
0
APP_18_Inner_Layer_1:0 0.2 0.2 0.75 2.07 4 14 2.73 0
1 2
APP_18_Inner_Layer_1:1 0.26666666666666666 0.26666666666666666 1.0 2.52 14 49 2.83 1
1
APP_18_Inner_Layer_1:2 0.5333333333333333 0.5333333333333333 2.0 1.83 8 11 2.19 1
2
APP_18_Output_Layer_0 0.26666666666666666 0.26666666666666666 1.0 2.05 18 47 3.7 1
3 4 5
