10
19
3
0
APP_0_Input_Layer_0 0.2 0.2 0.75 1.72 22 12 3.58 1

APP_0_Inner_Layer_0:0 0.5333333333333333 0.5333333333333333 2.0 1.59 16 39 1.14 1
0
APP_0_Output_Layer_0 0.5333333333333333 0.5333333333333333 2.0 2.5 18 45 3.25 1
1
13
0.4485429938018434
APP_1_Input_Layer_0 0.2 0.2 0.75 3.37 49 2 2.51 1

APP_1_Inner_Layer_0:0 0.4 0.4 1.5 3.56 31 8 3.94 1
0
APP_1_Inner_Layer_0:1 0.26666666666666666 0.26666666666666666 1.0 2.86 27 29 1.84 1
0
APP_1_Inner_Layer_0:2 0.4 0.4 1.5 2.01 8 3 2.57 1
0
APP_1_Inner_Layer_0:3 0.2 0.2 0.75 2.64 39 23 3.57 0
0
APP_1_Inner_Layer_1:0 0.5333333333333333 0.5333333333333333 2.0 1.21 1 19 1.9 1
1 2
APP_1_Inner_Layer_1:1 0.13333333333333333 0.13333333333333333 0.5 2.87 41 36 1.63 1
2 3 4
APP_1_Inner_Layer_1:2 0.26666666666666666 0.26666666666666666 1.0 1.44 23 37 3.98 0
3 4
APP_1_Inner_Layer_1:3 0.6 0.6 2.25 1.86 32 19 3.18 0
2 4
APP_1_Inner_Layer_2:0 0.13333333333333333 0.13333333333333333 0.5 3.41 6 20 3.79 1
6
APP_1_Inner_Layer_2:1 0.13333333333333333 0.13333333333333333 0.5 1.32 28 8 3.53 0
5 6 7
APP_1_Inner_Layer_2:2 0.4666666666666667 0.4666666666666667 1.75 1.62 47 20 1.3 0
5 8
APP_1_Output_Layer_0 0.13333333333333333 0.13333333333333333 0.5 2.34 38 47 1.4 0
9 10 11
13
0.974225378846062
APP_2_Input_Layer_0 0.4666666666666667 0.4666666666666667 1.75 2.77 39 47 2.16 1

APP_2_Inner_Layer_0:0 0.26666666666666666 0.26666666666666666 1.0 2.09 9 43 3.25 1
0
APP_2_Inner_Layer_0:1 0.4 0.4 1.5 1.02 9 34 3.71 1
0
APP_2_Inner_Layer_0:2 0.4666666666666667 0.4666666666666667 1.75 3.44 24 41 1.58 1
0
APP_2_Inner_Layer_0:3 0.3333333333333333 0.3333333333333333 1.25 3.97 43 36 3.57 0
0
APP_2_Inner_Layer_1:0 0.5333333333333333 0.5333333333333333 2.0 3.74 25 18 1.44 1
1 2
APP_2_Inner_Layer_1:1 0.13333333333333333 0.13333333333333333 0.5 1.95 4 20 1.56 1
3
APP_2_Inner_Layer_1:2 0.13333333333333333 0.13333333333333333 0.5 3.51 15 18 3.72 1
1 4
APP_2_Inner_Layer_1:3 0.3333333333333333 0.3333333333333333 1.25 3.82 41 26 3.04 1
1 2
APP_2_Inner_Layer_2:0 0.6 0.6 2.25 1.02 47 19 2.7 1
5 7
APP_2_Inner_Layer_2:1 0.06666666666666667 0.06666666666666667 0.25 3.18 25 5 3.2 1
6 8
APP_2_Inner_Layer_2:2 0.4 0.4 1.5 1.4 29 10 3.97 1
6 7 8
APP_2_Output_Layer_0 0.5333333333333333 0.5333333333333333 2.0 3.62 43 26 3.71 0
9 10 11
6
1.2049607321180162
APP_3_Input_Layer_0 0.4 0.4 1.5 1.22 35 7 3.31 1

APP_3_Inner_Layer_0:0 0.4666666666666667 0.4666666666666667 1.75 1.04 11 15 1.61 0
0
APP_3_Inner_Layer_0:1 0.4 0.4 1.5 3.14 30 2 2.5 0
0
APP_3_Inner_Layer_0:2 0.13333333333333333 0.13333333333333333 0.5 1.65 21 35 1.15 1
0
APP_3_Inner_Layer_0:3 0.13333333333333333 0.13333333333333333 0.5 3.04 49 14 3.66 1
0
APP_3_Output_Layer_0 0.06666666666666667 0.06666666666666667 0.25 3.43 33 29 2.04 1
1 2 3 4
12
1.4414605113699863
APP_4_Input_Layer_0 0.3333333333333333 0.3333333333333333 1.25 2.22 31 46 3.37 1

APP_4_Inner_Layer_0:0 0.3333333333333333 0.3333333333333333 1.25 2.76 25 15 3.45 1
0
APP_4_Inner_Layer_0:1 0.6 0.6 2.25 3.9 44 11 3.19 1
0
APP_4_Inner_Layer_0:2 0.4 0.4 1.5 1.71 25 28 1.78 1
0
APP_4_Inner_Layer_0:3 0.2 0.2 0.75 1.44 44 34 2.25 1
0
APP_4_Inner_Layer_1:0 0.3333333333333333 0.3333333333333333 1.25 3.59 43 27 3.43 1
1 2
APP_4_Inner_Layer_1:1 0.4 0.4 1.5 1.77 8 48 2.53 1
3 4
APP_4_Inner_Layer_2:0 0.13333333333333333 0.13333333333333333 0.5 3.85 16 4 3.41 1
6
APP_4_Inner_Layer_2:1 0.13333333333333333 0.13333333333333333 0.5 1.66 19 40 1.63 0
5 6
APP_4_Inner_Layer_2:2 0.13333333333333333 0.13333333333333333 0.5 2.19 29 25 2.73 0
6
APP_4_Inner_Layer_2:3 0.6 0.6 2.25 3.81 12 35 3.63 0
5
APP_4_Output_Layer_0 0.4 0.4 1.5 2.89 7 19 1.82 1
7 8 9 10
4
1.7042164007460048
APP_5_Input_Layer_0 0.2 0.2 0.75 2.28 25 27 1.16 1

APP_5_Inner_Layer_0:0 0.26666666666666666 0.26666666666666666 1.0 2.54 27 45 2.41 1
0
APP_5_Inner_Layer_0:1 0.4666666666666667 0.4666666666666667 1.75 2.94 40 25 3.9 0
0
APP_5_Output_Layer_0 0.06666666666666667 0.06666666666666667 0.25 3.38 37 4 1.53 1
1 2
13
1.999824171245017
APP_6_Input_Layer_0 0.06666666666666667 0.06666666666666667 0.25 2.54 47 7 2.14 1

APP_6_Inner_Layer_0:0 0.3333333333333333 0.3333333333333333 1.25 1.16 34 14 2.42 0
0
APP_6_Inner_Layer_0:1 0.4666666666666667 0.4666666666666667 1.75 2.95 7 34 1.85 0
0
APP_6_Inner_Layer_0:2 0.4 0.4 1.5 1.48 17 30 1.63 0
0
APP_6_Inner_Layer_0:3 0.2 0.2 0.75 1.07 18 7 3.8 1
0
APP_6_Inner_Layer_1:0 0.2 0.2 0.75 3.02 23 42 2.15 1
3 4
APP_6_Inner_Layer_1:1 0.26666666666666666 0.26666666666666666 1.0 3.96 3 9 1.67 1
1 2
APP_6_Inner_Layer_2:0 0.13333333333333333 0.13333333333333333 0.5 1.88 27 45 2.34 1
5
APP_6_Inner_Layer_2:1 0.13333333333333333 0.13333333333333333 0.5 2.2 36 49 3.95 0
5 6
APP_6_Inner_Layer_3:0 0.13333333333333333 0.13333333333333333 0.5 2.7 31 46 2.4 1
8
APP_6_Inner_Layer_3:1 0.4666666666666667 0.4666666666666667 1.75 1.35 13 21 3.94 1
7 8
APP_6_Inner_Layer_3:2 0.4666666666666667 0.4666666666666667 1.75 1.79 34 5 2.55 0
7
APP_6_Output_Layer_0 0.3333333333333333 0.3333333333333333 1.25 2.67 41 4 2.02 1
9 10 11
8
2.3306482391172554
APP_7_Input_Layer_0 0.26666666666666666 0.26666666666666666 1.0 3.51 39 5 3.79 0

APP_7_Inner_Layer_0:0 0.2 0.2 0.75 1.31 10 8 2.58 0
0
APP_7_Inner_Layer_0:1 0.26666666666666666 0.26666666666666666 1.0 1.39 32 40 2.84 1
0
APP_7_Inner_Layer_1:0 0.6 0.6 2.25 3.23 23 31 3.61 1
1
APP_7_Inner_Layer_1:1 0.13333333333333333 0.13333333333333333 0.5 3.69 46 19 3.21 0
1 2
APP_7_Inner_Layer_1:2 0.06666666666666667 0.06666666666666667 0.25 2.95 12 30 2.91 0
2
APP_7_Inner_Layer_1:3 0.13333333333333333 0.13333333333333333 0.5 2.39 13 32 1.01 1
1
APP_7_Output_Layer_0 0.06666666666666667 0.06666666666666667 0.25 3.77 20 14 3.13 1
3 4 5 6
7
2.629146553109328
APP_8_Input_Layer_0 0.5333333333333333 0.5333333333333333 2.0 2.5 44 41 1.29 1

APP_8_Inner_Layer_0:0 0.3333333333333333 0.3333333333333333 1.25 2.4 31 48 2.35 0
0
APP_8_Inner_Layer_1:0 0.13333333333333333 0.13333333333333333 0.5 1.18 7 45 3.25 0
1
APP_8_Inner_Layer_1:1 0.26666666666666666 0.26666666666666666 1.0 3.06 45 13 3.38 0
1
APP_8_Inner_Layer_1:2 0.5333333333333333 0.5333333333333333 2.0 3.96 22 40 2.1 1
1
APP_8_Inner_Layer_2:0 0.4 0.4 1.5 1.42 13 17 1.09 1
2 3 4
APP_8_Output_Layer_0 0.3333333333333333 0.3333333333333333 1.25 3.17 41 42 3.07 1
5
4
2.8832383935493904
APP_9_Input_Layer_0 0.4 0.4 1.5 1.86 45 21 3.39 1

APP_9_Inner_Layer_0:0 0.13333333333333333 0.13333333333333333 0.5 3.65 36 5 2.59 1
0
APP_9_Inner_Layer_1:0 0.4 0.4 1.5 2.15 35 3 2.1 0
1
APP_9_Output_Layer_0 0.26666666666666666 0.26666666666666666 1.0 2.67 20 1 3.46 1
2
4
3.212857282921183
APP_10_Input_Layer_0 0.26666666666666666 0.26666666666666666 1.0 3.57 28 32 1.21 1

APP_10_Inner_Layer_0:0 0.3333333333333333 0.3333333333333333 1.25 2.07 3 27 2.29 1
0
APP_10_Inner_Layer_0:1 0.5333333333333333 0.5333333333333333 2.0 2.74 13 26 1.41 1
0
APP_10_Output_Layer_0 0.4 0.4 1.5 1.77 8 16 2.67 1
1 2
6
3.6365658236817175
APP_11_Input_Layer_0 0.6 0.6 2.25 2.35 29 43 2.68 1

APP_11_Inner_Layer_0:0 0.4666666666666667 0.4666666666666667 1.75 2.85 13 25 1.22 0
0
APP_11_Inner_Layer_0:1 0.3333333333333333 0.3333333333333333 1.25 3.19 31 10 2.5 0
0
APP_11_Inner_Layer_0:2 0.13333333333333333 0.13333333333333333 0.5 3.33 49 35 1.38 0
0
APP_11_Inner_Layer_0:3 0.2 0.2 0.75 2.77 19 43 3.38 1
0
APP_11_Output_Layer_0 0.6 0.6 2.25 3.94 13 2 1.08 1
1 2 3 4
12
3.8694117504187844
APP_12_Input_Layer_0 0.5333333333333333 0.5333333333333333 2.0 1.75 17 40 3.74 1

APP_12_Inner_Layer_0:0 0.5333333333333333 0.5333333333333333 2.0 1.61 28 17 2.41 0
0
APP_12_Inner_Layer_0:1 0.2 0.2 0.75 3.16 1 33 3.73 1
0
APP_12_Inner_Layer_0:2 0.6 0.6 2.25 2.11 36 25 1.06 1
0
APP_12_Inner_Layer_0:3 0.4 0.4 1.5 2.07 16 8 3.76 0
0
APP_12_Inner_Layer_1:0 0.26666666666666666 0.26666666666666666 1.0 1.21 46 3 3.97 0
1 2
APP_12_Inner_Layer_1:1 0.3333333333333333 0.3333333333333333 1.25 1.46 43 38 1.7 1
2 4
APP_12_Inner_Layer_1:2 0.4666666666666667 0.4666666666666667 1.75 2.6 49 41 3.9 1
1 3
APP_12_Inner_Layer_2:0 0.13333333333333333 0.13333333333333333 0.5 3.81 40 16 2.81 1
5 7
APP_12_Inner_Layer_2:1 0.2 0.2 0.75 3.24 12 7 1.04 0
6 7
APP_12_Inner_Layer_2:2 0.26666666666666666 0.26666666666666666 1.0 3.34 41 9 2.62 1
5 6
APP_12_Output_Layer_0 0.26666666666666666 0.26666666666666666 1.0 3.03 16 2 1.32 1
8 9 10
11
4.114981538428609
APP_13_Input_Layer_0 0.06666666666666667 0.06666666666666667 0.25 2.25 8 43 1.35 1

APP_13_Inner_Layer_0:0 0.3333333333333333 0.3333333333333333 1.25 3.21 33 16 1.95 1
0
APP_13_Inner_Layer_0:1 0.2 0.2 0.75 2.34 8 41 1.75 0
0
APP_13_Inner_Layer_0:2 0.3333333333333333 0.3333333333333333 1.25 1.72 8 49 1.48 1
0
APP_13_Inner_Layer_0:3 0.5333333333333333 0.5333333333333333 2.0 1.87 32 6 2.61 1
0
APP_13_Inner_Layer_1:0 0.13333333333333333 0.13333333333333333 0.5 2.96 8 36 1.68 1
2 4
APP_13_Inner_Layer_1:1 0.3333333333333333 0.3333333333333333 1.25 2.44 47 23 1.07 1
2 3
APP_13_Inner_Layer_1:2 0.6 0.6 2.25 1.4 30 22 2.94 1
1 4
APP_13_Inner_Layer_2:0 0.4666666666666667 0.4666666666666667 1.75 3.81 30 49 3.24 1
6
APP_13_Inner_Layer_2:1 0.5333333333333333 0.5333333333333333 2.0 1.01 20 34 3.74 1
5 7
APP_13_Output_Layer_0 0.13333333333333333 0.13333333333333333 0.5 1.99 37 34 2.5 1
8 9
9
4.527152883969493
APP_14_Input_Layer_0 0.4666666666666667 0.4666666666666667 1.75 2.39 40 33 3.06 1

APP_14_Inner_Layer_0:0 0.26666666666666666 0.26666666666666666 1.0 3.84 34 23 3.73 1
0
APP_14_Inner_Layer_1:0 0.6 0.6 2.25 1.19 1 28 3.01 1
1
APP_14_Inner_Layer_1:1 0.06666666666666667 0.06666666666666667 0.25 3.53 15 17 3.84 0
1
APP_14_Inner_Layer_1:2 0.6 0.6 2.25 1.32 49 18 1.53 1
1
APP_14_Inner_Layer_2:0 0.5333333333333333 0.5333333333333333 2.0 3.81 12 6 2.63 0
3 4
APP_14_Inner_Layer_2:1 0.26666666666666666 0.26666666666666666 1.0 1.95 35 35 1.5 1
2
APP_14_Inner_Layer_3:0 0.4666666666666667 0.4666666666666667 1.75 2.89 40 6 3.47 1
5 6
APP_14_Output_Layer_0 0.2 0.2 0.75 3.99 14 9 1.66 1
7
8
5.015667859577633
APP_15_Input_Layer_0 0.3333333333333333 0.3333333333333333 1.25 1.09 24 9 3.94 1

APP_15_Inner_Layer_0:0 0.4 0.4 1.5 1.02 34 48 2.91 1
0
APP_15_Inner_Layer_0:1 0.6 0.6 2.25 2.33 14 33 2.21 1
0
APP_15_Inner_Layer_1:0 0.2 0.2 0.75 2.49 36 4 3.77 1
1
APP_15_Inner_Layer_1:1 0.3333333333333333 0.3333333333333333 1.25 2.13 18 40 3.03 1
1
APP_15_Inner_Layer_1:2 0.5333333333333333 0.5333333333333333 2.0 2.39 32 10 3.63 1
1 2
APP_15_Inner_Layer_1:3 0.3333333333333333 0.3333333333333333 1.25 2.11 15 4 2.88 1
1 2
APP_15_Output_Layer_0 0.13333333333333333 0.13333333333333333 0.5 1.31 32 45 3.06 0
3 4 5 6
9
5.508072434393391
APP_16_Input_Layer_0 0.4 0.4 1.5 2.09 17 23 1.24 1

APP_16_Inner_Layer_0:0 0.26666666666666666 0.26666666666666666 1.0 2.55 10 46 1.06 1
0
APP_16_Inner_Layer_0:1 0.3333333333333333 0.3333333333333333 1.25 2.37 27 3 1.18 1
0
APP_16_Inner_Layer_0:2 0.3333333333333333 0.3333333333333333 1.25 2.69 9 2 2.21 1
0
APP_16_Inner_Layer_0:3 0.3333333333333333 0.3333333333333333 1.25 2.48 29 12 1.19 0
0
APP_16_Inner_Layer_1:0 0.4 0.4 1.5 3.13 41 17 2.18 0
1 2 3 4
APP_16_Inner_Layer_2:0 0.6 0.6 2.25 1.61 6 27 3.05 0
5
APP_16_Inner_Layer_2:1 0.4666666666666667 0.4666666666666667 1.75 1.37 18 5 3.89 0
5
APP_16_Output_Layer_0 0.4666666666666667 0.4666666666666667 1.75 1.73 22 45 2.88 0
6 7
10
5.763259041307191
APP_17_Input_Layer_0 0.26666666666666666 0.26666666666666666 1.0 1.13 16 42 1.47 1

APP_17_Inner_Layer_0:0 0.5333333333333333 0.5333333333333333 2.0 3.03 32 43 1.15 1
0
APP_17_Inner_Layer_0:1 0.4 0.4 1.5 3.46 22 45 3.09 0
0
APP_17_Inner_Layer_1:0 0.4 0.4 1.5 2.52 3 49 3.4 1
1 2
APP_17_Inner_Layer_2:0 0.26666666666666666 0.26666666666666666 1.0 1.84 15 1 2.44 1
3
APP_17_Inner_Layer_3:0 0.5333333333333333 0.5333333333333333 2.0 3.74 29 13 3.02 0
4
APP_17_Inner_Layer_3:1 0.4 0.4 1.5 2.74 34 20 3.7 1
4
APP_17_Inner_Layer_3:2 0.5333333333333333 0.5333333333333333 2.0 1.53 38 46 3.65 1
4
APP_17_Inner_Layer_3:3 0.13333333333333333 0.13333333333333333 0.5 2.07 26 7 1.46 0
4
APP_17_Output_Layer_0 0.13333333333333333 0.13333333333333333 0.5 3.91 25 25 3.48 1
5 6 7 8
6
6.226733955815822
APP_18_Input_Layer_0 0.13333333333333333 0.13333333333333333 0.5 2.97 6 32 2.01 1

APP_18_Inner_Layer_0:0 0.2 0.2 0.75 1.34 29 25 3.85 1
0
APP_18_Inner_Layer_0:1 0.26666666666666666 0.26666666666666666 1.0 3.09 4 46 3.55 1
0
APP_18_Inner_Layer_1:0 0.4 0.4 1.5 3.7 40 13 1.25 1
1 2
APP_18_Inner_Layer_1:1 0.5333333333333333 0.5333333333333333 2.0 3.89 5 16 1.19 1
2
APP_18_Output_Layer_0 0.13333333333333333 0.13333333333333333 0.5 3.0 36 22 1.55 1
3 4
