10
4
4
0
APP_0_Input_Layer_0 0.2 0.2 0.75 3.53 15 49 3.32 1

APP_0_Inner_Layer_0:0 0.4 0.4 1.5 1.76 28 41 3.54 0
0
APP_0_Inner_Layer_0:1 0.13333333333333333 0.13333333333333333 0.5 2.88 31 19 3.41 0
0
APP_0_Output_Layer_0 0.26666666666666666 0.26666666666666666 1.0 3.48 18 39 2.54 1
1 2
9
1.76516262413203
APP_1_Input_Layer_0 0.13333333333333333 0.13333333333333333 0.5 2.24 18 20 1.05 0

APP_1_Inner_Layer_0:0 0.4 0.4 1.5 2.55 39 44 2.04 0
0
APP_1_Inner_Layer_0:1 0.06666666666666667 0.06666666666666667 0.25 3.66 2 8 2.67 1
0
APP_1_Inner_Layer_0:2 0.3333333333333333 0.3333333333333333 1.25 2.42 44 41 2.34 0
0
APP_1_Inner_Layer_1:0 0.3333333333333333 0.3333333333333333 1.25 1.79 12 26 1.92 0
2
APP_1_Inner_Layer_1:1 0.3333333333333333 0.3333333333333333 1.25 3.64 30 49 1.09 1
2
APP_1_Inner_Layer_1:2 0.26666666666666666 0.26666666666666666 1.0 1.52 29 45 1.18 1
3
APP_1_Inner_Layer_1:3 0.26666666666666666 0.26666666666666666 1.0 2.28 45 23 2.96 1
1 2 3
APP_1_Output_Layer_0 0.4666666666666667 0.4666666666666667 1.75 1.92 25 28 3.71 1
4 5 6 7
10
2.93953419052125
APP_2_Input_Layer_0 0.4666666666666667 0.4666666666666667 1.75 2.7 18 26 3.17 1

APP_2_Inner_Layer_0:0 0.4666666666666667 0.4666666666666667 1.75 1.52 21 3 2.7 1
0
APP_2_Inner_Layer_0:1 0.26666666666666666 0.26666666666666666 1.0 2.42 3 1 2.01 0
0
APP_2_Inner_Layer_1:0 0.4666666666666667 0.4666666666666667 1.75 1.55 8 39 2.49 1
2
APP_2_Inner_Layer_1:1 0.26666666666666666 0.26666666666666666 1.0 2.53 45 25 1.72 0
1 2
APP_2_Inner_Layer_1:2 0.4 0.4 1.5 2.1 48 31 1.82 1
1
APP_2_Inner_Layer_2:0 0.26666666666666666 0.26666666666666666 1.0 3.73 22 46 2.69 0
4
APP_2_Inner_Layer_2:1 0.6 0.6 2.25 2.32 43 32 3.17 1
3 5
APP_2_Inner_Layer_2:2 0.3333333333333333 0.3333333333333333 1.25 1.46 32 42 2.7 0
4
APP_2_Output_Layer_0 0.6 0.6 2.25 2.48 47 23 1.71 1
6 7 8
4
4.267304549191521
APP_3_Input_Layer_0 0.06666666666666667 0.06666666666666667 0.25 1.67 18 35 2.86 1

APP_3_Inner_Layer_0:0 0.2 0.2 0.75 3.26 37 48 3.85 1
0
APP_3_Inner_Layer_0:1 0.5333333333333333 0.5333333333333333 2.0 3.12 5 42 3.46 0
0
APP_3_Output_Layer_0 0.06666666666666667 0.06666666666666667 0.25 3.75 6 48 1.74 1
1 2
