10
4
10
0
APP_0_Input_Layer_0 0.26666666666666666 0.26666666666666666 1.0 1.98 40 44 3.89 1

APP_0_Inner_Layer_0:0 0.13333333333333333 0.13333333333333333 0.5 1.9 7 22 3.62 1
0
APP_0_Inner_Layer_0:1 0.06666666666666667 0.06666666666666667 0.25 1.79 34 30 3.48 1
0
APP_0_Inner_Layer_1:0 0.5333333333333333 0.5333333333333333 2.0 1.37 12 30 3.58 1
1 2
APP_0_Inner_Layer_2:0 0.06666666666666667 0.06666666666666667 0.25 2.99 6 45 2.36 1
3
APP_0_Inner_Layer_2:1 0.26666666666666666 0.26666666666666666 1.0 3.72 38 4 3.39 0
3
APP_0_Inner_Layer_3:0 0.5333333333333333 0.5333333333333333 2.0 1.11 2 15 1.13 0
4
APP_0_Inner_Layer_3:1 0.3333333333333333 0.3333333333333333 1.25 3.85 18 25 2.04 1
4
APP_0_Inner_Layer_3:2 0.2 0.2 0.75 1.71 44 28 3.88 1
5
APP_0_Output_Layer_0 0.4 0.4 1.5 3.47 45 30 1.31 1
6 7 8
5
1.6688773725341843
APP_1_Input_Layer_0 0.4 0.4 1.5 3.78 37 8 1.19 1

APP_1_Inner_Layer_0:0 0.5333333333333333 0.5333333333333333 2.0 3.24 37 32 3.01 0
0
APP_1_Inner_Layer_1:0 0.2 0.2 0.75 2.43 38 48 1.28 0
1
APP_1_Inner_Layer_1:1 0.13333333333333333 0.13333333333333333 0.5 2.94 20 25 1.67 0
1
APP_1_Output_Layer_0 0.4 0.4 1.5 2.55 32 13 1.58 1
2 3
8
2.647271994358865
APP_2_Input_Layer_0 0.4666666666666667 0.4666666666666667 1.75 3.31 14 24 3.3 0

APP_2_Inner_Layer_0:0 0.5333333333333333 0.5333333333333333 2.0 3.69 31 24 1.48 1
0
APP_2_Inner_Layer_1:0 0.26666666666666666 0.26666666666666666 1.0 1.72 35 19 2.29 1
1
APP_2_Inner_Layer_2:0 0.13333333333333333 0.13333333333333333 0.5 1.17 8 18 1.81 1
2
APP_2_Inner_Layer_2:1 0.4666666666666667 0.4666666666666667 1.75 3.51 33 27 3.89 0
2
APP_2_Inner_Layer_2:2 0.4666666666666667 0.4666666666666667 1.75 2.48 49 16 3.88 1
2
APP_2_Inner_Layer_3:0 0.2 0.2 0.75 3.96 16 42 3.67 1
3 4 5
APP_2_Output_Layer_0 0.6 0.6 2.25 3.7 11 35 1.6 1
6
9
3.747301235594414
APP_3_Input_Layer_0 0.4666666666666667 0.4666666666666667 1.75 2.65 34 42 2.97 1

APP_3_Inner_Layer_0:0 0.26666666666666666 0.26666666666666666 1.0 3.74 41 43 2.05 1
0
APP_3_Inner_Layer_0:1 0.6 0.6 2.25 2.77 28 36 3.87 1
0
APP_3_Inner_Layer_0:2 0.26666666666666666 0.26666666666666666 1.0 2.15 5 5 3.12 1
0
APP_3_Inner_Layer_1:0 0.5333333333333333 0.5333333333333333 2.0 1.26 31 39 3.63 1
1 2 3
APP_3_Inner_Layer_1:1 0.5333333333333333 0.5333333333333333 2.0 3.77 19 36 1.33 0
1 3
APP_3_Inner_Layer_1:2 0.26666666666666666 0.26666666666666666 1.0 3.15 27 46 3.74 1
3
APP_3_Inner_Layer_1:3 0.06666666666666667 0.06666666666666667 0.25 2.93 23 9 1.1 0
1
APP_3_Output_Layer_0 0.4 0.4 1.5 2.83 2 19 3.49 1
4 5 6 7
