10
4
4
0
APP_0_Input_Layer_0 0.26666666666666666 0.26666666666666666 1.0 3.03 7 43 2.4 1

APP_0_Inner_Layer_0:0 0.13333333333333333 0.13333333333333333 0.5 2.32 10 29 3.17 1
0
APP_0_Inner_Layer_0:1 0.5333333333333333 0.5333333333333333 2.0 1.84 3 33 2.18 1
0
APP_0_Output_Layer_0 0.5333333333333333 0.5333333333333333 2.0 2.62 48 22 1.62 1
1 2
11
2.4469888789656524
APP_1_Input_Layer_0 0.13333333333333333 0.13333333333333333 0.5 2.26 25 47 2.89 1

APP_1_Inner_Layer_0:0 0.06666666666666667 0.06666666666666667 0.25 1.81 27 43 2.56 1
0
APP_1_Inner_Layer_0:1 0.06666666666666667 0.06666666666666667 0.25 1.96 49 19 2.04 0
0
APP_1_Inner_Layer_0:2 0.2 0.2 0.75 3.54 20 35 1.53 1
0
APP_1_Inner_Layer_1:0 0.3333333333333333 0.3333333333333333 1.25 1.4 10 44 2.63 1
1 2 3
APP_1_Inner_Layer_2:0 0.4 0.4 1.5 2.7 4 4 2.17 1
4
APP_1_Inner_Layer_2:1 0.6 0.6 2.25 3.56 37 23 2.91 1
4
APP_1_Inner_Layer_2:2 0.2 0.2 0.75 3.87 47 12 3.24 0
4
APP_1_Inner_Layer_2:3 0.2 0.2 0.75 1.36 24 1 3.0 1
4
APP_1_Inner_Layer_3:0 0.26666666666666666 0.26666666666666666 1.0 3.74 37 36 2.21 0
5 6 7 8
APP_1_Output_Layer_0 0.13333333333333333 0.13333333333333333 0.5 3.71 29 30 1.36 1
9
5
3.79121782028286
APP_2_Input_Layer_0 0.3333333333333333 0.3333333333333333 1.25 2.95 22 22 3.22 1

APP_2_Inner_Layer_0:0 0.3333333333333333 0.3333333333333333 1.25 2.43 13 29 2.58 1
0
APP_2_Inner_Layer_0:1 0.6 0.6 2.25 1.04 6 6 2.15 0
0
APP_2_Inner_Layer_0:2 0.13333333333333333 0.13333333333333333 0.5 1.99 7 13 3.1 0
0
APP_2_Output_Layer_0 0.4666666666666667 0.4666666666666667 1.75 2.1 20 43 3.45 1
1 2 3
6
5.2935276216312
APP_3_Input_Layer_0 0.4 0.4 1.5 1.17 47 19 1.6 1

APP_3_Inner_Layer_0:0 0.6 0.6 2.25 2.33 29 45 3.71 1
0
APP_3_Inner_Layer_0:1 0.3333333333333333 0.3333333333333333 1.25 3.01 16 7 2.61 1
0
APP_3_Inner_Layer_1:0 0.5333333333333333 0.5333333333333333 2.0 2.49 46 30 1.09 1
1
APP_3_Inner_Layer_1:1 0.4666666666666667 0.4666666666666667 1.75 2.39 43 6 2.98 1
2
APP_3_Output_Layer_0 0.3333333333333333 0.3333333333333333 1.25 2.17 28 3 1.43 1
3 4
