10
4
10
0
APP_0_Input_Layer_0 0.4 0.4 1.5 2.62 44 2 3.95 1

APP_0_Inner_Layer_0:0 0.06666666666666667 0.06666666666666667 0.25 3.67 23 20 1.34 0
0
APP_0_Inner_Layer_0:1 0.5333333333333333 0.5333333333333333 2.0 2.76 25 12 2.18 0
0
APP_0_Inner_Layer_1:0 0.06666666666666667 0.06666666666666667 0.25 3.62 26 21 3.99 0
1 2
APP_0_Inner_Layer_1:1 0.13333333333333333 0.13333333333333333 0.5 1.39 39 15 3.96 1
2
APP_0_Inner_Layer_2:0 0.2 0.2 0.75 3.01 2 45 2.1 0
3 4
APP_0_Inner_Layer_3:0 0.06666666666666667 0.06666666666666667 0.25 2.76 18 2 1.12 1
5
APP_0_Inner_Layer_3:1 0.5333333333333333 0.5333333333333333 2.0 2.07 16 39 1.84 1
5
APP_0_Inner_Layer_3:2 0.4 0.4 1.5 1.58 17 17 2.11 1
5
APP_0_Output_Layer_0 0.3333333333333333 0.3333333333333333 1.25 2.04 26 6 2.12 1
6 7 8
7
1.2479894178516318
APP_1_Input_Layer_0 0.06666666666666667 0.06666666666666667 0.25 1.31 24 48 3.52 1

APP_1_Inner_Layer_0:0 0.4666666666666667 0.4666666666666667 1.75 1.11 17 16 2.05 1
0
APP_1_Inner_Layer_0:1 0.26666666666666666 0.26666666666666666 1.0 1.14 39 29 2.0 0
0
APP_1_Inner_Layer_0:2 0.26666666666666666 0.26666666666666666 1.0 3.57 3 16 2.02 1
0
APP_1_Inner_Layer_1:0 0.5333333333333333 0.5333333333333333 2.0 3.0 28 10 2.95 1
3
APP_1_Inner_Layer_1:1 0.6 0.6 2.25 2.79 34 7 2.81 1
1 2 3
APP_1_Output_Layer_0 0.4 0.4 1.5 2.42 44 19 2.54 1
4 5
13
2.2548514139089746
APP_2_Input_Layer_0 0.2 0.2 0.75 1.6 7 19 2.06 1

APP_2_Inner_Layer_0:0 0.4666666666666667 0.4666666666666667 1.75 2.39 43 47 1.99 1
0
APP_2_Inner_Layer_0:1 0.3333333333333333 0.3333333333333333 1.25 2.56 13 13 2.0 1
0
APP_2_Inner_Layer_0:2 0.5333333333333333 0.5333333333333333 2.0 2.97 40 40 2.62 1
0
APP_2_Inner_Layer_0:3 0.2 0.2 0.75 3.28 23 34 1.7 1
0
APP_2_Inner_Layer_1:0 0.5333333333333333 0.5333333333333333 2.0 1.84 9 34 3.57 1
3 4
APP_2_Inner_Layer_1:1 0.4666666666666667 0.4666666666666667 1.75 3.55 34 45 2.54 1
1 2
APP_2_Inner_Layer_2:0 0.06666666666666667 0.06666666666666667 0.25 3.57 29 10 2.35 1
5
APP_2_Inner_Layer_2:1 0.26666666666666666 0.26666666666666666 1.0 1.85 9 20 3.1 1
5 6
APP_2_Inner_Layer_2:2 0.13333333333333333 0.13333333333333333 0.5 3.59 10 26 3.25 1
5 6
APP_2_Inner_Layer_3:0 0.13333333333333333 0.13333333333333333 0.5 1.54 23 36 2.11 1
7 8
APP_2_Inner_Layer_3:1 0.2 0.2 0.75 3.24 47 19 2.19 1
9
APP_2_Output_Layer_0 0.3333333333333333 0.3333333333333333 1.25 3.79 42 31 3.84 1
10 11
8
3.773309207979863
APP_3_Input_Layer_0 0.26666666666666666 0.26666666666666666 1.0 3.64 5 21 1.21 0

APP_3_Inner_Layer_0:0 0.13333333333333333 0.13333333333333333 0.5 1.58 8 17 2.97 1
0
APP_3_Inner_Layer_0:1 0.3333333333333333 0.3333333333333333 1.25 1.69 45 48 2.63 0
0
APP_3_Inner_Layer_1:0 0.6 0.6 2.25 3.35 38 42 1.32 1
1
APP_3_Inner_Layer_1:1 0.13333333333333333 0.13333333333333333 0.5 1.75 26 24 3.59 1
2
APP_3_Inner_Layer_2:0 0.06666666666666667 0.06666666666666667 0.25 1.93 35 27 3.6 1
4
APP_3_Inner_Layer_2:1 0.3333333333333333 0.3333333333333333 1.25 2.68 33 10 3.21 1
3
APP_3_Output_Layer_0 0.26666666666666666 0.26666666666666666 1.0 3.2 6 48 2.06 1
5 6
