10
4
6
0
APP_0_Input_Layer_0 0.4666666666666667 0.4666666666666667 1.75 3.28 39 15 2.32 1

APP_0_Inner_Layer_0:0 0.3333333333333333 0.3333333333333333 1.25 2.98 41 32 1.9 0
0
APP_0_Inner_Layer_1:0 0.3333333333333333 0.3333333333333333 1.25 1.49 3 26 2.66 1
1
APP_0_Inner_Layer_1:1 0.26666666666666666 0.26666666666666666 1.0 1.22 35 26 2.69 1
1
APP_0_Inner_Layer_1:2 0.6 0.6 2.25 2.68 3 28 1.18 1
1
APP_0_Output_Layer_0 0.5333333333333333 0.5333333333333333 2.0 2.24 21 29 2.64 1
2 3 4
9
0.9584459183628347
APP_1_Input_Layer_0 0.3333333333333333 0.3333333333333333 1.25 1.54 13 33 1.97 0

APP_1_Inner_Layer_0:0 0.13333333333333333 0.13333333333333333 0.5 2.25 41 26 1.46 1
0
APP_1_Inner_Layer_1:0 0.06666666666666667 0.06666666666666667 0.25 3.06 3 23 1.33 1
1
APP_1_Inner_Layer_1:1 0.6 0.6 2.25 3.15 11 46 2.24 1
1
APP_1_Inner_Layer_2:0 0.26666666666666666 0.26666666666666666 1.0 1.69 32 5 1.79 1
2 3
APP_1_Inner_Layer_3:0 0.5333333333333333 0.5333333333333333 2.0 2.14 16 37 2.77 0
4
APP_1_Inner_Layer_3:1 0.4 0.4 1.5 2.77 48 20 3.54 0
4
APP_1_Inner_Layer_3:2 0.4 0.4 1.5 2.34 1 19 3.55 1
4
APP_1_Output_Layer_0 0.3333333333333333 0.3333333333333333 1.25 2.52 15 35 2.92 1
5 6 7
11
1.912615373571307
APP_2_Input_Layer_0 0.4666666666666667 0.4666666666666667 1.75 2.42 37 26 1.38 1

APP_2_Inner_Layer_0:0 0.26666666666666666 0.26666666666666666 1.0 1.72 24 45 3.27 0
0
APP_2_Inner_Layer_0:1 0.2 0.2 0.75 1.28 28 17 2.31 1
0
APP_2_Inner_Layer_0:2 0.6 0.6 2.25 2.45 22 34 1.59 1
0
APP_2_Inner_Layer_0:3 0.4 0.4 1.5 3.02 45 37 1.71 1
0
APP_2_Inner_Layer_1:0 0.06666666666666667 0.06666666666666667 0.25 2.74 44 38 3.23 1
1 4
APP_2_Inner_Layer_1:1 0.5333333333333333 0.5333333333333333 2.0 1.05 39 32 2.85 1
3
APP_2_Inner_Layer_1:2 0.4 0.4 1.5 2.76 25 26 1.3 1
2 3
APP_2_Inner_Layer_2:0 0.2 0.2 0.75 3.49 46 13 3.02 1
5 6 7
APP_2_Inner_Layer_3:0 0.6 0.6 2.25 2.0 13 6 1.88 0
8
APP_2_Output_Layer_0 0.26666666666666666 0.26666666666666666 1.0 2.28 38 20 2.5 1
9
6
3.2334154388810328
APP_3_Input_Layer_0 0.5333333333333333 0.5333333333333333 2.0 2.76 1 13 3.36 0

APP_3_Inner_Layer_0:0 0.4 0.4 1.5 2.75 39 23 2.22 0
0
APP_3_Inner_Layer_0:1 0.26666666666666666 0.26666666666666666 1.0 3.93 13 45 3.39 0
0
APP_3_Inner_Layer_0:2 0.4666666666666667 0.4666666666666667 1.75 3.62 44 9 3.98 1
0
APP_3_Inner_Layer_0:3 0.5333333333333333 0.5333333333333333 2.0 1.05 18 29 1.07 1
0
APP_3_Output_Layer_0 0.06666666666666667 0.06666666666666667 0.25 3.2 47 40 3.25 1
1 2 3 4
