10
7
10
0
APP_0_Input_Layer_0 0.2 0.2 0.75 3.25 15 18 1.14 1

APP_0_Inner_Layer_0:0 0.5333333333333333 0.5333333333333333 2.0 2.46 14 3 3.96 1
0
APP_0_Inner_Layer_0:1 0.5333333333333333 0.5333333333333333 2.0 1.94 16 40 2.54 1
0
APP_0_Inner_Layer_1:0 0.6 0.6 2.25 1.17 17 39 3.72 1
1 2
APP_0_Inner_Layer_2:0 0.06666666666666667 0.06666666666666667 0.25 1.17 8 15 2.95 1
3
APP_0_Inner_Layer_2:1 0.13333333333333333 0.13333333333333333 0.5 2.4 20 2 3.25 1
3
APP_0_Inner_Layer_3:0 0.4 0.4 1.5 1.61 14 40 1.68 1
4
APP_0_Inner_Layer_3:1 0.13333333333333333 0.13333333333333333 0.5 3.39 29 5 1.28 1
5
APP_0_Inner_Layer_3:2 0.4666666666666667 0.4666666666666667 1.75 1.62 49 31 3.01 1
4 5
APP_0_Output_Layer_0 0.5333333333333333 0.5333333333333333 2.0 1.34 43 25 1.87 1
6 7 8
8
0.5375709350509328
APP_1_Input_Layer_0 0.2 0.2 0.75 1.78 16 23 3.0 0

APP_1_Inner_Layer_0:0 0.13333333333333333 0.13333333333333333 0.5 3.05 9 1 1.62 1
0
APP_1_Inner_Layer_1:0 0.2 0.2 0.75 1.49 5 39 2.28 0
1
APP_1_Inner_Layer_1:1 0.4666666666666667 0.4666666666666667 1.75 1.59 16 34 2.84 0
1
APP_1_Inner_Layer_2:0 0.4666666666666667 0.4666666666666667 1.75 1.38 15 45 3.92 1
2 3
APP_1_Inner_Layer_2:1 0.5333333333333333 0.5333333333333333 2.0 3.35 23 36 2.66 1
3
APP_1_Inner_Layer_2:2 0.2 0.2 0.75 3.87 10 28 2.08 1
2
APP_1_Output_Layer_0 0.4 0.4 1.5 2.14 7 12 3.07 1
4 5 6
6
1.8299348553194346
APP_2_Input_Layer_0 0.13333333333333333 0.13333333333333333 0.5 2.97 26 43 2.32 1

APP_2_Inner_Layer_0:0 0.5333333333333333 0.5333333333333333 2.0 3.96 41 35 3.88 1
0
APP_2_Inner_Layer_0:1 0.4 0.4 1.5 1.57 24 7 2.36 1
0
APP_2_Inner_Layer_0:2 0.26666666666666666 0.26666666666666666 1.0 2.21 30 10 2.71 0
0
APP_2_Inner_Layer_0:3 0.06666666666666667 0.06666666666666667 0.25 3.94 42 22 1.06 1
0
APP_2_Output_Layer_0 0.2 0.2 0.75 3.55 45 7 1.11 1
1 2 3 4
10
3.2446480915445766
APP_3_Input_Layer_0 0.6 0.6 2.25 3.52 38 41 1.65 1

APP_3_Inner_Layer_0:0 0.26666666666666666 0.26666666666666666 1.0 3.55 30 32 1.43 1
0
APP_3_Inner_Layer_0:1 0.5333333333333333 0.5333333333333333 2.0 3.44 41 33 2.11 1
0
APP_3_Inner_Layer_0:2 0.5333333333333333 0.5333333333333333 2.0 1.25 10 2 2.86 1
0
APP_3_Inner_Layer_0:3 0.3333333333333333 0.3333333333333333 1.25 3.36 44 4 3.12 0
0
APP_3_Inner_Layer_1:0 0.6 0.6 2.25 2.87 14 44 2.67 1
1 2 3 4
APP_3_Inner_Layer_2:0 0.26666666666666666 0.26666666666666666 1.0 2.06 38 1 2.39 1
5
APP_3_Inner_Layer_2:1 0.26666666666666666 0.26666666666666666 1.0 2.96 47 1 2.2 1
5
APP_3_Inner_Layer_2:2 0.2 0.2 0.75 3.69 3 1 3.97 1
5
APP_3_Output_Layer_0 0.26666666666666666 0.26666666666666666 1.0 3.47 27 37 3.07 1
6 7 8
8
4.3751045073287855
APP_4_Input_Layer_0 0.5333333333333333 0.5333333333333333 2.0 1.11 23 13 2.16 0

APP_4_Inner_Layer_0:0 0.26666666666666666 0.26666666666666666 1.0 3.29 17 20 2.37 1
0
APP_4_Inner_Layer_0:1 0.13333333333333333 0.13333333333333333 0.5 3.8 12 47 3.75 1
0
APP_4_Inner_Layer_0:2 0.26666666666666666 0.26666666666666666 1.0 1.28 38 46 1.67 1
0
APP_4_Inner_Layer_0:3 0.26666666666666666 0.26666666666666666 1.0 2.8 48 22 2.38 0
0
APP_4_Inner_Layer_1:0 0.4666666666666667 0.4666666666666667 1.75 2.25 1 1 1.23 1
1 2 4
APP_4_Inner_Layer_1:1 0.06666666666666667 0.06666666666666667 0.25 3.58 16 38 1.96 1
3
APP_4_Output_Layer_0 0.13333333333333333 0.13333333333333333 0.5 1.58 39 8 1.29 0
5 6
6
5.780375134848422
APP_5_Input_Layer_0 0.4666666666666667 0.4666666666666667 1.75 1.11 46 34 2.08 1

APP_5_Inner_Layer_0:0 0.4666666666666667 0.4666666666666667 1.75 1.81 4 31 1.74 0
0
APP_5_Inner_Layer_0:1 0.13333333333333333 0.13333333333333333 0.5 3.3 36 49 3.61 1
0
APP_5_Inner_Layer_0:2 0.5333333333333333 0.5333333333333333 2.0 1.05 30 23 2.67 1
0
APP_5_Inner_Layer_0:3 0.13333333333333333 0.13333333333333333 0.5 1.02 24 18 1.61 1
0
APP_5_Output_Layer_0 0.2 0.2 0.75 2.07 37 43 1.76 1
1 2 3 4
11
6.729172192857542
APP_6_Input_Layer_0 0.4666666666666667 0.4666666666666667 1.75 1.33 2 6 3.4 1

APP_6_Inner_Layer_0:0 0.2 0.2 0.75 2.98 33 8 1.74 1
0
APP_6_Inner_Layer_0:1 0.3333333333333333 0.3333333333333333 1.25 2.34 47 45 2.81 1
0
APP_6_Inner_Layer_0:2 0.2 0.2 0.75 3.27 26 5 3.75 0
0
APP_6_Inner_Layer_1:0 0.06666666666666667 0.06666666666666667 0.25 3.23 25 45 2.04 1
2 1
APP_6_Inner_Layer_1:1 0.4 0.4 1.5 3.86 22 3 2.53 0
1 3
APP_6_Inner_Layer_1:2 0.4 0.4 1.5 2.18 17 25 1.33 1
1 2 3
APP_6_Inner_Layer_1:3 0.5333333333333333 0.5333333333333333 2.0 1.09 18 9 1.14 0
3
APP_6_Inner_Layer_2:0 0.6 0.6 2.25 1.28 16 45 1.78 1
4 5 6 7
APP_6_Inner_Layer_3:0 0.06666666666666667 0.06666666666666667 0.25 1.86 31 15 1.43 1
8
APP_6_Output_Layer_0 0.4 0.4 1.5 1.39 16 14 3.33 1
9
