10
7
6
0
APP_0_Input_Layer_0 0.3333333333333333 0.3333333333333333 1.25 2.2 2 12 1.98 1

APP_0_Inner_Layer_0:0 0.3333333333333333 0.3333333333333333 1.25 3.28 16 41 3.59 0
0
APP_0_Inner_Layer_0:1 0.3333333333333333 0.3333333333333333 1.25 1.81 39 31 2.49 1
0
APP_0_Inner_Layer_0:2 0.2 0.2 0.75 1.89 23 49 3.21 1
0
APP_0_Inner_Layer_1:0 0.26666666666666666 0.26666666666666666 1.0 3.63 12 37 2.26 1
1 2 3
APP_0_Output_Layer_0 0.26666666666666666 0.26666666666666666 1.0 2.9 34 20 2.78 1
4
4
0.9241729640549651
APP_1_Input_Layer_0 0.3333333333333333 0.3333333333333333 1.25 3.64 5 45 1.96 1

APP_1_Inner_Layer_0:0 0.26666666666666666 0.26666666666666666 1.0 1.39 28 28 3.34 1
0
APP_1_Inner_Layer_0:1 0.5333333333333333 0.5333333333333333 2.0 1.77 4 46 1.53 1
0
APP_1_Output_Layer_0 0.3333333333333333 0.3333333333333333 1.25 2.53 40 36 2.69 1
1 2
6
1.843609835170319
APP_2_Input_Layer_0 0.3333333333333333 0.3333333333333333 1.25 1.75 27 35 1.99 1

APP_2_Inner_Layer_0:0 0.5333333333333333 0.5333333333333333 2.0 2.1 15 43 1.84 0
0
APP_2_Inner_Layer_0:1 0.06666666666666667 0.06666666666666667 0.25 1.19 46 34 1.53 0
0
APP_2_Inner_Layer_0:2 0.2 0.2 0.75 1.26 5 23 1.68 1
0
APP_2_Inner_Layer_0:3 0.3333333333333333 0.3333333333333333 1.25 3.54 5 31 3.06 1
0
APP_2_Output_Layer_0 0.26666666666666666 0.26666666666666666 1.0 2.66 46 40 3.79 1
1 2 3 4
6
2.4381592401512715
APP_3_Input_Layer_0 0.4 0.4 1.5 2.96 8 33 2.8 1

APP_3_Inner_Layer_0:0 0.6 0.6 2.25 2.17 2 30 1.1 1
0
APP_3_Inner_Layer_0:1 0.13333333333333333 0.13333333333333333 0.5 1.98 46 29 1.82 1
0
APP_3_Inner_Layer_0:2 0.2 0.2 0.75 3.51 2 46 2.1 1
0
APP_3_Inner_Layer_1:0 0.13333333333333333 0.13333333333333333 0.5 2.37 33 31 1.51 0
1 2 3
APP_3_Output_Layer_0 0.2 0.2 0.75 2.0 4 48 3.7 1
4
4
3.452851631374312
APP_4_Input_Layer_0 0.4 0.4 1.5 2.69 11 39 1.69 1

APP_4_Inner_Layer_0:0 0.26666666666666666 0.26666666666666666 1.0 3.74 10 7 1.51 1
0
APP_4_Inner_Layer_1:0 0.4 0.4 1.5 1.33 11 19 3.7 1
1
APP_4_Output_Layer_0 0.2 0.2 0.75 1.31 1 35 1.97 1
2
5
4.063013771591775
APP_5_Input_Layer_0 0.06666666666666667 0.06666666666666667 0.25 1.44 14 30 3.57 1

APP_5_Inner_Layer_0:0 0.4 0.4 1.5 1.23 4 13 2.04 0
0
APP_5_Inner_Layer_0:1 0.6 0.6 2.25 3.5 2 4 3.46 1
0
APP_5_Inner_Layer_0:2 0.2 0.2 0.75 1.04 33 5 2.27 0
0
APP_5_Output_Layer_0 0.06666666666666667 0.06666666666666667 0.25 1.74 31 43 2.73 1
1 2 3
8
4.645734747186267
APP_6_Input_Layer_0 0.5333333333333333 0.5333333333333333 2.0 1.96 3 15 1.56 1

APP_6_Inner_Layer_0:0 0.4666666666666667 0.4666666666666667 1.75 2.57 22 10 1.7 1
0
APP_6_Inner_Layer_1:0 0.26666666666666666 0.26666666666666666 1.0 1.03 42 35 3.66 1
1
APP_6_Inner_Layer_2:0 0.13333333333333333 0.13333333333333333 0.5 2.08 38 26 1.42 0
2
APP_6_Inner_Layer_2:1 0.26666666666666666 0.26666666666666666 1.0 1.92 29 45 3.42 1
2
APP_6_Inner_Layer_2:2 0.4666666666666667 0.4666666666666667 1.75 2.93 9 2 3.8 1
2
APP_6_Inner_Layer_3:0 0.6 0.6 2.25 1.81 16 3 2.11 0
3 4 5
APP_6_Output_Layer_0 0.5333333333333333 0.5333333333333333 2.0 3.46 32 31 2.03 1
6
