10
7
15
0
APP_0_Input_Layer_0 0.26666666666666666 0.26666666666666666 1.0 2.92 38 32 3.06 1

APP_0_Inner_Layer_0:0 0.5333333333333333 0.5333333333333333 2.0 2.18 35 22 3.8 1
0
APP_0_Inner_Layer_0:1 0.4 0.4 1.5 2.73 4 42 1.3 0
0
APP_0_Inner_Layer_0:2 0.26666666666666666 0.26666666666666666 1.0 3.12 10 38 2.71 1
0
APP_0_Inner_Layer_0:3 0.26666666666666666 0.26666666666666666 1.0 3.78 45 38 2.6 0
0
APP_0_Inner_Layer_1:0 0.4 0.4 1.5 1.41 20 35 3.87 1
1 2 4
APP_0_Inner_Layer_1:1 0.13333333333333333 0.13333333333333333 0.5 3.62 47 38 1.67 1
3
APP_0_Inner_Layer_1:2 0.4 0.4 1.5 2.2 3 40 3.58 0
1 3
APP_0_Inner_Layer_2:0 0.4666666666666667 0.4666666666666667 1.75 1.05 15 13 3.53 0
5 6
APP_0_Inner_Layer_2:1 0.06666666666666667 0.06666666666666667 0.25 2.26 11 38 3.87 1
5 7
APP_0_Inner_Layer_2:2 0.13333333333333333 0.13333333333333333 0.5 2.33 17 31 2.52 0
5 6 7
APP_0_Inner_Layer_3:0 0.06666666666666667 0.06666666666666667 0.25 1.98 22 5 1.8 1
10 8
APP_0_Inner_Layer_3:1 0.3333333333333333 0.3333333333333333 1.25 1.64 48 32 1.38 1
8 9 10
APP_0_Inner_Layer_3:2 0.4666666666666667 0.4666666666666667 1.75 2.14 34 41 1.73 1
8 9 10
APP_0_Output_Layer_0 0.4666666666666667 0.4666666666666667 1.75 3.95 8 13 2.29 1
11 12 13
9
1.3639268398382267
APP_1_Input_Layer_0 0.3333333333333333 0.3333333333333333 1.25 1.82 36 1 3.94 1

APP_1_Inner_Layer_0:0 0.26666666666666666 0.26666666666666666 1.0 2.32 27 32 1.87 0
0
APP_1_Inner_Layer_0:1 0.4 0.4 1.5 3.29 46 47 3.32 1
0
APP_1_Inner_Layer_1:0 0.6 0.6 2.25 1.13 13 45 3.36 0
1
APP_1_Inner_Layer_1:1 0.2 0.2 0.75 2.06 24 26 2.41 0
2
APP_1_Inner_Layer_1:2 0.3333333333333333 0.3333333333333333 1.25 2.8 45 22 1.68 1
2
APP_1_Inner_Layer_2:0 0.2 0.2 0.75 1.55 6 13 2.23 1
4 5
APP_1_Inner_Layer_2:1 0.06666666666666667 0.06666666666666667 0.25 1.17 42 15 3.79 1
3
APP_1_Output_Layer_0 0.06666666666666667 0.06666666666666667 0.25 1.52 26 7 1.2 1
6 7
11
2.0125888455429237
APP_2_Input_Layer_0 0.3333333333333333 0.3333333333333333 1.25 2.81 37 42 3.27 1

APP_2_Inner_Layer_0:0 0.06666666666666667 0.06666666666666667 0.25 2.02 18 38 1.59 0
0
APP_2_Inner_Layer_0:1 0.13333333333333333 0.13333333333333333 0.5 3.76 22 37 2.68 1
0
APP_2_Inner_Layer_0:2 0.06666666666666667 0.06666666666666667 0.25 1.62 22 38 3.94 1
0
APP_2_Inner_Layer_0:3 0.6 0.6 2.25 1.94 6 40 2.01 1
0
APP_2_Inner_Layer_1:0 0.13333333333333333 0.13333333333333333 0.5 2.5 34 19 2.73 1
1 2 3 4
APP_2_Inner_Layer_2:0 0.06666666666666667 0.06666666666666667 0.25 2.74 31 43 2.96 1
5
APP_2_Inner_Layer_2:1 0.4666666666666667 0.4666666666666667 1.75 3.75 11 2 3.32 1
5
APP_2_Inner_Layer_2:2 0.5333333333333333 0.5333333333333333 2.0 2.65 47 23 2.25 1
5
APP_2_Inner_Layer_2:3 0.06666666666666667 0.06666666666666667 0.25 3.33 47 38 1.54 1
5
APP_2_Output_Layer_0 0.4 0.4 1.5 1.42 9 9 1.81 1
6 7 8 9
14
3.2353718096093482
APP_3_Input_Layer_0 0.26666666666666666 0.26666666666666666 1.0 2.05 21 33 2.35 1

APP_3_Inner_Layer_0:0 0.26666666666666666 0.26666666666666666 1.0 3.14 37 4 1.61 1
0
APP_3_Inner_Layer_0:1 0.5333333333333333 0.5333333333333333 2.0 2.59 44 47 2.09 1
0
APP_3_Inner_Layer_0:2 0.6 0.6 2.25 1.45 41 19 2.28 0
0
APP_3_Inner_Layer_1:0 0.3333333333333333 0.3333333333333333 1.25 1.01 17 38 2.26 1
2 3
APP_3_Inner_Layer_1:1 0.6 0.6 2.25 3.26 20 5 1.57 1
1 2
APP_3_Inner_Layer_1:2 0.26666666666666666 0.26666666666666666 1.0 3.14 36 46 1.14 1
1 3
APP_3_Inner_Layer_2:0 0.06666666666666667 0.06666666666666667 0.25 3.58 5 39 1.59 1
5 6
APP_3_Inner_Layer_2:1 0.5333333333333333 0.5333333333333333 2.0 2.9 41 28 2.67 0
4 5 6
APP_3_Inner_Layer_3:0 0.13333333333333333 0.13333333333333333 0.5 2.32 29 22 1.54 0
7 8
APP_3_Inner_Layer_3:1 0.3333333333333333 0.3333333333333333 1.25 3.34 13 31 2.22 1
7
APP_3_Inner_Layer_3:2 0.2 0.2 0.75 2.38 7 26 3.58 1
7 8
APP_3_Inner_Layer_3:3 0.6 0.6 2.25 2.9 44 35 2.35 1
8
APP_3_Output_Layer_0 0.3333333333333333 0.3333333333333333 1.25 3.23 10 36 1.59 1
9 10 11 12
4
3.851179646638208
APP_4_Input_Layer_0 0.13333333333333333 0.13333333333333333 0.5 2.95 19 1 2.31 1

APP_4_Inner_Layer_0:0 0.5333333333333333 0.5333333333333333 2.0 1.12 49 9 1.2 1
0
APP_4_Inner_Layer_0:1 0.06666666666666667 0.06666666666666667 0.25 3.81 38 4 2.38 1
0
APP_4_Output_Layer_0 0.3333333333333333 0.3333333333333333 1.25 3.18 48 44 2.19 1
1 2
8
4.625106401514344
APP_5_Input_Layer_0 0.26666666666666666 0.26666666666666666 1.0 1.89 48 40 2.24 1

APP_5_Inner_Layer_0:0 0.4 0.4 1.5 3.3 26 35 2.27 1
0
APP_5_Inner_Layer_0:1 0.4666666666666667 0.4666666666666667 1.75 1.85 45 25 3.13 1
0
APP_5_Inner_Layer_0:2 0.4 0.4 1.5 1.32 33 49 2.42 0
0
APP_5_Inner_Layer_1:0 0.4666666666666667 0.4666666666666667 1.75 2.55 5 30 3.87 1
1 2 3
APP_5_Inner_Layer_2:0 0.4666666666666667 0.4666666666666667 1.75 2.32 17 43 1.98 1
4
APP_5_Inner_Layer_3:0 0.2 0.2 0.75 2.47 17 20 1.95 1
5
APP_5_Output_Layer_0 0.5333333333333333 0.5333333333333333 2.0 1.44 44 18 1.74 0
6
12
6.008780140681006
APP_6_Input_Layer_0 0.4666666666666667 0.4666666666666667 1.75 1.68 18 17 3.13 1

APP_6_Inner_Layer_0:0 0.5333333333333333 0.5333333333333333 2.0 1.34 45 12 2.71 0
0
APP_6_Inner_Layer_0:1 0.6 0.6 2.25 1.8 12 21 1.93 1
0
APP_6_Inner_Layer_0:2 0.2 0.2 0.75 1.59 15 48 2.27 0
0
APP_6_Inner_Layer_1:0 0.26666666666666666 0.26666666666666666 1.0 2.46 36 1 2.79 1
2
APP_6_Inner_Layer_1:1 0.4666666666666667 0.4666666666666667 1.75 1.7 43 30 1.63 1
1
APP_6_Inner_Layer_1:2 0.06666666666666667 0.06666666666666667 0.25 3.87 22 37 1.17 1
3
APP_6_Inner_Layer_2:0 0.06666666666666667 0.06666666666666667 0.25 2.68 27 36 2.59 1
4 5 6
APP_6_Inner_Layer_3:0 0.6 0.6 2.25 2.62 44 37 2.99 1
7
APP_6_Inner_Layer_3:1 0.4 0.4 1.5 3.63 43 32 3.11 1
7
APP_6_Inner_Layer_3:2 0.3333333333333333 0.3333333333333333 1.25 3.38 40 36 1.1 1
7
APP_6_Output_Layer_0 0.3333333333333333 0.3333333333333333 1.25 1.49 47 9 1.15 1
8 9 10
