10
7
12
0
APP_0_Input_Layer_0 0.26666666666666666 0.26666666666666666 1.0 2.53 16 18 2.25 1

APP_0_Inner_Layer_0:0 0.26666666666666666 0.26666666666666666 1.0 1.76 15 34 3.71 1
0
APP_0_Inner_Layer_0:1 0.6 0.6 2.25 2.69 34 34 2.74 1
0
APP_0_Inner_Layer_0:2 0.5333333333333333 0.5333333333333333 2.0 2.71 5 44 1.9 1
0
APP_0_Inner_Layer_0:3 0.26666666666666666 0.26666666666666666 1.0 1.13 8 35 1.54 1
0
APP_0_Inner_Layer_1:0 0.26666666666666666 0.26666666666666666 1.0 1.59 25 31 2.01 1
1 2
APP_0_Inner_Layer_1:1 0.2 0.2 0.75 1.94 4 46 2.49 1
3 2 1
APP_0_Inner_Layer_1:2 0.3333333333333333 0.3333333333333333 1.25 2.43 40 13 1.65 1
1 4
APP_0_Inner_Layer_1:3 0.4666666666666667 0.4666666666666667 1.75 3.79 21 24 3.51 1
1 3
APP_0_Inner_Layer_2:0 0.4666666666666667 0.4666666666666667 1.75 3.38 24 23 1.96 1
6
APP_0_Inner_Layer_2:1 0.2 0.2 0.75 2.64 10 5 3.68 0
5 7 8
APP_0_Output_Layer_0 0.2 0.2 0.75 2.83 45 41 3.24 1
9 10
8
1.3031147437293122
APP_1_Input_Layer_0 0.3333333333333333 0.3333333333333333 1.25 3.33 11 5 2.58 1

APP_1_Inner_Layer_0:0 0.5333333333333333 0.5333333333333333 2.0 1.15 47 31 2.78 0
0
APP_1_Inner_Layer_1:0 0.13333333333333333 0.13333333333333333 0.5 3.46 2 47 2.24 1
1
APP_1_Inner_Layer_1:1 0.5333333333333333 0.5333333333333333 2.0 3.23 23 46 3.47 1
1
APP_1_Inner_Layer_2:0 0.2 0.2 0.75 2.97 15 26 2.7 1
2 3
APP_1_Inner_Layer_2:1 0.6 0.6 2.25 1.17 2 36 1.25 1
2
APP_1_Inner_Layer_3:0 0.06666666666666667 0.06666666666666667 0.25 1.97 3 3 3.64 1
4 5
APP_1_Output_Layer_0 0.4 0.4 1.5 1.64 45 26 3.85 1
6
6
2.701283782664341
APP_2_Input_Layer_0 0.3333333333333333 0.3333333333333333 1.25 3.54 30 31 1.57 1

APP_2_Inner_Layer_0:0 0.26666666666666666 0.26666666666666666 1.0 1.3 37 42 1.62 1
0
APP_2_Inner_Layer_0:1 0.5333333333333333 0.5333333333333333 2.0 2.17 18 21 2.64 0
0
APP_2_Inner_Layer_0:2 0.2 0.2 0.75 3.47 44 25 2.22 0
0
APP_2_Inner_Layer_0:3 0.6 0.6 2.25 2.5 49 30 3.73 0
0
APP_2_Output_Layer_0 0.4 0.4 1.5 3.03 29 41 3.09 1
1 2 3 4
4
3.8318559290531486
APP_3_Input_Layer_0 0.4666666666666667 0.4666666666666667 1.75 2.03 31 41 2.62 1

APP_3_Inner_Layer_0:0 0.3333333333333333 0.3333333333333333 1.25 3.8 46 14 3.14 0
0
APP_3_Inner_Layer_0:1 0.5333333333333333 0.5333333333333333 2.0 1.12 30 26 2.93 0
0
APP_3_Output_Layer_0 0.06666666666666667 0.06666666666666667 0.25 1.79 16 40 2.53 1
1 2
11
4.722593589918549
APP_4_Input_Layer_0 0.2 0.2 0.75 2.76 12 36 3.23 1

APP_4_Inner_Layer_0:0 0.4 0.4 1.5 1.76 44 25 1.2 1
0
APP_4_Inner_Layer_0:1 0.4 0.4 1.5 1.82 26 17 3.6 1
0
APP_4_Inner_Layer_1:0 0.26666666666666666 0.26666666666666666 1.0 3.5 29 8 3.82 1
1 2
APP_4_Inner_Layer_2:0 0.4666666666666667 0.4666666666666667 1.75 3.0 28 41 1.23 1
3
APP_4_Inner_Layer_2:1 0.4666666666666667 0.4666666666666667 1.75 2.25 10 1 1.93 1
3
APP_4_Inner_Layer_2:2 0.3333333333333333 0.3333333333333333 1.25 3.1 31 40 3.8 0
3
APP_4_Inner_Layer_3:0 0.3333333333333333 0.3333333333333333 1.25 2.49 5 39 3.7 0
5
APP_4_Inner_Layer_3:1 0.4 0.4 1.5 2.53 39 49 3.92 0
6
APP_4_Inner_Layer_3:2 0.5333333333333333 0.5333333333333333 2.0 1.24 13 26 3.79 1
4
APP_4_Output_Layer_0 0.6 0.6 2.25 2.25 27 37 3.49 1
7 8 9
4
5.784816881933793
APP_5_Input_Layer_0 0.6 0.6 2.25 3.96 9 23 2.57 1

APP_5_Inner_Layer_0:0 0.13333333333333333 0.13333333333333333 0.5 2.23 41 32 2.03 1
0
APP_5_Inner_Layer_0:1 0.6 0.6 2.25 2.04 35 25 2.41 1
0
APP_5_Output_Layer_0 0.4 0.4 1.5 3.16 19 49 1.34 1
1 2
6
6.886753494941094
APP_6_Input_Layer_0 0.4666666666666667 0.4666666666666667 1.75 1.54 11 20 3.46 1

APP_6_Inner_Layer_0:0 0.4666666666666667 0.4666666666666667 1.75 2.15 29 20 3.46 0
0
APP_6_Inner_Layer_1:0 0.5333333333333333 0.5333333333333333 2.0 2.69 41 3 1.0 1
1
APP_6_Inner_Layer_1:1 0.4666666666666667 0.4666666666666667 1.75 1.67 2 1 1.38 1
1
APP_6_Inner_Layer_1:2 0.4666666666666667 0.4666666666666667 1.75 2.78 25 47 3.17 1
1
APP_6_Output_Layer_0 0.06666666666666667 0.06666666666666667 0.25 1.03 44 22 3.76 1
2 3 4
