10
7
12
0
APP_0_Input_Layer_0 0.6 0.6 2.25 1.62 42 15 3.46 1

APP_0_Inner_Layer_0:0 0.2 0.2 0.75 2.11 48 3 2.47 1
0
APP_0_Inner_Layer_0:1 0.13333333333333333 0.13333333333333333 0.5 1.64 21 48 2.94 1
0
APP_0_Inner_Layer_1:0 0.06666666666666667 0.06666666666666667 0.25 2.97 48 47 1.16 1
2
APP_0_Inner_Layer_1:1 0.5333333333333333 0.5333333333333333 2.0 3.68 44 24 3.54 1
1
APP_0_Inner_Layer_1:2 0.26666666666666666 0.26666666666666666 1.0 2.26 18 29 2.27 0
1 2
APP_0_Inner_Layer_2:0 0.5333333333333333 0.5333333333333333 2.0 3.05 31 27 2.77 1
3 4 5
APP_0_Inner_Layer_2:1 0.4 0.4 1.5 3.42 36 12 1.17 1
3 5
APP_0_Inner_Layer_3:0 0.2 0.2 0.75 3.6 7 26 2.97 1
6 7
APP_0_Inner_Layer_3:1 0.5333333333333333 0.5333333333333333 2.0 1.06 9 47 3.7 1
6
APP_0_Inner_Layer_3:2 0.2 0.2 0.75 2.22 36 24 3.06 0
7
APP_0_Output_Layer_0 0.5333333333333333 0.5333333333333333 2.0 2.75 8 3 2.54 0
8 9 10
14
0.6511788749860253
APP_1_Input_Layer_0 0.6 0.6 2.25 2.66 41 30 2.22 1

APP_1_Inner_Layer_0:0 0.06666666666666667 0.06666666666666667 0.25 2.16 21 6 1.96 1
0
APP_1_Inner_Layer_0:1 0.5333333333333333 0.5333333333333333 2.0 3.44 5 13 2.11 1
0
APP_1_Inner_Layer_0:2 0.4666666666666667 0.4666666666666667 1.75 2.72 4 35 2.64 0
0
APP_1_Inner_Layer_1:0 0.13333333333333333 0.13333333333333333 0.5 1.04 48 33 3.54 1
1 2 3
APP_1_Inner_Layer_2:0 0.6 0.6 2.25 3.3 44 39 3.63 1
4
APP_1_Inner_Layer_2:1 0.06666666666666667 0.06666666666666667 0.25 2.47 40 1 1.13 0
4
APP_1_Inner_Layer_2:2 0.4 0.4 1.5 2.15 5 30 1.65 1
4
APP_1_Inner_Layer_2:3 0.2 0.2 0.75 2.31 3 2 1.16 1
4
APP_1_Inner_Layer_3:0 0.26666666666666666 0.26666666666666666 1.0 1.92 13 4 1.85 1
8
APP_1_Inner_Layer_3:1 0.13333333333333333 0.13333333333333333 0.5 2.08 29 47 1.97 0
7
APP_1_Inner_Layer_3:2 0.3333333333333333 0.3333333333333333 1.25 1.87 3 47 2.78 1
5 6
APP_1_Inner_Layer_3:3 0.26666666666666666 0.26666666666666666 1.0 2.1 32 12 1.86 1
6
APP_1_Output_Layer_0 0.4 0.4 1.5 2.4 41 13 1.15 1
9 10 11 12
8
1.2728464344848516
APP_2_Input_Layer_0 0.4 0.4 1.5 2.76 22 24 1.05 1

APP_2_Inner_Layer_0:0 0.2 0.2 0.75 1.57 43 23 1.24 1
0
APP_2_Inner_Layer_0:1 0.3333333333333333 0.3333333333333333 1.25 1.8 1 20 3.9 1
0
APP_2_Inner_Layer_1:0 0.26666666666666666 0.26666666666666666 1.0 1.82 24 48 3.92 0
1 2
APP_2_Inner_Layer_1:1 0.26666666666666666 0.26666666666666666 1.0 3.0 32 49 3.11 1
1
APP_2_Inner_Layer_2:0 0.13333333333333333 0.13333333333333333 0.5 1.66 31 38 3.94 1
3
APP_2_Inner_Layer_2:1 0.4 0.4 1.5 1.93 32 32 1.64 1
4
APP_2_Output_Layer_0 0.6 0.6 2.25 1.96 20 14 1.01 1
5 6
7
2.2412386310528847
APP_3_Input_Layer_0 0.6 0.6 2.25 1.78 35 41 3.34 1

APP_3_Inner_Layer_0:0 0.2 0.2 0.75 1.34 5 30 1.34 1
0
APP_3_Inner_Layer_0:1 0.4 0.4 1.5 2.88 47 13 3.85 1
0
APP_3_Inner_Layer_0:2 0.3333333333333333 0.3333333333333333 1.25 3.95 34 12 3.16 1
0
APP_3_Inner_Layer_0:3 0.26666666666666666 0.26666666666666666 1.0 2.19 46 30 2.8 1
0
APP_3_Inner_Layer_1:0 0.06666666666666667 0.06666666666666667 0.25 2.0 12 33 2.96 1
1 2 3 4
APP_3_Output_Layer_0 0.2 0.2 0.75 2.48 4 27 1.47 1
5
11
3.345046189927771
APP_4_Input_Layer_0 0.4666666666666667 0.4666666666666667 1.75 1.43 39 43 2.4 1

APP_4_Inner_Layer_0:0 0.06666666666666667 0.06666666666666667 0.25 2.27 32 27 2.44 1
0
APP_4_Inner_Layer_0:1 0.4 0.4 1.5 1.8 46 3 2.59 0
0
APP_4_Inner_Layer_0:2 0.4666666666666667 0.4666666666666667 1.75 3.34 38 5 1.98 0
0
APP_4_Inner_Layer_1:0 0.26666666666666666 0.26666666666666666 1.0 2.75 14 30 1.98 0
3
APP_4_Inner_Layer_1:1 0.3333333333333333 0.3333333333333333 1.25 3.82 4 46 2.08 0
1 2 3
APP_4_Inner_Layer_1:2 0.06666666666666667 0.06666666666666667 0.25 1.2 18 39 3.08 0
2
APP_4_Inner_Layer_1:3 0.6 0.6 2.25 2.57 3 5 3.56 0
2 3
APP_4_Inner_Layer_2:0 0.13333333333333333 0.13333333333333333 0.5 3.56 20 13 1.52 0
4 5
APP_4_Inner_Layer_2:1 0.5333333333333333 0.5333333333333333 2.0 1.86 15 33 1.94 1
6 7
APP_4_Output_Layer_0 0.4 0.4 1.5 2.41 33 46 1.86 1
8 9
9
4.231497835053587
APP_5_Input_Layer_0 0.13333333333333333 0.13333333333333333 0.5 1.86 12 39 3.43 1

APP_5_Inner_Layer_0:0 0.6 0.6 2.25 3.12 39 19 1.53 0
0
APP_5_Inner_Layer_0:1 0.6 0.6 2.25 2.74 26 17 3.46 0
0
APP_5_Inner_Layer_0:2 0.5333333333333333 0.5333333333333333 2.0 1.88 11 34 1.13 1
0
APP_5_Inner_Layer_1:0 0.4666666666666667 0.4666666666666667 1.75 3.05 10 46 3.06 1
1 2 3
APP_5_Inner_Layer_2:0 0.4666666666666667 0.4666666666666667 1.75 1.66 16 40 1.81 1
4
APP_5_Inner_Layer_2:1 0.4666666666666667 0.4666666666666667 1.75 2.13 21 42 1.97 0
4
APP_5_Inner_Layer_2:2 0.4 0.4 1.5 3.73 2 35 1.98 1
4
APP_5_Output_Layer_0 0.5333333333333333 0.5333333333333333 2.0 2.88 36 24 1.94 1
5 6 7
5
5.210769795412782
APP_6_Input_Layer_0 0.13333333333333333 0.13333333333333333 0.5 3.1 27 34 2.92 1

APP_6_Inner_Layer_0:0 0.13333333333333333 0.13333333333333333 0.5 1.37 33 48 1.62 1
0
APP_6_Inner_Layer_0:1 0.06666666666666667 0.06666666666666667 0.25 2.29 49 27 3.76 1
0
APP_6_Inner_Layer_0:2 0.13333333333333333 0.13333333333333333 0.5 3.97 36 37 1.21 1
0
APP_6_Output_Layer_0 0.3333333333333333 0.3333333333333333 1.25 1.14 34 24 1.63 1
1 2 3
