10
7
6
0
APP_0_Input_Layer_0 0.6 0.6 2.25 1.4 28 37 2.1 1

APP_0_Inner_Layer_0:0 0.5333333333333333 0.5333333333333333 2.0 3.09 2 48 3.61 1
0
APP_0_Inner_Layer_0:1 0.13333333333333333 0.13333333333333333 0.5 3.14 15 46 1.6 0
0
APP_0_Inner_Layer_1:0 0.6 0.6 2.25 2.37 40 8 1.02 0
1
APP_0_Inner_Layer_1:1 0.06666666666666667 0.06666666666666667 0.25 2.68 47 29 3.29 0
2
APP_0_Output_Layer_0 0.2 0.2 0.75 1.48 42 2 1.23 1
3 4
6
1.039967669392604
APP_1_Input_Layer_0 0.4 0.4 1.5 3.72 17 27 1.07 1

APP_1_Inner_Layer_0:0 0.2 0.2 0.75 3.92 9 24 1.28 1
0
APP_1_Inner_Layer_0:1 0.2 0.2 0.75 1.42 20 17 3.18 1
0
APP_1_Inner_Layer_0:2 0.5333333333333333 0.5333333333333333 2.0 2.68 16 31 2.63 0
0
APP_1_Inner_Layer_0:3 0.5333333333333333 0.5333333333333333 2.0 1.68 4 9 2.45 1
0
APP_1_Output_Layer_0 0.3333333333333333 0.3333333333333333 1.25 2.25 41 39 1.03 1
1 2 3 4
8
1.8474845678200091
APP_2_Input_Layer_0 0.4 0.4 1.5 1.17 21 36 3.78 1

APP_2_Inner_Layer_0:0 0.3333333333333333 0.3333333333333333 1.25 2.43 32 17 2.3 1
0
APP_2_Inner_Layer_0:1 0.13333333333333333 0.13333333333333333 0.5 2.3 23 7 1.44 1
0
APP_2_Inner_Layer_0:2 0.06666666666666667 0.06666666666666667 0.25 3.44 12 4 3.17 1
0
APP_2_Inner_Layer_1:0 0.6 0.6 2.25 1.82 12 43 3.2 0
3
APP_2_Inner_Layer_1:1 0.6 0.6 2.25 3.57 4 46 3.23 0
1 2
APP_2_Inner_Layer_1:2 0.5333333333333333 0.5333333333333333 2.0 2.79 30 23 3.32 0
1
APP_2_Output_Layer_0 0.5333333333333333 0.5333333333333333 2.0 2.33 23 7 2.45 1
4 5 6
11
2.51421161226424
APP_3_Input_Layer_0 0.06666666666666667 0.06666666666666667 0.25 2.05 28 47 2.75 1

APP_3_Inner_Layer_0:0 0.13333333333333333 0.13333333333333333 0.5 3.14 20 6 2.23 0
0
APP_3_Inner_Layer_0:1 0.4 0.4 1.5 1.47 42 7 1.69 1
0
APP_3_Inner_Layer_0:2 0.06666666666666667 0.06666666666666667 0.25 2.55 30 39 2.48 0
0
APP_3_Inner_Layer_0:3 0.06666666666666667 0.06666666666666667 0.25 1.09 43 30 2.68 1
0
APP_3_Inner_Layer_1:0 0.13333333333333333 0.13333333333333333 0.5 3.45 48 11 3.58 1
2 3
APP_3_Inner_Layer_1:1 0.3333333333333333 0.3333333333333333 1.25 2.0 46 42 2.82 1
1 4
APP_3_Inner_Layer_2:0 0.4 0.4 1.5 2.68 27 16 1.53 1
5 6
APP_3_Inner_Layer_2:1 0.26666666666666666 0.26666666666666666 1.0 1.15 47 29 2.75 0
6
APP_3_Inner_Layer_3:0 0.4 0.4 1.5 3.37 33 12 3.26 0
7 8
APP_3_Output_Layer_0 0.3333333333333333 0.3333333333333333 1.25 3.27 17 38 3.63 1
9
8
3.5366470211428984
APP_4_Input_Layer_0 0.2 0.2 0.75 3.37 44 12 2.25 1

APP_4_Inner_Layer_0:0 0.26666666666666666 0.26666666666666666 1.0 3.92 30 29 2.13 1
0
APP_4_Inner_Layer_1:0 0.3333333333333333 0.3333333333333333 1.25 2.62 43 18 2.58 1
1
APP_4_Inner_Layer_2:0 0.2 0.2 0.75 1.51 23 2 3.29 1
2
APP_4_Inner_Layer_2:1 0.13333333333333333 0.13333333333333333 0.5 1.9 30 3 3.57 1
2
APP_4_Inner_Layer_2:2 0.4666666666666667 0.4666666666666667 1.75 3.41 24 33 1.48 1
2
APP_4_Inner_Layer_3:0 0.2 0.2 0.75 3.29 48 17 1.06 0
3 4 5
APP_4_Output_Layer_0 0.3333333333333333 0.3333333333333333 1.25 2.23 30 16 2.3 1
6
8
4.072568631838349
APP_5_Input_Layer_0 0.06666666666666667 0.06666666666666667 0.25 2.52 18 36 3.37 1

APP_5_Inner_Layer_0:0 0.13333333333333333 0.13333333333333333 0.5 2.65 17 48 2.87 0
0
APP_5_Inner_Layer_0:1 0.3333333333333333 0.3333333333333333 1.25 2.88 34 46 2.95 0
0
APP_5_Inner_Layer_1:0 0.2 0.2 0.75 2.0 8 20 3.49 1
2
APP_5_Inner_Layer_1:1 0.3333333333333333 0.3333333333333333 1.25 2.2 3 5 3.87 1
1
APP_5_Inner_Layer_1:2 0.6 0.6 2.25 3.91 40 12 1.48 1
1
APP_5_Inner_Layer_1:3 0.2 0.2 0.75 1.79 14 36 1.72 1
2
APP_5_Output_Layer_0 0.4666666666666667 0.4666666666666667 1.75 3.7 12 25 1.61 1
3 4 5 6
5
4.9521252917804
APP_6_Input_Layer_0 0.3333333333333333 0.3333333333333333 1.25 1.71 39 33 2.87 1

APP_6_Inner_Layer_0:0 0.26666666666666666 0.26666666666666666 1.0 1.42 25 1 3.97 1
0
APP_6_Inner_Layer_0:1 0.5333333333333333 0.5333333333333333 2.0 3.2 18 48 2.83 1
0
APP_6_Inner_Layer_1:0 0.4666666666666667 0.4666666666666667 1.75 1.92 28 17 1.9 1
1 2
APP_6_Output_Layer_0 0.13333333333333333 0.13333333333333333 0.5 1.7 23 34 2.56 1
3
