10
7
6
0
APP_0_Input_Layer_0 0.06666666666666667 0.06666666666666667 0.25 2.13 20 4 2.23 1

APP_0_Inner_Layer_0:0 0.4666666666666667 0.4666666666666667 1.75 3.43 27 46 3.28 1
0
APP_0_Inner_Layer_0:1 0.4666666666666667 0.4666666666666667 1.75 2.14 27 1 1.86 1
0
APP_0_Inner_Layer_0:2 0.13333333333333333 0.13333333333333333 0.5 3.73 43 46 3.82 1
0
APP_0_Inner_Layer_0:3 0.5333333333333333 0.5333333333333333 2.0 2.54 13 24 2.97 1
0
APP_0_Output_Layer_0 0.13333333333333333 0.13333333333333333 0.5 2.76 43 10 2.15 1
1 2 3 4
12
0.6559129337549808
APP_1_Input_Layer_0 0.4 0.4 1.5 1.31 5 17 3.29 1

APP_1_Inner_Layer_0:0 0.6 0.6 2.25 1.16 8 6 2.35 1
0
APP_1_Inner_Layer_0:1 0.4666666666666667 0.4666666666666667 1.75 1.46 10 23 2.78 0
0
APP_1_Inner_Layer_0:2 0.3333333333333333 0.3333333333333333 1.25 2.74 29 28 1.36 1
0
APP_1_Inner_Layer_0:3 0.4 0.4 1.5 2.57 27 17 2.92 0
0
APP_1_Inner_Layer_1:0 0.06666666666666667 0.06666666666666667 0.25 3.52 28 9 1.77 1
1 3
APP_1_Inner_Layer_1:1 0.4666666666666667 0.4666666666666667 1.75 2.76 35 40 3.72 1
1 2 4
APP_1_Inner_Layer_1:2 0.13333333333333333 0.13333333333333333 0.5 3.9 46 25 1.17 1
3 4
APP_1_Inner_Layer_1:3 0.2 0.2 0.75 2.83 32 15 1.52 0
1 4
APP_1_Inner_Layer_2:0 0.2 0.2 0.75 1.83 14 31 1.73 1
6 7
APP_1_Inner_Layer_2:1 0.5333333333333333 0.5333333333333333 2.0 1.55 44 24 2.84 1
5 8
APP_1_Output_Layer_0 0.06666666666666667 0.06666666666666667 0.25 3.6 6 48 1.72 1
9 10
9
1.8899418845470524
APP_2_Input_Layer_0 0.2 0.2 0.75 3.02 27 43 2.72 1

APP_2_Inner_Layer_0:0 0.6 0.6 2.25 1.24 6 2 3.21 0
0
APP_2_Inner_Layer_0:1 0.2 0.2 0.75 1.37 17 8 2.51 1
0
APP_2_Inner_Layer_0:2 0.4 0.4 1.5 3.19 7 27 3.29 1
0
APP_2_Inner_Layer_0:3 0.2 0.2 0.75 3.79 26 7 1.49 1
0
APP_2_Inner_Layer_1:0 0.4666666666666667 0.4666666666666667 1.75 2.86 13 13 2.07 1
1 2
APP_2_Inner_Layer_1:1 0.6 0.6 2.25 3.56 44 32 1.94 1
1 3
APP_2_Inner_Layer_1:2 0.5333333333333333 0.5333333333333333 2.0 1.68 34 1 3.53 1
3 4
APP_2_Output_Layer_0 0.13333333333333333 0.13333333333333333 0.5 2.5 39 44 2.76 1
5 6 7
13
2.5418934892191305
APP_3_Input_Layer_0 0.5333333333333333 0.5333333333333333 2.0 3.27 4 39 1.62 0

APP_3_Inner_Layer_0:0 0.5333333333333333 0.5333333333333333 2.0 2.01 37 42 1.15 1
0
APP_3_Inner_Layer_0:1 0.5333333333333333 0.5333333333333333 2.0 1.32 1 8 1.27 0
0
APP_3_Inner_Layer_0:2 0.6 0.6 2.25 1.07 24 48 1.31 1
0
APP_3_Inner_Layer_0:3 0.2 0.2 0.75 1.7 20 6 2.1 1
0
APP_3_Inner_Layer_1:0 0.06666666666666667 0.06666666666666667 0.25 2.85 33 47 1.59 0
1 2 3 4
APP_3_Inner_Layer_2:0 0.3333333333333333 0.3333333333333333 1.25 1.95 24 21 1.72 1
5
APP_3_Inner_Layer_2:1 0.13333333333333333 0.13333333333333333 0.5 3.69 36 31 3.89 1
5
APP_3_Inner_Layer_2:2 0.6 0.6 2.25 3.63 34 4 1.42 0
5
APP_3_Inner_Layer_3:0 0.5333333333333333 0.5333333333333333 2.0 1.06 19 28 3.17 1
7
APP_3_Inner_Layer_3:1 0.06666666666666667 0.06666666666666667 0.25 1.67 34 34 3.41 0
6 8
APP_3_Inner_Layer_3:2 0.2 0.2 0.75 3.45 16 1 1.48 0
6 7 8
APP_3_Output_Layer_0 0.5333333333333333 0.5333333333333333 2.0 3.61 13 27 1.55 1
9 10 11
11
3.314039012232403
APP_4_Input_Layer_0 0.13333333333333333 0.13333333333333333 0.5 2.02 1 37 2.93 1

APP_4_Inner_Layer_0:0 0.4666666666666667 0.4666666666666667 1.75 3.68 4 18 1.91 0
0
APP_4_Inner_Layer_0:1 0.4 0.4 1.5 3.1 48 42 1.16 1
0
APP_4_Inner_Layer_1:0 0.5333333333333333 0.5333333333333333 2.0 1.15 9 24 2.59 0
1 2
APP_4_Inner_Layer_1:1 0.2 0.2 0.75 3.32 2 37 2.64 1
2
APP_4_Inner_Layer_1:2 0.6 0.6 2.25 2.4 21 27 3.16 0
2
APP_4_Inner_Layer_1:3 0.5333333333333333 0.5333333333333333 2.0 3.29 39 14 3.29 1
2
APP_4_Inner_Layer_2:0 0.13333333333333333 0.13333333333333333 0.5 2.98 39 42 3.46 1
3 4 5
APP_4_Inner_Layer_2:1 0.6 0.6 2.25 3.02 32 20 1.53 1
6 5 4
APP_4_Inner_Layer_2:2 0.5333333333333333 0.5333333333333333 2.0 2.7 12 2 1.3 1
5 6
APP_4_Output_Layer_0 0.3333333333333333 0.3333333333333333 1.25 1.17 15 28 3.49 1
7 8 9
5
4.614791973025998
APP_5_Input_Layer_0 0.6 0.6 2.25 2.14 48 6 3.65 1

APP_5_Inner_Layer_0:0 0.26666666666666666 0.26666666666666666 1.0 1.34 10 28 2.58 0
0
APP_5_Inner_Layer_0:1 0.3333333333333333 0.3333333333333333 1.25 2.1 31 17 2.43 1
0
APP_5_Inner_Layer_0:2 0.6 0.6 2.25 3.83 23 11 1.14 1
0
APP_5_Output_Layer_0 0.06666666666666667 0.06666666666666667 0.25 1.38 8 21 1.49 1
1 2 3
11
5.2384423157558935
APP_6_Input_Layer_0 0.4666666666666667 0.4666666666666667 1.75 3.98 33 20 2.15 1

APP_6_Inner_Layer_0:0 0.4 0.4 1.5 1.57 28 9 1.05 1
0
APP_6_Inner_Layer_0:1 0.6 0.6 2.25 3.46 24 27 3.79 1
0
APP_6_Inner_Layer_0:2 0.06666666666666667 0.06666666666666667 0.25 1.04 36 2 2.19 0
0
APP_6_Inner_Layer_1:0 0.06666666666666667 0.06666666666666667 0.25 3.42 21 33 3.68 1
2 1
APP_6_Inner_Layer_1:1 0.5333333333333333 0.5333333333333333 2.0 3.74 41 10 2.07 1
1 2 3
APP_6_Inner_Layer_2:0 0.2 0.2 0.75 1.45 6 21 1.91 0
4
APP_6_Inner_Layer_2:1 0.4 0.4 1.5 2.41 29 25 2.5 1
4
APP_6_Inner_Layer_2:2 0.2 0.2 0.75 3.05 36 21 1.56 0
5
APP_6_Inner_Layer_2:3 0.2 0.2 0.75 2.77 43 43 2.7 1
4 5
APP_6_Output_Layer_0 0.26666666666666666 0.26666666666666666 1.0 1.4 22 12 2.44 1
6 7 8 9
