10
7
3
0
APP_0_Input_Layer_0 0.06666666666666667 0.06666666666666667 0.25 2.95 28 30 1.43 1

APP_0_Inner_Layer_0:0 0.2 0.2 0.75 2.25 38 3 1.47 1
0
APP_0_Output_Layer_0 0.13333333333333333 0.13333333333333333 0.5 1.55 24 29 3.97 1
1
10
1.1847688287089368
APP_1_Input_Layer_0 0.13333333333333333 0.13333333333333333 0.5 1.76 15 4 1.66 1

APP_1_Inner_Layer_0:0 0.3333333333333333 0.3333333333333333 1.25 2.42 40 24 2.28 1
0
APP_1_Inner_Layer_0:1 0.2 0.2 0.75 1.24 40 41 3.34 1
0
APP_1_Inner_Layer_0:2 0.6 0.6 2.25 2.08 30 46 3.59 0
0
APP_1_Inner_Layer_0:3 0.3333333333333333 0.3333333333333333 1.25 1.81 30 18 1.61 1
0
APP_1_Inner_Layer_1:0 0.13333333333333333 0.13333333333333333 0.5 1.73 27 20 1.25 1
1
APP_1_Inner_Layer_1:1 0.3333333333333333 0.3333333333333333 1.25 2.7 39 40 1.75 0
1 2 3 4
APP_1_Inner_Layer_1:2 0.13333333333333333 0.13333333333333333 0.5 1.77 49 23 1.59 1
2 3 4
APP_1_Inner_Layer_1:3 0.5333333333333333 0.5333333333333333 2.0 3.21 48 35 1.81 0
1 2
APP_1_Output_Layer_0 0.13333333333333333 0.13333333333333333 0.5 2.15 4 13 3.73 1
5 6 7 8
15
2.4967852926215133
APP_2_Input_Layer_0 0.26666666666666666 0.26666666666666666 1.0 2.46 31 15 1.37 1

APP_2_Inner_Layer_0:0 0.26666666666666666 0.26666666666666666 1.0 3.83 5 28 3.86 1
0
APP_2_Inner_Layer_0:1 0.4 0.4 1.5 2.71 2 29 3.76 1
0
APP_2_Inner_Layer_1:0 0.5333333333333333 0.5333333333333333 2.0 3.01 41 35 2.88 1
2
APP_2_Inner_Layer_1:1 0.4 0.4 1.5 1.95 8 29 3.07 1
1 2
APP_2_Inner_Layer_1:2 0.5333333333333333 0.5333333333333333 2.0 1.41 41 16 1.34 0
1
APP_2_Inner_Layer_2:0 0.6 0.6 2.25 2.12 42 40 2.65 1
4
APP_2_Inner_Layer_2:1 0.4 0.4 1.5 1.47 39 12 3.03 1
3 5
APP_2_Inner_Layer_2:2 0.13333333333333333 0.13333333333333333 0.5 1.13 42 5 2.84 1
4 5
APP_2_Inner_Layer_2:3 0.13333333333333333 0.13333333333333333 0.5 3.67 45 45 1.29 1
4
APP_2_Inner_Layer_3:0 0.06666666666666667 0.06666666666666667 0.25 1.1 37 26 2.32 1
6 8 9
APP_2_Inner_Layer_3:1 0.13333333333333333 0.13333333333333333 0.5 2.5 45 23 1.57 1
6 7 9
APP_2_Inner_Layer_3:2 0.06666666666666667 0.06666666666666667 0.25 1.83 46 49 2.47 1
8
APP_2_Inner_Layer_3:3 0.13333333333333333 0.13333333333333333 0.5 2.0 3 11 3.16 1
9
APP_2_Output_Layer_0 0.2 0.2 0.75 2.77 7 11 3.76 1
10 11 12 13
12
3.2710516733807964
APP_3_Input_Layer_0 0.6 0.6 2.25 1.89 16 28 1.57 1

APP_3_Inner_Layer_0:0 0.4666666666666667 0.4666666666666667 1.75 2.95 32 7 2.11 1
0
APP_3_Inner_Layer_0:1 0.4666666666666667 0.4666666666666667 1.75 2.62 25 1 1.07 1
0
APP_3_Inner_Layer_0:2 0.13333333333333333 0.13333333333333333 0.5 1.76 22 22 1.29 1
0
APP_3_Inner_Layer_0:3 0.4 0.4 1.5 2.58 36 1 1.05 1
0
APP_3_Inner_Layer_1:0 0.5333333333333333 0.5333333333333333 2.0 2.16 33 37 3.88 1
1 2 3 4
APP_3_Inner_Layer_1:1 0.5333333333333333 0.5333333333333333 2.0 3.07 45 17 1.68 1
4
APP_3_Inner_Layer_2:0 0.4 0.4 1.5 1.61 36 31 3.02 0
6
APP_3_Inner_Layer_2:1 0.2 0.2 0.75 1.29 10 21 1.74 1
5
APP_3_Inner_Layer_2:2 0.5333333333333333 0.5333333333333333 2.0 1.77 41 18 1.48 1
5 6
APP_3_Inner_Layer_3:0 0.2 0.2 0.75 3.92 48 8 2.39 0
7 8 9
APP_3_Output_Layer_0 0.2 0.2 0.75 1.99 12 8 1.53 1
10
5
4.007346945355375
APP_4_Input_Layer_0 0.13333333333333333 0.13333333333333333 0.5 1.4 19 11 3.98 1

APP_4_Inner_Layer_0:0 0.4 0.4 1.5 3.37 47 43 2.54 1
0
APP_4_Inner_Layer_1:0 0.4666666666666667 0.4666666666666667 1.75 3.48 39 31 2.04 1
1
APP_4_Inner_Layer_1:1 0.4 0.4 1.5 1.64 21 48 2.2 1
1
APP_4_Output_Layer_0 0.2 0.2 0.75 1.52 30 34 3.36 1
2 3
10
4.78879520853646
APP_5_Input_Layer_0 0.06666666666666667 0.06666666666666667 0.25 2.1 15 7 3.69 1

APP_5_Inner_Layer_0:0 0.13333333333333333 0.13333333333333333 0.5 2.31 12 22 1.17 1
0
APP_5_Inner_Layer_1:0 0.06666666666666667 0.06666666666666667 0.25 3.34 36 34 1.56 1
1
APP_5_Inner_Layer_2:0 0.06666666666666667 0.06666666666666667 0.25 2.11 24 11 1.61 0
2
APP_5_Inner_Layer_2:1 0.5333333333333333 0.5333333333333333 2.0 1.78 29 27 2.45 1
2
APP_5_Inner_Layer_2:2 0.4666666666666667 0.4666666666666667 1.75 3.07 12 1 1.32 1
2
APP_5_Inner_Layer_3:0 0.13333333333333333 0.13333333333333333 0.5 2.76 30 22 3.56 0
4
APP_5_Inner_Layer_3:1 0.06666666666666667 0.06666666666666667 0.25 1.09 39 14 1.01 1
3 5
APP_5_Inner_Layer_3:2 0.2 0.2 0.75 1.52 3 14 2.19 1
4 5
APP_5_Output_Layer_0 0.3333333333333333 0.3333333333333333 1.25 1.08 28 42 3.59 1
6 7 8
4
5.422015380697471
APP_6_Input_Layer_0 0.4666666666666667 0.4666666666666667 1.75 3.2 6 34 1.25 1

APP_6_Inner_Layer_0:0 0.4 0.4 1.5 2.25 16 23 4.0 1
0
APP_6_Inner_Layer_0:1 0.2 0.2 0.75 2.17 11 5 3.83 0
0
APP_6_Output_Layer_0 0.2 0.2 0.75 2.95 42 16 3.66 1
1 2
