10
7
7
0
APP_0_Input_Layer_0 0.6 0.6 2.25 2.22 12 33 2.54 1

APP_0_Inner_Layer_0:0 0.3333333333333333 0.3333333333333333 1.25 1.98 15 36 3.86 1
0
APP_0_Inner_Layer_0:1 0.06666666666666667 0.06666666666666667 0.25 2.59 34 38 2.36 1
0
APP_0_Inner_Layer_0:2 0.6 0.6 2.25 1.62 38 48 1.06 0
0
APP_0_Inner_Layer_0:3 0.4 0.4 1.5 3.9 15 10 1.63 1
0
APP_0_Inner_Layer_1:0 0.4666666666666667 0.4666666666666667 1.75 2.84 10 16 2.77 1
1 2 3 4
APP_0_Output_Layer_0 0.6 0.6 2.25 2.91 25 44 2.58 1
5
4
0.8620203721078936
APP_1_Input_Layer_0 0.13333333333333333 0.13333333333333333 0.5 1.24 2 4 1.28 1

APP_1_Inner_Layer_0:0 0.4 0.4 1.5 3.9 28 20 2.78 1
0
APP_1_Inner_Layer_0:1 0.5333333333333333 0.5333333333333333 2.0 2.17 42 38 2.75 1
0
APP_1_Output_Layer_0 0.26666666666666666 0.26666666666666666 1.0 3.7 40 49 1.8 1
1 2
6
1.5683150932884944
APP_2_Input_Layer_0 0.13333333333333333 0.13333333333333333 0.5 2.98 41 4 1.46 0

APP_2_Inner_Layer_0:0 0.06666666666666667 0.06666666666666667 0.25 3.06 4 34 3.18 0
0
APP_2_Inner_Layer_1:0 0.2 0.2 0.75 3.6 20 32 2.17 1
1
APP_2_Inner_Layer_1:1 0.3333333333333333 0.3333333333333333 1.25 2.86 19 41 2.76 0
1
APP_2_Inner_Layer_1:2 0.4666666666666667 0.4666666666666667 1.75 2.12 37 3 3.68 1
1
APP_2_Output_Layer_0 0.4666666666666667 0.4666666666666667 1.75 2.29 4 33 2.32 1
2 3 4
7
2.4907741777449472
APP_3_Input_Layer_0 0.5333333333333333 0.5333333333333333 2.0 1.9 20 38 2.99 1

APP_3_Inner_Layer_0:0 0.13333333333333333 0.13333333333333333 0.5 3.62 37 43 2.53 0
0
APP_3_Inner_Layer_1:0 0.2 0.2 0.75 1.11 23 1 1.96 1
1
APP_3_Inner_Layer_1:1 0.5333333333333333 0.5333333333333333 2.0 3.94 37 46 1.63 1
1
APP_3_Inner_Layer_1:2 0.4666666666666667 0.4666666666666667 1.75 2.74 43 10 1.17 0
1
APP_3_Inner_Layer_2:0 0.4 0.4 1.5 2.14 33 14 2.56 0
2 3 4
APP_3_Output_Layer_0 0.5333333333333333 0.5333333333333333 2.0 1.87 48 31 3.9 1
5
6
3.0901739493507554
APP_4_Input_Layer_0 0.5333333333333333 0.5333333333333333 2.0 2.78 45 8 3.77 1

APP_4_Inner_Layer_0:0 0.06666666666666667 0.06666666666666667 0.25 1.82 42 45 3.17 0
0
APP_4_Inner_Layer_0:1 0.4666666666666667 0.4666666666666667 1.75 3.02 40 43 2.29 1
0
APP_4_Inner_Layer_0:2 0.4666666666666667 0.4666666666666667 1.75 2.3 11 5 1.58 0
0
APP_4_Inner_Layer_0:3 0.5333333333333333 0.5333333333333333 2.0 2.9 16 43 3.37 1
0
APP_4_Output_Layer_0 0.6 0.6 2.25 1.87 21 5 2.79 0
1 2 3 4
10
4.398790275394969
APP_5_Input_Layer_0 0.4666666666666667 0.4666666666666667 1.75 2.34 8 18 3.24 1

APP_5_Inner_Layer_0:0 0.4 0.4 1.5 2.23 27 11 2.69 1
0
APP_5_Inner_Layer_1:0 0.06666666666666667 0.06666666666666667 0.25 1.54 25 37 1.68 0
1
APP_5_Inner_Layer_1:1 0.06666666666666667 0.06666666666666667 0.25 1.66 36 3 2.65 0
1
APP_5_Inner_Layer_1:2 0.2 0.2 0.75 3.13 22 10 1.84 0
1
APP_5_Inner_Layer_2:0 0.4666666666666667 0.4666666666666667 1.75 1.11 37 17 1.39 1
3 4
APP_5_Inner_Layer_2:1 0.4666666666666667 0.4666666666666667 1.75 1.21 33 20 3.91 1
2 4
APP_5_Inner_Layer_2:2 0.4 0.4 1.5 2.86 28 31 1.66 0
2 4
APP_5_Inner_Layer_2:3 0.13333333333333333 0.13333333333333333 0.5 3.01 44 49 3.73 0
3
APP_5_Output_Layer_0 0.5333333333333333 0.5333333333333333 2.0 1.49 28 39 2.86 1
5 6 7 8
7
5.101018614021423
APP_6_Input_Layer_0 0.6 0.6 2.25 1.6 6 47 3.93 1

APP_6_Inner_Layer_0:0 0.06666666666666667 0.06666666666666667 0.25 1.67 1 17 3.37 1
0
APP_6_Inner_Layer_0:1 0.06666666666666667 0.06666666666666667 0.25 1.19 3 6 3.34 0
0
APP_6_Inner_Layer_1:0 0.06666666666666667 0.06666666666666667 0.25 1.58 41 6 3.83 1
1 2
APP_6_Inner_Layer_2:0 0.6 0.6 2.25 2.7 5 20 1.43 0
3
APP_6_Inner_Layer_2:1 0.6 0.6 2.25 2.8 32 43 3.43 1
3
APP_6_Output_Layer_0 0.26666666666666666 0.26666666666666666 1.0 1.99 47 15 2.16 1
4 5
