4
1
193
0
1_inception_v4_phantom_start 0.001 0.001 0.001 0 0.0 0.0 0.0 0

1_inception_v4_phantom_start/data 0.001 0.001 0.001 0 0.0 1.072812 1.072812 0
0
1_inception_v4_phantom_start/conv1_3x3_s2 1.3156618160558827e-05 1.3156618160558827e-05 0.00014750476845587892 0 1.072812 2.841728 3.9145399999999997 1
1
1_inception_v4_phantom_start/conv2_3x3_s1 4.596445112921074e-05 4.596445112921074e-05 0.0005718105185169872 0 2.841728 2.765952 5.60768 1
2
1_inception_v4_phantom_start/conv3_3x3_s1 8.457733159920788e-05 8.457733159920788e-05 0.0010657808771128892 0 2.765952 5.531904 8.297856 1
3
1_inception_v4_phantom_start/inception_stem1_pool 0.001 0.001 0.001 0 5.531904 3.41056 8.942464 1
4
1_inception_v4_phantom_start/inception_stem1_3x3_s2 6.658226550973568e-05 6.658226550973568e-05 0.0008309494369804126 0 5.531904 2.046336 7.57824 1
4
1_inception_v4_phantom_start/inception_stem1 0.001 0.001 0.001 0 5.456896 0.0 5.456896 1
5 6
1_inception_v4_phantom_start/inception_stem2_3x3_reduce 0.001 0.001 0.001 0 0.0 3.871488 3.871488 1
7
1_inception_v4_phantom_start/inception_stem2_3x3 0.001 0.001 0.001 0 3.871488 0.0 3.871488 1
8
1_inception_v4_phantom_start/inception_stem2_1x7_reduce 1.0538314817391143e-05 1.0538314817391143e-05 0.00012091258232320293 0 0.0 1.364224 1.364224 1
7
1_inception_v4_phantom_start/inception_stem2_1x7 0.001 0.001 0.001 0 1.364224 0.0 1.364224 1
10
1_inception_v4_phantom_start/inception_stem2_7x1 3.1707192725237346e-05 3.1707192725237346e-05 0.0004010361951230018 0 0.0 1.364224 1.364224 1
11
1_inception_v4_phantom_start/inception_stem2_3x3_2 5.300643217791032e-05 5.300643217791032e-05 0.0006803979081869638 0 1.364224 1.935744 3.299968 1
12
1_inception_v4_phantom_start/inception_stem2 0.001 0.001 0.001 0 1.935744 0.0 1.935744 1
9 13
1_inception_v4_phantom_start/inception_stem3_3x3_s2 0.001 0.001 0.001 0 0.0 1.8816 1.8816 1
14
1_inception_v4_phantom_start/inception_stem3_pool 1.278277780279525e-05 1.278277780279525e-05 0.00013625190703480563 0 0.0 0.9408 0.9408 1
14
1_inception_v4_phantom_start/inception_stem3 0.001 0.001 0.001 0 2.8224 0.0 2.8224 1
15 16
1_inception_v4_phantom_start/inception_a1_1x1_2 1.3577669602501736e-05 1.3577669602501736e-05 0.00016306698335329773 0 0.0 0.4704 0.4704 1
17
1_inception_v4_phantom_start/inception_a1_3x3_reduce 1.3363124211101915e-05 1.3363124211101915e-05 0.0001704470376959981 0 0.0 0.4704 0.4704 1
17
1_inception_v4_phantom_start/inception_a1_3x3 0.001 0.001 0.001 0 0.4704 0.0 0.4704 1
19
1_inception_v4_phantom_start/inception_a1_3x3_2_reduce 1.3363124211101915e-05 1.3363124211101915e-05 0.0001704470376959981 0 0.0 0.4704 0.4704 0
17
1_inception_v4_phantom_start/inception_a1_3x3_2 0.001 0.001 0.001 0 0.4704 0.0 0.4704 1
21
1_inception_v4_phantom_start/inception_a1_3x3_3 1.943622223457076e-05 1.943622223457076e-05 0.00024922799567489245 0 0.0 0.4704 0.4704 1
22
1_inception_v4_phantom_start/inception_a1_pool_ave 1.0402133974731125e-05 1.0402133974731125e-05 0.00011194993797815906 0 0.0 1.8816 1.8816 1
17
1_inception_v4_phantom_start/inception_a1_1x1 0.001 0.001 0.001 0 1.8816 0.0 1.8816 1
24
1_inception_v4_phantom_start/inception_a1_concat 0.001 0.001 0.001 0 0.9408 1.8816 2.8224 0
18 20 23 25
1_inception_v4_phantom_start/inception_a2_1x1_2 1.3577669602501736e-05 1.3577669602501736e-05 0.00016306698335329773 0 1.8816 0.4704 2.352 1
26
1_inception_v4_phantom_start/inception_a2_3x3_reduce 1.3363124211101915e-05 1.3363124211101915e-05 0.0001704470376959981 0 1.8816 0.4704 2.352 1
26
1_inception_v4_phantom_start/inception_a2_3x3 0.001 0.001 0.001 0 0.4704 0.0 0.4704 0
28
1_inception_v4_phantom_start/inception_a2_3x3_2_reduce 1.3363124211101915e-05 1.3363124211101915e-05 0.0001704470376959981 0 1.8816 0.4704 2.352 1
26
1_inception_v4_phantom_start/inception_a2_3x3_2 0.001 0.001 0.001 0 0.4704 0.0 0.4704 1
30
1_inception_v4_phantom_start/inception_a2_3x3_3 1.943622223457076e-05 1.943622223457076e-05 0.00024922799567489245 0 0.0 0.4704 0.4704 1
31
1_inception_v4_phantom_start/inception_a2_pool_ave 1.0402133974731125e-05 1.0402133974731125e-05 0.00011194993797815906 0 1.8816 1.8816 3.7632 1
26
1_inception_v4_phantom_start/inception_a2_1x1 0.001 0.001 0.001 0 1.8816 0.0 1.8816 1
33
1_inception_v4_phantom_start/inception_a2_concat 0.001 0.001 0.001 0 0.9408 1.8816 2.8224 1
27 29 32 34
1_inception_v4_phantom_start/inception_a3_1x1_2 1.3577669602501736e-05 1.3577669602501736e-05 0.00016306698335329773 0 1.8816 0.4704 2.352 1
35
1_inception_v4_phantom_start/inception_a3_3x3_reduce 1.3363124211101915e-05 1.3363124211101915e-05 0.0001704470376959981 0 1.8816 0.4704 2.352 1
35
1_inception_v4_phantom_start/inception_a3_3x3 0.001 0.001 0.001 0 0.4704 0.0 0.4704 0
37
1_inception_v4_phantom_start/inception_a3_3x3_2_reduce 1.3363124211101915e-05 1.3363124211101915e-05 0.0001704470376959981 0 1.8816 0.4704 2.352 1
35
1_inception_v4_phantom_start/inception_a3_3x3_2 0.001 0.001 0.001 0 0.4704 0.0 0.4704 1
39
1_inception_v4_phantom_start/inception_a3_3x3_3 1.943622223457076e-05 1.943622223457076e-05 0.00024922799567489245 0 0.0 0.4704 0.4704 1
40
1_inception_v4_phantom_start/inception_a3_pool_ave 1.0402133974731125e-05 1.0402133974731125e-05 0.00011194993797815906 0 1.8816 1.8816 3.7632 1
35
1_inception_v4_phantom_start/inception_a3_1x1 0.001 0.001 0.001 0 1.8816 0.0 1.8816 1
42
1_inception_v4_phantom_start/inception_a3_concat 0.001 0.001 0.001 0 0.9408 1.8816 2.8224 1
36 38 41 43
1_inception_v4_phantom_start/inception_a4_1x1_2 1.3577669602501736e-05 1.3577669602501736e-05 0.00016306698335329773 0 1.8816 0.4704 2.352 1
44
1_inception_v4_phantom_start/inception_a4_3x3_reduce 1.3363124211101915e-05 1.3363124211101915e-05 0.0001704470376959981 0 1.8816 0.4704 2.352 1
44
1_inception_v4_phantom_start/inception_a4_3x3 0.001 0.001 0.001 0 0.4704 0.0 0.4704 1
46
1_inception_v4_phantom_start/inception_a4_3x3_2_reduce 1.3363124211101915e-05 1.3363124211101915e-05 0.0001704470376959981 0 1.8816 0.4704 2.352 1
44
1_inception_v4_phantom_start/inception_a4_3x3_2 0.001 0.001 0.001 0 0.4704 0.0 0.4704 1
48
1_inception_v4_phantom_start/inception_a4_3x3_3 1.943622223457076e-05 1.943622223457076e-05 0.00024922799567489245 0 0.0 0.4704 0.4704 1
49
1_inception_v4_phantom_start/inception_a4_pool_ave 1.0402133974731125e-05 1.0402133974731125e-05 0.00011194993797815906 0 1.8816 1.8816 3.7632 1
44
1_inception_v4_phantom_start/inception_a4_1x1 0.001 0.001 0.001 0 1.8816 0.0 1.8816 1
51
1_inception_v4_phantom_start/inception_a4_concat 0.001 0.001 0.001 0 0.9408 1.8816 2.8224 1
45 47 50 52
1_inception_v4_phantom_start/reduction_a_3x3 8.014791209227235e-05 8.014791209227235e-05 0.001012570103725333 0 1.8816 0.443904 2.325504 1
53
1_inception_v4_phantom_start/reduction_a_3x3_2_reduce 8.423625988061326e-05 8.423625988061326e-05 0.001094599279902691 0 1.8816 1.0976 2.9791999999999996 0
53
1_inception_v4_phantom_start/reduction_a_3x3_2 0.001 0.001 0.001 0 1.0976 0.0 1.0976 1
55
1_inception_v4_phantom_start/reduction_a_3x3_3 3.243412739208712e-05 3.243412739208712e-05 0.00040717662044906455 0 0.0 0.295936 0.295936 1
56
1_inception_v4_phantom_start/reduction_a_pool 6.1733842982270654e-06 6.1733842982270654e-06 6.579218601105643e-05 0 1.8816 0.443904 2.325504 1
53
1_inception_v4_phantom_start/reduction_a_concat 0.001 0.001 0.001 0 1.183744 1.183744 2.367488 1
54 57 58
1_inception_v4_phantom_start/inception_b1_1x1_2 2.6175719716597164e-05 2.6175719716597164e-05 0.00032573102073297453 0 1.183744 0.443904 1.627648 1
59
1_inception_v4_phantom_start/inception_b1_1x7_reduce 3.6465013740554233e-06 3.6465013740554233e-06 4.392305188734377e-05 0 1.183744 0.258944 1.442688 1
59
1_inception_v4_phantom_start/inception_b1_1x7 0.001 0.001 0.001 0 0.258944 0.0 0.258944 1
61
1_inception_v4_phantom_start/inception_b1_7x1 2.4094496792333674e-05 2.4094496792333674e-05 0.0003047065498234606 0 0.0 0.295936 0.295936 1
62
1_inception_v4_phantom_start/inception_b1_7x1_2_reduce 1.5765558511869974e-05 1.5765558511869974e-05 0.0001988076670979884 0 1.183744 0.221952 1.4056959999999998 1
59
1_inception_v4_phantom_start/inception_b1_7x1_2 0.001 0.001 0.001 0 0.221952 0.0 0.221952 1
64
1_inception_v4_phantom_start/inception_b1_1x7_2 3.6465013740554233e-06 3.6465013740554233e-06 4.392305188734377e-05 0 0.0 0.258944 0.258944 1
65
1_inception_v4_phantom_start/inception_b1_7x1_3 2.1195974910479636e-05 2.1195974910479636e-05 0.0002678177745716327 0 0.258944 0.258944 0.517888 1
66
1_inception_v4_phantom_start/inception_b1_1x7_3 4.638705172109795e-06 4.638705172109795e-06 5.619975160703454e-05 0 0.258944 0.295936 0.55488 1
67
1_inception_v4_phantom_start/inception_b1_pool_ave 6.544145237980506e-06 6.544145237980506e-06 7.042945757972891e-05 0 1.183744 1.183744 2.367488 1
59
1_inception_v4_phantom_start/inception_b1_1x1 0.001 0.001 0.001 0 1.183744 0.0 1.183744 1
69
1_inception_v4_phantom_start/inception_b1_concat 0.001 0.001 0.001 0 1.035776 1.183744 2.21952 1
60 63 68 70
1_inception_v4_phantom_start/inception_b2_1x1_2 2.6175719716597164e-05 2.6175719716597164e-05 0.00032573102073297453 0 1.183744 0.443904 1.627648 1
71
1_inception_v4_phantom_start/inception_b2_1x7_reduce 3.6465013740554233e-06 3.6465013740554233e-06 4.392305188734377e-05 0 1.183744 0.258944 1.442688 1
71
1_inception_v4_phantom_start/inception_b2_1x7 0.001 0.001 0.001 0 0.258944 0.0 0.258944 0
73
1_inception_v4_phantom_start/inception_b2_7x1 2.4094496792333674e-05 2.4094496792333674e-05 0.0003047065498234606 0 0.0 0.295936 0.295936 1
74
1_inception_v4_phantom_start/inception_b2_7x1_2_reduce 1.5765558511869974e-05 1.5765558511869974e-05 0.0001988076670979884 0 1.183744 0.221952 1.4056959999999998 1
71
1_inception_v4_phantom_start/inception_b2_7x1_2 0.001 0.001 0.001 0 0.221952 0.0 0.221952 1
76
1_inception_v4_phantom_start/inception_b2_1x7_2 3.6465013740554233e-06 3.6465013740554233e-06 4.392305188734377e-05 0 0.0 0.258944 0.258944 1
77
1_inception_v4_phantom_start/inception_b2_7x1_3 2.1195974910479636e-05 2.1195974910479636e-05 0.0002678177745716327 0 0.258944 0.258944 0.517888 1
78
1_inception_v4_phantom_start/inception_b2_1x7_3 4.638705172109795e-06 4.638705172109795e-06 5.619975160703454e-05 0 0.258944 0.295936 0.55488 1
79
1_inception_v4_phantom_start/inception_b2_pool_ave 6.544145237980506e-06 6.544145237980506e-06 7.042945757972891e-05 0 1.183744 1.183744 2.367488 1
71
1_inception_v4_phantom_start/inception_b2_1x1 0.001 0.001 0.001 0 1.183744 0.0 1.183744 1
81
1_inception_v4_phantom_start/inception_b2_concat 0.001 0.001 0.001 0 1.035776 1.183744 2.21952 1
72 75 80 82
1_inception_v4_phantom_start/inception_b3_1x1_2 2.6175719716597164e-05 2.6175719716597164e-05 0.00032573102073297453 0 1.183744 0.443904 1.627648 1
83
1_inception_v4_phantom_start/inception_b3_1x7_reduce 3.6465013740554233e-06 3.6465013740554233e-06 4.392305188734377e-05 0 1.183744 0.258944 1.442688 1
83
1_inception_v4_phantom_start/inception_b3_1x7 0.001 0.001 0.001 0 0.258944 0.0 0.258944 1
85
1_inception_v4_phantom_start/inception_b3_7x1 2.4094496792333674e-05 2.4094496792333674e-05 0.0003047065498234606 0 0.0 0.295936 0.295936 1
86
1_inception_v4_phantom_start/inception_b3_7x1_2_reduce 1.5765558511869974e-05 1.5765558511869974e-05 0.0001988076670979884 0 1.183744 0.221952 1.4056959999999998 1
83
1_inception_v4_phantom_start/inception_b3_7x1_2 0.001 0.001 0.001 0 0.221952 0.0 0.221952 1
88
1_inception_v4_phantom_start/inception_b3_1x7_2 3.6465013740554233e-06 3.6465013740554233e-06 4.392305188734377e-05 0 0.0 0.258944 0.258944 1
89
1_inception_v4_phantom_start/inception_b3_7x1_3 2.1195974910479636e-05 2.1195974910479636e-05 0.0002678177745716327 0 0.258944 0.258944 0.517888 1
90
1_inception_v4_phantom_start/inception_b3_1x7_3 4.638705172109795e-06 4.638705172109795e-06 5.619975160703454e-05 0 0.258944 0.295936 0.55488 1
91
1_inception_v4_phantom_start/inception_b3_pool_ave 6.544145237980506e-06 6.544145237980506e-06 7.042945757972891e-05 0 1.183744 1.183744 2.367488 1
83
1_inception_v4_phantom_start/inception_b3_1x1 0.001 0.001 0.001 0 1.183744 0.0 1.183744 1
93
1_inception_v4_phantom_start/inception_b3_concat 0.001 0.001 0.001 0 1.035776 1.183744 2.21952 1
84 87 92 94
1_inception_v4_phantom_start/inception_b4_1x1_2 2.6175719716597164e-05 2.6175719716597164e-05 0.00032573102073297453 0 1.183744 0.443904 1.627648 0
95
1_inception_v4_phantom_start/inception_b4_1x7_reduce 3.6465013740554233e-06 3.6465013740554233e-06 4.392305188734377e-05 0 1.183744 0.258944 1.442688 1
95
1_inception_v4_phantom_start/inception_b4_1x7 0.001 0.001 0.001 0 0.258944 0.0 0.258944 1
97
1_inception_v4_phantom_start/inception_b4_7x1 2.4094496792333674e-05 2.4094496792333674e-05 0.0003047065498234606 0 0.0 0.295936 0.295936 1
98
1_inception_v4_phantom_start/inception_b4_7x1_2_reduce 1.5765558511869974e-05 1.5765558511869974e-05 0.0001988076670979884 0 1.183744 0.221952 1.4056959999999998 1
95
1_inception_v4_phantom_start/inception_b4_7x1_2 0.001 0.001 0.001 0 0.221952 0.0 0.221952 1
100
1_inception_v4_phantom_start/inception_b4_1x7_2 3.6465013740554233e-06 3.6465013740554233e-06 4.392305188734377e-05 0 0.0 0.258944 0.258944 1
101
1_inception_v4_phantom_start/inception_b4_7x1_3 2.1195974910479636e-05 2.1195974910479636e-05 0.0002678177745716327 0 0.258944 0.258944 0.517888 1
102
1_inception_v4_phantom_start/inception_b4_1x7_3 4.638705172109795e-06 4.638705172109795e-06 5.619975160703454e-05 0 0.258944 0.295936 0.55488 1
103
1_inception_v4_phantom_start/inception_b4_pool_ave 6.544145237980506e-06 6.544145237980506e-06 7.042945757972891e-05 0 1.183744 1.183744 2.367488 1
95
1_inception_v4_phantom_start/inception_b4_1x1 0.001 0.001 0.001 0 1.183744 0.0 1.183744 1
105
1_inception_v4_phantom_start/inception_b4_concat 0.001 0.001 0.001 0 1.035776 1.183744 2.21952 1
96 99 104 106
1_inception_v4_phantom_start/inception_b5_1x1_2 2.6175719716597164e-05 2.6175719716597164e-05 0.00032573102073297453 0 1.183744 0.443904 1.627648 1
107
1_inception_v4_phantom_start/inception_b5_1x7_reduce 3.6465013740554233e-06 3.6465013740554233e-06 4.392305188734377e-05 0 1.183744 0.258944 1.442688 1
107
1_inception_v4_phantom_start/inception_b5_1x7 0.001 0.001 0.001 0 0.258944 0.0 0.258944 0
109
1_inception_v4_phantom_start/inception_b5_7x1 2.4094496792333674e-05 2.4094496792333674e-05 0.0003047065498234606 0 0.0 0.295936 0.295936 1
110
1_inception_v4_phantom_start/inception_b5_7x1_2_reduce 1.5765558511869974e-05 1.5765558511869974e-05 0.0001988076670979884 0 1.183744 0.221952 1.4056959999999998 1
107
1_inception_v4_phantom_start/inception_b5_7x1_2 0.001 0.001 0.001 0 0.221952 0.0 0.221952 1
112
1_inception_v4_phantom_start/inception_b5_1x7_2 3.6465013740554233e-06 3.6465013740554233e-06 4.392305188734377e-05 0 0.0 0.258944 0.258944 1
113
1_inception_v4_phantom_start/inception_b5_7x1_3 2.1195974910479636e-05 2.1195974910479636e-05 0.0002678177745716327 0 0.258944 0.258944 0.517888 1
114
1_inception_v4_phantom_start/inception_b5_1x7_3 4.638705172109795e-06 4.638705172109795e-06 5.619975160703454e-05 0 0.258944 0.295936 0.55488 1
115
1_inception_v4_phantom_start/inception_b5_pool_ave 6.544145237980506e-06 6.544145237980506e-06 7.042945757972891e-05 0 1.183744 1.183744 2.367488 0
107
1_inception_v4_phantom_start/inception_b5_1x1 0.001 0.001 0.001 0 1.183744 0.0 1.183744 0
117
1_inception_v4_phantom_start/inception_b5_concat 0.001 0.001 0.001 0 1.035776 1.183744 2.21952 1
108 111 116 118
1_inception_v4_phantom_start/inception_b6_1x1_2 1.0766809368061323e-05 1.0766809368061323e-05 0.00013019362474953316 0 1.183744 0.147968 1.331712 1
119
1_inception_v4_phantom_start/inception_b6_1x7_reduce 3.6465013740554233e-06 3.6465013740554233e-06 4.392305188734377e-05 0 1.183744 0.258944 1.442688 1
119
1_inception_v4_phantom_start/inception_b6_1x7 0.001 0.001 0.001 0 0.258944 0.0 0.258944 1
121
1_inception_v4_phantom_start/inception_b6_7x1 2.4094496792333674e-05 2.4094496792333674e-05 0.0003047065498234606 0 0.0 0.295936 0.295936 1
122
1_inception_v4_phantom_start/inception_b6_7x1_2_reduce 1.5765558511869974e-05 1.5765558511869974e-05 0.0001988076670979884 0 1.183744 0.221952 1.4056959999999998 1
119
1_inception_v4_phantom_start/inception_b6_7x1_2 0.001 0.001 0.001 0 0.221952 0.0 0.221952 1
124
1_inception_v4_phantom_start/inception_b6_1x7_2 3.6465013740554233e-06 3.6465013740554233e-06 4.392305188734377e-05 0 0.0 0.258944 0.258944 1
125
1_inception_v4_phantom_start/inception_b6_7x1_3 2.1195974910479636e-05 2.1195974910479636e-05 0.0002678177745716327 0 0.258944 0.258944 0.517888 1
126
1_inception_v4_phantom_start/inception_b6_1x7_3 4.638705172109795e-06 4.638705172109795e-06 5.619975160703454e-05 0 0.258944 0.295936 0.55488 1
127
1_inception_v4_phantom_start/inception_b6_pool_ave 6.544145237980506e-06 6.544145237980506e-06 7.042945757972891e-05 0 1.183744 1.183744 2.367488 1
119
1_inception_v4_phantom_start/inception_b6_1x1 0.001 0.001 0.001 0 1.183744 0.0 1.183744 0
129
1_inception_v4_phantom_start/inception_b6_concat 0.001 0.001 0.001 0 0.73984 1.183744 1.923584 1
120 123 128 130
1_inception_v4_phantom_start/inception_b7_1x1_2 2.6175719716597164e-05 2.6175719716597164e-05 0.00032573102073297453 0 1.183744 0.443904 1.627648 1
131
1_inception_v4_phantom_start/inception_b7_1x7_reduce 3.6465013740554233e-06 3.6465013740554233e-06 4.392305188734377e-05 0 1.183744 0.258944 1.442688 0
131
1_inception_v4_phantom_start/inception_b7_1x7 0.001 0.001 0.001 0 0.258944 0.0 0.258944 1
133
1_inception_v4_phantom_start/inception_b7_7x1 2.4094496792333674e-05 2.4094496792333674e-05 0.0003047065498234606 0 0.0 0.295936 0.295936 1
134
1_inception_v4_phantom_start/inception_b7_7x1_2_reduce 1.5765558511869974e-05 1.5765558511869974e-05 0.0001988076670979884 0 1.183744 0.221952 1.4056959999999998 1
131
1_inception_v4_phantom_start/inception_b7_7x1_2 0.001 0.001 0.001 0 0.221952 0.0 0.221952 1
136
1_inception_v4_phantom_start/inception_b7_1x7_2 3.6465013740554233e-06 3.6465013740554233e-06 4.392305188734377e-05 0 0.0 0.258944 0.258944 1
137
1_inception_v4_phantom_start/inception_b7_7x1_3 2.1195974910479636e-05 2.1195974910479636e-05 0.0002678177745716327 0 0.258944 0.258944 0.517888 1
138
1_inception_v4_phantom_start/inception_b7_1x7_3 4.638705172109795e-06 4.638705172109795e-06 5.619975160703454e-05 0 0.258944 0.295936 0.55488 1
139
1_inception_v4_phantom_start/inception_b7_pool_ave 6.544145237980506e-06 6.544145237980506e-06 7.042945757972891e-05 0 1.183744 1.183744 2.367488 1
131
1_inception_v4_phantom_start/inception_b7_1x1 0.001 0.001 0.001 0 1.183744 0.0 1.183744 1
141
1_inception_v4_phantom_start/inception_b7_concat 0.001 0.001 0.001 0 1.035776 1.183744 2.21952 1
132 135 140 142
1_inception_v4_phantom_start/reduction_b_3x3_reduce 7.478459620407784e-06 7.478459620407784e-06 8.82602383149113e-05 0 1.183744 0.049152 1.232896 1
143
1_inception_v4_phantom_start/reduction_b_3x3 0.001 0.001 0.001 0 0.049152 0.0 0.049152 0
144
1_inception_v4_phantom_start/reduction_b_1x7_reduce 5.192007546918574e-06 5.192007546918574e-06 6.30702544524033e-05 0 1.183744 0.295936 1.4796799999999999 1
143
1_inception_v4_phantom_start/reduction_b_1x7 0.001 0.001 0.001 0 0.295936 0.0 0.295936 1
146
1_inception_v4_phantom_start/reduction_b_7x1 3.402504839468194e-05 3.402504839468194e-05 0.0004311057161435876 0 0.0 0.36992 0.36992 1
147
1_inception_v4_phantom_start/reduction_b_3x3_2 1.9994223404624853e-05 1.9994223404624853e-05 0.0002369161758659773 0 0.36992 0.08192 0.45184 1
148
1_inception_v4_phantom_start/reduction_b_pool 3.8334082658625195e-06 3.8334082658625195e-06 4.08411550367144e-05 0 1.183744 0.262144 1.4458879999999998 1
143
1_inception_v4_phantom_start/reduction_b_concat 0.001 0.001 0.001 0 0.344064 0.393216 0.7372799999999999 1
145 149 150
1_inception_v4_phantom_start/inception_c1_1x1_2 9.218927011291557e-06 9.218927011291557e-06 0.00010836955883363806 0 0.393216 0.065536 0.458752 1
151
1_inception_v4_phantom_start/inception_c1_1x1_3 1.3319764214854004e-05 1.3319764214854004e-05 0.00015716888328722178 0 0.393216 0.098304 0.49152 1
151
1_inception_v4_phantom_start/inception_c1_1x3 2.431888328343723e-06 2.431888328343723e-06 2.843875344921834e-05 0 0.098304 0.065536 0.16383999999999999 1
153
1_inception_v4_phantom_start/inception_c1_3x1 6.511532769319362e-06 6.511532769319362e-06 7.70136839460006e-05 0 0.098304 0.065536 0.16383999999999999 1
153
1_inception_v4_phantom_start/inception_c1_1x1_4 1.3319764214854004e-05 1.3319764214854004e-05 0.00015716888328722178 0 0.393216 0.098304 0.49152 1
151
1_inception_v4_phantom_start/inception_c1_3x1_2 1.1156763767207322e-05 1.1156763767207322e-05 0.0001322495148914845 0 0.098304 0.114688 0.21299200000000001 1
156
1_inception_v4_phantom_start/inception_c1_1x3_2 5.321193389688594e-06 5.321193389688594e-06 6.261719210148495e-05 0 0.114688 0.131072 0.24575999999999998 1
157
1_inception_v4_phantom_start/inception_c1_1x3_3 3.186003737560149e-06 3.186003737560149e-06 3.73199540474872e-05 0 0.131072 0.065536 0.196608 0
158
1_inception_v4_phantom_start/inception_c1_3x1_3 8.625529658861e-06 8.625529658861e-06 0.00010208652804319688 0 0.131072 0.065536 0.196608 1
158
1_inception_v4_phantom_start/inception_c1_pool_ave 2.1738337122703413e-06 2.1738337122703413e-06 2.339525234482344e-05 0 0.393216 0.393216 0.786432 0
151
1_inception_v4_phantom_start/inception_c1_1x1 0.001 0.001 0.001 0 0.393216 0.0 0.393216 1
161
1_inception_v4_phantom_start/inception_c1_concat 0.001 0.001 0.001 0 0.32768 0.393216 0.720896 1
152 154 155 159 160 162
1_inception_v4_phantom_start/inception_c2_1x1_2 9.218927011291557e-06 9.218927011291557e-06 0.00010836955883363806 0 0.393216 0.065536 0.458752 1
163
1_inception_v4_phantom_start/inception_c2_1x1_3 1.3319764214854004e-05 1.3319764214854004e-05 0.00015716888328722178 0 0.393216 0.098304 0.49152 1
163
1_inception_v4_phantom_start/inception_c2_1x3 2.431888328343723e-06 2.431888328343723e-06 2.843875344921834e-05 0 0.098304 0.065536 0.16383999999999999 1
165
1_inception_v4_phantom_start/inception_c2_3x1 6.511532769319362e-06 6.511532769319362e-06 7.70136839460006e-05 0 0.098304 0.065536 0.16383999999999999 1
165
1_inception_v4_phantom_start/inception_c2_1x1_4 1.3319764214854004e-05 1.3319764214854004e-05 0.00015716888328722178 0 0.393216 0.098304 0.49152 1
163
1_inception_v4_phantom_start/inception_c2_3x1_2 1.1156763767207322e-05 1.1156763767207322e-05 0.0001322495148914845 0 0.098304 0.114688 0.21299200000000001 1
168
1_inception_v4_phantom_start/inception_c2_1x3_2 5.321193389688594e-06 5.321193389688594e-06 6.261719210148495e-05 0 0.114688 0.131072 0.24575999999999998 1
169
1_inception_v4_phantom_start/inception_c2_1x3_3 3.186003737560149e-06 3.186003737560149e-06 3.73199540474872e-05 0 0.131072 0.065536 0.196608 1
170
1_inception_v4_phantom_start/inception_c2_3x1_3 8.625529658861e-06 8.625529658861e-06 0.00010208652804319688 0 0.131072 0.065536 0.196608 1
170
1_inception_v4_phantom_start/inception_c2_pool_ave 2.1738337122703413e-06 2.1738337122703413e-06 2.339525234482344e-05 0 0.393216 0.393216 0.786432 0
163
1_inception_v4_phantom_start/inception_c2_1x1 0.001 0.001 0.001 0 0.393216 0.0 0.393216 1
173
1_inception_v4_phantom_start/inception_c2_concat 0.001 0.001 0.001 0 0.32768 0.393216 0.720896 0
164 166 167 171 172 174
1_inception_v4_phantom_start/inception_c3_1x1_2 9.218927011291557e-06 9.218927011291557e-06 0.00010836955883363806 0 0.393216 0.065536 0.458752 1
175
1_inception_v4_phantom_start/inception_c3_1x1_3 1.3319764214854004e-05 1.3319764214854004e-05 0.00015716888328722178 0 0.393216 0.098304 0.49152 1
175
1_inception_v4_phantom_start/inception_c3_1x3 2.431888328343723e-06 2.431888328343723e-06 2.843875344921834e-05 0 0.098304 0.065536 0.16383999999999999 0
177
1_inception_v4_phantom_start/inception_c3_3x1 6.511532769319362e-06 6.511532769319362e-06 7.70136839460006e-05 0 0.098304 0.065536 0.16383999999999999 1
177
1_inception_v4_phantom_start/inception_c3_1x1_4 1.3319764214854004e-05 1.3319764214854004e-05 0.00015716888328722178 0 0.393216 0.098304 0.49152 1
175
1_inception_v4_phantom_start/inception_c3_3x1_2 1.1156763767207322e-05 1.1156763767207322e-05 0.0001322495148914845 0 0.098304 0.114688 0.21299200000000001 1
180
1_inception_v4_phantom_start/inception_c3_1x3_2 5.321193389688594e-06 5.321193389688594e-06 6.261719210148495e-05 0 0.114688 0.131072 0.24575999999999998 1
181
1_inception_v4_phantom_start/inception_c3_1x3_3 3.186003737560149e-06 3.186003737560149e-06 3.73199540474872e-05 0 0.131072 0.065536 0.196608 1
182
1_inception_v4_phantom_start/inception_c3_3x1_3 8.625529658861e-06 8.625529658861e-06 0.00010208652804319688 0 0.131072 0.065536 0.196608 1
182
1_inception_v4_phantom_start/inception_c3_pool_ave 2.1738337122703413e-06 2.1738337122703413e-06 2.339525234482344e-05 0 0.393216 0.393216 0.786432 1
175
1_inception_v4_phantom_start/inception_c3_1x1 0.001 0.001 0.001 0 0.393216 0.0 0.393216 1
185
1_inception_v4_phantom_start/inception_c3_concat 0.001 0.001 0.001 0 0.32768 0.393216 0.720896 1
176 178 179 183 184 186
1_inception_v4_phantom_start/pool_8x8_s1 2.0499861532152234e-06 2.0499861532152234e-06 2.174775679648365e-05 0 0.393216 0.393216 0.786432 1
187
1_inception_v4_phantom_start/pool_8x8_s1_drop 2.0422456807742785e-06 2.0422456807742785e-06 2.1644788324712415e-05 0 0.393216 0.393216 0.786432 1
188
1_inception_v4_phantom_start/classifier 0.00103376114968133 0.00103376114968133 0.010987727347301253 0 0.393216 0.004 0.397216 1
189
1_inception_v4_phantom_start/prob 0.001 0.001 0.001 0 0.004 0.004 0.008 0
190
1_inception_v4_phantom_end 0.001 0.001 0.001 0 0.004 0.0 0.004 0
191
