10
1
12
0
APP_0_Input_Layer_0 0.26666666666666666 0.26666666666666666 1.0 1.09 41 14 2.09 1

APP_0_Inner_Layer_0:0 0.13333333333333333 0.13333333333333333 0.5 2.34 2 49 1.1 1
0
APP_0_Inner_Layer_0:1 0.2 0.2 0.75 2.37 20 12 2.43 1
0
APP_0_Inner_Layer_0:2 0.06666666666666667 0.06666666666666667 0.25 1.58 25 8 2.2 0
0
APP_0_Inner_Layer_0:3 0.4666666666666667 0.4666666666666667 1.75 1.69 33 12 3.27 0
0
APP_0_Inner_Layer_1:0 0.26666666666666666 0.26666666666666666 1.0 2.49 34 21 2.82 1
1 3
APP_0_Inner_Layer_1:1 0.2 0.2 0.75 3.61 14 25 2.16 1
1 4
APP_0_Inner_Layer_1:2 0.3333333333333333 0.3333333333333333 1.25 1.06 6 19 3.32 0
2 4
APP_0_Inner_Layer_1:3 0.2 0.2 0.75 3.88 30 3 3.81 1
1 4
APP_0_Inner_Layer_2:0 0.26666666666666666 0.26666666666666666 1.0 1.66 4 28 2.37 1
7
APP_0_Inner_Layer_2:1 0.3333333333333333 0.3333333333333333 1.25 1.37 40 2 2.27 0
5 6 8
APP_0_Output_Layer_0 0.26666666666666666 0.26666666666666666 1.0 3.34 27 45 1.25 1
9 10
