10
1
8
0
APP_0_Input_Layer_0 0.13333333333333333 0.13333333333333333 0.5 2.13 12 3 2.21 1

APP_0_Inner_Layer_0:0 0.3333333333333333 0.3333333333333333 1.25 3.19 37 46 2.52 1
0
APP_0_Inner_Layer_0:1 0.26666666666666666 0.26666666666666666 1.0 3.64 9 6 1.11 1
0
APP_0_Inner_Layer_1:0 0.13333333333333333 0.13333333333333333 0.5 2.31 39 42 2.11 0
2
APP_0_Inner_Layer_1:1 0.5333333333333333 0.5333333333333333 2.0 1.53 16 31 1.6 1
1
APP_0_Inner_Layer_1:2 0.4666666666666667 0.4666666666666667 1.75 3.82 9 3 1.01 1
1
APP_0_Inner_Layer_1:3 0.6 0.6 2.25 1.99 14 27 3.72 1
2
APP_0_Output_Layer_0 0.4 0.4 1.5 2.99 36 49 2.42 1
3 4 5 6
