10
8
12
0
APP_0_Input_Layer_0 0.06666666666666667 0.06666666666666667 0.25 3.34 27 9 1.53 1

APP_0_Inner_Layer_0:0 0.13333333333333333 0.13333333333333333 0.5 2.15 36 47 3.69 0
0
APP_0_Inner_Layer_0:1 0.26666666666666666 0.26666666666666666 1.0 1.58 40 27 3.39 1
0
APP_0_Inner_Layer_0:2 0.2 0.2 0.75 1.56 24 43 1.04 1
0
APP_0_Inner_Layer_0:3 0.26666666666666666 0.26666666666666666 1.0 3.44 26 3 1.68 1
0
APP_0_Inner_Layer_1:0 0.06666666666666667 0.06666666666666667 0.25 2.98 5 3 1.33 1
2 4
APP_0_Inner_Layer_1:1 0.26666666666666666 0.26666666666666666 1.0 2.66 10 25 1.72 1
1 4
APP_0_Inner_Layer_1:2 0.13333333333333333 0.13333333333333333 0.5 2.09 47 28 1.94 1
1 2 3
APP_0_Inner_Layer_2:0 0.5333333333333333 0.5333333333333333 2.0 1.98 39 45 2.72 1
5 6
APP_0_Inner_Layer_2:1 0.13333333333333333 0.13333333333333333 0.5 3.01 45 38 2.26 1
7
APP_0_Inner_Layer_2:2 0.2 0.2 0.75 1.98 14 47 1.35 1
7
APP_0_Output_Layer_0 0.4 0.4 1.5 1.58 16 8 1.37 1
8 9 10
5
0.7485338765623151
APP_1_Input_Layer_0 0.6 0.6 2.25 2.61 34 43 3.1 1

APP_1_Inner_Layer_0:0 0.26666666666666666 0.26666666666666666 1.0 1.44 26 19 3.56 1
0
APP_1_Inner_Layer_1:0 0.26666666666666666 0.26666666666666666 1.0 3.61 2 27 2.07 1
1
APP_1_Inner_Layer_2:0 0.3333333333333333 0.3333333333333333 1.25 1.08 41 46 3.81 1
2
APP_1_Output_Layer_0 0.2 0.2 0.75 3.06 21 34 2.21 1
3
3
1.7571215668604316
APP_2_Input_Layer_0 0.26666666666666666 0.26666666666666666 1.0 1.31 27 23 2.09 1

APP_2_Inner_Layer_0:0 0.6 0.6 2.25 1.66 36 2 1.3 1
0
APP_2_Output_Layer_0 0.6 0.6 2.25 1.78 35 27 1.48 1
1
3
2.384801408940907
APP_3_Input_Layer_0 0.4666666666666667 0.4666666666666667 1.75 1.57 1 30 3.52 1

APP_3_Inner_Layer_0:0 0.26666666666666666 0.26666666666666666 1.0 1.52 48 26 3.1 0
0
APP_3_Output_Layer_0 0.6 0.6 2.25 3.93 49 2 2.74 1
1
10
3.304298517910384
APP_4_Input_Layer_0 0.4 0.4 1.5 3.5 38 9 1.69 1

APP_4_Inner_Layer_0:0 0.13333333333333333 0.13333333333333333 0.5 3.44 24 49 2.06 1
0
APP_4_Inner_Layer_0:1 0.3333333333333333 0.3333333333333333 1.25 2.63 31 26 2.65 1
0
APP_4_Inner_Layer_0:2 0.5333333333333333 0.5333333333333333 2.0 2.25 22 31 1.77 1
0
APP_4_Inner_Layer_1:0 0.4666666666666667 0.4666666666666667 1.75 3.05 44 12 1.68 1
1 2 3
APP_4_Inner_Layer_2:0 0.06666666666666667 0.06666666666666667 0.25 3.14 33 9 3.55 1
4
APP_4_Inner_Layer_2:1 0.26666666666666666 0.26666666666666666 1.0 1.57 25 41 3.81 0
4
APP_4_Inner_Layer_2:2 0.3333333333333333 0.3333333333333333 1.25 1.4 49 49 3.77 1
4
APP_4_Inner_Layer_3:0 0.06666666666666667 0.06666666666666667 0.25 2.92 47 20 3.86 1
5 6 7
APP_4_Output_Layer_0 0.06666666666666667 0.06666666666666667 0.25 1.33 24 48 2.91 1
8
12
4.254306338160772
APP_5_Input_Layer_0 0.4 0.4 1.5 3.84 25 9 3.11 1

APP_5_Inner_Layer_0:0 0.13333333333333333 0.13333333333333333 0.5 1.41 41 24 2.22 1
0
APP_5_Inner_Layer_0:1 0.3333333333333333 0.3333333333333333 1.25 1.04 46 28 2.13 1
0
APP_5_Inner_Layer_1:0 0.6 0.6 2.25 2.94 29 29 1.83 1
2
APP_5_Inner_Layer_1:1 0.3333333333333333 0.3333333333333333 1.25 3.17 37 11 3.42 1
1
APP_5_Inner_Layer_1:2 0.4666666666666667 0.4666666666666667 1.75 1.92 35 27 2.38 1
2
APP_5_Inner_Layer_1:3 0.6 0.6 2.25 1.95 48 15 1.92 1
2
APP_5_Inner_Layer_2:0 0.6 0.6 2.25 3.37 26 21 1.47 1
3
APP_5_Inner_Layer_2:1 0.2 0.2 0.75 1.7 24 40 1.72 1
3 4
APP_5_Inner_Layer_2:2 0.5333333333333333 0.5333333333333333 2.0 3.02 36 24 3.77 1
6
APP_5_Inner_Layer_2:3 0.06666666666666667 0.06666666666666667 0.25 2.29 39 35 1.58 1
3 4 5 6
APP_5_Output_Layer_0 0.4666666666666667 0.4666666666666667 1.75 2.19 35 17 2.9 1
7 8 9 10
9
4.83949563519526
APP_6_Input_Layer_0 0.6 0.6 2.25 1.59 41 45 3.8 1

APP_6_Inner_Layer_0:0 0.13333333333333333 0.13333333333333333 0.5 1.03 19 1 1.4 1
0
APP_6_Inner_Layer_0:1 0.26666666666666666 0.26666666666666666 1.0 2.8 17 23 2.91 0
0
APP_6_Inner_Layer_1:0 0.3333333333333333 0.3333333333333333 1.25 2.76 18 11 3.29 1
2
APP_6_Inner_Layer_1:1 0.4 0.4 1.5 3.1 2 36 1.58 1
1 2
APP_6_Inner_Layer_1:2 0.4 0.4 1.5 2.66 2 47 2.39 1
1
APP_6_Inner_Layer_1:3 0.4666666666666667 0.4666666666666667 1.75 2.06 17 16 3.47 1
1
APP_6_Inner_Layer_2:0 0.06666666666666667 0.06666666666666667 0.25 2.23 7 20 1.12 1
3 4 5 6
APP_6_Output_Layer_0 0.06666666666666667 0.06666666666666667 0.25 3.26 29 14 1.11 1
7
5
5.631808598797166
APP_7_Input_Layer_0 0.06666666666666667 0.06666666666666667 0.25 2.02 44 39 2.03 1

APP_7_Inner_Layer_0:0 0.6 0.6 2.25 2.58 37 22 2.5 0
0
APP_7_Inner_Layer_0:1 0.3333333333333333 0.3333333333333333 1.25 2.91 32 49 1.23 1
0
APP_7_Inner_Layer_1:0 0.13333333333333333 0.13333333333333333 0.5 2.84 48 21 1.34 0
1 2
APP_7_Output_Layer_0 0.6 0.6 2.25 1.87 20 18 2.9 0
3
