10
8
6
0
APP_0_Input_Layer_0 0.2 0.2 0.75 2.78 43 15 1.31 1

APP_0_Inner_Layer_0:0 0.13333333333333333 0.13333333333333333 0.5 3.62 15 11 2.82 0
0
APP_0_Inner_Layer_0:1 0.5333333333333333 0.5333333333333333 2.0 2.73 30 32 2.09 1
0
APP_0_Inner_Layer_1:0 0.3333333333333333 0.3333333333333333 1.25 1.55 17 26 3.94 1
2
APP_0_Inner_Layer_1:1 0.6 0.6 2.25 1.32 45 11 3.92 1
1
APP_0_Output_Layer_0 0.5333333333333333 0.5333333333333333 2.0 2.33 32 17 3.13 0
3 4
5
0.5853897425115351
APP_1_Input_Layer_0 0.4 0.4 1.5 1.38 2 39 2.9 1

APP_1_Inner_Layer_0:0 0.06666666666666667 0.06666666666666667 0.25 3.56 45 22 1.63 1
0
APP_1_Inner_Layer_0:1 0.2 0.2 0.75 1.23 43 21 3.23 1
0
APP_1_Inner_Layer_0:2 0.3333333333333333 0.3333333333333333 1.25 3.82 42 39 3.07 1
0
APP_1_Output_Layer_0 0.26666666666666666 0.26666666666666666 1.0 3.89 46 19 2.92 1
1 2 3
7
1.4467720812980358
APP_2_Input_Layer_0 0.6 0.6 2.25 3.47 18 44 3.29 1

APP_2_Inner_Layer_0:0 0.3333333333333333 0.3333333333333333 1.25 2.96 27 28 2.58 1
0
APP_2_Inner_Layer_1:0 0.26666666666666666 0.26666666666666666 1.0 2.95 27 13 3.61 1
1
APP_2_Inner_Layer_2:0 0.13333333333333333 0.13333333333333333 0.5 3.12 17 20 2.53 1
2
APP_2_Inner_Layer_2:1 0.13333333333333333 0.13333333333333333 0.5 1.16 22 6 2.91 1
2
APP_2_Inner_Layer_2:2 0.4666666666666667 0.4666666666666667 1.75 3.26 12 13 3.87 1
2
APP_2_Output_Layer_0 0.06666666666666667 0.06666666666666667 0.25 3.38 40 22 1.45 1
3 4 5
5
1.9415053512542242
APP_3_Input_Layer_0 0.5333333333333333 0.5333333333333333 2.0 3.28 22 32 1.73 1

APP_3_Inner_Layer_0:0 0.6 0.6 2.25 1.09 1 46 1.41 1
0
APP_3_Inner_Layer_0:1 0.3333333333333333 0.3333333333333333 1.25 2.82 47 7 1.43 1
0
APP_3_Inner_Layer_0:2 0.06666666666666667 0.06666666666666667 0.25 2.03 27 33 2.96 1
0
APP_3_Output_Layer_0 0.06666666666666667 0.06666666666666667 0.25 2.1 9 6 3.32 1
1 2 3
12
2.5119668170244087
APP_4_Input_Layer_0 0.2 0.2 0.75 3.62 20 33 1.57 1

APP_4_Inner_Layer_0:0 0.5333333333333333 0.5333333333333333 2.0 3.02 1 23 1.19 1
0
APP_4_Inner_Layer_0:1 0.06666666666666667 0.06666666666666667 0.25 2.98 32 27 1.43 1
0
APP_4_Inner_Layer_0:2 0.3333333333333333 0.3333333333333333 1.25 1.03 27 11 1.55 1
0
APP_4_Inner_Layer_0:3 0.26666666666666666 0.26666666666666666 1.0 3.83 27 46 3.42 1
0
APP_4_Inner_Layer_1:0 0.4 0.4 1.5 3.13 49 10 2.22 1
1 2 3 4
APP_4_Inner_Layer_2:0 0.13333333333333333 0.13333333333333333 0.5 2.08 43 40 1.2 1
5
APP_4_Inner_Layer_2:1 0.6 0.6 2.25 3.81 38 30 2.56 1
5
APP_4_Inner_Layer_2:2 0.4 0.4 1.5 3.94 36 49 3.03 1
5
APP_4_Inner_Layer_2:3 0.13333333333333333 0.13333333333333333 0.5 1.4 11 15 1.23 1
5
APP_4_Inner_Layer_3:0 0.4 0.4 1.5 1.17 33 18 2.84 1
6 7 8 9
APP_4_Output_Layer_0 0.4666666666666667 0.4666666666666667 1.75 2.74 29 38 2.28 1
10
4
3.3267325511128862
APP_5_Input_Layer_0 0.6 0.6 2.25 1.33 46 5 1.55 1

APP_5_Inner_Layer_0:0 0.5333333333333333 0.5333333333333333 2.0 2.25 6 11 1.96 1
0
APP_5_Inner_Layer_0:1 0.4 0.4 1.5 1.82 44 46 3.11 1
0
APP_5_Output_Layer_0 0.2 0.2 0.75 3.67 46 46 1.68 1
1 2
7
3.898968545063878
APP_6_Input_Layer_0 0.3333333333333333 0.3333333333333333 1.25 2.41 31 6 3.38 1

APP_6_Inner_Layer_0:0 0.5333333333333333 0.5333333333333333 2.0 2.94 4 6 2.06 1
0
APP_6_Inner_Layer_0:1 0.3333333333333333 0.3333333333333333 1.25 2.01 28 30 1.57 1
0
APP_6_Inner_Layer_1:0 0.06666666666666667 0.06666666666666667 0.25 1.07 6 30 3.82 1
1 2
APP_6_Inner_Layer_1:1 0.13333333333333333 0.13333333333333333 0.5 2.72 31 35 2.92 1
2
APP_6_Inner_Layer_1:2 0.06666666666666667 0.06666666666666667 0.25 3.51 32 1 2.79 1
1
APP_6_Output_Layer_0 0.06666666666666667 0.06666666666666667 0.25 3.02 20 13 3.09 1
3 4 5
9
4.382421048796294
APP_7_Input_Layer_0 0.06666666666666667 0.06666666666666667 0.25 1.52 38 22 1.66 1

APP_7_Inner_Layer_0:0 0.2 0.2 0.75 2.26 13 26 1.15 1
0
APP_7_Inner_Layer_0:1 0.4666666666666667 0.4666666666666667 1.75 2.32 39 41 1.63 1
0
APP_7_Inner_Layer_1:0 0.4 0.4 1.5 1.46 20 6 3.59 1
1 2
APP_7_Inner_Layer_2:0 0.26666666666666666 0.26666666666666666 1.0 2.89 32 35 2.75 1
3
APP_7_Inner_Layer_2:1 0.3333333333333333 0.3333333333333333 1.25 1.86 23 12 1.65 1
3
APP_7_Inner_Layer_2:2 0.4 0.4 1.5 2.58 29 36 1.35 1
3
APP_7_Inner_Layer_2:3 0.13333333333333333 0.13333333333333333 0.5 1.88 24 7 1.55 1
3
APP_7_Output_Layer_0 0.5333333333333333 0.5333333333333333 2.0 2.9 28 7 1.69 0
4 5 6 7
