10
8
9
0
APP_0_Input_Layer_0 0.4 0.4 1.5 1.88 14 15 2.66 1

APP_0_Inner_Layer_0:0 0.13333333333333333 0.13333333333333333 0.5 1.49 27 44 3.23 1
0
APP_0_Inner_Layer_1:0 0.6 0.6 2.25 1.22 48 18 3.58 0
1
APP_0_Inner_Layer_1:1 0.5333333333333333 0.5333333333333333 2.0 3.85 12 18 3.98 1
1
APP_0_Inner_Layer_1:2 0.4666666666666667 0.4666666666666667 1.75 1.73 6 15 3.48 1
1
APP_0_Inner_Layer_2:0 0.13333333333333333 0.13333333333333333 0.5 2.28 25 31 1.34 0
2
APP_0_Inner_Layer_2:1 0.4 0.4 1.5 3.47 43 15 1.96 1
3 4
APP_0_Inner_Layer_3:0 0.4 0.4 1.5 1.09 44 2 1.1 1
5 6
APP_0_Output_Layer_0 0.4 0.4 1.5 3.09 29 41 2.36 1
7
13
0.7917074881837696
APP_1_Input_Layer_0 0.6 0.6 2.25 2.08 10 45 1.85 1

APP_1_Inner_Layer_0:0 0.2 0.2 0.75 3.25 24 4 1.36 1
0
APP_1_Inner_Layer_0:1 0.2 0.2 0.75 2.87 22 26 3.46 1
0
APP_1_Inner_Layer_0:2 0.13333333333333333 0.13333333333333333 0.5 1.28 39 47 1.29 1
0
APP_1_Inner_Layer_0:3 0.5333333333333333 0.5333333333333333 2.0 2.89 37 45 1.36 1
0
APP_1_Inner_Layer_1:0 0.3333333333333333 0.3333333333333333 1.25 1.82 22 27 2.84 1
1
APP_1_Inner_Layer_1:1 0.4 0.4 1.5 1.36 9 10 3.31 1
2 4
APP_1_Inner_Layer_1:2 0.06666666666666667 0.06666666666666667 0.25 2.32 39 21 3.83 1
1 2 4
APP_1_Inner_Layer_1:3 0.4 0.4 1.5 1.58 49 38 2.29 1
1 3 4
APP_1_Inner_Layer_2:0 0.4 0.4 1.5 2.12 22 13 2.43 1
6
APP_1_Inner_Layer_2:1 0.3333333333333333 0.3333333333333333 1.25 3.55 21 38 2.15 1
5 7 8
APP_1_Inner_Layer_2:2 0.26666666666666666 0.26666666666666666 1.0 2.75 13 47 2.33 0
8
APP_1_Output_Layer_0 0.26666666666666666 0.26666666666666666 1.0 1.79 43 17 3.08 1
9 10 11
6
1.5123604823005825
APP_2_Input_Layer_0 0.26666666666666666 0.26666666666666666 1.0 3.42 49 43 1.02 1

APP_2_Inner_Layer_0:0 0.06666666666666667 0.06666666666666667 0.25 1.03 19 19 2.45 1
0
APP_2_Inner_Layer_0:1 0.13333333333333333 0.13333333333333333 0.5 1.98 28 42 3.14 1
0
APP_2_Inner_Layer_0:2 0.13333333333333333 0.13333333333333333 0.5 2.08 30 36 3.68 1
0
APP_2_Inner_Layer_0:3 0.4 0.4 1.5 1.13 41 36 2.49 1
0
APP_2_Output_Layer_0 0.13333333333333333 0.13333333333333333 0.5 1.26 2 37 3.8 1
1 2 3 4
8
1.9848945438650394
APP_3_Input_Layer_0 0.4 0.4 1.5 1.92 13 23 2.15 1

APP_3_Inner_Layer_0:0 0.06666666666666667 0.06666666666666667 0.25 3.14 42 10 2.48 1
0
APP_3_Inner_Layer_0:1 0.06666666666666667 0.06666666666666667 0.25 3.35 38 49 1.1 0
0
APP_3_Inner_Layer_1:0 0.13333333333333333 0.13333333333333333 0.5 3.65 47 42 3.48 1
1 2
APP_3_Inner_Layer_2:0 0.13333333333333333 0.13333333333333333 0.5 1.71 27 31 3.91 1
3
APP_3_Inner_Layer_2:1 0.4 0.4 1.5 3.13 3 11 2.41 1
3
APP_3_Inner_Layer_2:2 0.4 0.4 1.5 3.28 37 4 3.64 1
3
APP_3_Output_Layer_0 0.4 0.4 1.5 1.24 12 48 1.78 1
4 5 6
10
2.565639837977336
APP_4_Input_Layer_0 0.4666666666666667 0.4666666666666667 1.75 2.64 29 12 1.59 1

APP_4_Inner_Layer_0:0 0.26666666666666666 0.26666666666666666 1.0 3.84 36 20 1.38 1
0
APP_4_Inner_Layer_0:1 0.06666666666666667 0.06666666666666667 0.25 1.37 21 9 2.95 1
0
APP_4_Inner_Layer_0:2 0.6 0.6 2.25 2.3 12 37 3.03 0
0
APP_4_Inner_Layer_0:3 0.5333333333333333 0.5333333333333333 2.0 2.15 31 30 2.88 1
0
APP_4_Inner_Layer_1:0 0.6 0.6 2.25 2.53 17 23 3.25 1
1
APP_4_Inner_Layer_1:1 0.06666666666666667 0.06666666666666667 0.25 3.63 46 48 2.99 1
1 2 4
APP_4_Inner_Layer_1:2 0.3333333333333333 0.3333333333333333 1.25 1.7 41 25 2.03 1
1 2 3
APP_4_Inner_Layer_1:3 0.5333333333333333 0.5333333333333333 2.0 3.84 21 13 3.24 1
1 3
APP_4_Output_Layer_0 0.26666666666666666 0.26666666666666666 1.0 2.6 46 40 2.56 1
5 6 7 8
4
3.08082969985674
APP_5_Input_Layer_0 0.26666666666666666 0.26666666666666666 1.0 3.32 14 2 1.82 1

APP_5_Inner_Layer_0:0 0.4666666666666667 0.4666666666666667 1.75 1.08 1 16 1.65 1
0
APP_5_Inner_Layer_0:1 0.4 0.4 1.5 1.32 37 19 2.43 1
0
APP_5_Output_Layer_0 0.13333333333333333 0.13333333333333333 0.5 3.55 3 44 3.28 1
1 2
9
3.6410964864136117
APP_6_Input_Layer_0 0.2 0.2 0.75 3.65 18 28 2.53 1

APP_6_Inner_Layer_0:0 0.4 0.4 1.5 3.14 18 22 1.52 1
0
APP_6_Inner_Layer_0:1 0.13333333333333333 0.13333333333333333 0.5 3.27 47 18 2.92 1
0
APP_6_Inner_Layer_0:2 0.2 0.2 0.75 3.59 17 33 1.57 1
0
APP_6_Inner_Layer_1:0 0.4 0.4 1.5 3.18 9 32 1.42 0
1 2 3
APP_6_Inner_Layer_2:0 0.5333333333333333 0.5333333333333333 2.0 1.22 1 41 3.81 1
4
APP_6_Inner_Layer_2:1 0.5333333333333333 0.5333333333333333 2.0 3.77 22 38 2.68 0
4
APP_6_Inner_Layer_2:2 0.2 0.2 0.75 2.48 18 29 2.63 1
4
APP_6_Output_Layer_0 0.4666666666666667 0.4666666666666667 1.75 3.7 49 38 1.25 1
5 6 7
13
4.6714727084090155
APP_7_Input_Layer_0 0.06666666666666667 0.06666666666666667 0.25 1.37 32 45 3.27 1

APP_7_Inner_Layer_0:0 0.6 0.6 2.25 3.06 18 40 2.45 0
0
APP_7_Inner_Layer_0:1 0.13333333333333333 0.13333333333333333 0.5 3.23 48 12 2.07 1
0
APP_7_Inner_Layer_0:2 0.4 0.4 1.5 3.86 13 44 3.19 0
0
APP_7_Inner_Layer_0:3 0.6 0.6 2.25 2.32 21 43 1.9 1
0
APP_7_Inner_Layer_1:0 0.6 0.6 2.25 3.52 49 5 2.7 1
1 2 3
APP_7_Inner_Layer_1:1 0.26666666666666666 0.26666666666666666 1.0 1.11 26 41 3.98 1
1 3
APP_7_Inner_Layer_1:2 0.2 0.2 0.75 3.99 39 10 2.89 1
2 3 4
APP_7_Inner_Layer_1:3 0.4666666666666667 0.4666666666666667 1.75 1.92 42 4 3.78 1
1 4 3
APP_7_Inner_Layer_2:0 0.2 0.2 0.75 2.17 17 18 2.56 1
5 6 7 8
APP_7_Inner_Layer_3:0 0.2 0.2 0.75 3.0 3 24 3.49 1
9
APP_7_Inner_Layer_3:1 0.5333333333333333 0.5333333333333333 2.0 2.96 1 29 3.2 1
9
APP_7_Output_Layer_0 0.26666666666666666 0.26666666666666666 1.0 2.19 35 9 1.42 1
10 11
