10
8
11
0
APP_0_Input_Layer_0 0.3333333333333333 0.3333333333333333 1.25 3.55 20 44 2.24 1

APP_0_Inner_Layer_0:0 0.06666666666666667 0.06666666666666667 0.25 2.93 29 22 3.14 1
0
APP_0_Inner_Layer_0:1 0.13333333333333333 0.13333333333333333 0.5 2.38 47 2 2.23 0
0
APP_0_Inner_Layer_0:2 0.2 0.2 0.75 1.28 35 4 2.41 1
0
APP_0_Inner_Layer_0:3 0.13333333333333333 0.13333333333333333 0.5 3.19 14 13 2.13 1
0
APP_0_Inner_Layer_1:0 0.4 0.4 1.5 1.86 5 13 2.88 1
1 2 3 4
APP_0_Inner_Layer_2:0 0.4 0.4 1.5 1.29 19 48 1.71 1
5
APP_0_Inner_Layer_3:0 0.13333333333333333 0.13333333333333333 0.5 1.81 21 27 1.29 1
6
APP_0_Inner_Layer_3:1 0.5333333333333333 0.5333333333333333 2.0 1.78 11 47 1.42 1
6
APP_0_Inner_Layer_3:2 0.5333333333333333 0.5333333333333333 2.0 2.83 21 46 2.11 1
6
APP_0_Output_Layer_0 0.4 0.4 1.5 1.04 47 8 1.92 1
7 8 9
11
0.6393813279819834
APP_1_Input_Layer_0 0.26666666666666666 0.26666666666666666 1.0 1.85 9 19 3.15 1

APP_1_Inner_Layer_0:0 0.4666666666666667 0.4666666666666667 1.75 1.3 49 14 3.73 1
0
APP_1_Inner_Layer_0:1 0.13333333333333333 0.13333333333333333 0.5 3.21 4 27 2.41 1
0
APP_1_Inner_Layer_1:0 0.26666666666666666 0.26666666666666666 1.0 2.53 48 21 3.75 1
1 2
APP_1_Inner_Layer_2:0 0.5333333333333333 0.5333333333333333 2.0 3.54 10 30 2.08 1
3
APP_1_Inner_Layer_2:1 0.3333333333333333 0.3333333333333333 1.25 3.22 44 19 3.78 1
3
APP_1_Inner_Layer_2:2 0.3333333333333333 0.3333333333333333 1.25 3.77 17 27 1.24 1
3
APP_1_Inner_Layer_3:0 0.26666666666666666 0.26666666666666666 1.0 1.68 19 29 1.93 1
4
APP_1_Inner_Layer_3:1 0.4666666666666667 0.4666666666666667 1.75 2.81 13 3 3.97 1
5
APP_1_Inner_Layer_3:2 0.2 0.2 0.75 1.07 28 35 2.45 1
4 5 6
APP_1_Output_Layer_0 0.6 0.6 2.25 1.36 35 35 3.16 1
7 8 9
11
1.3235699071800426
APP_2_Input_Layer_0 0.6 0.6 2.25 1.54 12 33 3.18 0

APP_2_Inner_Layer_0:0 0.4 0.4 1.5 3.7 26 39 2.77 1
0
APP_2_Inner_Layer_0:1 0.4666666666666667 0.4666666666666667 1.75 3.0 30 39 1.18 1
0
APP_2_Inner_Layer_0:2 0.06666666666666667 0.06666666666666667 0.25 1.59 4 19 1.31 1
0
APP_2_Inner_Layer_1:0 0.4666666666666667 0.4666666666666667 1.75 1.69 19 44 2.79 1
1 2
APP_2_Inner_Layer_1:1 0.2 0.2 0.75 1.82 32 6 3.79 1
2 3
APP_2_Inner_Layer_1:2 0.5333333333333333 0.5333333333333333 2.0 2.72 14 36 2.51 1
1 2 3
APP_2_Inner_Layer_1:3 0.6 0.6 2.25 1.77 48 26 2.19 1
3
APP_2_Inner_Layer_2:0 0.06666666666666667 0.06666666666666667 0.25 2.03 6 44 2.17 1
5 6
APP_2_Inner_Layer_2:1 0.5333333333333333 0.5333333333333333 2.0 1.15 40 32 1.42 1
4 7
APP_2_Output_Layer_0 0.2 0.2 0.75 2.91 48 12 3.6 1
8 9
10
2.2881946255657133
APP_3_Input_Layer_0 0.6 0.6 2.25 1.18 2 6 2.44 1

APP_3_Inner_Layer_0:0 0.4666666666666667 0.4666666666666667 1.75 1.52 26 16 1.67 1
0
APP_3_Inner_Layer_0:1 0.6 0.6 2.25 2.38 14 42 3.86 1
0
APP_3_Inner_Layer_0:2 0.5333333333333333 0.5333333333333333 2.0 2.41 37 35 3.8 1
0
APP_3_Inner_Layer_0:3 0.5333333333333333 0.5333333333333333 2.0 1.31 8 35 3.94 1
0
APP_3_Inner_Layer_1:0 0.06666666666666667 0.06666666666666667 0.25 1.37 10 11 3.35 1
1 3 4
APP_3_Inner_Layer_1:1 0.06666666666666667 0.06666666666666667 0.25 1.66 38 7 2.29 1
2 4
APP_3_Inner_Layer_1:2 0.4666666666666667 0.4666666666666667 1.75 3.83 29 11 2.0 1
1 3 4
APP_3_Inner_Layer_1:3 0.4666666666666667 0.4666666666666667 1.75 1.79 25 1 1.55 1
1 3
APP_3_Output_Layer_0 0.6 0.6 2.25 3.03 3 41 3.03 1
5 6 7 8
4
3.219466333561617
APP_4_Input_Layer_0 0.2 0.2 0.75 2.8 12 46 2.74 1

APP_4_Inner_Layer_0:0 0.13333333333333333 0.13333333333333333 0.5 2.2 32 17 1.18 1
0
APP_4_Inner_Layer_0:1 0.13333333333333333 0.13333333333333333 0.5 1.62 19 39 3.27 1
0
APP_4_Output_Layer_0 0.4666666666666667 0.4666666666666667 1.75 3.68 49 18 1.33 1
1 2
10
3.8301106913856913
APP_5_Input_Layer_0 0.6 0.6 2.25 3.34 46 25 3.74 1

APP_5_Inner_Layer_0:0 0.26666666666666666 0.26666666666666666 1.0 2.8 35 17 3.95 1
0
APP_5_Inner_Layer_0:1 0.5333333333333333 0.5333333333333333 2.0 2.57 23 2 3.7 1
0
APP_5_Inner_Layer_0:2 0.4 0.4 1.5 2.9 36 45 1.96 1
0
APP_5_Inner_Layer_0:3 0.6 0.6 2.25 2.81 11 46 2.44 1
0
APP_5_Inner_Layer_1:0 0.5333333333333333 0.5333333333333333 2.0 3.45 1 44 1.04 1
2 3 4
APP_5_Inner_Layer_1:1 0.13333333333333333 0.13333333333333333 0.5 3.87 36 1 3.9 1
1 2 3
APP_5_Inner_Layer_1:2 0.2 0.2 0.75 3.2 14 27 3.27 1
2 3 4
APP_5_Inner_Layer_1:3 0.5333333333333333 0.5333333333333333 2.0 1.04 20 16 1.02 1
1
APP_5_Output_Layer_0 0.4666666666666667 0.4666666666666667 1.75 1.17 18 5 2.61 0
5 6 7 8
6
4.5408376163962325
APP_6_Input_Layer_0 0.6 0.6 2.25 1.51 15 20 1.8 1

APP_6_Inner_Layer_0:0 0.6 0.6 2.25 3.04 6 19 3.3 1
0
APP_6_Inner_Layer_0:1 0.6 0.6 2.25 3.62 41 25 2.93 1
0
APP_6_Inner_Layer_0:2 0.4 0.4 1.5 1.07 13 44 3.92 1
0
APP_6_Inner_Layer_0:3 0.6 0.6 2.25 2.46 20 44 3.72 1
0
APP_6_Output_Layer_0 0.3333333333333333 0.3333333333333333 1.25 2.37 18 24 3.39 1
1 2 3 4
6
5.169689851756605
APP_7_Input_Layer_0 0.3333333333333333 0.3333333333333333 1.25 1.69 42 10 2.77 1

APP_7_Inner_Layer_0:0 0.13333333333333333 0.13333333333333333 0.5 1.26 39 27 1.84 1
0
APP_7_Inner_Layer_0:1 0.13333333333333333 0.13333333333333333 0.5 2.91 31 7 3.25 1
0
APP_7_Inner_Layer_0:2 0.2 0.2 0.75 2.78 12 23 1.19 1
0
APP_7_Inner_Layer_0:3 0.3333333333333333 0.3333333333333333 1.25 2.78 14 7 1.58 1
0
APP_7_Output_Layer_0 0.6 0.6 2.25 3.8 8 29 3.42 1
1 2 3 4
