10
8
14
0
APP_0_Input_Layer_0 0.13333333333333333 0.13333333333333333 0.5 1.36 22 44 2.04 0

APP_0_Inner_Layer_0:0 0.4666666666666667 0.4666666666666667 1.75 1.75 48 20 2.86 0
0
APP_0_Inner_Layer_0:1 0.3333333333333333 0.3333333333333333 1.25 3.18 1 45 2.23 1
0
APP_0_Inner_Layer_1:0 0.13333333333333333 0.13333333333333333 0.5 2.57 4 18 2.46 1
1
APP_0_Inner_Layer_1:1 0.4 0.4 1.5 2.15 41 34 3.36 1
2
APP_0_Inner_Layer_1:2 0.4 0.4 1.5 2.11 14 44 3.23 1
2
APP_0_Inner_Layer_1:3 0.3333333333333333 0.3333333333333333 1.25 2.12 8 47 2.6 1
1
APP_0_Inner_Layer_2:0 0.26666666666666666 0.26666666666666666 1.0 2.48 19 28 2.57 1
4 5 6
APP_0_Inner_Layer_2:1 0.5333333333333333 0.5333333333333333 2.0 3.46 12 40 1.8 1
3
APP_0_Inner_Layer_3:0 0.5333333333333333 0.5333333333333333 2.0 2.78 31 4 2.57 1
8
APP_0_Inner_Layer_3:1 0.4666666666666667 0.4666666666666667 1.75 1.02 36 21 2.33 1
7 8
APP_0_Inner_Layer_3:2 0.5333333333333333 0.5333333333333333 2.0 1.16 48 31 1.12 1
8
APP_0_Inner_Layer_3:3 0.3333333333333333 0.3333333333333333 1.25 3.54 19 5 1.54 1
8
APP_0_Output_Layer_0 0.4666666666666667 0.4666666666666667 1.75 1.15 5 49 3.67 0
9 10 11 12
10
0.8735900332378974
APP_1_Input_Layer_0 0.4666666666666667 0.4666666666666667 1.75 1.58 27 26 2.5 1

APP_1_Inner_Layer_0:0 0.3333333333333333 0.3333333333333333 1.25 2.88 42 9 1.15 1
0
APP_1_Inner_Layer_1:0 0.2 0.2 0.75 1.34 22 5 3.44 1
1
APP_1_Inner_Layer_1:1 0.3333333333333333 0.3333333333333333 1.25 3.29 3 17 2.46 1
1
APP_1_Inner_Layer_1:2 0.4 0.4 1.5 3.23 32 9 2.79 1
1
APP_1_Inner_Layer_2:0 0.2 0.2 0.75 3.23 26 19 1.3 1
2 3 4
APP_1_Inner_Layer_2:1 0.2 0.2 0.75 2.67 30 34 1.2 1
2 4
APP_1_Inner_Layer_2:2 0.4666666666666667 0.4666666666666667 1.75 1.02 23 48 3.54 1
2 4
APP_1_Inner_Layer_2:3 0.13333333333333333 0.13333333333333333 0.5 1.13 22 29 3.86 1
3
APP_1_Output_Layer_0 0.4 0.4 1.5 2.53 45 42 2.23 1
5 6 7 8
5
1.8136094826766256
APP_2_Input_Layer_0 0.4 0.4 1.5 1.04 21 33 1.0 1

APP_2_Inner_Layer_0:0 0.5333333333333333 0.5333333333333333 2.0 1.61 13 1 3.05 1
0
APP_2_Inner_Layer_1:0 0.06666666666666667 0.06666666666666667 0.25 3.78 44 38 3.72 1
1
APP_2_Inner_Layer_1:1 0.26666666666666666 0.26666666666666666 1.0 3.85 42 42 2.6 1
1
APP_2_Output_Layer_0 0.06666666666666667 0.06666666666666667 0.25 1.64 13 4 1.04 1
2 3
16
2.8284504313516967
APP_3_Input_Layer_0 0.13333333333333333 0.13333333333333333 0.5 1.81 48 4 1.06 0

APP_3_Inner_Layer_0:0 0.4 0.4 1.5 3.32 5 1 2.24 1
0
APP_3_Inner_Layer_0:1 0.6 0.6 2.25 2.75 38 43 3.99 1
0
APP_3_Inner_Layer_0:2 0.4 0.4 1.5 3.8 11 14 2.31 1
0
APP_3_Inner_Layer_0:3 0.5333333333333333 0.5333333333333333 2.0 3.1 43 37 1.77 1
0
APP_3_Inner_Layer_1:0 0.6 0.6 2.25 2.78 4 38 1.8 1
2 4
APP_3_Inner_Layer_1:1 0.3333333333333333 0.3333333333333333 1.25 1.1 39 45 2.07 1
2 3 1
APP_3_Inner_Layer_1:2 0.3333333333333333 0.3333333333333333 1.25 2.53 27 31 3.69 1
2 4
APP_3_Inner_Layer_1:3 0.3333333333333333 0.3333333333333333 1.25 3.89 6 10 3.62 1
1 2 3
APP_3_Inner_Layer_2:0 0.5333333333333333 0.5333333333333333 2.0 1.72 23 12 2.54 1
7
APP_3_Inner_Layer_2:1 0.4666666666666667 0.4666666666666667 1.75 1.33 27 23 2.83 1
5 8
APP_3_Inner_Layer_2:2 0.13333333333333333 0.13333333333333333 0.5 2.84 2 39 1.46 1
6 7 8
APP_3_Inner_Layer_3:0 0.6 0.6 2.25 3.68 30 39 2.72 0
11
APP_3_Inner_Layer_3:1 0.06666666666666667 0.06666666666666667 0.25 2.29 45 11 1.08 1
9
APP_3_Inner_Layer_3:2 0.4 0.4 1.5 1.87 2 24 3.6 0
10 11
APP_3_Output_Layer_0 0.06666666666666667 0.06666666666666667 0.25 3.86 36 38 2.34 1
12 13 14
9
3.6158434763731275
APP_4_Input_Layer_0 0.6 0.6 2.25 2.1 39 30 1.91 0

APP_4_Inner_Layer_0:0 0.06666666666666667 0.06666666666666667 0.25 3.0 3 28 1.26 1
0
APP_4_Inner_Layer_0:1 0.26666666666666666 0.26666666666666666 1.0 1.62 20 33 1.54 1
0
APP_4_Inner_Layer_0:2 0.06666666666666667 0.06666666666666667 0.25 2.39 47 39 2.19 1
0
APP_4_Inner_Layer_1:0 0.2 0.2 0.75 3.26 47 14 2.98 1
3 1
APP_4_Inner_Layer_1:1 0.4666666666666667 0.4666666666666667 1.75 1.13 6 13 3.11 1
3 1
APP_4_Inner_Layer_1:2 0.6 0.6 2.25 3.03 3 41 3.5 1
1
APP_4_Inner_Layer_1:3 0.06666666666666667 0.06666666666666667 0.25 2.12 45 39 2.65 1
2 3
APP_4_Output_Layer_0 0.3333333333333333 0.3333333333333333 1.25 2.83 12 42 2.16 1
4 5 6 7
8
4.117962318689228
APP_5_Input_Layer_0 0.4666666666666667 0.4666666666666667 1.75 2.28 14 19 2.59 1

APP_5_Inner_Layer_0:0 0.26666666666666666 0.26666666666666666 1.0 3.91 1 28 1.64 0
0
APP_5_Inner_Layer_0:1 0.06666666666666667 0.06666666666666667 0.25 2.07 45 13 3.33 1
0
APP_5_Inner_Layer_0:2 0.4666666666666667 0.4666666666666667 1.75 3.75 40 32 3.96 1
0
APP_5_Inner_Layer_0:3 0.2 0.2 0.75 1.65 31 25 2.77 1
0
APP_5_Inner_Layer_1:0 0.06666666666666667 0.06666666666666667 0.25 1.95 33 36 2.52 1
1 2 3 4
APP_5_Inner_Layer_2:0 0.13333333333333333 0.13333333333333333 0.5 1.06 33 49 2.85 0
5
APP_5_Output_Layer_0 0.4666666666666667 0.4666666666666667 1.75 1.42 38 46 2.89 1
6
4
4.620342387619323
APP_6_Input_Layer_0 0.3333333333333333 0.3333333333333333 1.25 2.74 7 18 3.28 0

APP_6_Inner_Layer_0:0 0.5333333333333333 0.5333333333333333 2.0 1.19 23 4 1.75 1
0
APP_6_Inner_Layer_0:1 0.4666666666666667 0.4666666666666667 1.75 2.99 45 6 3.92 1
0
APP_6_Output_Layer_0 0.6 0.6 2.25 2.72 2 40 2.3 1
1 2
6
5.659942338002755
APP_7_Input_Layer_0 0.06666666666666667 0.06666666666666667 0.25 2.59 24 4 3.27 1

APP_7_Inner_Layer_0:0 0.6 0.6 2.25 3.48 15 13 3.13 1
0
APP_7_Inner_Layer_0:1 0.13333333333333333 0.13333333333333333 0.5 3.76 13 18 2.8 1
0
APP_7_Inner_Layer_0:2 0.2 0.2 0.75 3.55 9 39 1.72 1
0
APP_7_Inner_Layer_0:3 0.2 0.2 0.75 1.3 30 25 3.79 0
0
APP_7_Output_Layer_0 0.4666666666666667 0.4666666666666667 1.75 2.23 14 15 3.81 1
1 2 3 4
