10
8
7
0
APP_0_Input_Layer_0 0.5333333333333333 0.5333333333333333 2.0 3.5 4 19 1.99 1

APP_0_Inner_Layer_0:0 0.13333333333333333 0.13333333333333333 0.5 1.26 39 11 3.86 1
0
APP_0_Inner_Layer_0:1 0.4 0.4 1.5 3.89 35 29 1.89 1
0
APP_0_Inner_Layer_0:2 0.06666666666666667 0.06666666666666667 0.25 1.2 25 4 3.17 1
0
APP_0_Inner_Layer_0:3 0.3333333333333333 0.3333333333333333 1.25 2.66 41 33 2.58 1
0
APP_0_Inner_Layer_1:0 0.3333333333333333 0.3333333333333333 1.25 2.19 28 26 2.1 1
1 2 3 4
APP_0_Output_Layer_0 0.4 0.4 1.5 3.09 34 15 2.01 1
5
4
0.9989521143213237
APP_1_Input_Layer_0 0.13333333333333333 0.13333333333333333 0.5 3.21 16 37 2.55 0

APP_1_Inner_Layer_0:0 0.06666666666666667 0.06666666666666667 0.25 3.73 32 10 3.36 1
0
APP_1_Inner_Layer_1:0 0.13333333333333333 0.13333333333333333 0.5 3.06 15 24 1.74 1
1
APP_1_Output_Layer_0 0.06666666666666667 0.06666666666666667 0.25 3.37 23 39 3.62 1
2
13
2.205349090356852
APP_2_Input_Layer_0 0.26666666666666666 0.26666666666666666 1.0 3.07 19 24 3.25 1

APP_2_Inner_Layer_0:0 0.26666666666666666 0.26666666666666666 1.0 1.48 8 2 3.0 1
0
APP_2_Inner_Layer_1:0 0.2 0.2 0.75 3.18 4 36 1.36 1
1
APP_2_Inner_Layer_1:1 0.5333333333333333 0.5333333333333333 2.0 3.4 42 10 2.24 1
1
APP_2_Inner_Layer_1:2 0.4 0.4 1.5 3.15 32 23 3.35 1
1
APP_2_Inner_Layer_1:3 0.3333333333333333 0.3333333333333333 1.25 1.88 37 30 1.11 1
1
APP_2_Inner_Layer_2:0 0.13333333333333333 0.13333333333333333 0.5 3.45 45 32 3.25 1
2 3 5
APP_2_Inner_Layer_2:1 0.13333333333333333 0.13333333333333333 0.5 2.49 16 42 2.56 1
2 4 5
APP_2_Inner_Layer_2:2 0.2 0.2 0.75 3.3 48 40 2.35 1
2 3 4
APP_2_Inner_Layer_2:3 0.5333333333333333 0.5333333333333333 2.0 2.91 6 42 1.8 1
4 5
APP_2_Inner_Layer_3:0 0.6 0.6 2.25 2.87 48 24 3.25 1
6 9
APP_2_Inner_Layer_3:1 0.06666666666666667 0.06666666666666667 0.25 1.4 9 48 3.47 1
7 8
APP_2_Output_Layer_0 0.13333333333333333 0.13333333333333333 0.5 1.55 32 14 2.78 1
10 11
10
2.7598487181141387
APP_3_Input_Layer_0 0.26666666666666666 0.26666666666666666 1.0 2.02 24 24 3.78 1

APP_3_Inner_Layer_0:0 0.4 0.4 1.5 3.95 31 14 2.17 1
0
APP_3_Inner_Layer_0:1 0.26666666666666666 0.26666666666666666 1.0 2.33 31 7 1.76 1
0
APP_3_Inner_Layer_0:2 0.4 0.4 1.5 1.74 4 28 3.21 1
0
APP_3_Inner_Layer_0:3 0.26666666666666666 0.26666666666666666 1.0 2.08 45 28 2.25 1
0
APP_3_Inner_Layer_1:0 0.4 0.4 1.5 1.05 5 3 3.59 1
1 3 4
APP_3_Inner_Layer_1:1 0.4666666666666667 0.4666666666666667 1.75 1.02 31 32 2.19 1
1 2 3 4
APP_3_Inner_Layer_1:2 0.26666666666666666 0.26666666666666666 1.0 2.65 48 19 2.06 1
3
APP_3_Inner_Layer_1:3 0.4 0.4 1.5 1.1 12 21 2.7 1
4
APP_3_Output_Layer_0 0.4666666666666667 0.4666666666666667 1.75 2.27 14 33 3.87 1
5 6 7 8
5
3.610930668892146
APP_4_Input_Layer_0 0.06666666666666667 0.06666666666666667 0.25 1.73 34 7 2.43 1

APP_4_Inner_Layer_0:0 0.2 0.2 0.75 2.86 49 6 3.61 1
0
APP_4_Inner_Layer_0:1 0.06666666666666667 0.06666666666666667 0.25 2.52 40 20 2.91 1
0
APP_4_Inner_Layer_0:2 0.3333333333333333 0.3333333333333333 1.25 3.47 8 29 2.78 1
0
APP_4_Output_Layer_0 0.4666666666666667 0.4666666666666667 1.75 3.67 7 16 3.29 1
1 2 3
11
4.154270570041243
APP_5_Input_Layer_0 0.13333333333333333 0.13333333333333333 0.5 1.35 24 30 1.07 1

APP_5_Inner_Layer_0:0 0.06666666666666667 0.06666666666666667 0.25 1.56 39 46 3.87 1
0
APP_5_Inner_Layer_1:0 0.4 0.4 1.5 3.66 39 29 3.16 1
1
APP_5_Inner_Layer_1:1 0.5333333333333333 0.5333333333333333 2.0 1.5 38 40 1.18 1
1
APP_5_Inner_Layer_1:2 0.3333333333333333 0.3333333333333333 1.25 2.95 47 20 1.35 1
1
APP_5_Inner_Layer_1:3 0.3333333333333333 0.3333333333333333 1.25 2.94 24 46 1.2 1
1
APP_5_Inner_Layer_2:0 0.2 0.2 0.75 1.16 32 39 1.71 1
2 3 4
APP_5_Inner_Layer_2:1 0.4 0.4 1.5 2.95 21 16 2.3 1
3 5
APP_5_Inner_Layer_2:2 0.3333333333333333 0.3333333333333333 1.25 1.38 32 27 2.72 1
4 5
APP_5_Inner_Layer_3:0 0.3333333333333333 0.3333333333333333 1.25 2.65 1 15 2.13 1
6 7 8
APP_5_Output_Layer_0 0.2 0.2 0.75 2.18 19 38 1.57 1
9
7
4.900118027372203
APP_6_Input_Layer_0 0.13333333333333333 0.13333333333333333 0.5 3.32 43 32 2.04 1

APP_6_Inner_Layer_0:0 0.5333333333333333 0.5333333333333333 2.0 3.46 21 7 1.91 0
0
APP_6_Inner_Layer_0:1 0.2 0.2 0.75 3.94 34 2 3.94 1
0
APP_6_Inner_Layer_0:2 0.6 0.6 2.25 1.58 19 31 3.02 1
0
APP_6_Inner_Layer_1:0 0.5333333333333333 0.5333333333333333 2.0 1.28 29 29 3.98 1
3
APP_6_Inner_Layer_1:1 0.4666666666666667 0.4666666666666667 1.75 1.13 23 24 3.34 1
1 2
APP_6_Output_Layer_0 0.13333333333333333 0.13333333333333333 0.5 3.32 46 14 2.41 1
4 5
10
5.451647109299031
APP_7_Input_Layer_0 0.6 0.6 2.25 1.46 25 9 2.7 1

APP_7_Inner_Layer_0:0 0.4666666666666667 0.4666666666666667 1.75 2.83 44 19 3.17 1
0
APP_7_Inner_Layer_1:0 0.4666666666666667 0.4666666666666667 1.75 2.03 16 22 1.84 1
1
APP_7_Inner_Layer_1:1 0.6 0.6 2.25 2.43 36 24 1.03 1
1
APP_7_Inner_Layer_2:0 0.13333333333333333 0.13333333333333333 0.5 1.86 10 14 3.11 1
2 3
APP_7_Inner_Layer_3:0 0.4666666666666667 0.4666666666666667 1.75 1.35 35 17 3.77 0
4
APP_7_Inner_Layer_3:1 0.06666666666666667 0.06666666666666667 0.25 1.15 25 10 1.25 1
4
APP_7_Inner_Layer_3:2 0.13333333333333333 0.13333333333333333 0.5 1.98 3 45 1.77 1
4
APP_7_Inner_Layer_3:3 0.2 0.2 0.75 2.54 28 19 3.0 1
4
APP_7_Output_Layer_0 0.4 0.4 1.5 2.34 49 10 2.54 1
5 6 7 8
