10
8
11
0
APP_0_Input_Layer_0 0.4 0.4 1.5 2.23 8 6 2.75 1

APP_0_Inner_Layer_0:0 0.3333333333333333 0.3333333333333333 1.25 3.25 13 28 2.69 1
0
APP_0_Inner_Layer_0:1 0.6 0.6 2.25 1.28 48 7 1.83 1
0
APP_0_Inner_Layer_0:2 0.4666666666666667 0.4666666666666667 1.75 1.76 42 44 3.39 1
0
APP_0_Inner_Layer_1:0 0.13333333333333333 0.13333333333333333 0.5 2.82 3 36 3.6 1
2
APP_0_Inner_Layer_1:1 0.6 0.6 2.25 3.4 26 17 2.78 1
2 3
APP_0_Inner_Layer_1:2 0.06666666666666667 0.06666666666666667 0.25 3.11 3 1 1.8 1
1
APP_0_Inner_Layer_2:0 0.06666666666666667 0.06666666666666667 0.25 2.51 30 47 1.65 1
4 5
APP_0_Inner_Layer_2:1 0.4 0.4 1.5 2.4 9 4 1.33 1
4 6
APP_0_Inner_Layer_2:2 0.13333333333333333 0.13333333333333333 0.5 1.67 38 11 3.33 1
5 6
APP_0_Output_Layer_0 0.13333333333333333 0.13333333333333333 0.5 1.98 22 10 2.96 1
7 8 9
10
0.4866049052522965
APP_1_Input_Layer_0 0.06666666666666667 0.06666666666666667 0.25 1.58 14 30 2.48 0

APP_1_Inner_Layer_0:0 0.13333333333333333 0.13333333333333333 0.5 2.33 25 15 2.25 0
0
APP_1_Inner_Layer_0:1 0.4666666666666667 0.4666666666666667 1.75 3.55 30 49 3.99 1
0
APP_1_Inner_Layer_0:2 0.13333333333333333 0.13333333333333333 0.5 3.23 8 41 2.1 1
0
APP_1_Inner_Layer_1:0 0.2 0.2 0.75 3.13 49 1 2.42 0
1 3
APP_1_Inner_Layer_1:1 0.4666666666666667 0.4666666666666667 1.75 3.17 7 28 2.51 1
2
APP_1_Inner_Layer_1:2 0.4 0.4 1.5 2.38 2 34 1.65 1
1 3
APP_1_Inner_Layer_2:0 0.2 0.2 0.75 2.9 35 45 2.18 1
4 6
APP_1_Inner_Layer_2:1 0.06666666666666667 0.06666666666666667 0.25 1.98 18 25 3.55 0
5
APP_1_Output_Layer_0 0.06666666666666667 0.06666666666666667 0.25 1.58 6 8 3.88 1
7 8
8
1.2400142154166351
APP_2_Input_Layer_0 0.06666666666666667 0.06666666666666667 0.25 2.41 4 20 1.97 1

APP_2_Inner_Layer_0:0 0.5333333333333333 0.5333333333333333 2.0 3.22 28 47 3.87 1
0
APP_2_Inner_Layer_1:0 0.26666666666666666 0.26666666666666666 1.0 2.03 43 45 1.33 1
1
APP_2_Inner_Layer_1:1 0.3333333333333333 0.3333333333333333 1.25 3.29 10 18 3.49 1
1
APP_2_Inner_Layer_1:2 0.13333333333333333 0.13333333333333333 0.5 1.2 49 35 2.72 1
1
APP_2_Inner_Layer_1:3 0.13333333333333333 0.13333333333333333 0.5 2.96 3 30 1.68 1
1
APP_2_Inner_Layer_2:0 0.2 0.2 0.75 3.15 27 49 1.97 1
2 3 4 5
APP_2_Output_Layer_0 0.4 0.4 1.5 2.13 15 4 1.94 1
6
9
1.9875370115655457
APP_3_Input_Layer_0 0.4666666666666667 0.4666666666666667 1.75 3.07 24 28 1.38 0

APP_3_Inner_Layer_0:0 0.06666666666666667 0.06666666666666667 0.25 3.8 9 1 2.47 1
0
APP_3_Inner_Layer_1:0 0.2 0.2 0.75 2.54 34 37 3.06 1
1
APP_3_Inner_Layer_1:1 0.4666666666666667 0.4666666666666667 1.75 3.03 8 10 2.9 1
1
APP_3_Inner_Layer_1:2 0.3333333333333333 0.3333333333333333 1.25 3.2 42 5 2.37 1
1
APP_3_Inner_Layer_2:0 0.3333333333333333 0.3333333333333333 1.25 1.32 39 39 3.77 1
2
APP_3_Inner_Layer_2:1 0.5333333333333333 0.5333333333333333 2.0 1.74 3 30 3.81 1
2 3 4
APP_3_Inner_Layer_3:0 0.4 0.4 1.5 3.15 12 35 3.92 1
5 6
APP_3_Output_Layer_0 0.26666666666666666 0.26666666666666666 1.0 3.47 4 24 2.77 1
7
13
2.671834572603488
APP_4_Input_Layer_0 0.2 0.2 0.75 3.06 49 3 3.91 1

APP_4_Inner_Layer_0:0 0.3333333333333333 0.3333333333333333 1.25 2.56 44 46 2.7 1
0
APP_4_Inner_Layer_0:1 0.5333333333333333 0.5333333333333333 2.0 1.93 48 15 3.19 1
0
APP_4_Inner_Layer_1:0 0.4 0.4 1.5 2.1 38 16 2.16 1
1
APP_4_Inner_Layer_1:1 0.3333333333333333 0.3333333333333333 1.25 3.5 13 7 1.6 1
1
APP_4_Inner_Layer_1:2 0.5333333333333333 0.5333333333333333 2.0 2.3 13 5 3.35 1
1
APP_4_Inner_Layer_1:3 0.4 0.4 1.5 1.87 28 36 3.34 1
2
APP_4_Inner_Layer_2:0 0.06666666666666667 0.06666666666666667 0.25 3.39 10 19 1.29 1
4 5 6
APP_4_Inner_Layer_2:1 0.2 0.2 0.75 3.18 30 33 3.76 1
3 4 5 6
APP_4_Inner_Layer_2:2 0.5333333333333333 0.5333333333333333 2.0 1.71 18 15 1.48 1
3 4
APP_4_Inner_Layer_2:3 0.4 0.4 1.5 1.14 27 3 3.59 1
5 6
APP_4_Inner_Layer_3:0 0.2 0.2 0.75 2.51 32 4 1.86 0
7 8 9 10
APP_4_Output_Layer_0 0.4666666666666667 0.4666666666666667 1.75 2.07 24 18 2.38 1
11
7
3.1817026277974216
APP_5_Input_Layer_0 0.06666666666666667 0.06666666666666667 0.25 1.08 20 21 3.68 1

APP_5_Inner_Layer_0:0 0.2 0.2 0.75 1.87 13 23 1.37 1
0
APP_5_Inner_Layer_0:1 0.2 0.2 0.75 3.68 47 47 3.2 1
0
APP_5_Inner_Layer_0:2 0.2 0.2 0.75 3.3 44 13 2.23 1
0
APP_5_Inner_Layer_0:3 0.2 0.2 0.75 1.32 12 18 1.82 0
0
APP_5_Inner_Layer_1:0 0.5333333333333333 0.5333333333333333 2.0 3.81 47 17 1.37 1
1 2 3 4
APP_5_Output_Layer_0 0.13333333333333333 0.13333333333333333 0.5 3.32 11 5 3.95 1
5
12
3.825900415453732
APP_6_Input_Layer_0 0.06666666666666667 0.06666666666666667 0.25 1.24 6 27 1.07 1

APP_6_Inner_Layer_0:0 0.06666666666666667 0.06666666666666667 0.25 3.39 16 16 1.08 0
0
APP_6_Inner_Layer_0:1 0.06666666666666667 0.06666666666666667 0.25 1.83 32 16 1.67 1
0
APP_6_Inner_Layer_0:2 0.4 0.4 1.5 1.95 9 28 3.72 1
0
APP_6_Inner_Layer_0:3 0.13333333333333333 0.13333333333333333 0.5 3.01 10 48 2.11 1
0
APP_6_Inner_Layer_1:0 0.26666666666666666 0.26666666666666666 1.0 3.68 14 1 1.27 1
3
APP_6_Inner_Layer_1:1 0.2 0.2 0.75 1.43 43 32 2.0 0
1 2 4
APP_6_Inner_Layer_2:0 0.06666666666666667 0.06666666666666667 0.25 2.64 20 36 2.94 1
5 6
APP_6_Inner_Layer_3:0 0.13333333333333333 0.13333333333333333 0.5 3.08 44 40 1.15 1
7
APP_6_Inner_Layer_3:1 0.13333333333333333 0.13333333333333333 0.5 1.03 26 43 1.36 1
7
APP_6_Inner_Layer_3:2 0.3333333333333333 0.3333333333333333 1.25 2.31 28 4 3.16 1
7
APP_6_Output_Layer_0 0.13333333333333333 0.13333333333333333 0.5 2.87 20 33 2.6 0
8 9 10
4
4.767419551298739
APP_7_Input_Layer_0 0.06666666666666667 0.06666666666666667 0.25 2.86 42 39 1.35 1

APP_7_Inner_Layer_0:0 0.2 0.2 0.75 1.6 9 40 1.11 1
0
APP_7_Inner_Layer_0:1 0.26666666666666666 0.26666666666666666 1.0 1.99 13 48 2.53 1
0
APP_7_Output_Layer_0 0.06666666666666667 0.06666666666666667 0.25 3.06 8 32 3.88 1
1 2
