10
8
9
0
APP_0_Input_Layer_0 0.26666666666666666 0.26666666666666666 1.0 1.12 47 44 1.13 1

APP_0_Inner_Layer_0:0 0.6 0.6 2.25 1.09 12 10 3.78 1
0
APP_0_Inner_Layer_1:0 0.3333333333333333 0.3333333333333333 1.25 2.33 18 24 2.53 1
1
APP_0_Inner_Layer_1:1 0.4 0.4 1.5 1.2 7 29 2.27 1
1
APP_0_Inner_Layer_2:0 0.13333333333333333 0.13333333333333333 0.5 1.13 39 3 1.29 1
2 3
APP_0_Inner_Layer_3:0 0.06666666666666667 0.06666666666666667 0.25 2.84 34 32 2.7 1
4
APP_0_Inner_Layer_3:1 0.4666666666666667 0.4666666666666667 1.75 2.53 6 35 1.11 1
4
APP_0_Inner_Layer_3:2 0.2 0.2 0.75 3.09 30 11 1.84 1
4
APP_0_Output_Layer_0 0.3333333333333333 0.3333333333333333 1.25 3.87 24 38 3.59 1
5 6 7
10
0.8595643278721449
APP_1_Input_Layer_0 0.4666666666666667 0.4666666666666667 1.75 3.58 31 8 1.51 0

APP_1_Inner_Layer_0:0 0.13333333333333333 0.13333333333333333 0.5 1.65 28 33 3.2 1
0
APP_1_Inner_Layer_0:1 0.26666666666666666 0.26666666666666666 1.0 2.07 48 10 1.94 1
0
APP_1_Inner_Layer_1:0 0.2 0.2 0.75 3.54 37 24 2.33 1
1 2
APP_1_Inner_Layer_1:1 0.26666666666666666 0.26666666666666666 1.0 1.24 14 13 2.93 1
1
APP_1_Inner_Layer_1:2 0.06666666666666667 0.06666666666666667 0.25 2.93 31 12 3.89 1
2
APP_1_Inner_Layer_1:3 0.26666666666666666 0.26666666666666666 1.0 1.18 39 19 2.18 1
1 2
APP_1_Inner_Layer_2:0 0.06666666666666667 0.06666666666666667 0.25 1.54 41 9 3.23 1
3 5 6
APP_1_Inner_Layer_2:1 0.3333333333333333 0.3333333333333333 1.25 1.79 31 34 2.67 1
4
APP_1_Output_Layer_0 0.4 0.4 1.5 2.25 47 30 1.98 0
7 8
8
1.6170392321812062
APP_2_Input_Layer_0 0.5333333333333333 0.5333333333333333 2.0 3.26 35 17 1.91 1

APP_2_Inner_Layer_0:0 0.06666666666666667 0.06666666666666667 0.25 3.74 32 5 3.45 1
0
APP_2_Inner_Layer_0:1 0.6 0.6 2.25 3.49 41 18 3.77 1
0
APP_2_Inner_Layer_1:0 0.06666666666666667 0.06666666666666667 0.25 3.89 16 48 2.99 1
1 2
APP_2_Inner_Layer_2:0 0.3333333333333333 0.3333333333333333 1.25 2.74 11 34 2.79 1
3
APP_2_Inner_Layer_3:0 0.26666666666666666 0.26666666666666666 1.0 3.56 2 22 1.4 1
4
APP_2_Inner_Layer_3:1 0.4666666666666667 0.4666666666666667 1.75 1.26 48 19 2.31 1
4
APP_2_Output_Layer_0 0.06666666666666667 0.06666666666666667 0.25 1.3 21 9 1.92 1
5 6
7
2.4018830857335995
APP_3_Input_Layer_0 0.26666666666666666 0.26666666666666666 1.0 2.22 2 21 2.25 1

APP_3_Inner_Layer_0:0 0.5333333333333333 0.5333333333333333 2.0 2.82 5 37 3.53 1
0
APP_3_Inner_Layer_1:0 0.06666666666666667 0.06666666666666667 0.25 1.63 40 41 2.04 1
1
APP_3_Inner_Layer_1:1 0.4 0.4 1.5 2.41 26 23 2.26 1
1
APP_3_Inner_Layer_1:2 0.13333333333333333 0.13333333333333333 0.5 3.98 6 8 2.04 0
1
APP_3_Inner_Layer_1:3 0.06666666666666667 0.06666666666666667 0.25 1.45 37 32 2.51 0
1
APP_3_Output_Layer_0 0.4666666666666667 0.4666666666666667 1.75 3.01 3 6 1.95 1
2 3 4 5
9
3.151857616480319
APP_4_Input_Layer_0 0.5333333333333333 0.5333333333333333 2.0 3.38 42 30 2.36 1

APP_4_Inner_Layer_0:0 0.13333333333333333 0.13333333333333333 0.5 3.41 42 48 2.36 1
0
APP_4_Inner_Layer_1:0 0.26666666666666666 0.26666666666666666 1.0 3.85 7 31 3.83 1
1
APP_4_Inner_Layer_1:1 0.4666666666666667 0.4666666666666667 1.75 2.13 24 14 4.0 1
1
APP_4_Inner_Layer_2:0 0.5333333333333333 0.5333333333333333 2.0 3.94 49 42 1.54 1
2 3
APP_4_Inner_Layer_2:1 0.4666666666666667 0.4666666666666667 1.75 2.97 37 28 2.94 1
2
APP_4_Inner_Layer_3:0 0.26666666666666666 0.26666666666666666 1.0 3.55 43 20 3.5 1
5
APP_4_Inner_Layer_3:1 0.4 0.4 1.5 3.17 17 33 2.06 1
4
APP_4_Output_Layer_0 0.2 0.2 0.75 1.54 26 3 3.44 1
6 7
7
4.280396784184165
APP_5_Input_Layer_0 0.06666666666666667 0.06666666666666667 0.25 3.63 26 26 3.2 1

APP_5_Inner_Layer_0:0 0.6 0.6 2.25 1.79 23 31 1.29 1
0
APP_5_Inner_Layer_1:0 0.4666666666666667 0.4666666666666667 1.75 2.06 11 19 2.25 1
1
APP_5_Inner_Layer_1:1 0.4 0.4 1.5 1.14 26 3 3.68 1
1
APP_5_Inner_Layer_1:2 0.2 0.2 0.75 3.33 45 16 1.57 0
1
APP_5_Inner_Layer_2:0 0.3333333333333333 0.3333333333333333 1.25 1.63 11 42 1.51 1
2 3 4
APP_5_Output_Layer_0 0.5333333333333333 0.5333333333333333 2.0 3.58 15 28 1.73 1
5
10
4.872962278896603
APP_6_Input_Layer_0 0.06666666666666667 0.06666666666666667 0.25 3.93 42 2 3.91 1

APP_6_Inner_Layer_0:0 0.2 0.2 0.75 2.03 4 2 2.16 1
0
APP_6_Inner_Layer_0:1 0.4 0.4 1.5 3.55 43 23 1.78 1
0
APP_6_Inner_Layer_1:0 0.4666666666666667 0.4666666666666667 1.75 3.23 29 42 1.14 0
1
APP_6_Inner_Layer_1:1 0.13333333333333333 0.13333333333333333 0.5 3.9 49 30 3.56 1
1
APP_6_Inner_Layer_1:2 0.06666666666666667 0.06666666666666667 0.25 2.77 2 22 2.67 1
2
APP_6_Inner_Layer_2:0 0.26666666666666666 0.26666666666666666 1.0 2.47 17 29 3.09 1
5
APP_6_Inner_Layer_2:1 0.3333333333333333 0.3333333333333333 1.25 3.84 23 15 3.47 1
3 4
APP_6_Inner_Layer_3:0 0.2 0.2 0.75 2.59 24 47 1.77 1
6 7
APP_6_Output_Layer_0 0.5333333333333333 0.5333333333333333 2.0 1.76 4 38 2.94 1
8
3
5.94633792330029
APP_7_Input_Layer_0 0.4 0.4 1.5 1.4 44 7 1.2 1

APP_7_Inner_Layer_0:0 0.5333333333333333 0.5333333333333333 2.0 3.13 48 49 3.4 1
0
APP_7_Output_Layer_0 0.3333333333333333 0.3333333333333333 1.25 1.23 25 23 2.32 1
1
