10
8
12
0
APP_0_Input_Layer_0 0.4 0.4 1.5 3.95 44 4 2.62 0

APP_0_Inner_Layer_0:0 0.5333333333333333 0.5333333333333333 2.0 3.23 14 38 2.5 1
0
APP_0_Inner_Layer_0:1 0.2 0.2 0.75 3.91 16 22 2.62 1
0
APP_0_Inner_Layer_0:2 0.26666666666666666 0.26666666666666666 1.0 2.28 25 18 3.1 1
0
APP_0_Inner_Layer_0:3 0.2 0.2 0.75 2.89 23 7 2.16 1
0
APP_0_Inner_Layer_1:0 0.6 0.6 2.25 2.71 4 5 2.67 1
2 4
APP_0_Inner_Layer_1:1 0.5333333333333333 0.5333333333333333 2.0 1.34 32 44 2.43 1
1 3 4
APP_0_Inner_Layer_1:2 0.26666666666666666 0.26666666666666666 1.0 2.83 7 29 2.85 1
1
APP_0_Inner_Layer_2:0 0.5333333333333333 0.5333333333333333 2.0 2.46 18 23 1.49 1
5 6 7
APP_0_Inner_Layer_2:1 0.06666666666666667 0.06666666666666667 0.25 2.35 21 47 1.31 1
5 6
APP_0_Inner_Layer_3:0 0.13333333333333333 0.13333333333333333 0.5 2.93 18 37 2.4 1
8 9
APP_0_Output_Layer_0 0.6 0.6 2.25 2.79 34 3 2.46 1
10
6
1.229814029163796
APP_1_Input_Layer_0 0.4666666666666667 0.4666666666666667 1.75 2.01 49 16 1.57 1

APP_1_Inner_Layer_0:0 0.4 0.4 1.5 3.2 21 24 1.54 1
0
APP_1_Inner_Layer_0:1 0.13333333333333333 0.13333333333333333 0.5 2.91 36 29 1.86 1
0
APP_1_Inner_Layer_0:2 0.6 0.6 2.25 3.9 16 8 2.73 1
0
APP_1_Inner_Layer_1:0 0.26666666666666666 0.26666666666666666 1.0 2.35 47 47 3.13 1
1 2 3
APP_1_Output_Layer_0 0.26666666666666666 0.26666666666666666 1.0 3.16 10 49 2.81 1
4
11
2.404223300548069
APP_2_Input_Layer_0 0.06666666666666667 0.06666666666666667 0.25 1.81 16 27 3.6 1

APP_2_Inner_Layer_0:0 0.4 0.4 1.5 2.38 15 31 2.23 1
0
APP_2_Inner_Layer_0:1 0.26666666666666666 0.26666666666666666 1.0 1.1 14 20 2.55 1
0
APP_2_Inner_Layer_1:0 0.06666666666666667 0.06666666666666667 0.25 1.17 19 21 1.7 1
1 2
APP_2_Inner_Layer_1:1 0.5333333333333333 0.5333333333333333 2.0 1.98 34 14 3.54 1
1
APP_2_Inner_Layer_2:0 0.3333333333333333 0.3333333333333333 1.25 3.1 42 34 1.73 1
4
APP_2_Inner_Layer_2:1 0.4 0.4 1.5 2.58 37 47 3.0 1
3
APP_2_Inner_Layer_2:2 0.6 0.6 2.25 2.79 6 30 3.07 1
4
APP_2_Inner_Layer_2:3 0.4666666666666667 0.4666666666666667 1.75 1.78 14 34 3.89 1
3
APP_2_Inner_Layer_3:0 0.2 0.2 0.75 1.09 25 44 3.56 1
5 6 7 8
APP_2_Output_Layer_0 0.4666666666666667 0.4666666666666667 1.75 3.97 49 2 3.56 0
9
11
2.9299967481012255
APP_3_Input_Layer_0 0.3333333333333333 0.3333333333333333 1.25 3.39 10 46 2.98 1

APP_3_Inner_Layer_0:0 0.13333333333333333 0.13333333333333333 0.5 2.57 27 39 1.33 1
0
APP_3_Inner_Layer_0:1 0.3333333333333333 0.3333333333333333 1.25 2.3 1 14 1.07 1
0
APP_3_Inner_Layer_0:2 0.3333333333333333 0.3333333333333333 1.25 3.12 14 39 3.91 1
0
APP_3_Inner_Layer_1:0 0.3333333333333333 0.3333333333333333 1.25 2.88 11 45 3.44 1
1 2 3
APP_3_Inner_Layer_1:1 0.5333333333333333 0.5333333333333333 2.0 1.32 36 22 2.78 1
3
APP_3_Inner_Layer_2:0 0.2 0.2 0.75 2.15 38 44 3.7 1
5
APP_3_Inner_Layer_2:1 0.26666666666666666 0.26666666666666666 1.0 2.1 39 17 1.52 1
4 5
APP_3_Inner_Layer_3:0 0.4666666666666667 0.4666666666666667 1.75 1.85 43 43 1.04 1
6
APP_3_Inner_Layer_3:1 0.4666666666666667 0.4666666666666667 1.75 1.78 28 15 2.16 1
7
APP_3_Output_Layer_0 0.26666666666666666 0.26666666666666666 1.0 3.36 43 43 2.3 1
8 9
8
3.9266234437823426
APP_4_Input_Layer_0 0.4 0.4 1.5 1.54 11 3 3.03 1

APP_4_Inner_Layer_0:0 0.4666666666666667 0.4666666666666667 1.75 2.91 5 21 3.66 1
0
APP_4_Inner_Layer_0:1 0.13333333333333333 0.13333333333333333 0.5 2.31 42 45 3.07 1
0
APP_4_Inner_Layer_0:2 0.26666666666666666 0.26666666666666666 1.0 1.19 35 29 1.82 1
0
APP_4_Inner_Layer_0:3 0.6 0.6 2.25 3.41 22 28 3.98 1
0
APP_4_Inner_Layer_1:0 0.26666666666666666 0.26666666666666666 1.0 3.05 36 6 3.52 1
1 2
APP_4_Inner_Layer_1:1 0.13333333333333333 0.13333333333333333 0.5 3.3 15 9 3.16 1
3 4
APP_4_Output_Layer_0 0.26666666666666666 0.26666666666666666 1.0 1.34 48 9 2.07 0
5 6
5
5.121481408185465
APP_5_Input_Layer_0 0.3333333333333333 0.3333333333333333 1.25 3.21 3 21 3.38 1

APP_5_Inner_Layer_0:0 0.2 0.2 0.75 3.93 29 20 2.2 1
0
APP_5_Inner_Layer_0:1 0.6 0.6 2.25 3.75 4 32 1.53 1
0
APP_5_Inner_Layer_0:2 0.13333333333333333 0.13333333333333333 0.5 3.34 30 15 1.26 1
0
APP_5_Output_Layer_0 0.2 0.2 0.75 1.9 43 11 2.86 1
1 2 3
6
6.0919682091261
APP_6_Input_Layer_0 0.3333333333333333 0.3333333333333333 1.25 1.14 41 26 1.83 1

APP_6_Inner_Layer_0:0 0.06666666666666667 0.06666666666666667 0.25 1.95 30 49 3.26 1
0
APP_6_Inner_Layer_0:1 0.5333333333333333 0.5333333333333333 2.0 2.78 25 23 3.13 1
0
APP_6_Inner_Layer_0:2 0.6 0.6 2.25 2.46 21 15 3.91 1
0
APP_6_Inner_Layer_0:3 0.13333333333333333 0.13333333333333333 0.5 1.71 31 37 1.47 1
0
APP_6_Output_Layer_0 0.6 0.6 2.25 1.03 39 28 3.23 1
1 2 3 4
12
6.84794371244939
APP_7_Input_Layer_0 0.3333333333333333 0.3333333333333333 1.25 1.16 4 22 3.1 1

APP_7_Inner_Layer_0:0 0.3333333333333333 0.3333333333333333 1.25 3.75 45 40 1.61 1
0
APP_7_Inner_Layer_0:1 0.4 0.4 1.5 2.34 40 13 2.62 1
0
APP_7_Inner_Layer_1:0 0.13333333333333333 0.13333333333333333 0.5 2.76 48 25 1.78 1
2
APP_7_Inner_Layer_1:1 0.5333333333333333 0.5333333333333333 2.0 3.73 36 21 1.44 1
1
APP_7_Inner_Layer_1:2 0.06666666666666667 0.06666666666666667 0.25 3.06 26 21 1.38 1
1 2
APP_7_Inner_Layer_1:3 0.13333333333333333 0.13333333333333333 0.5 1.74 4 30 3.25 1
1
APP_7_Inner_Layer_2:0 0.3333333333333333 0.3333333333333333 1.25 3.62 43 23 1.08 1
3 4 5 6
APP_7_Inner_Layer_3:0 0.6 0.6 2.25 2.05 17 16 3.8 1
7
APP_7_Inner_Layer_3:1 0.2 0.2 0.75 3.72 16 10 2.74 1
7
APP_7_Inner_Layer_3:2 0.06666666666666667 0.06666666666666667 0.25 3.7 37 27 2.63 1
7
APP_7_Output_Layer_0 0.26666666666666666 0.26666666666666666 1.0 3.66 15 31 2.2 1
8 9 10
