10
8
4
0
APP_0_Input_Layer_0 0.6 0.6 2.25 3.01 2 37 3.09 1

APP_0_Inner_Layer_0:0 0.4666666666666667 0.4666666666666667 1.75 1.54 11 19 2.56 1
0
APP_0_Inner_Layer_0:1 0.5333333333333333 0.5333333333333333 2.0 3.32 25 35 1.44 1
0
APP_0_Output_Layer_0 0.4666666666666667 0.4666666666666667 1.75 1.24 24 4 2.0 1
1 2
5
1.0521343380220243
APP_1_Input_Layer_0 0.6 0.6 2.25 1.81 37 5 3.12 0

APP_1_Inner_Layer_0:0 0.3333333333333333 0.3333333333333333 1.25 2.83 38 44 1.51 1
0
APP_1_Inner_Layer_0:1 0.4666666666666667 0.4666666666666667 1.75 1.18 32 9 3.93 1
0
APP_1_Inner_Layer_0:2 0.26666666666666666 0.26666666666666666 1.0 1.49 7 34 3.37 1
0
APP_1_Output_Layer_0 0.3333333333333333 0.3333333333333333 1.25 2.55 4 40 1.63 1
1 2 3
5
2.270038283921556
APP_2_Input_Layer_0 0.2 0.2 0.75 2.69 16 24 3.02 1

APP_2_Inner_Layer_0:0 0.13333333333333333 0.13333333333333333 0.5 1.08 30 19 2.49 1
0
APP_2_Inner_Layer_0:1 0.2 0.2 0.75 1.48 1 8 1.9 1
0
APP_2_Inner_Layer_1:0 0.3333333333333333 0.3333333333333333 1.25 3.77 28 9 2.01 1
1 2
APP_2_Output_Layer_0 0.3333333333333333 0.3333333333333333 1.25 2.69 20 6 3.44 1
3
10
3.261370496678246
APP_3_Input_Layer_0 0.6 0.6 2.25 3.59 22 27 2.83 1

APP_3_Inner_Layer_0:0 0.4 0.4 1.5 1.05 29 21 3.95 1
0
APP_3_Inner_Layer_0:1 0.2 0.2 0.75 1.14 6 22 2.2 1
0
APP_3_Inner_Layer_0:2 0.2 0.2 0.75 3.65 33 6 2.5 1
0
APP_3_Inner_Layer_1:0 0.6 0.6 2.25 1.61 34 21 2.4 1
1 2 3
APP_3_Inner_Layer_2:0 0.4 0.4 1.5 2.9 23 8 1.22 1
4
APP_3_Inner_Layer_2:1 0.4666666666666667 0.4666666666666667 1.75 2.41 41 47 3.8 1
4
APP_3_Inner_Layer_2:2 0.4666666666666667 0.4666666666666667 1.75 1.97 16 29 2.7 1
4
APP_3_Inner_Layer_2:3 0.4666666666666667 0.4666666666666667 1.75 3.13 15 7 2.96 1
4
APP_3_Output_Layer_0 0.06666666666666667 0.06666666666666667 0.25 3.26 16 39 2.61 1
5 6 7 8
10
3.798116624746968
APP_4_Input_Layer_0 0.4 0.4 1.5 3.26 36 36 1.68 1

APP_4_Inner_Layer_0:0 0.4 0.4 1.5 3.8 11 7 2.1 1
0
APP_4_Inner_Layer_0:1 0.26666666666666666 0.26666666666666666 1.0 2.61 39 23 3.04 1
0
APP_4_Inner_Layer_0:2 0.2 0.2 0.75 2.36 17 13 2.92 1
0
APP_4_Inner_Layer_1:0 0.4666666666666667 0.4666666666666667 1.75 2.87 23 10 3.15 1
1 2
APP_4_Inner_Layer_1:1 0.4 0.4 1.5 2.65 42 5 2.85 1
2
APP_4_Inner_Layer_1:2 0.6 0.6 2.25 2.2 23 26 2.74 1
1
APP_4_Inner_Layer_1:3 0.06666666666666667 0.06666666666666667 0.25 1.21 11 14 1.87 1
2 3
APP_4_Inner_Layer_2:0 0.3333333333333333 0.3333333333333333 1.25 1.61 8 24 2.55 1
4 5 6 7
APP_4_Output_Layer_0 0.4 0.4 1.5 1.96 17 44 3.27 1
8
8
4.274110993478064
APP_5_Input_Layer_0 0.3333333333333333 0.3333333333333333 1.25 1.71 30 22 3.36 1

APP_5_Inner_Layer_0:0 0.6 0.6 2.25 3.75 30 37 2.16 1
0
APP_5_Inner_Layer_0:1 0.06666666666666667 0.06666666666666667 0.25 1.13 32 17 2.81 1
0
APP_5_Inner_Layer_1:0 0.26666666666666666 0.26666666666666666 1.0 2.93 4 9 3.23 1
1 2
APP_5_Inner_Layer_2:0 0.2 0.2 0.75 1.34 19 39 3.41 1
3
APP_5_Inner_Layer_3:0 0.26666666666666666 0.26666666666666666 1.0 1.63 22 20 2.92 1
4
APP_5_Inner_Layer_3:1 0.26666666666666666 0.26666666666666666 1.0 2.17 34 24 2.2 1
4
APP_5_Output_Layer_0 0.3333333333333333 0.3333333333333333 1.25 1.33 37 21 3.42 1
5 6
9
5.490478215818399
APP_6_Input_Layer_0 0.3333333333333333 0.3333333333333333 1.25 2.84 48 21 1.74 1

APP_6_Inner_Layer_0:0 0.13333333333333333 0.13333333333333333 0.5 3.22 28 42 3.33 1
0
APP_6_Inner_Layer_0:1 0.4 0.4 1.5 1.67 47 7 2.96 1
0
APP_6_Inner_Layer_0:2 0.4666666666666667 0.4666666666666667 1.75 3.99 11 49 3.72 1
0
APP_6_Inner_Layer_0:3 0.4 0.4 1.5 1.72 6 31 1.42 1
0
APP_6_Inner_Layer_1:0 0.06666666666666667 0.06666666666666667 0.25 2.71 14 12 1.39 1
1 2
APP_6_Inner_Layer_1:1 0.26666666666666666 0.26666666666666666 1.0 3.21 49 19 3.95 1
3
APP_6_Inner_Layer_1:2 0.2 0.2 0.75 1.34 46 10 1.87 1
1 2 3 4
APP_6_Output_Layer_0 0.4666666666666667 0.4666666666666667 1.75 3.43 45 35 1.16 1
5 6 7
3
6.150749344645325
APP_7_Input_Layer_0 0.4666666666666667 0.4666666666666667 1.75 1.02 35 37 2.94 1

APP_7_Inner_Layer_0:0 0.4666666666666667 0.4666666666666667 1.75 1.72 26 36 1.76 1
0
APP_7_Output_Layer_0 0.6 0.6 2.25 1.07 7 36 2.74 1
1
