10
8
10
0
APP_0_Input_Layer_0 0.6 0.6 2.25 3.42 7 37 2.9 1

APP_0_Inner_Layer_0:0 0.6 0.6 2.25 3.19 47 28 1.42 1
0
APP_0_Inner_Layer_0:1 0.2 0.2 0.75 2.58 18 45 2.5 1
0
APP_0_Inner_Layer_0:2 0.5333333333333333 0.5333333333333333 2.0 1.08 13 20 3.59 1
0
APP_0_Inner_Layer_1:0 0.13333333333333333 0.13333333333333333 0.5 3.53 23 41 2.44 1
1 3
APP_0_Inner_Layer_1:1 0.13333333333333333 0.13333333333333333 0.5 3.04 19 37 2.68 1
1 2 3
APP_0_Inner_Layer_2:0 0.4666666666666667 0.4666666666666667 1.75 1.91 10 31 2.76 1
4
APP_0_Inner_Layer_2:1 0.3333333333333333 0.3333333333333333 1.25 3.24 18 43 2.08 1
4
APP_0_Inner_Layer_2:2 0.6 0.6 2.25 2.69 27 26 1.24 1
5
APP_0_Output_Layer_0 0.5333333333333333 0.5333333333333333 2.0 1.35 45 4 2.2 1
6 7 8
9
1.2488429695465084
APP_1_Input_Layer_0 0.3333333333333333 0.3333333333333333 1.25 3.64 31 43 2.03 1

APP_1_Inner_Layer_0:0 0.4 0.4 1.5 1.82 45 47 2.26 1
0
APP_1_Inner_Layer_0:1 0.3333333333333333 0.3333333333333333 1.25 2.78 17 41 3.39 1
0
APP_1_Inner_Layer_0:2 0.2 0.2 0.75 3.52 23 22 2.1 1
0
APP_1_Inner_Layer_0:3 0.4666666666666667 0.4666666666666667 1.75 1.66 7 25 1.28 1
0
APP_1_Inner_Layer_1:0 0.4 0.4 1.5 2.46 47 41 3.13 1
1 2 3 4
APP_1_Inner_Layer_2:0 0.5333333333333333 0.5333333333333333 2.0 3.33 24 19 3.4 1
5
APP_1_Inner_Layer_2:1 0.5333333333333333 0.5333333333333333 2.0 3.17 26 17 2.38 1
5
APP_1_Output_Layer_0 0.4 0.4 1.5 3.66 32 9 1.75 1
6 7
11
2.142416170397833
APP_2_Input_Layer_0 0.4 0.4 1.5 3.14 47 5 1.27 1

APP_2_Inner_Layer_0:0 0.3333333333333333 0.3333333333333333 1.25 1.52 45 23 3.22 1
0
APP_2_Inner_Layer_0:1 0.2 0.2 0.75 2.71 10 31 2.43 1
0
APP_2_Inner_Layer_0:2 0.4666666666666667 0.4666666666666667 1.75 3.44 2 48 2.84 1
0
APP_2_Inner_Layer_1:0 0.6 0.6 2.25 3.26 44 13 2.68 1
3
APP_2_Inner_Layer_1:1 0.3333333333333333 0.3333333333333333 1.25 3.38 49 24 2.83 1
3
APP_2_Inner_Layer_1:2 0.26666666666666666 0.26666666666666666 1.0 3.78 21 1 1.56 1
3
APP_2_Inner_Layer_1:3 0.06666666666666667 0.06666666666666667 0.25 1.62 39 17 2.26 1
1 2
APP_2_Inner_Layer_2:0 0.4666666666666667 0.4666666666666667 1.75 1.84 43 45 3.56 1
4 5 6 7
APP_2_Inner_Layer_3:0 0.5333333333333333 0.5333333333333333 2.0 1.51 34 19 2.67 1
8
APP_2_Output_Layer_0 0.2 0.2 0.75 3.96 2 18 3.79 1
9
3
3.3538220171946147
APP_3_Input_Layer_0 0.4666666666666667 0.4666666666666667 1.75 3.61 24 21 1.89 1

APP_3_Inner_Layer_0:0 0.4666666666666667 0.4666666666666667 1.75 3.18 16 2 2.09 1
0
APP_3_Output_Layer_0 0.6 0.6 2.25 3.05 4 32 2.18 1
1
6
4.1230923094045835
APP_4_Input_Layer_0 0.5333333333333333 0.5333333333333333 2.0 2.15 47 13 3.72 1

APP_4_Inner_Layer_0:0 0.3333333333333333 0.3333333333333333 1.25 2.78 36 13 3.79 1
0
APP_4_Inner_Layer_0:1 0.3333333333333333 0.3333333333333333 1.25 1.29 49 12 3.12 1
0
APP_4_Inner_Layer_1:0 0.06666666666666667 0.06666666666666667 0.25 2.46 42 21 1.93 1
2
APP_4_Inner_Layer_1:1 0.3333333333333333 0.3333333333333333 1.25 3.85 49 31 2.88 1
1
APP_4_Output_Layer_0 0.6 0.6 2.25 3.33 40 12 2.33 1
3 4
8
4.601285673460809
APP_5_Input_Layer_0 0.4 0.4 1.5 2.97 29 30 3.85 0

APP_5_Inner_Layer_0:0 0.3333333333333333 0.3333333333333333 1.25 3.63 7 6 1.85 1
0
APP_5_Inner_Layer_0:1 0.06666666666666667 0.06666666666666667 0.25 3.75 35 22 2.43 1
0
APP_5_Inner_Layer_0:2 0.3333333333333333 0.3333333333333333 1.25 3.29 15 1 3.02 1
0
APP_5_Inner_Layer_0:3 0.26666666666666666 0.26666666666666666 1.0 1.21 39 10 3.6 1
0
APP_5_Inner_Layer_1:0 0.4 0.4 1.5 3.99 34 3 1.03 1
1
APP_5_Inner_Layer_1:1 0.2 0.2 0.75 1.51 14 7 1.47 1
2 3 4
APP_5_Output_Layer_0 0.3333333333333333 0.3333333333333333 1.25 3.53 39 31 3.63 1
5 6
8
5.094204687741653
APP_6_Input_Layer_0 0.26666666666666666 0.26666666666666666 1.0 3.54 35 12 1.3 1

APP_6_Inner_Layer_0:0 0.26666666666666666 0.26666666666666666 1.0 3.14 44 14 2.33 1
0
APP_6_Inner_Layer_0:1 0.5333333333333333 0.5333333333333333 2.0 2.76 42 37 1.17 1
0
APP_6_Inner_Layer_0:2 0.4 0.4 1.5 3.87 3 45 1.64 1
0
APP_6_Inner_Layer_0:3 0.06666666666666667 0.06666666666666667 0.25 1.75 16 2 2.79 1
0
APP_6_Inner_Layer_1:0 0.06666666666666667 0.06666666666666667 0.25 3.56 23 48 2.13 1
2 4
APP_6_Inner_Layer_1:1 0.4666666666666667 0.4666666666666667 1.75 2.64 9 48 2.73 1
1 3
APP_6_Output_Layer_0 0.26666666666666666 0.26666666666666666 1.0 3.73 12 46 2.54 1
5 6
13
6.282017838183593
APP_7_Input_Layer_0 0.4 0.4 1.5 3.82 14 5 3.63 1

APP_7_Inner_Layer_0:0 0.13333333333333333 0.13333333333333333 0.5 2.96 30 38 2.07 1
0
APP_7_Inner_Layer_0:1 0.2 0.2 0.75 2.63 9 29 3.27 1
0
APP_7_Inner_Layer_0:2 0.4 0.4 1.5 2.94 33 6 1.22 1
0
APP_7_Inner_Layer_0:3 0.5333333333333333 0.5333333333333333 2.0 3.88 1 33 1.96 1
0
APP_7_Inner_Layer_1:0 0.4666666666666667 0.4666666666666667 1.75 1.82 14 20 3.01 1
3 4 1
APP_7_Inner_Layer_1:1 0.5333333333333333 0.5333333333333333 2.0 2.9 32 31 2.1 1
1 2 3
APP_7_Inner_Layer_1:2 0.3333333333333333 0.3333333333333333 1.25 2.47 8 43 3.08 1
3 4
APP_7_Inner_Layer_1:3 0.13333333333333333 0.13333333333333333 0.5 1.61 36 5 3.57 1
1 2 4
APP_7_Inner_Layer_2:0 0.2 0.2 0.75 2.28 37 46 2.48 1
5 6 7 8
APP_7_Inner_Layer_3:0 0.26666666666666666 0.26666666666666666 1.0 3.0 20 41 3.22 1
9
APP_7_Inner_Layer_3:1 0.4666666666666667 0.4666666666666667 1.75 3.27 13 4 1.9 1
9
APP_7_Output_Layer_0 0.3333333333333333 0.3333333333333333 1.25 1.95 27 7 2.31 1
10 11
