10
8
3
0
APP_0_Input_Layer_0 0.26666666666666666 0.26666666666666666 1.0 2.58 14 8 2.52 1

APP_0_Inner_Layer_0:0 0.06666666666666667 0.06666666666666667 0.25 2.31 1 8 1.65 1
0
APP_0_Output_Layer_0 0.3333333333333333 0.3333333333333333 1.25 2.43 41 38 2.6 0
1
12
0.7198884864682431
APP_1_Input_Layer_0 0.6 0.6 2.25 2.21 26 49 2.06 1

APP_1_Inner_Layer_0:0 0.6 0.6 2.25 3.0 48 22 3.87 1
0
APP_1_Inner_Layer_0:1 0.13333333333333333 0.13333333333333333 0.5 1.89 9 12 2.09 1
0
APP_1_Inner_Layer_0:2 0.5333333333333333 0.5333333333333333 2.0 3.16 45 41 2.77 1
0
APP_1_Inner_Layer_1:0 0.4666666666666667 0.4666666666666667 1.75 3.65 26 10 2.94 1
1 2 3
APP_1_Inner_Layer_1:1 0.13333333333333333 0.13333333333333333 0.5 3.54 16 34 3.31 1
2
APP_1_Inner_Layer_1:2 0.4666666666666667 0.4666666666666667 1.75 3.27 10 4 1.28 1
1
APP_1_Inner_Layer_2:0 0.3333333333333333 0.3333333333333333 1.25 4.0 17 30 2.84 1
5
APP_1_Inner_Layer_2:1 0.06666666666666667 0.06666666666666667 0.25 2.66 23 25 3.84 1
4 6
APP_1_Inner_Layer_3:0 0.3333333333333333 0.3333333333333333 1.25 2.08 38 41 2.14 1
8
APP_1_Inner_Layer_3:1 0.13333333333333333 0.13333333333333333 0.5 3.61 19 43 2.48 1
7
APP_1_Output_Layer_0 0.3333333333333333 0.3333333333333333 1.25 3.45 49 44 3.87 1
9 10
11
1.4549855166136
APP_2_Input_Layer_0 0.26666666666666666 0.26666666666666666 1.0 3.43 43 4 2.68 1

APP_2_Inner_Layer_0:0 0.26666666666666666 0.26666666666666666 1.0 2.72 46 40 2.59 1
0
APP_2_Inner_Layer_0:1 0.26666666666666666 0.26666666666666666 1.0 2.81 23 24 1.48 1
0
APP_2_Inner_Layer_0:2 0.26666666666666666 0.26666666666666666 1.0 3.42 29 33 1.09 1
0
APP_2_Inner_Layer_0:3 0.5333333333333333 0.5333333333333333 2.0 3.9 13 44 2.62 1
0
APP_2_Inner_Layer_1:0 0.4 0.4 1.5 3.42 32 8 1.78 1
1 2
APP_2_Inner_Layer_1:1 0.4666666666666667 0.4666666666666667 1.75 1.98 32 2 3.56 1
3 4
APP_2_Inner_Layer_2:0 0.26666666666666666 0.26666666666666666 1.0 2.63 8 30 3.99 1
6
APP_2_Inner_Layer_2:1 0.5333333333333333 0.5333333333333333 2.0 2.39 9 21 2.66 1
5
APP_2_Inner_Layer_2:2 0.26666666666666666 0.26666666666666666 1.0 3.5 18 14 1.01 1
5
APP_2_Output_Layer_0 0.4 0.4 1.5 2.99 33 34 2.58 0
7 8 9
6
2.488564200215082
APP_3_Input_Layer_0 0.6 0.6 2.25 2.12 14 31 2.25 1

APP_3_Inner_Layer_0:0 0.4666666666666667 0.4666666666666667 1.75 3.6 21 1 2.54 1
0
APP_3_Inner_Layer_1:0 0.26666666666666666 0.26666666666666666 1.0 1.93 46 25 1.55 1
1
APP_3_Inner_Layer_2:0 0.4666666666666667 0.4666666666666667 1.75 1.49 43 23 2.25 1
2
APP_3_Inner_Layer_2:1 0.2 0.2 0.75 3.59 46 24 1.57 1
2
APP_3_Output_Layer_0 0.6 0.6 2.25 2.25 39 31 3.41 1
3 4
12
3.044913097171492
APP_4_Input_Layer_0 0.4 0.4 1.5 3.61 40 24 3.77 1

APP_4_Inner_Layer_0:0 0.13333333333333333 0.13333333333333333 0.5 1.82 14 13 2.91 1
0
APP_4_Inner_Layer_0:1 0.2 0.2 0.75 1.92 37 23 1.34 1
0
APP_4_Inner_Layer_0:2 0.3333333333333333 0.3333333333333333 1.25 3.17 8 39 1.06 1
0
APP_4_Inner_Layer_0:3 0.5333333333333333 0.5333333333333333 2.0 3.42 40 8 3.01 1
0
APP_4_Inner_Layer_1:0 0.26666666666666666 0.26666666666666666 1.0 1.84 1 14 3.75 1
1 2 3 4
APP_4_Inner_Layer_2:0 0.4666666666666667 0.4666666666666667 1.75 2.81 23 21 2.8 1
5
APP_4_Inner_Layer_3:0 0.2 0.2 0.75 2.11 7 48 3.48 1
6
APP_4_Inner_Layer_3:1 0.4 0.4 1.5 1.05 33 4 3.18 1
6
APP_4_Inner_Layer_3:2 0.3333333333333333 0.3333333333333333 1.25 2.33 6 3 2.29 1
6
APP_4_Inner_Layer_3:3 0.4666666666666667 0.4666666666666667 1.75 3.6 48 43 3.8 1
6
APP_4_Output_Layer_0 0.5333333333333333 0.5333333333333333 2.0 2.07 25 33 3.27 0
7 8 9 10
12
4.269352813606308
APP_5_Input_Layer_0 0.5333333333333333 0.5333333333333333 2.0 3.61 37 32 2.99 1

APP_5_Inner_Layer_0:0 0.06666666666666667 0.06666666666666667 0.25 2.01 21 8 1.42 1
0
APP_5_Inner_Layer_1:0 0.2 0.2 0.75 3.6 38 23 3.18 1
1
APP_5_Inner_Layer_2:0 0.13333333333333333 0.13333333333333333 0.5 3.3 28 5 2.02 1
2
APP_5_Inner_Layer_2:1 0.4666666666666667 0.4666666666666667 1.75 2.5 13 44 3.37 1
2
APP_5_Inner_Layer_2:2 0.6 0.6 2.25 3.27 5 25 1.22 1
2
APP_5_Inner_Layer_2:3 0.26666666666666666 0.26666666666666666 1.0 3.96 35 18 1.05 1
2
APP_5_Inner_Layer_3:0 0.3333333333333333 0.3333333333333333 1.25 2.35 43 18 1.85 1
4 6
APP_5_Inner_Layer_3:1 0.4666666666666667 0.4666666666666667 1.75 3.88 13 33 3.23 1
3 4 5 6
APP_5_Inner_Layer_3:2 0.5333333333333333 0.5333333333333333 2.0 2.14 1 29 2.17 1
3
APP_5_Inner_Layer_3:3 0.3333333333333333 0.3333333333333333 1.25 1.75 20 28 2.82 1
5 6
APP_5_Output_Layer_0 0.4 0.4 1.5 1.02 11 33 2.47 0
7 8 9 10
8
5.121685951688517
APP_6_Input_Layer_0 0.13333333333333333 0.13333333333333333 0.5 3.62 48 23 2.0 1

APP_6_Inner_Layer_0:0 0.4666666666666667 0.4666666666666667 1.75 3.71 12 4 2.18 1
0
APP_6_Inner_Layer_0:1 0.3333333333333333 0.3333333333333333 1.25 1.97 26 48 2.77 1
0
APP_6_Inner_Layer_1:0 0.5333333333333333 0.5333333333333333 2.0 3.21 25 46 3.54 1
1
APP_6_Inner_Layer_1:1 0.2 0.2 0.75 3.61 28 13 3.53 1
1 2
APP_6_Inner_Layer_1:2 0.13333333333333333 0.13333333333333333 0.5 2.91 47 31 3.47 1
2
APP_6_Inner_Layer_1:3 0.2 0.2 0.75 3.44 48 48 2.95 1
2
APP_6_Output_Layer_0 0.4666666666666667 0.4666666666666667 1.75 1.38 22 39 3.7 1
3 4 5 6
4
5.787767420063319
APP_7_Input_Layer_0 0.4 0.4 1.5 2.26 29 35 1.67 1

APP_7_Inner_Layer_0:0 0.06666666666666667 0.06666666666666667 0.25 1.58 1 27 1.46 1
0
APP_7_Inner_Layer_0:1 0.4 0.4 1.5 3.98 29 29 1.45 1
0
APP_7_Output_Layer_0 0.3333333333333333 0.3333333333333333 1.25 3.2 35 36 1.43 1
1 2
