10
8
9
0
APP_0_Input_Layer_0 0.4666666666666667 0.4666666666666667 1.75 1.13 2 19 1.17 1

APP_0_Inner_Layer_0:0 0.6 0.6 2.25 3.55 24 20 3.4 1
0
APP_0_Inner_Layer_0:1 0.26666666666666666 0.26666666666666666 1.0 2.45 15 41 2.37 1
0
APP_0_Inner_Layer_0:2 0.5333333333333333 0.5333333333333333 2.0 2.37 2 9 3.48 1
0
APP_0_Inner_Layer_0:3 0.2 0.2 0.75 2.42 8 36 2.46 1
0
APP_0_Inner_Layer_1:0 0.3333333333333333 0.3333333333333333 1.25 2.45 16 36 2.61 1
1 4
APP_0_Inner_Layer_1:1 0.3333333333333333 0.3333333333333333 1.25 1.87 26 41 2.85 1
1 2 3
APP_0_Inner_Layer_1:2 0.06666666666666667 0.06666666666666667 0.25 3.79 10 45 3.56 1
1
APP_0_Output_Layer_0 0.3333333333333333 0.3333333333333333 1.25 2.13 26 34 1.98 1
5 6 7
11
0.9979183983153759
APP_1_Input_Layer_0 0.5333333333333333 0.5333333333333333 2.0 1.32 8 46 3.11 0

APP_1_Inner_Layer_0:0 0.13333333333333333 0.13333333333333333 0.5 1.39 45 3 1.02 1
0
APP_1_Inner_Layer_0:1 0.6 0.6 2.25 1.14 25 6 1.29 1
0
APP_1_Inner_Layer_1:0 0.4666666666666667 0.4666666666666667 1.75 3.19 46 39 2.09 1
1
APP_1_Inner_Layer_1:1 0.2 0.2 0.75 2.82 41 22 2.6 1
2
APP_1_Inner_Layer_2:0 0.06666666666666667 0.06666666666666667 0.25 3.32 23 32 1.63 1
3
APP_1_Inner_Layer_2:1 0.06666666666666667 0.06666666666666667 0.25 3.12 12 20 1.38 1
4
APP_1_Inner_Layer_2:2 0.06666666666666667 0.06666666666666667 0.25 1.86 44 19 3.81 1
3
APP_1_Inner_Layer_3:0 0.26666666666666666 0.26666666666666666 1.0 3.47 25 5 2.6 1
5 6
APP_1_Inner_Layer_3:1 0.5333333333333333 0.5333333333333333 2.0 3.4 9 16 1.86 1
5 6 7
APP_1_Output_Layer_0 0.2 0.2 0.75 2.43 13 11 2.59 1
8 9
4
2.09662527238706
APP_2_Input_Layer_0 0.26666666666666666 0.26666666666666666 1.0 2.86 11 25 2.92 1

APP_2_Inner_Layer_0:0 0.6 0.6 2.25 1.91 20 45 1.46 1
0
APP_2_Inner_Layer_0:1 0.5333333333333333 0.5333333333333333 2.0 1.8 21 17 3.31 1
0
APP_2_Output_Layer_0 0.26666666666666666 0.26666666666666666 1.0 3.77 14 34 2.76 1
1 2
16
3.136893713811943
APP_3_Input_Layer_0 0.06666666666666667 0.06666666666666667 0.25 2.07 21 31 2.28 1

APP_3_Inner_Layer_0:0 0.4666666666666667 0.4666666666666667 1.75 3.18 12 34 3.56 1
0
APP_3_Inner_Layer_0:1 0.5333333333333333 0.5333333333333333 2.0 1.26 18 35 2.37 1
0
APP_3_Inner_Layer_0:2 0.13333333333333333 0.13333333333333333 0.5 3.63 15 20 2.16 1
0
APP_3_Inner_Layer_1:0 0.5333333333333333 0.5333333333333333 2.0 2.02 9 14 1.6 1
1 2 3
APP_3_Inner_Layer_1:1 0.2 0.2 0.75 1.75 44 11 2.22 1
2 3
APP_3_Inner_Layer_1:2 0.4 0.4 1.5 3.06 11 21 1.46 1
3 1
APP_3_Inner_Layer_2:0 0.4 0.4 1.5 1.58 6 1 1.24 1
4 5 6
APP_3_Inner_Layer_2:1 0.6 0.6 2.25 2.57 34 8 1.88 1
5 6
APP_3_Inner_Layer_2:2 0.6 0.6 2.25 2.92 10 41 3.91 1
5 6
APP_3_Inner_Layer_2:3 0.26666666666666666 0.26666666666666666 1.0 1.21 11 23 2.27 1
6 5
APP_3_Inner_Layer_3:0 0.4666666666666667 0.4666666666666667 1.75 1.7 17 7 2.82 1
10
APP_3_Inner_Layer_3:1 0.26666666666666666 0.26666666666666666 1.0 3.82 43 24 3.17 1
9 10
APP_3_Inner_Layer_3:2 0.13333333333333333 0.13333333333333333 0.5 1.08 34 31 1.5 1
7 8 9
APP_3_Inner_Layer_3:3 0.3333333333333333 0.3333333333333333 1.25 2.66 43 11 3.53 1
7 8 10
APP_3_Output_Layer_0 0.06666666666666667 0.06666666666666667 0.25 2.36 39 8 2.9 0
11 12 13 14
6
3.75475269997195
APP_4_Input_Layer_0 0.3333333333333333 0.3333333333333333 1.25 1.25 10 27 2.31 1

APP_4_Inner_Layer_0:0 0.4666666666666667 0.4666666666666667 1.75 2.33 5 28 2.33 1
0
APP_4_Inner_Layer_1:0 0.2 0.2 0.75 2.66 47 31 1.75 1
1
APP_4_Inner_Layer_1:1 0.06666666666666667 0.06666666666666667 0.25 2.4 39 21 3.16 1
1
APP_4_Inner_Layer_1:2 0.3333333333333333 0.3333333333333333 1.25 1.8 3 5 2.34 1
1
APP_4_Output_Layer_0 0.13333333333333333 0.13333333333333333 0.5 2.5 48 39 3.91 1
2 3 4
8
4.362946855829343
APP_5_Input_Layer_0 0.4666666666666667 0.4666666666666667 1.75 3.8 27 38 1.11 1

APP_5_Inner_Layer_0:0 0.26666666666666666 0.26666666666666666 1.0 2.94 23 19 2.84 1
0
APP_5_Inner_Layer_0:1 0.6 0.6 2.25 3.9 35 22 1.37 1
0
APP_5_Inner_Layer_0:2 0.13333333333333333 0.13333333333333333 0.5 2.0 5 46 2.7 1
0
APP_5_Inner_Layer_0:3 0.5333333333333333 0.5333333333333333 2.0 3.95 16 1 3.24 1
0
APP_5_Inner_Layer_1:0 0.13333333333333333 0.13333333333333333 0.5 2.63 28 12 3.28 1
1
APP_5_Inner_Layer_1:1 0.13333333333333333 0.13333333333333333 0.5 3.13 7 33 3.96 1
2 3 4
APP_5_Output_Layer_0 0.4 0.4 1.5 3.33 16 15 3.37 1
5 6
8
5.180042267124746
APP_6_Input_Layer_0 0.13333333333333333 0.13333333333333333 0.5 1.33 34 19 2.01 1

APP_6_Inner_Layer_0:0 0.5333333333333333 0.5333333333333333 2.0 2.64 27 16 2.42 1
0
APP_6_Inner_Layer_0:1 0.6 0.6 2.25 1.45 24 22 1.83 1
0
APP_6_Inner_Layer_0:2 0.26666666666666666 0.26666666666666666 1.0 3.85 10 28 2.02 1
0
APP_6_Inner_Layer_0:3 0.06666666666666667 0.06666666666666667 0.25 3.74 1 44 2.82 1
0
APP_6_Inner_Layer_1:0 0.2 0.2 0.75 1.99 37 16 2.53 1
1
APP_6_Inner_Layer_1:1 0.2 0.2 0.75 1.05 29 10 1.05 1
2 3 4
APP_6_Output_Layer_0 0.4 0.4 1.5 3.84 28 18 2.43 1
5 6
11
5.934519036571607
APP_7_Input_Layer_0 0.06666666666666667 0.06666666666666667 0.25 1.17 2 7 2.16 1

APP_7_Inner_Layer_0:0 0.4 0.4 1.5 1.46 41 27 1.05 1
0
APP_7_Inner_Layer_0:1 0.6 0.6 2.25 2.71 44 47 2.85 1
0
APP_7_Inner_Layer_0:2 0.26666666666666666 0.26666666666666666 1.0 1.78 34 16 1.12 1
0
APP_7_Inner_Layer_0:3 0.3333333333333333 0.3333333333333333 1.25 3.19 24 47 3.5 1
0
APP_7_Inner_Layer_1:0 0.4 0.4 1.5 3.71 30 3 2.09 1
3 4
APP_7_Inner_Layer_1:1 0.06666666666666667 0.06666666666666667 0.25 2.31 47 8 1.99 1
1 2
APP_7_Inner_Layer_1:2 0.2 0.2 0.75 1.3 37 31 1.57 1
1 3
APP_7_Inner_Layer_2:0 0.13333333333333333 0.13333333333333333 0.5 2.73 16 12 1.6 1
5 6
APP_7_Inner_Layer_2:1 0.4666666666666667 0.4666666666666667 1.75 3.68 45 1 3.66 1
7
APP_7_Output_Layer_0 0.3333333333333333 0.3333333333333333 1.25 3.77 28 47 3.51 1
8 9
