10
8
7
0
APP_0_Input_Layer_0 0.5333333333333333 0.5333333333333333 2.0 1.05 44 47 2.68 1

APP_0_Inner_Layer_0:0 0.3333333333333333 0.3333333333333333 1.25 2.54 29 28 3.27 1
0
APP_0_Inner_Layer_1:0 0.13333333333333333 0.13333333333333333 0.5 2.8 17 38 2.34 1
1
APP_0_Inner_Layer_1:1 0.06666666666666667 0.06666666666666667 0.25 2.03 6 49 2.57 1
1
APP_0_Inner_Layer_1:2 0.3333333333333333 0.3333333333333333 1.25 2.97 46 4 2.23 1
1
APP_0_Inner_Layer_1:3 0.4666666666666667 0.4666666666666667 1.75 2.43 36 47 3.94 1
1
APP_0_Output_Layer_0 0.3333333333333333 0.3333333333333333 1.25 3.82 13 41 3.38 0
2 3 4 5
12
0.695547823834834
APP_1_Input_Layer_0 0.13333333333333333 0.13333333333333333 0.5 1.68 7 19 1.76 1

APP_1_Inner_Layer_0:0 0.4666666666666667 0.4666666666666667 1.75 1.72 48 39 2.19 1
0
APP_1_Inner_Layer_0:1 0.2 0.2 0.75 3.43 23 22 1.61 1
0
APP_1_Inner_Layer_0:2 0.13333333333333333 0.13333333333333333 0.5 2.83 9 22 1.02 1
0
APP_1_Inner_Layer_0:3 0.4 0.4 1.5 2.76 11 43 2.73 1
0
APP_1_Inner_Layer_1:0 0.4666666666666667 0.4666666666666667 1.75 2.13 43 17 3.69 1
4
APP_1_Inner_Layer_1:1 0.2 0.2 0.75 3.13 34 31 1.77 1
2 4
APP_1_Inner_Layer_1:2 0.3333333333333333 0.3333333333333333 1.25 2.63 13 27 2.77 1
2 3
APP_1_Inner_Layer_1:3 0.6 0.6 2.25 2.94 36 46 2.08 1
1 2
APP_1_Inner_Layer_2:0 0.3333333333333333 0.3333333333333333 1.25 1.62 14 4 2.23 1
7
APP_1_Inner_Layer_2:1 0.3333333333333333 0.3333333333333333 1.25 1.73 40 18 3.26 1
5 6 8
APP_1_Output_Layer_0 0.4666666666666667 0.4666666666666667 1.75 1.68 32 26 1.44 1
9 10
12
1.539353053011734
APP_2_Input_Layer_0 0.2 0.2 0.75 1.13 23 24 2.38 0

APP_2_Inner_Layer_0:0 0.4666666666666667 0.4666666666666667 1.75 2.22 35 26 1.78 1
0
APP_2_Inner_Layer_0:1 0.4666666666666667 0.4666666666666667 1.75 1.29 2 40 1.65 1
0
APP_2_Inner_Layer_1:0 0.3333333333333333 0.3333333333333333 1.25 2.03 46 25 3.66 1
1 2
APP_2_Inner_Layer_1:1 0.2 0.2 0.75 1.94 13 47 2.54 1
2
APP_2_Inner_Layer_2:0 0.3333333333333333 0.3333333333333333 1.25 1.88 13 23 2.87 1
4
APP_2_Inner_Layer_2:1 0.13333333333333333 0.13333333333333333 0.5 2.84 46 6 2.81 1
3
APP_2_Inner_Layer_3:0 0.26666666666666666 0.26666666666666666 1.0 3.82 21 12 2.87 1
6
APP_2_Inner_Layer_3:1 0.26666666666666666 0.26666666666666666 1.0 2.94 18 10 1.42 1
5
APP_2_Inner_Layer_3:2 0.3333333333333333 0.3333333333333333 1.25 1.53 18 32 1.86 1
5
APP_2_Inner_Layer_3:3 0.13333333333333333 0.13333333333333333 0.5 3.61 29 4 2.76 1
6
APP_2_Output_Layer_0 0.2 0.2 0.75 3.31 5 30 1.57 1
7 8 9 10
8
2.135512477960326
APP_3_Input_Layer_0 0.2 0.2 0.75 3.68 34 14 2.34 1

APP_3_Inner_Layer_0:0 0.26666666666666666 0.26666666666666666 1.0 2.08 25 3 1.97 1
0
APP_3_Inner_Layer_0:1 0.26666666666666666 0.26666666666666666 1.0 1.52 26 47 1.55 1
0
APP_3_Inner_Layer_0:2 0.06666666666666667 0.06666666666666667 0.25 2.62 5 38 3.48 1
0
APP_3_Inner_Layer_0:3 0.4 0.4 1.5 2.46 3 39 1.6 1
0
APP_3_Inner_Layer_1:0 0.26666666666666666 0.26666666666666666 1.0 1.23 12 35 1.14 1
2
APP_3_Inner_Layer_1:1 0.3333333333333333 0.3333333333333333 1.25 3.25 44 18 1.26 1
1 3 4
APP_3_Output_Layer_0 0.4666666666666667 0.4666666666666667 1.75 2.63 5 39 2.68 1
5 6
3
2.6159018571140904
APP_4_Input_Layer_0 0.5333333333333333 0.5333333333333333 2.0 3.02 4 18 2.82 1

APP_4_Inner_Layer_0:0 0.13333333333333333 0.13333333333333333 0.5 3.55 7 27 3.58 1
0
APP_4_Output_Layer_0 0.3333333333333333 0.3333333333333333 1.25 3.18 39 45 2.08 1
1
9
3.2522606693115113
APP_5_Input_Layer_0 0.4 0.4 1.5 3.11 1 44 2.83 1

APP_5_Inner_Layer_0:0 0.5333333333333333 0.5333333333333333 2.0 3.14 5 34 1.97 1
0
APP_5_Inner_Layer_0:1 0.4666666666666667 0.4666666666666667 1.75 2.81 1 13 2.64 1
0
APP_5_Inner_Layer_1:0 0.06666666666666667 0.06666666666666667 0.25 1.94 45 20 3.61 1
1 2
APP_5_Inner_Layer_2:0 0.13333333333333333 0.13333333333333333 0.5 2.26 31 7 3.73 1
3
APP_5_Inner_Layer_2:1 0.4666666666666667 0.4666666666666667 1.75 1.28 8 49 2.86 1
3
APP_5_Inner_Layer_3:0 0.6 0.6 2.25 2.34 7 8 2.0 1
4
APP_5_Inner_Layer_3:1 0.2 0.2 0.75 3.69 24 17 2.34 1
5
APP_5_Output_Layer_0 0.26666666666666666 0.26666666666666666 1.0 1.39 21 1 2.84 1
6 7
9
3.9940976284156147
APP_6_Input_Layer_0 0.06666666666666667 0.06666666666666667 0.25 1.08 24 45 3.99 1

APP_6_Inner_Layer_0:0 0.4666666666666667 0.4666666666666667 1.75 2.5 7 25 3.16 1
0
APP_6_Inner_Layer_0:1 0.6 0.6 2.25 1.69 38 37 3.88 1
0
APP_6_Inner_Layer_0:2 0.6 0.6 2.25 1.01 42 30 2.61 1
0
APP_6_Inner_Layer_1:0 0.5333333333333333 0.5333333333333333 2.0 1.51 7 48 2.5 1
2
APP_6_Inner_Layer_1:1 0.3333333333333333 0.3333333333333333 1.25 2.59 49 12 2.94 1
1 3
APP_6_Inner_Layer_2:0 0.3333333333333333 0.3333333333333333 1.25 1.53 40 6 1.01 1
4
APP_6_Inner_Layer_2:1 0.13333333333333333 0.13333333333333333 0.5 1.47 18 14 2.44 1
4 5
APP_6_Output_Layer_0 0.3333333333333333 0.3333333333333333 1.25 2.31 24 18 3.28 1
6 7
6
4.718453536828321
APP_7_Input_Layer_0 0.26666666666666666 0.26666666666666666 1.0 3.13 14 49 3.76 1

APP_7_Inner_Layer_0:0 0.13333333333333333 0.13333333333333333 0.5 3.77 6 2 2.79 1
0
APP_7_Inner_Layer_1:0 0.2 0.2 0.75 3.78 21 5 1.98 1
1
APP_7_Inner_Layer_1:1 0.13333333333333333 0.13333333333333333 0.5 3.99 6 30 3.67 1
1
APP_7_Inner_Layer_2:0 0.06666666666666667 0.06666666666666667 0.25 2.01 18 6 1.37 1
2 3
APP_7_Output_Layer_0 0.4 0.4 1.5 3.5 22 42 3.61 0
4
