10
9
7
0
APP_0_Input_Layer_0 0.4666666666666667 0.4666666666666667 1.75 3.0 17 17 2.59 1

APP_0_Inner_Layer_0:0 0.5333333333333333 0.5333333333333333 2.0 3.49 4 6 1.74 0
0
APP_0_Inner_Layer_1:0 0.06666666666666667 0.06666666666666667 0.25 2.64 31 48 3.93 1
1
APP_0_Inner_Layer_1:1 0.4 0.4 1.5 2.94 16 6 2.2 1
1
APP_0_Inner_Layer_1:2 0.2 0.2 0.75 1.54 18 49 1.87 1
1
APP_0_Inner_Layer_1:3 0.5333333333333333 0.5333333333333333 2.0 3.18 45 15 2.04 1
1
APP_0_Output_Layer_0 0.4666666666666667 0.4666666666666667 1.75 2.05 32 23 3.43 1
2 3 4 5
6
0.8244787171096093
APP_1_Input_Layer_0 0.13333333333333333 0.13333333333333333 0.5 1.16 27 27 2.72 1

APP_1_Inner_Layer_0:0 0.13333333333333333 0.13333333333333333 0.5 2.06 31 21 3.18 1
0
APP_1_Inner_Layer_0:1 0.5333333333333333 0.5333333333333333 2.0 3.93 31 29 3.11 1
0
APP_1_Inner_Layer_0:2 0.2 0.2 0.75 1.64 10 19 2.82 1
0
APP_1_Inner_Layer_0:3 0.5333333333333333 0.5333333333333333 2.0 1.49 36 49 1.55 1
0
APP_1_Output_Layer_0 0.4666666666666667 0.4666666666666667 1.75 2.95 12 47 3.67 1
1 2 3 4
12
1.773004100957866
APP_2_Input_Layer_0 0.6 0.6 2.25 2.58 36 25 3.27 1

APP_2_Inner_Layer_0:0 0.6 0.6 2.25 3.73 1 34 2.54 1
0
APP_2_Inner_Layer_0:1 0.3333333333333333 0.3333333333333333 1.25 3.41 12 25 3.0 1
0
APP_2_Inner_Layer_0:2 0.5333333333333333 0.5333333333333333 2.0 3.99 31 36 1.28 1
0
APP_2_Inner_Layer_0:3 0.06666666666666667 0.06666666666666667 0.25 1.68 39 3 1.17 1
0
APP_2_Inner_Layer_1:0 0.4666666666666667 0.4666666666666667 1.75 1.84 36 46 2.14 1
2 4
APP_2_Inner_Layer_1:1 0.4666666666666667 0.4666666666666667 1.75 2.25 17 49 1.85 1
1 3
APP_2_Inner_Layer_1:2 0.06666666666666667 0.06666666666666667 0.25 3.06 2 45 2.42 1
2 3 4
APP_2_Inner_Layer_2:0 0.6 0.6 2.25 3.97 11 47 3.18 1
5 6 7
APP_2_Inner_Layer_2:1 0.4 0.4 1.5 2.84 31 40 1.64 1
5
APP_2_Inner_Layer_2:2 0.2 0.2 0.75 2.33 18 30 3.34 1
6 7
APP_2_Output_Layer_0 0.26666666666666666 0.26666666666666666 1.0 3.43 14 33 1.54 1
8 9 10
10
2.685728781779377
APP_3_Input_Layer_0 0.26666666666666666 0.26666666666666666 1.0 1.94 27 39 3.59 0

APP_3_Inner_Layer_0:0 0.26666666666666666 0.26666666666666666 1.0 1.21 2 46 3.13 1
0
APP_3_Inner_Layer_0:1 0.6 0.6 2.25 1.98 19 48 2.98 1
0
APP_3_Inner_Layer_0:2 0.3333333333333333 0.3333333333333333 1.25 1.43 28 42 3.9 0
0
APP_3_Inner_Layer_0:3 0.4 0.4 1.5 1.84 23 9 1.29 1
0
APP_3_Inner_Layer_1:0 0.3333333333333333 0.3333333333333333 1.25 3.12 6 25 1.62 1
1 3
APP_3_Inner_Layer_1:1 0.4 0.4 1.5 1.37 5 42 3.26 1
1 3 4
APP_3_Inner_Layer_1:2 0.2 0.2 0.75 3.29 42 30 3.03 1
4
APP_3_Inner_Layer_1:3 0.4666666666666667 0.4666666666666667 1.75 2.46 8 25 2.49 1
2
APP_3_Output_Layer_0 0.3333333333333333 0.3333333333333333 1.25 3.29 34 14 1.41 1
5 6 7 8
16
3.556313718566503
APP_4_Input_Layer_0 0.4 0.4 1.5 2.56 22 21 2.45 1

APP_4_Inner_Layer_0:0 0.6 0.6 2.25 1.38 22 35 3.85 1
0
APP_4_Inner_Layer_0:1 0.13333333333333333 0.13333333333333333 0.5 2.07 4 43 2.75 1
0
APP_4_Inner_Layer_0:2 0.13333333333333333 0.13333333333333333 0.5 1.85 43 16 3.9 1
0
APP_4_Inner_Layer_0:3 0.3333333333333333 0.3333333333333333 1.25 3.88 4 45 1.05 1
0
APP_4_Inner_Layer_1:0 0.6 0.6 2.25 3.94 37 42 1.4 1
1 4
APP_4_Inner_Layer_1:1 0.26666666666666666 0.26666666666666666 1.0 2.26 34 1 3.95 1
2 3
APP_4_Inner_Layer_2:0 0.26666666666666666 0.26666666666666666 1.0 1.84 23 20 2.6 1
6
APP_4_Inner_Layer_2:1 0.26666666666666666 0.26666666666666666 1.0 3.12 14 29 1.25 1
5
APP_4_Inner_Layer_2:2 0.5333333333333333 0.5333333333333333 2.0 3.44 28 27 3.65 1
6
APP_4_Inner_Layer_2:3 0.4666666666666667 0.4666666666666667 1.75 3.86 16 47 3.85 1
5 6
APP_4_Inner_Layer_3:0 0.13333333333333333 0.13333333333333333 0.5 2.24 8 32 3.24 0
9 10
APP_4_Inner_Layer_3:1 0.6 0.6 2.25 1.88 26 27 3.64 1
7 8 9
APP_4_Inner_Layer_3:2 0.2 0.2 0.75 1.47 23 49 1.64 0
7 8 9 10
APP_4_Inner_Layer_3:3 0.06666666666666667 0.06666666666666667 0.25 2.15 40 5 2.04 1
7 8 10
APP_4_Output_Layer_0 0.6 0.6 2.25 3.35 35 11 2.72 1
11 12 13 14
10
4.583736866218301
APP_5_Input_Layer_0 0.4 0.4 1.5 1.6 39 11 1.32 1

APP_5_Inner_Layer_0:0 0.3333333333333333 0.3333333333333333 1.25 2.37 30 9 3.83 1
0
APP_5_Inner_Layer_0:1 0.4 0.4 1.5 2.06 23 32 1.04 1
0
APP_5_Inner_Layer_0:2 0.06666666666666667 0.06666666666666667 0.25 3.87 5 19 3.89 0
0
APP_5_Inner_Layer_0:3 0.6 0.6 2.25 1.79 32 19 1.2 1
0
APP_5_Inner_Layer_1:0 0.4666666666666667 0.4666666666666667 1.75 1.69 44 3 2.71 1
1
APP_5_Inner_Layer_1:1 0.5333333333333333 0.5333333333333333 2.0 2.8 11 15 3.04 1
2 3 4
APP_5_Inner_Layer_1:2 0.6 0.6 2.25 2.19 12 15 3.07 1
1
APP_5_Inner_Layer_1:3 0.26666666666666666 0.26666666666666666 1.0 1.71 12 35 1.85 1
1 3
APP_5_Output_Layer_0 0.4 0.4 1.5 3.39 43 21 1.78 1
5 6 7 8
9
5.42378507448678
APP_6_Input_Layer_0 0.06666666666666667 0.06666666666666667 0.25 2.2 14 46 3.42 1

APP_6_Inner_Layer_0:0 0.13333333333333333 0.13333333333333333 0.5 1.9 28 14 1.67 1
0
APP_6_Inner_Layer_0:1 0.4666666666666667 0.4666666666666667 1.75 1.66 23 15 1.25 1
0
APP_6_Inner_Layer_1:0 0.3333333333333333 0.3333333333333333 1.25 1.87 42 44 1.35 1
2
APP_6_Inner_Layer_1:1 0.5333333333333333 0.5333333333333333 2.0 2.24 14 19 3.25 1
1 2
APP_6_Inner_Layer_2:0 0.5333333333333333 0.5333333333333333 2.0 2.52 45 45 1.16 1
3
APP_6_Inner_Layer_2:1 0.4 0.4 1.5 1.97 39 26 3.4 1
3
APP_6_Inner_Layer_2:2 0.06666666666666667 0.06666666666666667 0.25 2.46 32 44 3.52 1
4
APP_6_Output_Layer_0 0.26666666666666666 0.26666666666666666 1.0 2.06 40 11 2.5 1
5 6 7
6
6.391377923613916
APP_7_Input_Layer_0 0.4 0.4 1.5 2.77 4 19 3.61 1

APP_7_Inner_Layer_0:0 0.06666666666666667 0.06666666666666667 0.25 3.29 39 47 2.31 1
0
APP_7_Inner_Layer_1:0 0.06666666666666667 0.06666666666666667 0.25 3.65 49 42 2.73 1
1
APP_7_Inner_Layer_1:1 0.06666666666666667 0.06666666666666667 0.25 2.33 1 11 2.02 1
1
APP_7_Inner_Layer_1:2 0.26666666666666666 0.26666666666666666 1.0 3.34 17 15 1.45 1
1
APP_7_Output_Layer_0 0.13333333333333333 0.13333333333333333 0.5 1.86 38 7 3.17 0
2 3 4
6
7.389392205592468
APP_8_Input_Layer_0 0.4 0.4 1.5 2.66 29 18 1.78 1

APP_8_Inner_Layer_0:0 0.06666666666666667 0.06666666666666667 0.25 3.97 36 32 3.19 1
0
APP_8_Inner_Layer_0:1 0.5333333333333333 0.5333333333333333 2.0 2.67 19 3 1.79 0
0
APP_8_Inner_Layer_0:2 0.3333333333333333 0.3333333333333333 1.25 1.09 40 14 2.44 1
0
APP_8_Inner_Layer_1:0 0.06666666666666667 0.06666666666666667 0.25 1.65 22 37 1.63 1
1 2 3
APP_8_Output_Layer_0 0.3333333333333333 0.3333333333333333 1.25 1.76 31 19 2.38 1
4
