10
9
8
0
APP_0_Input_Layer_0 0.6 0.6 2.25 2.16 1 48 2.07 0

APP_0_Inner_Layer_0:0 0.2 0.2 0.75 1.42 29 30 1.77 1
0
APP_0_Inner_Layer_0:1 0.06666666666666667 0.06666666666666667 0.25 1.44 22 41 1.35 1
0
APP_0_Inner_Layer_1:0 0.26666666666666666 0.26666666666666666 1.0 3.26 3 22 3.54 1
1
APP_0_Inner_Layer_1:1 0.4666666666666667 0.4666666666666667 1.75 2.13 44 28 1.63 1
1
APP_0_Inner_Layer_1:2 0.4666666666666667 0.4666666666666667 1.75 2.62 14 5 3.35 1
1
APP_0_Inner_Layer_1:3 0.4 0.4 1.5 1.02 8 40 1.94 1
1 2
APP_0_Output_Layer_0 0.06666666666666667 0.06666666666666667 0.25 1.64 6 42 1.43 1
3 4 5 6
4
0.9195940017607899
APP_1_Input_Layer_0 0.26666666666666666 0.26666666666666666 1.0 2.79 16 6 2.7 1

APP_1_Inner_Layer_0:0 0.5333333333333333 0.5333333333333333 2.0 2.75 36 16 2.74 1
0
APP_1_Inner_Layer_1:0 0.2 0.2 0.75 2.58 30 17 3.17 1
1
APP_1_Output_Layer_0 0.13333333333333333 0.13333333333333333 0.5 3.84 6 24 1.04 1
2
7
1.6898516091536377
APP_2_Input_Layer_0 0.6 0.6 2.25 1.51 19 22 2.08 1

APP_2_Inner_Layer_0:0 0.5333333333333333 0.5333333333333333 2.0 2.3 34 17 1.63 1
0
APP_2_Inner_Layer_0:1 0.13333333333333333 0.13333333333333333 0.5 3.88 19 24 2.3 1
0
APP_2_Inner_Layer_1:0 0.13333333333333333 0.13333333333333333 0.5 3.73 9 37 2.75 1
1 2
APP_2_Inner_Layer_2:0 0.4666666666666667 0.4666666666666667 1.75 2.36 27 47 1.69 1
3
APP_2_Inner_Layer_3:0 0.06666666666666667 0.06666666666666667 0.25 1.74 32 11 1.39 1
4
APP_2_Output_Layer_0 0.4 0.4 1.5 3.4 30 47 1.08 1
5
13
2.4314881832065773
APP_3_Input_Layer_0 0.06666666666666667 0.06666666666666667 0.25 1.19 10 36 2.65 0

APP_3_Inner_Layer_0:0 0.06666666666666667 0.06666666666666667 0.25 2.46 9 10 2.83 1
0
APP_3_Inner_Layer_0:1 0.13333333333333333 0.13333333333333333 0.5 1.0 17 6 2.09 1
0
APP_3_Inner_Layer_0:2 0.4666666666666667 0.4666666666666667 1.75 1.83 10 48 3.13 1
0
APP_3_Inner_Layer_0:3 0.06666666666666667 0.06666666666666667 0.25 3.2 46 17 2.46 1
0
APP_3_Inner_Layer_1:0 0.26666666666666666 0.26666666666666666 1.0 1.34 13 21 1.53 1
3 4
APP_3_Inner_Layer_1:1 0.2 0.2 0.75 1.27 20 38 2.42 1
1 2 4
APP_3_Inner_Layer_1:2 0.4666666666666667 0.4666666666666667 1.75 1.68 48 43 1.14 1
1 2 3
APP_3_Inner_Layer_1:3 0.5333333333333333 0.5333333333333333 2.0 2.71 35 37 2.05 1
2 3 4
APP_3_Inner_Layer_2:0 0.4 0.4 1.5 1.01 22 48 3.79 1
5 7
APP_3_Inner_Layer_2:1 0.3333333333333333 0.3333333333333333 1.25 1.44 8 46 1.99 1
6
APP_3_Inner_Layer_2:2 0.4 0.4 1.5 2.13 14 24 1.52 1
8
APP_3_Output_Layer_0 0.5333333333333333 0.5333333333333333 2.0 2.61 30 26 3.3 1
9 10 11
5
3.3484668704388634
APP_4_Input_Layer_0 0.4666666666666667 0.4666666666666667 1.75 2.75 48 8 1.88 1

APP_4_Inner_Layer_0:0 0.06666666666666667 0.06666666666666667 0.25 2.06 32 6 1.58 1
0
APP_4_Inner_Layer_0:1 0.4 0.4 1.5 1.3 5 30 1.55 1
0
APP_4_Inner_Layer_0:2 0.3333333333333333 0.3333333333333333 1.25 1.04 28 28 2.78 0
0
APP_4_Output_Layer_0 0.4666666666666667 0.4666666666666667 1.75 2.54 29 39 1.48 1
1 2 3
8
4.197894107194286
APP_5_Input_Layer_0 0.4666666666666667 0.4666666666666667 1.75 3.71 24 25 3.45 0

APP_5_Inner_Layer_0:0 0.2 0.2 0.75 1.66 47 32 3.98 1
0
APP_5_Inner_Layer_0:1 0.2 0.2 0.75 3.69 21 18 3.67 1
0
APP_5_Inner_Layer_0:2 0.4666666666666667 0.4666666666666667 1.75 2.82 36 30 3.44 0
0
APP_5_Inner_Layer_1:0 0.06666666666666667 0.06666666666666667 0.25 1.51 24 7 2.94 1
1
APP_5_Inner_Layer_1:1 0.3333333333333333 0.3333333333333333 1.25 3.66 29 25 3.54 1
2 3
APP_5_Inner_Layer_1:2 0.4 0.4 1.5 3.29 30 17 1.8 1
2 3
APP_5_Output_Layer_0 0.4666666666666667 0.4666666666666667 1.75 3.87 27 28 2.94 1
4 5 6
3
4.785945262337415
APP_6_Input_Layer_0 0.4 0.4 1.5 2.88 26 48 3.09 1

APP_6_Inner_Layer_0:0 0.4666666666666667 0.4666666666666667 1.75 3.6 30 36 1.9 1
0
APP_6_Output_Layer_0 0.3333333333333333 0.3333333333333333 1.25 2.05 1 19 2.23 1
1
9
5.391228772381385
APP_7_Input_Layer_0 0.2 0.2 0.75 1.87 23 2 3.97 0

APP_7_Inner_Layer_0:0 0.5333333333333333 0.5333333333333333 2.0 2.26 35 39 3.98 1
0
APP_7_Inner_Layer_0:1 0.06666666666666667 0.06666666666666667 0.25 3.81 25 12 1.14 1
0
APP_7_Inner_Layer_0:2 0.26666666666666666 0.26666666666666666 1.0 1.89 38 32 3.56 1
0
APP_7_Inner_Layer_0:3 0.6 0.6 2.25 1.32 35 23 1.31 1
0
APP_7_Inner_Layer_1:0 0.5333333333333333 0.5333333333333333 2.0 2.77 39 3 3.39 1
4
APP_7_Inner_Layer_1:1 0.13333333333333333 0.13333333333333333 0.5 2.99 14 29 1.86 1
2 3 4
APP_7_Inner_Layer_1:2 0.6 0.6 2.25 2.32 22 21 1.62 1
1
APP_7_Output_Layer_0 0.2 0.2 0.75 2.02 37 35 3.75 1
5 6 7
6
6.199484167355455
APP_8_Input_Layer_0 0.4666666666666667 0.4666666666666667 1.75 1.7 32 35 1.18 1

APP_8_Inner_Layer_0:0 0.06666666666666667 0.06666666666666667 0.25 2.47 40 15 1.02 1
0
APP_8_Inner_Layer_0:1 0.06666666666666667 0.06666666666666667 0.25 2.67 44 43 3.94 1
0
APP_8_Inner_Layer_0:2 0.4666666666666667 0.4666666666666667 1.75 3.75 37 14 3.15 1
0
APP_8_Inner_Layer_0:3 0.13333333333333333 0.13333333333333333 0.5 2.94 47 19 3.15 1
0
APP_8_Output_Layer_0 0.06666666666666667 0.06666666666666667 0.25 2.37 47 4 3.96 1
1 2 3 4
