10
9
9
0
APP_0_Input_Layer_0 0.4 0.4 1.5 3.28 17 42 3.35 1

APP_0_Inner_Layer_0:0 0.13333333333333333 0.13333333333333333 0.5 2.0 20 3 1.89 1
0
APP_0_Inner_Layer_0:1 0.2 0.2 0.75 3.89 16 33 3.06 1
0
APP_0_Inner_Layer_1:0 0.06666666666666667 0.06666666666666667 0.25 2.91 35 34 3.7 1
1 2
APP_0_Inner_Layer_2:0 0.3333333333333333 0.3333333333333333 1.25 2.47 5 22 2.72 1
3
APP_0_Inner_Layer_2:1 0.5333333333333333 0.5333333333333333 2.0 1.52 25 18 1.25 1
3
APP_0_Inner_Layer_2:2 0.4 0.4 1.5 1.73 36 23 3.63 1
3
APP_0_Inner_Layer_2:3 0.13333333333333333 0.13333333333333333 0.5 2.79 48 15 1.12 1
3
APP_0_Output_Layer_0 0.06666666666666667 0.06666666666666667 0.25 3.41 20 46 1.21 1
4 5 6 7
12
0.9247682979378141
APP_1_Input_Layer_0 0.3333333333333333 0.3333333333333333 1.25 2.81 32 6 1.91 1

APP_1_Inner_Layer_0:0 0.4 0.4 1.5 2.76 6 20 3.81 1
0
APP_1_Inner_Layer_0:1 0.26666666666666666 0.26666666666666666 1.0 1.07 31 9 3.27 0
0
APP_1_Inner_Layer_0:2 0.3333333333333333 0.3333333333333333 1.25 2.55 31 33 3.59 1
0
APP_1_Inner_Layer_1:0 0.26666666666666666 0.26666666666666666 1.0 2.3 38 25 3.26 0
3
APP_1_Inner_Layer_1:1 0.26666666666666666 0.26666666666666666 1.0 3.67 41 1 2.46 1
1
APP_1_Inner_Layer_1:2 0.13333333333333333 0.13333333333333333 0.5 2.15 19 30 1.64 1
2 3
APP_1_Inner_Layer_1:3 0.4666666666666667 0.4666666666666667 1.75 1.4 13 6 1.81 1
3
APP_1_Inner_Layer_2:0 0.4666666666666667 0.4666666666666667 1.75 3.89 49 28 1.99 1
4 5 6 7
APP_1_Inner_Layer_2:1 0.26666666666666666 0.26666666666666666 1.0 3.54 49 15 2.84 0
7 5 4
APP_1_Inner_Layer_3:0 0.4666666666666667 0.4666666666666667 1.75 1.15 42 14 2.48 1
8 9
APP_1_Output_Layer_0 0.5333333333333333 0.5333333333333333 2.0 1.64 39 9 1.58 1
10
15
1.3440530529626744
APP_2_Input_Layer_0 0.13333333333333333 0.13333333333333333 0.5 2.58 9 35 1.47 1

APP_2_Inner_Layer_0:0 0.3333333333333333 0.3333333333333333 1.25 3.83 45 5 2.83 1
0
APP_2_Inner_Layer_0:1 0.06666666666666667 0.06666666666666667 0.25 3.46 48 40 1.55 1
0
APP_2_Inner_Layer_0:2 0.4 0.4 1.5 2.03 46 1 2.41 1
0
APP_2_Inner_Layer_0:3 0.06666666666666667 0.06666666666666667 0.25 3.98 2 17 2.45 1
0
APP_2_Inner_Layer_1:0 0.3333333333333333 0.3333333333333333 1.25 1.92 9 36 2.67 1
1
APP_2_Inner_Layer_1:1 0.4666666666666667 0.4666666666666667 1.75 3.26 7 9 1.25 1
2 3 4
APP_2_Inner_Layer_1:2 0.3333333333333333 0.3333333333333333 1.25 3.36 33 32 3.13 1
4
APP_2_Inner_Layer_1:3 0.4 0.4 1.5 1.91 16 35 1.68 1
1 4
APP_2_Inner_Layer_2:0 0.13333333333333333 0.13333333333333333 0.5 1.39 5 31 3.17 1
5 6 8
APP_2_Inner_Layer_2:1 0.4666666666666667 0.4666666666666667 1.75 2.74 48 28 3.64 1
5 8
APP_2_Inner_Layer_2:2 0.06666666666666667 0.06666666666666667 0.25 2.55 16 20 3.04 1
7
APP_2_Inner_Layer_3:0 0.4666666666666667 0.4666666666666667 1.75 1.19 28 28 3.24 1
9 10
APP_2_Inner_Layer_3:1 0.2 0.2 0.75 1.5 32 33 3.99 1
11
APP_2_Output_Layer_0 0.5333333333333333 0.5333333333333333 2.0 1.38 22 32 1.5 1
12 13
15
1.9250714208385546
APP_3_Input_Layer_0 0.6 0.6 2.25 1.77 29 7 2.59 1

APP_3_Inner_Layer_0:0 0.3333333333333333 0.3333333333333333 1.25 1.03 47 30 1.22 1
0
APP_3_Inner_Layer_0:1 0.6 0.6 2.25 3.47 20 46 3.43 1
0
APP_3_Inner_Layer_0:2 0.26666666666666666 0.26666666666666666 1.0 1.82 24 44 3.61 1
0
APP_3_Inner_Layer_0:3 0.4 0.4 1.5 2.91 30 15 3.62 1
0
APP_3_Inner_Layer_1:0 0.4 0.4 1.5 1.96 1 3 2.18 1
1 2 3 4
APP_3_Inner_Layer_2:0 0.4666666666666667 0.4666666666666667 1.75 1.86 19 12 3.08 0
5
APP_3_Inner_Layer_2:1 0.4666666666666667 0.4666666666666667 1.75 2.81 33 39 3.59 1
5
APP_3_Inner_Layer_2:2 0.13333333333333333 0.13333333333333333 0.5 1.01 25 3 2.38 1
5
APP_3_Inner_Layer_2:3 0.13333333333333333 0.13333333333333333 0.5 2.99 31 34 1.45 1
5
APP_3_Inner_Layer_3:0 0.5333333333333333 0.5333333333333333 2.0 3.74 4 28 1.24 1
6 7 9
APP_3_Inner_Layer_3:1 0.06666666666666667 0.06666666666666667 0.25 3.63 26 43 1.87 1
7 8 9
APP_3_Inner_Layer_3:2 0.06666666666666667 0.06666666666666667 0.25 1.44 29 5 2.99 1
8
APP_3_Inner_Layer_3:3 0.4666666666666667 0.4666666666666667 1.75 2.15 47 49 2.21 1
6 9
APP_3_Output_Layer_0 0.6 0.6 2.25 2.31 32 42 2.85 1
10 11 12 13
9
2.893156757021255
APP_4_Input_Layer_0 0.06666666666666667 0.06666666666666667 0.25 3.85 38 11 3.66 1

APP_4_Inner_Layer_0:0 0.06666666666666667 0.06666666666666667 0.25 1.03 4 10 2.44 1
0
APP_4_Inner_Layer_0:1 0.6 0.6 2.25 2.75 5 42 3.7 1
0
APP_4_Inner_Layer_0:2 0.06666666666666667 0.06666666666666667 0.25 1.98 17 39 3.03 1
0
APP_4_Inner_Layer_1:0 0.4666666666666667 0.4666666666666667 1.75 1.68 45 32 3.15 1
1 2 3
APP_4_Inner_Layer_2:0 0.4666666666666667 0.4666666666666667 1.75 1.61 17 39 1.38 1
4
APP_4_Inner_Layer_2:1 0.2 0.2 0.75 1.11 12 10 3.57 1
4
APP_4_Inner_Layer_2:2 0.13333333333333333 0.13333333333333333 0.5 2.25 19 29 3.9 1
4
APP_4_Output_Layer_0 0.2 0.2 0.75 1.28 30 36 1.87 1
5 6 7
6
3.4218184464385653
APP_5_Input_Layer_0 0.4666666666666667 0.4666666666666667 1.75 3.07 2 48 3.69 1

APP_5_Inner_Layer_0:0 0.06666666666666667 0.06666666666666667 0.25 3.63 12 1 3.79 1
0
APP_5_Inner_Layer_1:0 0.06666666666666667 0.06666666666666667 0.25 3.28 33 33 3.34 1
1
APP_5_Inner_Layer_1:1 0.4 0.4 1.5 1.95 29 47 2.58 1
1
APP_5_Inner_Layer_1:2 0.06666666666666667 0.06666666666666667 0.25 2.59 40 46 2.24 1
1
APP_5_Output_Layer_0 0.6 0.6 2.25 3.42 2 30 2.42 1
2 3 4
11
3.9180354340132992
APP_6_Input_Layer_0 0.26666666666666666 0.26666666666666666 1.0 2.6 27 7 3.71 1

APP_6_Inner_Layer_0:0 0.26666666666666666 0.26666666666666666 1.0 4.0 10 30 1.74 1
0
APP_6_Inner_Layer_0:1 0.2 0.2 0.75 1.24 34 30 3.22 1
0
APP_6_Inner_Layer_0:2 0.4 0.4 1.5 2.3 41 37 1.22 1
0
APP_6_Inner_Layer_0:3 0.26666666666666666 0.26666666666666666 1.0 1.81 37 13 2.73 1
0
APP_6_Inner_Layer_1:0 0.26666666666666666 0.26666666666666666 1.0 3.98 13 40 2.41 1
1 3
APP_6_Inner_Layer_1:1 0.4666666666666667 0.4666666666666667 1.75 2.83 2 16 1.73 1
2 4
APP_6_Inner_Layer_2:0 0.06666666666666667 0.06666666666666667 0.25 2.34 9 18 2.95 1
5 6
APP_6_Inner_Layer_2:1 0.2 0.2 0.75 1.46 12 36 3.66 1
6
APP_6_Inner_Layer_2:2 0.6 0.6 2.25 1.94 21 16 2.99 1
6
APP_6_Output_Layer_0 0.26666666666666666 0.26666666666666666 1.0 1.96 33 46 1.16 1
7 8 9
6
4.829845481396512
APP_7_Input_Layer_0 0.6 0.6 2.25 2.77 22 30 1.37 1

APP_7_Inner_Layer_0:0 0.4666666666666667 0.4666666666666667 1.75 3.19 49 2 2.84 1
0
APP_7_Inner_Layer_0:1 0.06666666666666667 0.06666666666666667 0.25 3.9 32 42 2.9 0
0
APP_7_Inner_Layer_0:2 0.5333333333333333 0.5333333333333333 2.0 3.99 18 37 1.38 1
0
APP_7_Inner_Layer_1:0 0.06666666666666667 0.06666666666666667 0.25 2.8 49 25 3.63 1
1 2 3
APP_7_Output_Layer_0 0.13333333333333333 0.13333333333333333 0.5 1.42 27 1 2.14 1
4
4
5.400328575201143
APP_8_Input_Layer_0 0.5333333333333333 0.5333333333333333 2.0 1.79 31 24 1.41 1

APP_8_Inner_Layer_0:0 0.3333333333333333 0.3333333333333333 1.25 1.78 9 12 1.48 1
0
APP_8_Inner_Layer_1:0 0.4 0.4 1.5 2.88 39 13 3.71 1
1
APP_8_Output_Layer_0 0.2 0.2 0.75 2.06 16 40 1.63 1
2
