10
9
6
0
APP_0_Input_Layer_0 0.13333333333333333 0.13333333333333333 0.5 3.98 47 18 2.39 1

APP_0_Inner_Layer_0:0 0.2 0.2 0.75 3.26 37 32 3.6 1
0
APP_0_Inner_Layer_0:1 0.4666666666666667 0.4666666666666667 1.75 2.57 41 4 3.53 1
0
APP_0_Inner_Layer_0:2 0.06666666666666667 0.06666666666666667 0.25 2.63 8 29 1.16 1
0
APP_0_Inner_Layer_0:3 0.4666666666666667 0.4666666666666667 1.75 3.91 5 28 2.66 1
0
APP_0_Output_Layer_0 0.13333333333333333 0.13333333333333333 0.5 1.58 34 9 3.19 1
1 2 3 4
9
0.43469843060458174
APP_1_Input_Layer_0 0.4666666666666667 0.4666666666666667 1.75 1.98 41 49 2.28 1

APP_1_Inner_Layer_0:0 0.13333333333333333 0.13333333333333333 0.5 1.55 38 3 3.9 1
0
APP_1_Inner_Layer_0:1 0.2 0.2 0.75 2.68 10 48 3.24 1
0
APP_1_Inner_Layer_0:2 0.5333333333333333 0.5333333333333333 2.0 1.45 31 20 2.65 1
0
APP_1_Inner_Layer_0:3 0.3333333333333333 0.3333333333333333 1.25 2.68 13 43 1.05 1
0
APP_1_Inner_Layer_1:0 0.4 0.4 1.5 3.76 42 35 1.95 1
1 3 4
APP_1_Inner_Layer_1:1 0.6 0.6 2.25 1.47 26 37 1.93 1
3
APP_1_Inner_Layer_1:2 0.4666666666666667 0.4666666666666667 1.75 1.01 3 34 2.45 0
2
APP_1_Output_Layer_0 0.5333333333333333 0.5333333333333333 2.0 3.46 27 30 2.61 1
5 6 7
8
1.0444719689713624
APP_2_Input_Layer_0 0.3333333333333333 0.3333333333333333 1.25 2.31 42 47 2.97 1

APP_2_Inner_Layer_0:0 0.06666666666666667 0.06666666666666667 0.25 2.2 13 35 2.72 1
0
APP_2_Inner_Layer_0:1 0.26666666666666666 0.26666666666666666 1.0 1.67 44 30 2.03 1
0
APP_2_Inner_Layer_0:2 0.4666666666666667 0.4666666666666667 1.75 3.36 20 47 2.3 1
0
APP_2_Inner_Layer_0:3 0.06666666666666667 0.06666666666666667 0.25 2.77 21 15 2.84 1
0
APP_2_Inner_Layer_1:0 0.6 0.6 2.25 1.7 36 24 2.19 1
1 2 3 4
APP_2_Inner_Layer_2:0 0.06666666666666667 0.06666666666666667 0.25 1.6 40 20 3.71 1
5
APP_2_Output_Layer_0 0.13333333333333333 0.13333333333333333 0.5 2.17 34 43 1.37 1
6
12
1.7292388385175252
APP_3_Input_Layer_0 0.2 0.2 0.75 2.28 36 11 3.93 1

APP_3_Inner_Layer_0:0 0.5333333333333333 0.5333333333333333 2.0 1.81 1 21 3.96 1
0
APP_3_Inner_Layer_1:0 0.5333333333333333 0.5333333333333333 2.0 1.82 22 4 1.9 1
1
APP_3_Inner_Layer_1:1 0.13333333333333333 0.13333333333333333 0.5 3.35 39 30 2.62 1
1
APP_3_Inner_Layer_1:2 0.5333333333333333 0.5333333333333333 2.0 1.77 14 7 2.19 1
1
APP_3_Inner_Layer_2:0 0.4 0.4 1.5 3.55 21 38 3.9 1
2 4
APP_3_Inner_Layer_2:1 0.6 0.6 2.25 1.95 49 1 2.77 1
3
APP_3_Inner_Layer_3:0 0.5333333333333333 0.5333333333333333 2.0 3.68 44 11 2.99 1
6
APP_3_Inner_Layer_3:1 0.2 0.2 0.75 3.23 29 24 1.7 1
5 6
APP_3_Inner_Layer_3:2 0.06666666666666667 0.06666666666666667 0.25 2.64 10 49 3.67 1
6
APP_3_Inner_Layer_3:3 0.13333333333333333 0.13333333333333333 0.5 1.14 1 41 2.14 1
6
APP_3_Output_Layer_0 0.2 0.2 0.75 3.34 34 37 1.95 1
7 8 9 10
8
2.812531450861401
APP_4_Input_Layer_0 0.4666666666666667 0.4666666666666667 1.75 2.71 31 3 2.56 1

APP_4_Inner_Layer_0:0 0.4666666666666667 0.4666666666666667 1.75 3.17 10 6 3.83 1
0
APP_4_Inner_Layer_0:1 0.26666666666666666 0.26666666666666666 1.0 1.65 45 5 2.55 1
0
APP_4_Inner_Layer_0:2 0.4 0.4 1.5 1.19 10 11 2.64 1
0
APP_4_Inner_Layer_0:3 0.06666666666666667 0.06666666666666667 0.25 2.4 17 10 1.94 1
0
APP_4_Inner_Layer_1:0 0.06666666666666667 0.06666666666666667 0.25 3.68 49 12 2.21 1
4
APP_4_Inner_Layer_1:1 0.26666666666666666 0.26666666666666666 1.0 2.1 34 9 3.02 1
1 2 3
APP_4_Output_Layer_0 0.6 0.6 2.25 3.03 35 39 3.71 1
5 6
11
3.6520948692741797
APP_5_Input_Layer_0 0.3333333333333333 0.3333333333333333 1.25 2.63 48 43 1.15 1

APP_5_Inner_Layer_0:0 0.4 0.4 1.5 3.01 17 11 3.02 1
0
APP_5_Inner_Layer_1:0 0.26666666666666666 0.26666666666666666 1.0 3.08 10 25 1.91 1
1
APP_5_Inner_Layer_1:1 0.6 0.6 2.25 3.17 35 42 3.64 1
1
APP_5_Inner_Layer_1:2 0.5333333333333333 0.5333333333333333 2.0 1.09 47 10 3.88 1
1
APP_5_Inner_Layer_1:3 0.3333333333333333 0.3333333333333333 1.25 3.38 24 18 1.75 1
1
APP_5_Inner_Layer_2:0 0.2 0.2 0.75 2.54 49 33 1.91 1
4 5
APP_5_Inner_Layer_2:1 0.3333333333333333 0.3333333333333333 1.25 2.0 1 27 2.42 1
2 3
APP_5_Inner_Layer_2:2 0.6 0.6 2.25 3.57 3 9 1.46 1
2 3
APP_5_Inner_Layer_2:3 0.4 0.4 1.5 1.17 11 7 1.63 1
2 3 5
APP_5_Output_Layer_0 0.2 0.2 0.75 3.51 20 7 2.08 1
6 7 8 9
11
4.297723704546599
APP_6_Input_Layer_0 0.13333333333333333 0.13333333333333333 0.5 1.72 6 39 1.8 1

APP_6_Inner_Layer_0:0 0.4 0.4 1.5 1.35 44 19 2.66 1
0
APP_6_Inner_Layer_0:1 0.2 0.2 0.75 3.21 25 39 1.42 1
0
APP_6_Inner_Layer_1:0 0.26666666666666666 0.26666666666666666 1.0 2.97 39 26 2.54 1
2
APP_6_Inner_Layer_1:1 0.06666666666666667 0.06666666666666667 0.25 3.53 6 23 1.42 1
1
APP_6_Inner_Layer_2:0 0.5333333333333333 0.5333333333333333 2.0 3.97 5 14 1.57 1
3
APP_6_Inner_Layer_2:1 0.6 0.6 2.25 3.12 1 5 1.26 1
4
APP_6_Inner_Layer_2:2 0.4 0.4 1.5 2.22 18 23 3.29 1
3
APP_6_Inner_Layer_2:3 0.06666666666666667 0.06666666666666667 0.25 2.53 41 44 2.41 1
3
APP_6_Inner_Layer_3:0 0.06666666666666667 0.06666666666666667 0.25 1.62 17 26 2.02 1
5 6 7 8
APP_6_Output_Layer_0 0.4666666666666667 0.4666666666666667 1.75 2.92 6 10 3.24 1
9
16
4.985754041227355
APP_7_Input_Layer_0 0.26666666666666666 0.26666666666666666 1.0 1.32 45 46 3.6 1

APP_7_Inner_Layer_0:0 0.26666666666666666 0.26666666666666666 1.0 3.21 31 29 1.94 0
0
APP_7_Inner_Layer_0:1 0.26666666666666666 0.26666666666666666 1.0 1.38 41 9 1.71 1
0
APP_7_Inner_Layer_0:2 0.4666666666666667 0.4666666666666667 1.75 1.31 46 44 3.64 1
0
APP_7_Inner_Layer_0:3 0.4 0.4 1.5 1.11 8 10 2.17 1
0
APP_7_Inner_Layer_1:0 0.4666666666666667 0.4666666666666667 1.75 1.55 47 49 3.53 1
2 3 4
APP_7_Inner_Layer_1:1 0.3333333333333333 0.3333333333333333 1.25 1.63 27 36 2.91 1
2
APP_7_Inner_Layer_1:2 0.13333333333333333 0.13333333333333333 0.5 3.69 10 14 1.93 1
1 3
APP_7_Inner_Layer_1:3 0.3333333333333333 0.3333333333333333 1.25 1.16 47 44 3.65 1
2 4
APP_7_Inner_Layer_2:0 0.4 0.4 1.5 1.27 24 36 3.63 1
5 8
APP_7_Inner_Layer_2:1 0.4 0.4 1.5 1.13 18 42 2.94 1
6 7
APP_7_Inner_Layer_2:2 0.2 0.2 0.75 3.22 32 12 2.12 1
6
APP_7_Inner_Layer_2:3 0.3333333333333333 0.3333333333333333 1.25 2.28 1 9 1.05 1
5 8
APP_7_Inner_Layer_3:0 0.2 0.2 0.75 2.62 35 48 3.75 1
11 10 12
APP_7_Inner_Layer_3:1 0.2 0.2 0.75 1.8 31 45 1.02 1
9 10 11 12
APP_7_Output_Layer_0 0.2 0.2 0.75 1.51 29 2 1.98 0
13 14
12
5.6877509043463546
APP_8_Input_Layer_0 0.2 0.2 0.75 3.6 35 9 2.32 1

APP_8_Inner_Layer_0:0 0.26666666666666666 0.26666666666666666 1.0 3.63 18 3 2.03 1
0
APP_8_Inner_Layer_0:1 0.3333333333333333 0.3333333333333333 1.25 3.63 4 48 3.13 1
0
APP_8_Inner_Layer_1:0 0.4 0.4 1.5 2.35 4 7 1.97 1
1 2
APP_8_Inner_Layer_2:0 0.4666666666666667 0.4666666666666667 1.75 1.27 14 45 2.03 1
3
APP_8_Inner_Layer_2:1 0.13333333333333333 0.13333333333333333 0.5 3.57 36 10 3.92 1
3
APP_8_Inner_Layer_2:2 0.26666666666666666 0.26666666666666666 1.0 1.76 4 24 1.59 1
3
APP_8_Inner_Layer_2:3 0.13333333333333333 0.13333333333333333 0.5 1.89 1 21 3.66 1
3
APP_8_Inner_Layer_3:0 0.2 0.2 0.75 3.31 42 16 2.71 1
6
APP_8_Inner_Layer_3:1 0.3333333333333333 0.3333333333333333 1.25 2.02 15 22 1.31 0
5 6 7
APP_8_Inner_Layer_3:2 0.4666666666666667 0.4666666666666667 1.75 3.44 3 19 2.34 1
4 5
APP_8_Output_Layer_0 0.5333333333333333 0.5333333333333333 2.0 1.2 17 17 2.26 0
8 9 10
