10
9
13
0
APP_0_Input_Layer_0 0.5333333333333333 0.5333333333333333 2.0 2.34 6 48 1.5 1

APP_0_Inner_Layer_0:0 0.2 0.2 0.75 1.86 17 29 1.94 1
0
APP_0_Inner_Layer_1:0 0.2 0.2 0.75 3.8 5 15 3.61 0
1
APP_0_Inner_Layer_1:1 0.4 0.4 1.5 3.69 32 24 1.2 1
1
APP_0_Inner_Layer_2:0 0.4666666666666667 0.4666666666666667 1.75 2.75 39 33 1.86 1
3
APP_0_Inner_Layer_2:1 0.3333333333333333 0.3333333333333333 1.25 2.54 34 6 1.84 1
2 3
APP_0_Inner_Layer_2:2 0.4 0.4 1.5 3.65 44 16 3.54 1
3
APP_0_Inner_Layer_2:3 0.2 0.2 0.75 1.82 7 20 1.89 1
2
APP_0_Inner_Layer_3:0 0.06666666666666667 0.06666666666666667 0.25 2.39 21 17 2.88 1
5 7
APP_0_Inner_Layer_3:1 0.3333333333333333 0.3333333333333333 1.25 3.17 33 38 2.34 1
4 5
APP_0_Inner_Layer_3:2 0.3333333333333333 0.3333333333333333 1.25 1.44 1 36 3.48 1
5 6 7
APP_0_Inner_Layer_3:3 0.3333333333333333 0.3333333333333333 1.25 3.33 5 27 3.4 1
4
APP_0_Output_Layer_0 0.3333333333333333 0.3333333333333333 1.25 3.72 28 29 3.7 1
8 9 10 11
5
0.9985871896783243
APP_1_Input_Layer_0 0.6 0.6 2.25 3.66 16 28 3.17 1

APP_1_Inner_Layer_0:0 0.6 0.6 2.25 1.3 25 9 1.66 1
0
APP_1_Inner_Layer_0:1 0.3333333333333333 0.3333333333333333 1.25 3.14 17 40 2.24 1
0
APP_1_Inner_Layer_0:2 0.4 0.4 1.5 1.62 46 45 1.05 1
0
APP_1_Output_Layer_0 0.26666666666666666 0.26666666666666666 1.0 2.34 31 20 1.07 1
1 2 3
6
1.7971015482895285
APP_2_Input_Layer_0 0.6 0.6 2.25 3.92 28 46 3.0 1

APP_2_Inner_Layer_0:0 0.4 0.4 1.5 3.26 24 23 3.3 1
0
APP_2_Inner_Layer_0:1 0.3333333333333333 0.3333333333333333 1.25 3.6 21 13 1.19 1
0
APP_2_Inner_Layer_1:0 0.13333333333333333 0.13333333333333333 0.5 2.5 35 36 2.0 1
2
APP_2_Inner_Layer_1:1 0.4 0.4 1.5 1.32 46 7 2.98 1
1 2
APP_2_Output_Layer_0 0.4 0.4 1.5 2.21 23 18 2.24 1
3 4
7
2.295770400634534
APP_3_Input_Layer_0 0.6 0.6 2.25 1.47 29 1 2.55 1

APP_3_Inner_Layer_0:0 0.5333333333333333 0.5333333333333333 2.0 1.51 15 12 3.25 1
0
APP_3_Inner_Layer_0:1 0.06666666666666667 0.06666666666666667 0.25 2.91 42 13 2.38 1
0
APP_3_Inner_Layer_1:0 0.4666666666666667 0.4666666666666667 1.75 3.64 36 22 2.43 1
2
APP_3_Inner_Layer_1:1 0.4 0.4 1.5 2.71 12 3 1.44 1
1
APP_3_Inner_Layer_2:0 0.4666666666666667 0.4666666666666667 1.75 2.29 8 8 3.26 1
3 4
APP_3_Output_Layer_0 0.2 0.2 0.75 3.67 41 48 3.16 0
5
9
2.7798464248532353
APP_4_Input_Layer_0 0.6 0.6 2.25 3.11 32 26 2.98 1

APP_4_Inner_Layer_0:0 0.6 0.6 2.25 3.37 17 47 3.22 1
0
APP_4_Inner_Layer_0:1 0.2 0.2 0.75 3.89 18 14 3.74 1
0
APP_4_Inner_Layer_0:2 0.3333333333333333 0.3333333333333333 1.25 2.55 4 26 2.0 1
0
APP_4_Inner_Layer_0:3 0.26666666666666666 0.26666666666666666 1.0 3.62 17 43 2.57 1
0
APP_4_Inner_Layer_1:0 0.4666666666666667 0.4666666666666667 1.75 2.24 3 33 3.1 1
1 2
APP_4_Inner_Layer_1:1 0.06666666666666667 0.06666666666666667 0.25 1.25 47 30 1.39 1
4 2
APP_4_Inner_Layer_1:2 0.4666666666666667 0.4666666666666667 1.75 3.0 14 30 3.43 1
1 2 3 4
APP_4_Output_Layer_0 0.5333333333333333 0.5333333333333333 2.0 3.02 10 11 2.76 1
5 6 7
8
3.8807168085381063
APP_5_Input_Layer_0 0.26666666666666666 0.26666666666666666 1.0 3.7 46 12 3.89 1

APP_5_Inner_Layer_0:0 0.13333333333333333 0.13333333333333333 0.5 2.68 23 17 3.38 0
0
APP_5_Inner_Layer_1:0 0.6 0.6 2.25 3.16 19 21 3.42 1
1
APP_5_Inner_Layer_1:1 0.2 0.2 0.75 2.11 38 29 1.66 1
1
APP_5_Inner_Layer_1:2 0.4666666666666667 0.4666666666666667 1.75 2.0 4 38 3.33 1
1
APP_5_Inner_Layer_1:3 0.4 0.4 1.5 2.54 3 30 3.6 1
1
APP_5_Inner_Layer_2:0 0.4 0.4 1.5 1.08 36 34 2.0 1
2 3 4 5
APP_5_Output_Layer_0 0.13333333333333333 0.13333333333333333 0.5 3.0 4 14 3.95 1
6
9
4.661511627963287
APP_6_Input_Layer_0 0.26666666666666666 0.26666666666666666 1.0 3.77 46 34 2.19 1

APP_6_Inner_Layer_0:0 0.13333333333333333 0.13333333333333333 0.5 3.7 5 7 2.44 1
0
APP_6_Inner_Layer_0:1 0.3333333333333333 0.3333333333333333 1.25 2.02 18 49 2.71 0
0
APP_6_Inner_Layer_1:0 0.4666666666666667 0.4666666666666667 1.75 1.16 28 23 3.57 1
1 2
APP_6_Inner_Layer_2:0 0.5333333333333333 0.5333333333333333 2.0 3.48 18 17 1.98 0
3
APP_6_Inner_Layer_2:1 0.4666666666666667 0.4666666666666667 1.75 3.75 48 38 1.79 1
3
APP_6_Inner_Layer_2:2 0.4 0.4 1.5 1.66 39 11 1.51 1
3
APP_6_Inner_Layer_2:3 0.4666666666666667 0.4666666666666667 1.75 3.68 17 24 3.42 1
3
APP_6_Output_Layer_0 0.6 0.6 2.25 1.23 2 17 1.81 1
4 5 6 7
8
5.34594194596279
APP_7_Input_Layer_0 0.6 0.6 2.25 1.83 6 32 2.76 1

APP_7_Inner_Layer_0:0 0.26666666666666666 0.26666666666666666 1.0 1.04 49 16 1.65 1
0
APP_7_Inner_Layer_0:1 0.6 0.6 2.25 3.82 12 28 1.29 1
0
APP_7_Inner_Layer_0:2 0.06666666666666667 0.06666666666666667 0.25 2.17 47 5 3.45 1
0
APP_7_Inner_Layer_0:3 0.06666666666666667 0.06666666666666667 0.25 1.6 9 4 2.81 1
0
APP_7_Inner_Layer_1:0 0.06666666666666667 0.06666666666666667 0.25 3.04 25 49 3.18 0
1 2 3 4
APP_7_Inner_Layer_2:0 0.2 0.2 0.75 3.61 48 12 2.28 1
5
APP_7_Output_Layer_0 0.6 0.6 2.25 1.12 41 20 3.11 1
6
9
5.953046288313825
APP_8_Input_Layer_0 0.06666666666666667 0.06666666666666667 0.25 1.61 48 38 2.68 1

APP_8_Inner_Layer_0:0 0.5333333333333333 0.5333333333333333 2.0 1.93 8 35 1.55 1
0
APP_8_Inner_Layer_1:0 0.4 0.4 1.5 3.06 24 16 3.01 1
1
APP_8_Inner_Layer_1:1 0.5333333333333333 0.5333333333333333 2.0 2.5 27 16 2.07 1
1
APP_8_Inner_Layer_1:2 0.6 0.6 2.25 1.44 16 33 2.91 1
1
APP_8_Inner_Layer_2:0 0.26666666666666666 0.26666666666666666 1.0 2.5 41 32 1.54 1
3
APP_8_Inner_Layer_2:1 0.26666666666666666 0.26666666666666666 1.0 1.75 35 13 3.56 1
2 3 4
APP_8_Inner_Layer_3:0 0.13333333333333333 0.13333333333333333 0.5 3.72 14 8 1.2 1
5 6
APP_8_Output_Layer_0 0.6 0.6 2.25 2.12 24 4 1.92 1
7
