10
9
6
0
APP_0_Input_Layer_0 0.26666666666666666 0.26666666666666666 1.0 2.91 10 9 2.42 1

APP_0_Inner_Layer_0:0 0.13333333333333333 0.13333333333333333 0.5 1.42 23 25 3.72 0
0
APP_0_Inner_Layer_0:1 0.06666666666666667 0.06666666666666667 0.25 2.95 22 8 2.63 1
0
APP_0_Inner_Layer_0:2 0.4 0.4 1.5 3.26 25 49 1.03 1
0
APP_0_Inner_Layer_1:0 0.26666666666666666 0.26666666666666666 1.0 3.98 16 24 1.25 1
1 2 3
APP_0_Output_Layer_0 0.2 0.2 0.75 3.52 31 44 2.55 1
4
8
0.6321137283419048
APP_1_Input_Layer_0 0.26666666666666666 0.26666666666666666 1.0 1.93 30 19 1.18 0

APP_1_Inner_Layer_0:0 0.4666666666666667 0.4666666666666667 1.75 2.33 35 48 3.72 1
0
APP_1_Inner_Layer_0:1 0.2 0.2 0.75 1.73 44 5 2.31 1
0
APP_1_Inner_Layer_0:2 0.4 0.4 1.5 3.76 26 13 2.75 1
0
APP_1_Inner_Layer_1:0 0.4 0.4 1.5 2.72 13 18 2.42 1
1 2
APP_1_Inner_Layer_1:1 0.5333333333333333 0.5333333333333333 2.0 1.59 17 9 3.45 1
2
APP_1_Inner_Layer_1:2 0.13333333333333333 0.13333333333333333 0.5 2.77 5 38 2.49 1
3
APP_1_Output_Layer_0 0.5333333333333333 0.5333333333333333 2.0 1.58 11 30 1.82 1
4 5 6
5
1.5959235912041771
APP_2_Input_Layer_0 0.06666666666666667 0.06666666666666667 0.25 1.97 24 36 2.93 1

APP_2_Inner_Layer_0:0 0.4666666666666667 0.4666666666666667 1.75 1.68 49 11 1.82 0
0
APP_2_Inner_Layer_0:1 0.5333333333333333 0.5333333333333333 2.0 1.62 36 12 3.95 1
0
APP_2_Inner_Layer_0:2 0.4666666666666667 0.4666666666666667 1.75 1.85 24 39 1.03 1
0
APP_2_Output_Layer_0 0.6 0.6 2.25 3.17 45 44 2.0 0
1 2 3
5
2.6011697836651906
APP_3_Input_Layer_0 0.13333333333333333 0.13333333333333333 0.5 1.18 42 1 1.71 1

APP_3_Inner_Layer_0:0 0.4 0.4 1.5 3.99 36 17 3.38 1
0
APP_3_Inner_Layer_0:1 0.4 0.4 1.5 2.26 38 21 2.9 1
0
APP_3_Inner_Layer_1:0 0.2 0.2 0.75 1.38 43 21 3.36 1
1 2
APP_3_Output_Layer_0 0.06666666666666667 0.06666666666666667 0.25 1.54 3 16 2.48 1
3
13
3.361483529855966
APP_4_Input_Layer_0 0.06666666666666667 0.06666666666666667 0.25 1.09 28 37 1.94 0

APP_4_Inner_Layer_0:0 0.4 0.4 1.5 1.9 1 28 3.06 1
0
APP_4_Inner_Layer_0:1 0.2 0.2 0.75 2.76 42 48 3.43 1
0
APP_4_Inner_Layer_0:2 0.4 0.4 1.5 3.86 49 38 1.39 0
0
APP_4_Inner_Layer_1:0 0.3333333333333333 0.3333333333333333 1.25 2.99 7 31 1.6 1
2 3
APP_4_Inner_Layer_1:1 0.2 0.2 0.75 2.32 12 44 3.66 1
1 2
APP_4_Inner_Layer_1:2 0.13333333333333333 0.13333333333333333 0.5 2.68 44 23 2.03 1
1
APP_4_Inner_Layer_2:0 0.13333333333333333 0.13333333333333333 0.5 2.32 7 10 1.33 1
4 5 6
APP_4_Inner_Layer_2:1 0.3333333333333333 0.3333333333333333 1.25 2.97 44 14 1.14 1
5
APP_4_Inner_Layer_3:0 0.3333333333333333 0.3333333333333333 1.25 3.45 38 12 1.0 1
8
APP_4_Inner_Layer_3:1 0.2 0.2 0.75 1.83 33 23 2.23 1
7 8
APP_4_Inner_Layer_3:2 0.5333333333333333 0.5333333333333333 2.0 2.24 23 41 3.79 1
7
APP_4_Output_Layer_0 0.5333333333333333 0.5333333333333333 2.0 2.83 6 10 3.78 1
9 10 11
5
3.8385541365582543
APP_5_Input_Layer_0 0.5333333333333333 0.5333333333333333 2.0 3.86 17 24 3.28 1

APP_5_Inner_Layer_0:0 0.4666666666666667 0.4666666666666667 1.75 2.53 27 37 2.49 1
0
APP_5_Inner_Layer_0:1 0.06666666666666667 0.06666666666666667 0.25 3.38 36 39 1.9 1
0
APP_5_Inner_Layer_0:2 0.6 0.6 2.25 1.09 10 31 1.18 0
0
APP_5_Output_Layer_0 0.4666666666666667 0.4666666666666667 1.75 1.17 5 23 2.76 1
1 2 3
5
4.729444135871628
APP_6_Input_Layer_0 0.2 0.2 0.75 3.58 6 7 1.7 1

APP_6_Inner_Layer_0:0 0.4666666666666667 0.4666666666666667 1.75 3.4 43 27 2.11 1
0
APP_6_Inner_Layer_0:1 0.06666666666666667 0.06666666666666667 0.25 3.85 29 46 2.95 1
0
APP_6_Inner_Layer_0:2 0.06666666666666667 0.06666666666666667 0.25 2.48 18 38 1.64 1
0
APP_6_Output_Layer_0 0.3333333333333333 0.3333333333333333 1.25 3.94 5 35 2.77 1
1 2 3
4
5.54912261534148
APP_7_Input_Layer_0 0.2 0.2 0.75 2.36 23 2 2.49 1

APP_7_Inner_Layer_0:0 0.4 0.4 1.5 1.87 12 15 2.36 1
0
APP_7_Inner_Layer_0:1 0.4666666666666667 0.4666666666666667 1.75 3.79 36 20 3.18 1
0
APP_7_Output_Layer_0 0.2 0.2 0.75 2.24 6 40 2.68 1
1 2
5
6.426974716617799
APP_8_Input_Layer_0 0.2 0.2 0.75 3.93 36 38 3.72 1

APP_8_Inner_Layer_0:0 0.6 0.6 2.25 3.52 11 33 1.85 1
0
APP_8_Inner_Layer_1:0 0.26666666666666666 0.26666666666666666 1.0 1.99 45 43 3.42 1
1
APP_8_Inner_Layer_1:1 0.6 0.6 2.25 3.74 37 18 1.9 1
1
APP_8_Output_Layer_0 0.3333333333333333 0.3333333333333333 1.25 1.27 44 3 2.51 1
2 3
