10
9
8
0
APP_0_Input_Layer_0 0.4666666666666667 0.4666666666666667 1.75 3.1 2 27 3.09 1

APP_0_Inner_Layer_0:0 0.5333333333333333 0.5333333333333333 2.0 2.67 29 30 3.58 1
0
APP_0_Inner_Layer_0:1 0.13333333333333333 0.13333333333333333 0.5 3.8 44 5 1.18 1
0
APP_0_Inner_Layer_1:0 0.26666666666666666 0.26666666666666666 1.0 1.56 23 49 2.41 1
1
APP_0_Inner_Layer_1:1 0.4666666666666667 0.4666666666666667 1.75 2.14 6 9 1.34 0
1
APP_0_Inner_Layer_1:2 0.26666666666666666 0.26666666666666666 1.0 2.16 15 7 1.23 1
1 2
APP_0_Inner_Layer_1:3 0.5333333333333333 0.5333333333333333 2.0 3.96 47 10 2.06 1
1 2
APP_0_Output_Layer_0 0.5333333333333333 0.5333333333333333 2.0 2.12 6 28 2.08 1
3 4 5 6
7
0.5807030846328669
APP_1_Input_Layer_0 0.4666666666666667 0.4666666666666667 1.75 3.86 45 47 2.71 1

APP_1_Inner_Layer_0:0 0.13333333333333333 0.13333333333333333 0.5 2.95 37 28 3.0 1
0
APP_1_Inner_Layer_1:0 0.3333333333333333 0.3333333333333333 1.25 2.32 36 39 2.79 1
1
APP_1_Inner_Layer_1:1 0.6 0.6 2.25 3.26 21 35 1.62 1
1
APP_1_Inner_Layer_2:0 0.5333333333333333 0.5333333333333333 2.0 2.59 47 22 2.61 1
2 3
APP_1_Inner_Layer_3:0 0.5333333333333333 0.5333333333333333 2.0 3.02 23 13 2.66 1
4
APP_1_Output_Layer_0 0.6 0.6 2.25 1.83 20 46 2.76 1
5
14
1.4996937025774222
APP_2_Input_Layer_0 0.26666666666666666 0.26666666666666666 1.0 1.82 20 35 2.18 1

APP_2_Inner_Layer_0:0 0.5333333333333333 0.5333333333333333 2.0 1.36 48 15 1.37 1
0
APP_2_Inner_Layer_0:1 0.3333333333333333 0.3333333333333333 1.25 3.72 39 9 2.02 1
0
APP_2_Inner_Layer_0:2 0.4 0.4 1.5 1.27 29 16 2.24 1
0
APP_2_Inner_Layer_1:0 0.4 0.4 1.5 3.19 8 24 2.44 1
1 2
APP_2_Inner_Layer_1:1 0.6 0.6 2.25 1.18 9 6 1.49 1
1 2 3
APP_2_Inner_Layer_1:2 0.4666666666666667 0.4666666666666667 1.75 1.24 34 37 3.58 1
3
APP_2_Inner_Layer_2:0 0.26666666666666666 0.26666666666666666 1.0 3.4 31 13 2.4 1
6 5
APP_2_Inner_Layer_2:1 0.6 0.6 2.25 3.72 36 16 3.05 1
4 5
APP_2_Inner_Layer_2:2 0.3333333333333333 0.3333333333333333 1.25 2.6 49 13 1.42 1
4 6
APP_2_Inner_Layer_2:3 0.3333333333333333 0.3333333333333333 1.25 3.41 2 18 3.6 1
4
APP_2_Inner_Layer_3:0 0.3333333333333333 0.3333333333333333 1.25 2.05 46 32 3.79 1
7
APP_2_Inner_Layer_3:1 0.4666666666666667 0.4666666666666667 1.75 3.17 1 1 2.51 1
8 9 10
APP_2_Output_Layer_0 0.26666666666666666 0.26666666666666666 1.0 2.11 3 27 3.56 0
11 12
6
2.2949220665313557
APP_3_Input_Layer_0 0.2 0.2 0.75 3.65 15 29 2.66 1

APP_3_Inner_Layer_0:0 0.06666666666666667 0.06666666666666667 0.25 2.26 38 48 2.99 1
0
APP_3_Inner_Layer_0:1 0.26666666666666666 0.26666666666666666 1.0 3.83 30 34 3.33 1
0
APP_3_Inner_Layer_1:0 0.06666666666666667 0.06666666666666667 0.25 1.83 25 18 2.43 1
1 2
APP_3_Inner_Layer_1:1 0.4666666666666667 0.4666666666666667 1.75 2.18 12 6 3.29 1
2
APP_3_Output_Layer_0 0.3333333333333333 0.3333333333333333 1.25 1.11 28 23 1.28 1
3 4
8
2.732408882680796
APP_4_Input_Layer_0 0.5333333333333333 0.5333333333333333 2.0 3.91 45 7 2.34 0

APP_4_Inner_Layer_0:0 0.06666666666666667 0.06666666666666667 0.25 2.67 2 6 1.13 1
0
APP_4_Inner_Layer_0:1 0.6 0.6 2.25 3.93 28 11 3.01 1
0
APP_4_Inner_Layer_1:0 0.4666666666666667 0.4666666666666667 1.75 1.42 32 25 3.89 1
1 2
APP_4_Inner_Layer_1:1 0.06666666666666667 0.06666666666666667 0.25 1.66 43 34 2.84 1
2
APP_4_Inner_Layer_2:0 0.3333333333333333 0.3333333333333333 1.25 3.78 42 20 1.38 1
3 4
APP_4_Inner_Layer_3:0 0.5333333333333333 0.5333333333333333 2.0 2.94 47 47 1.05 1
5
APP_4_Output_Layer_0 0.5333333333333333 0.5333333333333333 2.0 2.79 20 17 1.08 1
6
8
3.4809324231175425
APP_5_Input_Layer_0 0.3333333333333333 0.3333333333333333 1.25 2.22 21 38 3.12 1

APP_5_Inner_Layer_0:0 0.3333333333333333 0.3333333333333333 1.25 1.61 5 12 3.4 1
0
APP_5_Inner_Layer_0:1 0.4666666666666667 0.4666666666666667 1.75 3.19 28 9 2.51 1
0
APP_5_Inner_Layer_1:0 0.26666666666666666 0.26666666666666666 1.0 2.21 35 19 2.36 0
1 2
APP_5_Inner_Layer_2:0 0.13333333333333333 0.13333333333333333 0.5 3.46 41 12 2.11 1
3
APP_5_Inner_Layer_2:1 0.4666666666666667 0.4666666666666667 1.75 1.09 28 10 3.16 1
3
APP_5_Inner_Layer_2:2 0.4666666666666667 0.4666666666666667 1.75 2.56 4 42 1.71 1
3
APP_5_Output_Layer_0 0.13333333333333333 0.13333333333333333 0.5 1.94 16 14 2.14 1
4 5 6
5
4.0310280091382475
APP_6_Input_Layer_0 0.4 0.4 1.5 1.5 18 27 2.14 1

APP_6_Inner_Layer_0:0 0.6 0.6 2.25 2.58 20 36 2.72 1
0
APP_6_Inner_Layer_0:1 0.6 0.6 2.25 2.82 21 30 2.62 0
0
APP_6_Inner_Layer_0:2 0.6 0.6 2.25 3.38 21 46 3.92 1
0
APP_6_Output_Layer_0 0.2 0.2 0.75 1.47 6 39 2.18 1
1 2 3
14
4.560692724921192
APP_7_Input_Layer_0 0.06666666666666667 0.06666666666666667 0.25 1.14 27 6 2.52 1

APP_7_Inner_Layer_0:0 0.4666666666666667 0.4666666666666667 1.75 3.97 11 47 2.61 1
0
APP_7_Inner_Layer_0:1 0.3333333333333333 0.3333333333333333 1.25 2.18 11 17 3.51 1
0
APP_7_Inner_Layer_0:2 0.06666666666666667 0.06666666666666667 0.25 3.64 42 29 3.9 1
0
APP_7_Inner_Layer_0:3 0.5333333333333333 0.5333333333333333 2.0 1.26 44 20 3.7 0
0
APP_7_Inner_Layer_1:0 0.13333333333333333 0.13333333333333333 0.5 1.47 14 47 2.84 1
3 4
APP_7_Inner_Layer_1:1 0.3333333333333333 0.3333333333333333 1.25 1.74 4 4 1.69 1
1 2
APP_7_Inner_Layer_2:0 0.06666666666666667 0.06666666666666667 0.25 3.43 10 22 3.54 0
5
APP_7_Inner_Layer_2:1 0.13333333333333333 0.13333333333333333 0.5 3.65 17 13 1.21 1
6
APP_7_Inner_Layer_2:2 0.6 0.6 2.25 2.82 26 45 2.02 1
5 6
APP_7_Inner_Layer_2:3 0.13333333333333333 0.13333333333333333 0.5 3.05 46 13 2.16 1
6
APP_7_Inner_Layer_3:0 0.5333333333333333 0.5333333333333333 2.0 1.6 39 34 2.06 1
10
APP_7_Inner_Layer_3:1 0.26666666666666666 0.26666666666666666 1.0 2.26 31 6 1.54 0
7 8 9
APP_7_Output_Layer_0 0.4666666666666667 0.4666666666666667 1.75 3.36 34 27 2.29 1
11 12
3
5.547463334417075
APP_8_Input_Layer_0 0.3333333333333333 0.3333333333333333 1.25 3.25 12 9 2.25 0

APP_8_Inner_Layer_0:0 0.13333333333333333 0.13333333333333333 0.5 1.67 28 14 3.2 1
0
APP_8_Output_Layer_0 0.06666666666666667 0.06666666666666667 0.25 2.04 45 9 3.34 1
1
