10
9
12
0
APP_0_Input_Layer_0 0.2 0.2 0.75 3.95 16 38 2.09 1

APP_0_Inner_Layer_0:0 0.4666666666666667 0.4666666666666667 1.75 1.04 33 42 1.14 1
0
APP_0_Inner_Layer_0:1 0.06666666666666667 0.06666666666666667 0.25 3.05 20 19 1.13 1
0
APP_0_Inner_Layer_0:2 0.06666666666666667 0.06666666666666667 0.25 2.1 29 49 3.3 1
0
APP_0_Inner_Layer_0:3 0.5333333333333333 0.5333333333333333 2.0 1.38 12 7 1.69 1
0
APP_0_Inner_Layer_1:0 0.4 0.4 1.5 2.38 18 31 2.95 1
2
APP_0_Inner_Layer_1:1 0.06666666666666667 0.06666666666666667 0.25 1.06 49 2 3.66 1
1 3 4
APP_0_Inner_Layer_2:0 0.2 0.2 0.75 3.39 31 25 3.45 1
5 6
APP_0_Inner_Layer_2:1 0.3333333333333333 0.3333333333333333 1.25 1.74 12 1 2.99 1
5
APP_0_Inner_Layer_2:2 0.13333333333333333 0.13333333333333333 0.5 1.57 4 30 1.52 1
6
APP_0_Inner_Layer_3:0 0.06666666666666667 0.06666666666666667 0.25 1.4 26 24 1.61 1
7 8 9
APP_0_Output_Layer_0 0.06666666666666667 0.06666666666666667 0.25 2.7 23 29 2.05 0
10
9
0.8011187264689517
APP_1_Input_Layer_0 0.4666666666666667 0.4666666666666667 1.75 3.95 9 13 2.79 1

APP_1_Inner_Layer_0:0 0.3333333333333333 0.3333333333333333 1.25 1.89 38 38 3.07 1
0
APP_1_Inner_Layer_0:1 0.26666666666666666 0.26666666666666666 1.0 1.58 28 37 3.38 1
0
APP_1_Inner_Layer_0:2 0.2 0.2 0.75 3.81 7 7 3.96 1
0
APP_1_Inner_Layer_1:0 0.4 0.4 1.5 2.66 48 5 2.46 1
1 2
APP_1_Inner_Layer_1:1 0.5333333333333333 0.5333333333333333 2.0 1.56 45 32 1.8 1
1
APP_1_Inner_Layer_1:2 0.2 0.2 0.75 2.72 42 23 3.33 1
1 3
APP_1_Inner_Layer_1:3 0.4 0.4 1.5 2.45 7 13 1.43 0
3
APP_1_Output_Layer_0 0.6 0.6 2.25 2.95 26 44 1.87 1
4 5 6 7
8
1.8447264848411784
APP_2_Input_Layer_0 0.4 0.4 1.5 1.18 32 2 2.71 1

APP_2_Inner_Layer_0:0 0.6 0.6 2.25 2.79 34 27 2.27 1
0
APP_2_Inner_Layer_0:1 0.3333333333333333 0.3333333333333333 1.25 3.58 33 17 3.46 0
0
APP_2_Inner_Layer_0:2 0.3333333333333333 0.3333333333333333 1.25 2.5 30 26 2.25 1
0
APP_2_Inner_Layer_0:3 0.06666666666666667 0.06666666666666667 0.25 3.59 31 10 2.41 1
0
APP_2_Inner_Layer_1:0 0.4 0.4 1.5 2.15 33 18 2.06 1
1 2 4
APP_2_Inner_Layer_1:1 0.26666666666666666 0.26666666666666666 1.0 1.14 48 11 2.15 0
3
APP_2_Output_Layer_0 0.06666666666666667 0.06666666666666667 0.25 1.12 44 36 3.61 1
5 6
11
2.429547787869346
APP_3_Input_Layer_0 0.13333333333333333 0.13333333333333333 0.5 1.11 25 45 2.63 1

APP_3_Inner_Layer_0:0 0.4 0.4 1.5 2.43 47 27 1.01 1
0
APP_3_Inner_Layer_0:1 0.6 0.6 2.25 2.7 10 38 1.08 1
0
APP_3_Inner_Layer_0:2 0.3333333333333333 0.3333333333333333 1.25 2.73 21 49 2.11 1
0
APP_3_Inner_Layer_0:3 0.3333333333333333 0.3333333333333333 1.25 1.57 21 41 3.58 1
0
APP_3_Inner_Layer_1:0 0.4666666666666667 0.4666666666666667 1.75 3.47 28 37 3.49 1
1 2 3 4
APP_3_Inner_Layer_2:0 0.6 0.6 2.25 3.3 34 45 2.58 1
5
APP_3_Inner_Layer_3:0 0.2 0.2 0.75 3.52 39 30 2.62 1
6
APP_3_Inner_Layer_3:1 0.3333333333333333 0.3333333333333333 1.25 2.44 20 23 3.9 1
6
APP_3_Inner_Layer_3:2 0.4666666666666667 0.4666666666666667 1.75 2.3 27 38 3.05 1
6
APP_3_Output_Layer_0 0.06666666666666667 0.06666666666666667 0.25 1.85 35 27 2.03 1
7 8 9
6
3.4514681597778507
APP_4_Input_Layer_0 0.26666666666666666 0.26666666666666666 1.0 3.19 8 40 3.89 1

APP_4_Inner_Layer_0:0 0.06666666666666667 0.06666666666666667 0.25 1.59 1 10 3.05 1
0
APP_4_Inner_Layer_0:1 0.2 0.2 0.75 1.48 38 7 2.59 1
0
APP_4_Inner_Layer_0:2 0.6 0.6 2.25 3.12 13 46 3.53 1
0
APP_4_Inner_Layer_0:3 0.2 0.2 0.75 1.86 16 28 3.84 1
0
APP_4_Output_Layer_0 0.26666666666666666 0.26666666666666666 1.0 1.16 4 35 3.77 1
1 2 3 4
9
4.089821555663136
APP_5_Input_Layer_0 0.4666666666666667 0.4666666666666667 1.75 1.63 36 23 2.71 1

APP_5_Inner_Layer_0:0 0.3333333333333333 0.3333333333333333 1.25 1.78 34 7 2.66 0
0
APP_5_Inner_Layer_1:0 0.06666666666666667 0.06666666666666667 0.25 2.92 6 4 1.12 1
1
APP_5_Inner_Layer_1:1 0.4 0.4 1.5 3.33 38 21 2.0 1
1
APP_5_Inner_Layer_1:2 0.3333333333333333 0.3333333333333333 1.25 2.03 13 33 2.97 1
1
APP_5_Inner_Layer_2:0 0.5333333333333333 0.5333333333333333 2.0 2.84 40 35 1.74 1
4
APP_5_Inner_Layer_2:1 0.5333333333333333 0.5333333333333333 2.0 3.91 12 35 2.45 1
3 4
APP_5_Inner_Layer_2:2 0.4666666666666667 0.4666666666666667 1.75 1.91 11 32 2.93 1
2
APP_5_Output_Layer_0 0.5333333333333333 0.5333333333333333 2.0 3.84 47 43 3.75 1
5 6 7
8
4.80585472851457
APP_6_Input_Layer_0 0.13333333333333333 0.13333333333333333 0.5 2.16 28 46 3.96 1

APP_6_Inner_Layer_0:0 0.4666666666666667 0.4666666666666667 1.75 1.3 17 37 1.06 0
0
APP_6_Inner_Layer_0:1 0.5333333333333333 0.5333333333333333 2.0 3.2 14 16 3.83 1
0
APP_6_Inner_Layer_0:2 0.6 0.6 2.25 3.46 40 47 3.37 1
0
APP_6_Inner_Layer_0:3 0.5333333333333333 0.5333333333333333 2.0 1.61 3 36 1.62 0
0
APP_6_Inner_Layer_1:0 0.3333333333333333 0.3333333333333333 1.25 2.09 7 37 1.0 1
1 3
APP_6_Inner_Layer_1:1 0.26666666666666666 0.26666666666666666 1.0 3.41 2 37 2.86 0
2 4
APP_6_Output_Layer_0 0.13333333333333333 0.13333333333333333 0.5 3.43 7 29 1.43 1
5 6
9
5.604131606122551
APP_7_Input_Layer_0 0.6 0.6 2.25 3.42 27 32 1.37 1

APP_7_Inner_Layer_0:0 0.4666666666666667 0.4666666666666667 1.75 3.41 7 35 2.89 1
0
APP_7_Inner_Layer_0:1 0.26666666666666666 0.26666666666666666 1.0 3.63 3 45 3.3 1
0
APP_7_Inner_Layer_1:0 0.26666666666666666 0.26666666666666666 1.0 2.42 7 12 1.69 1
1 2
APP_7_Inner_Layer_2:0 0.26666666666666666 0.26666666666666666 1.0 2.75 35 32 3.05 1
3
APP_7_Inner_Layer_2:1 0.13333333333333333 0.13333333333333333 0.5 2.09 2 37 2.64 1
3
APP_7_Inner_Layer_2:2 0.2 0.2 0.75 2.63 2 49 3.15 1
3
APP_7_Inner_Layer_2:3 0.6 0.6 2.25 3.85 40 5 2.91 1
3
APP_7_Output_Layer_0 0.4666666666666667 0.4666666666666667 1.75 3.65 23 12 2.78 1
4 5 6 7
9
6.121144441434742
APP_8_Input_Layer_0 0.13333333333333333 0.13333333333333333 0.5 1.02 36 27 2.42 1

APP_8_Inner_Layer_0:0 0.3333333333333333 0.3333333333333333 1.25 1.1 11 7 2.38 1
0
APP_8_Inner_Layer_0:1 0.2 0.2 0.75 2.78 42 17 3.31 1
0
APP_8_Inner_Layer_0:2 0.5333333333333333 0.5333333333333333 2.0 1.13 36 19 2.99 1
0
APP_8_Inner_Layer_0:3 0.13333333333333333 0.13333333333333333 0.5 3.84 22 15 1.67 1
0
APP_8_Inner_Layer_1:0 0.5333333333333333 0.5333333333333333 2.0 1.57 35 6 1.61 1
2 4
APP_8_Inner_Layer_1:1 0.4666666666666667 0.4666666666666667 1.75 3.94 39 15 2.0 1
2 3
APP_8_Inner_Layer_1:2 0.3333333333333333 0.3333333333333333 1.25 1.14 48 36 1.54 1
1
APP_8_Output_Layer_0 0.6 0.6 2.25 1.38 13 36 1.84 1
5 6 7
