10
9
15
0
APP_0_Input_Layer_0 0.5333333333333333 0.5333333333333333 2.0 3.16 31 5 1.78 1

APP_0_Inner_Layer_0:0 0.06666666666666667 0.06666666666666667 0.25 1.9 23 11 3.19 1
0
APP_0_Inner_Layer_0:1 0.4 0.4 1.5 3.01 33 29 1.77 1
0
APP_0_Inner_Layer_0:2 0.26666666666666666 0.26666666666666666 1.0 3.99 11 48 2.67 1
0
APP_0_Inner_Layer_0:3 0.3333333333333333 0.3333333333333333 1.25 2.57 44 22 3.49 1
0
APP_0_Inner_Layer_1:0 0.3333333333333333 0.3333333333333333 1.25 1.02 36 48 2.1 1
2 4
APP_0_Inner_Layer_1:1 0.06666666666666667 0.06666666666666667 0.25 3.51 20 24 1.17 1
1 3
APP_0_Inner_Layer_2:0 0.13333333333333333 0.13333333333333333 0.5 1.97 30 21 3.54 1
6
APP_0_Inner_Layer_2:1 0.06666666666666667 0.06666666666666667 0.25 2.48 25 38 1.16 1
5
APP_0_Inner_Layer_2:2 0.3333333333333333 0.3333333333333333 1.25 2.57 25 29 1.05 1
6
APP_0_Inner_Layer_2:3 0.4 0.4 1.5 2.02 47 8 1.2 1
5
APP_0_Inner_Layer_3:0 0.2 0.2 0.75 2.67 38 18 3.61 1
8
APP_0_Inner_Layer_3:1 0.3333333333333333 0.3333333333333333 1.25 2.63 30 12 2.46 1
7 8 9 10
APP_0_Inner_Layer_3:2 0.06666666666666667 0.06666666666666667 0.25 1.42 11 17 3.39 1
7 9
APP_0_Output_Layer_0 0.3333333333333333 0.3333333333333333 1.25 2.61 14 10 1.41 1
11 12 13
11
1.0819293737182332
APP_1_Input_Layer_0 0.4 0.4 1.5 1.57 48 43 1.62 1

APP_1_Inner_Layer_0:0 0.3333333333333333 0.3333333333333333 1.25 2.9 18 35 1.3 1
0
APP_1_Inner_Layer_0:1 0.5333333333333333 0.5333333333333333 2.0 3.06 6 32 3.42 1
0
APP_1_Inner_Layer_1:0 0.06666666666666667 0.06666666666666667 0.25 1.25 14 18 2.58 1
1 2
APP_1_Inner_Layer_1:1 0.2 0.2 0.75 1.7 32 17 3.81 1
1
APP_1_Inner_Layer_1:2 0.2 0.2 0.75 3.01 5 34 2.76 1
1
APP_1_Inner_Layer_1:3 0.4 0.4 1.5 2.76 14 21 3.67 1
1 2
APP_1_Inner_Layer_2:0 0.5333333333333333 0.5333333333333333 2.0 3.62 5 32 1.71 1
3 5
APP_1_Inner_Layer_2:1 0.5333333333333333 0.5333333333333333 2.0 2.31 31 39 3.35 1
3 4
APP_1_Inner_Layer_2:2 0.26666666666666666 0.26666666666666666 1.0 1.82 26 39 3.43 1
4 6
APP_1_Output_Layer_0 0.4666666666666667 0.4666666666666667 1.75 2.38 15 23 2.44 0
7 8 9
4
1.674288901293091
APP_2_Input_Layer_0 0.2 0.2 0.75 2.68 13 15 1.61 1

APP_2_Inner_Layer_0:0 0.5333333333333333 0.5333333333333333 2.0 1.76 23 39 3.34 1
0
APP_2_Inner_Layer_0:1 0.4 0.4 1.5 2.3 37 9 3.17 1
0
APP_2_Output_Layer_0 0.4 0.4 1.5 3.6 28 11 3.71 1
1 2
9
2.267999777685596
APP_3_Input_Layer_0 0.5333333333333333 0.5333333333333333 2.0 2.67 45 40 3.76 1

APP_3_Inner_Layer_0:0 0.6 0.6 2.25 2.94 1 29 3.07 1
0
APP_3_Inner_Layer_0:1 0.6 0.6 2.25 2.13 13 22 2.67 1
0
APP_3_Inner_Layer_1:0 0.3333333333333333 0.3333333333333333 1.25 3.4 5 27 2.52 1
1 2
APP_3_Inner_Layer_1:1 0.4 0.4 1.5 3.11 37 23 3.64 0
1
APP_3_Inner_Layer_1:2 0.6 0.6 2.25 3.2 29 39 3.54 1
1
APP_3_Inner_Layer_1:3 0.26666666666666666 0.26666666666666666 1.0 2.76 47 32 3.69 1
1
APP_3_Inner_Layer_2:0 0.5333333333333333 0.5333333333333333 2.0 2.52 46 29 3.71 1
3 4 5 6
APP_3_Output_Layer_0 0.6 0.6 2.25 2.72 44 40 3.12 0
7
10
3.189198742113459
APP_4_Input_Layer_0 0.06666666666666667 0.06666666666666667 0.25 3.49 27 19 2.56 1

APP_4_Inner_Layer_0:0 0.06666666666666667 0.06666666666666667 0.25 3.08 23 4 1.38 0
0
APP_4_Inner_Layer_0:1 0.6 0.6 2.25 2.03 26 44 2.04 1
0
APP_4_Inner_Layer_0:2 0.13333333333333333 0.13333333333333333 0.5 3.43 12 17 1.37 1
0
APP_4_Inner_Layer_1:0 0.13333333333333333 0.13333333333333333 0.5 3.47 25 28 2.73 1
1 2
APP_4_Inner_Layer_1:1 0.2 0.2 0.75 1.04 5 26 3.7 1
3
APP_4_Inner_Layer_2:0 0.3333333333333333 0.3333333333333333 1.25 1.04 44 29 3.58 1
5
APP_4_Inner_Layer_2:1 0.2 0.2 0.75 1.61 15 34 3.46 1
4
APP_4_Inner_Layer_2:2 0.4666666666666667 0.4666666666666667 1.75 2.78 30 31 2.69 1
4
APP_4_Output_Layer_0 0.5333333333333333 0.5333333333333333 2.0 2.04 30 8 2.05 1
6 7 8
11
3.8507019400161173
APP_5_Input_Layer_0 0.3333333333333333 0.3333333333333333 1.25 1.13 45 6 3.51 1

APP_5_Inner_Layer_0:0 0.3333333333333333 0.3333333333333333 1.25 1.1 32 49 3.24 1
0
APP_5_Inner_Layer_0:1 0.13333333333333333 0.13333333333333333 0.5 2.81 22 5 1.78 1
0
APP_5_Inner_Layer_1:0 0.4 0.4 1.5 2.76 34 3 1.41 1
1
APP_5_Inner_Layer_1:1 0.13333333333333333 0.13333333333333333 0.5 1.94 22 4 1.72 1
2
APP_5_Inner_Layer_1:2 0.26666666666666666 0.26666666666666666 1.0 2.04 19 47 3.66 1
2
APP_5_Inner_Layer_2:0 0.5333333333333333 0.5333333333333333 2.0 3.72 15 4 3.21 1
4
APP_5_Inner_Layer_2:1 0.2 0.2 0.75 1.14 28 44 2.08 1
3 5
APP_5_Inner_Layer_3:0 0.6 0.6 2.25 1.94 34 46 3.92 1
7
APP_5_Inner_Layer_3:1 0.3333333333333333 0.3333333333333333 1.25 1.66 49 40 1.85 1
6
APP_5_Output_Layer_0 0.13333333333333333 0.13333333333333333 0.5 2.08 17 7 2.35 1
8 9
7
4.959734650259298
APP_6_Input_Layer_0 0.13333333333333333 0.13333333333333333 0.5 3.36 21 4 3.28 1

APP_6_Inner_Layer_0:0 0.06666666666666667 0.06666666666666667 0.25 2.77 10 27 1.07 0
0
APP_6_Inner_Layer_0:1 0.06666666666666667 0.06666666666666667 0.25 3.9 1 10 2.21 1
0
APP_6_Inner_Layer_1:0 0.26666666666666666 0.26666666666666666 1.0 3.2 4 13 2.05 1
1
APP_6_Inner_Layer_1:1 0.6 0.6 2.25 3.51 32 38 3.88 1
2
APP_6_Inner_Layer_1:2 0.2 0.2 0.75 1.74 26 1 1.14 1
2
APP_6_Output_Layer_0 0.26666666666666666 0.26666666666666666 1.0 2.54 42 22 3.55 1
3 4 5
6
5.502622192376418
APP_7_Input_Layer_0 0.26666666666666666 0.26666666666666666 1.0 3.2 47 6 2.61 1

APP_7_Inner_Layer_0:0 0.06666666666666667 0.06666666666666667 0.25 2.26 33 33 3.55 1
0
APP_7_Inner_Layer_0:1 0.13333333333333333 0.13333333333333333 0.5 3.04 35 2 2.94 1
0
APP_7_Inner_Layer_0:2 0.5333333333333333 0.5333333333333333 2.0 2.14 19 47 1.2 1
0
APP_7_Inner_Layer_0:3 0.6 0.6 2.25 1.3 6 15 3.68 1
0
APP_7_Output_Layer_0 0.5333333333333333 0.5333333333333333 2.0 1.8 49 41 2.58 1
1 2 3 4
11
6.027627481271391
APP_8_Input_Layer_0 0.5333333333333333 0.5333333333333333 2.0 3.33 2 23 1.99 1

APP_8_Inner_Layer_0:0 0.4666666666666667 0.4666666666666667 1.75 1.29 11 1 1.07 1
0
APP_8_Inner_Layer_0:1 0.4666666666666667 0.4666666666666667 1.75 1.27 11 32 3.11 0
0
APP_8_Inner_Layer_0:2 0.06666666666666667 0.06666666666666667 0.25 3.37 8 40 1.05 1
0
APP_8_Inner_Layer_1:0 0.13333333333333333 0.13333333333333333 0.5 1.96 41 22 1.29 1
2
APP_8_Inner_Layer_1:1 0.3333333333333333 0.3333333333333333 1.25 3.34 33 42 3.63 1
1 2 3
APP_8_Inner_Layer_1:2 0.13333333333333333 0.13333333333333333 0.5 3.89 22 19 2.95 1
1
APP_8_Inner_Layer_2:0 0.4666666666666667 0.4666666666666667 1.75 2.84 7 27 2.32 1
4 5 6
APP_8_Inner_Layer_2:1 0.06666666666666667 0.06666666666666667 0.25 1.83 34 32 1.24 1
6
APP_8_Inner_Layer_2:2 0.26666666666666666 0.26666666666666666 1.0 1.1 18 39 3.72 1
5
APP_8_Output_Layer_0 0.13333333333333333 0.13333333333333333 0.5 2.93 15 27 3.46 1
7 8 9
