10
20
5
0
APP_0_Input_Layer_0 0.06666666666666667 0.06666666666666667 0.25 1.93 5 27 2.46 1

APP_0_Inner_Layer_0:0 0.5333333333333333 0.5333333333333333 2.0 1.31 28 43 3.94 1
0
APP_0_Inner_Layer_0:1 0.06666666666666667 0.06666666666666667 0.25 3.99 9 32 1.1 0
0
APP_0_Inner_Layer_1:0 0.06666666666666667 0.06666666666666667 0.25 2.72 38 39 2.15 1
1 2
APP_0_Output_Layer_0 0.13333333333333333 0.13333333333333333 0.5 3.21 16 25 3.55 1
3
4
0.36283985727174967
APP_1_Input_Layer_0 0.6 0.6 2.25 1.13 27 19 3.41 1

APP_1_Inner_Layer_0:0 0.6 0.6 2.25 3.91 38 47 1.62 1
0
APP_1_Inner_Layer_0:1 0.4666666666666667 0.4666666666666667 1.75 1.54 47 22 3.73 1
0
APP_1_Output_Layer_0 0.5333333333333333 0.5333333333333333 2.0 2.67 28 22 2.76 1
1 2
10
0.6209396191724645
APP_2_Input_Layer_0 0.5333333333333333 0.5333333333333333 2.0 3.4 12 37 1.89 1

APP_2_Inner_Layer_0:0 0.3333333333333333 0.3333333333333333 1.25 2.09 46 38 3.85 1
0
APP_2_Inner_Layer_1:0 0.5333333333333333 0.5333333333333333 2.0 3.95 27 31 1.83 1
1
APP_2_Inner_Layer_1:1 0.26666666666666666 0.26666666666666666 1.0 1.41 38 1 3.07 1
1
APP_2_Inner_Layer_1:2 0.06666666666666667 0.06666666666666667 0.25 2.11 38 29 1.19 1
1
APP_2_Inner_Layer_1:3 0.5333333333333333 0.5333333333333333 2.0 3.26 7 20 1.92 1
1
APP_2_Inner_Layer_2:0 0.5333333333333333 0.5333333333333333 2.0 3.88 40 2 3.19 1
2 3 4
APP_2_Inner_Layer_2:1 0.4 0.4 1.5 3.53 41 17 1.22 1
2 4
APP_2_Inner_Layer_2:2 0.4 0.4 1.5 2.1 25 19 1.28 1
5
APP_2_Output_Layer_0 0.2 0.2 0.75 1.46 14 23 3.61 1
6 7 8
5
1.0456750444851095
APP_3_Input_Layer_0 0.6 0.6 2.25 1.67 11 32 1.44 1

APP_3_Inner_Layer_0:0 0.26666666666666666 0.26666666666666666 1.0 3.84 38 7 3.48 1
0
APP_3_Inner_Layer_1:0 0.4 0.4 1.5 1.52 39 45 2.25 1
1
APP_3_Inner_Layer_1:1 0.5333333333333333 0.5333333333333333 2.0 1.7 11 46 1.74 1
1
APP_3_Output_Layer_0 0.2 0.2 0.75 2.18 29 44 2.92 1
2 3
11
1.24665246893439
APP_4_Input_Layer_0 0.06666666666666667 0.06666666666666667 0.25 2.94 24 31 2.07 1

APP_4_Inner_Layer_0:0 0.5333333333333333 0.5333333333333333 2.0 1.77 25 25 1.25 1
0
APP_4_Inner_Layer_0:1 0.2 0.2 0.75 3.15 13 41 1.37 1
0
APP_4_Inner_Layer_1:0 0.4 0.4 1.5 1.96 23 46 1.84 1
1 2
APP_4_Inner_Layer_1:1 0.6 0.6 2.25 3.59 3 20 1.15 1
1
APP_4_Inner_Layer_2:0 0.6 0.6 2.25 2.46 43 19 3.46 1
3 4
APP_4_Inner_Layer_3:0 0.4 0.4 1.5 3.97 13 23 2.2 1
5
APP_4_Inner_Layer_3:1 0.13333333333333333 0.13333333333333333 0.5 2.0 38 22 3.22 1
5
APP_4_Inner_Layer_3:2 0.4666666666666667 0.4666666666666667 1.75 1.4 3 20 1.38 1
5
APP_4_Inner_Layer_3:3 0.4666666666666667 0.4666666666666667 1.75 3.83 33 37 2.76 1
5
APP_4_Output_Layer_0 0.4666666666666667 0.4666666666666667 1.75 1.09 41 47 2.56 1
6 7 8 9
15
1.6223600853185176
APP_5_Input_Layer_0 0.3333333333333333 0.3333333333333333 1.25 1.69 41 29 3.11 1

APP_5_Inner_Layer_0:0 0.6 0.6 2.25 1.8 22 48 1.55 0
0
APP_5_Inner_Layer_0:1 0.6 0.6 2.25 2.34 36 16 1.98 1
0
APP_5_Inner_Layer_1:0 0.2 0.2 0.75 1.66 37 46 1.39 0
1
APP_5_Inner_Layer_1:1 0.6 0.6 2.25 3.97 3 29 2.87 1
1 2
APP_5_Inner_Layer_1:2 0.26666666666666666 0.26666666666666666 1.0 2.55 44 31 2.16 1
2
APP_5_Inner_Layer_1:3 0.6 0.6 2.25 2.17 15 32 1.12 0
1
APP_5_Inner_Layer_2:0 0.2 0.2 0.75 2.75 12 20 1.17 1
3 6
APP_5_Inner_Layer_2:1 0.06666666666666667 0.06666666666666667 0.25 3.36 31 49 1.23 1
4 3
APP_5_Inner_Layer_2:2 0.26666666666666666 0.26666666666666666 1.0 1.78 46 27 2.58 1
3 5 6
APP_5_Inner_Layer_2:3 0.06666666666666667 0.06666666666666667 0.25 3.95 1 42 2.91 1
3 4 5
APP_5_Inner_Layer_3:0 0.13333333333333333 0.13333333333333333 0.5 1.27 17 14 2.53 1
7 8 10
APP_5_Inner_Layer_3:1 0.6 0.6 2.25 2.04 11 14 3.92 1
9
APP_5_Inner_Layer_3:2 0.3333333333333333 0.3333333333333333 1.25 2.99 7 22 2.3 1
7
APP_5_Output_Layer_0 0.13333333333333333 0.13333333333333333 0.5 2.08 29 8 1.54 1
11 12 13
4
1.9682624070456374
APP_6_Input_Layer_0 0.6 0.6 2.25 1.25 32 38 2.41 1

APP_6_Inner_Layer_0:0 0.06666666666666667 0.06666666666666667 0.25 2.19 26 38 3.11 1
0
APP_6_Inner_Layer_0:1 0.5333333333333333 0.5333333333333333 2.0 1.42 25 30 1.69 1
0
APP_6_Output_Layer_0 0.4 0.4 1.5 3.21 38 44 2.95 1
1 2
9
2.248033775417431
APP_7_Input_Layer_0 0.3333333333333333 0.3333333333333333 1.25 3.49 8 34 1.25 1

APP_7_Inner_Layer_0:0 0.06666666666666667 0.06666666666666667 0.25 1.25 20 16 1.27 1
0
APP_7_Inner_Layer_0:1 0.4 0.4 1.5 2.73 37 49 1.88 0
0
APP_7_Inner_Layer_0:2 0.5333333333333333 0.5333333333333333 2.0 2.08 19 41 1.26 1
0
APP_7_Inner_Layer_0:3 0.3333333333333333 0.3333333333333333 1.25 1.5 21 49 1.45 1
0
APP_7_Inner_Layer_1:0 0.5333333333333333 0.5333333333333333 2.0 1.58 12 32 2.13 1
3
APP_7_Inner_Layer_1:1 0.4666666666666667 0.4666666666666667 1.75 1.12 33 39 3.18 1
2 4
APP_7_Inner_Layer_1:2 0.06666666666666667 0.06666666666666667 0.25 4.0 28 43 1.51 1
1 2
APP_7_Output_Layer_0 0.2 0.2 0.75 3.8 28 13 1.19 1
5 6 7
7
2.5279318707740233
APP_8_Input_Layer_0 0.13333333333333333 0.13333333333333333 0.5 2.94 35 43 2.65 1

APP_8_Inner_Layer_0:0 0.4666666666666667 0.4666666666666667 1.75 1.07 26 14 2.43 1
0
APP_8_Inner_Layer_1:0 0.4 0.4 1.5 1.83 39 33 2.84 1
1
APP_8_Inner_Layer_2:0 0.6 0.6 2.25 3.87 13 10 1.06 0
2
APP_8_Inner_Layer_2:1 0.26666666666666666 0.26666666666666666 1.0 3.81 25 23 2.85 1
2
APP_8_Inner_Layer_2:2 0.06666666666666667 0.06666666666666667 0.25 1.64 7 12 2.28 1
2
APP_8_Output_Layer_0 0.2 0.2 0.75 1.39 40 14 2.21 1
3 4 5
10
3.0256483073600497
APP_9_Input_Layer_0 0.5333333333333333 0.5333333333333333 2.0 3.1 26 4 2.0 1

APP_9_Inner_Layer_0:0 0.3333333333333333 0.3333333333333333 1.25 2.71 12 40 2.36 1
0
APP_9_Inner_Layer_0:1 0.13333333333333333 0.13333333333333333 0.5 4.0 27 2 3.31 1
0
APP_9_Inner_Layer_0:2 0.4666666666666667 0.4666666666666667 1.75 2.53 23 39 1.35 1
0
APP_9_Inner_Layer_0:3 0.4666666666666667 0.4666666666666667 1.75 2.24 42 21 3.66 1
0
APP_9_Inner_Layer_1:0 0.2 0.2 0.75 3.83 30 11 3.92 1
1 2 3 4
APP_9_Inner_Layer_2:0 0.3333333333333333 0.3333333333333333 1.25 2.02 40 42 1.36 0
5
APP_9_Inner_Layer_2:1 0.26666666666666666 0.26666666666666666 1.0 1.25 43 32 1.25 1
5
APP_9_Inner_Layer_3:0 0.4 0.4 1.5 1.24 29 38 2.49 1
6 7
APP_9_Output_Layer_0 0.26666666666666666 0.26666666666666666 1.0 3.44 9 47 1.33 1
8
3
3.4693928020603813
APP_10_Input_Layer_0 0.6 0.6 2.25 2.08 49 30 2.48 1

APP_10_Inner_Layer_0:0 0.4666666666666667 0.4666666666666667 1.75 3.04 31 12 3.15 1
0
APP_10_Output_Layer_0 0.2 0.2 0.75 3.02 33 29 3.97 1
1
9
3.92561408133493
APP_11_Input_Layer_0 0.4 0.4 1.5 3.29 40 9 2.35 1

APP_11_Inner_Layer_0:0 0.06666666666666667 0.06666666666666667 0.25 1.77 33 11 3.69 1
0
APP_11_Inner_Layer_0:1 0.6 0.6 2.25 3.68 7 20 3.4 1
0
APP_11_Inner_Layer_0:2 0.6 0.6 2.25 3.81 17 11 3.34 1
0
APP_11_Inner_Layer_1:0 0.6 0.6 2.25 3.74 30 21 1.39 1
1 2 3
APP_11_Inner_Layer_1:1 0.6 0.6 2.25 3.72 31 41 2.62 1
2 3
APP_11_Inner_Layer_1:2 0.26666666666666666 0.26666666666666666 1.0 1.59 19 20 3.99 1
2
APP_11_Inner_Layer_1:3 0.26666666666666666 0.26666666666666666 1.0 3.9 12 15 2.56 1
2 3
APP_11_Output_Layer_0 0.4 0.4 1.5 3.01 29 19 3.11 1
4 5 6 7
7
4.339463738449949
APP_12_Input_Layer_0 0.06666666666666667 0.06666666666666667 0.25 3.04 35 1 2.13 1

APP_12_Inner_Layer_0:0 0.2 0.2 0.75 1.33 7 13 3.54 1
0
APP_12_Inner_Layer_0:1 0.2 0.2 0.75 1.1 38 37 3.18 1
0
APP_12_Inner_Layer_0:2 0.4666666666666667 0.4666666666666667 1.75 3.39 6 28 2.24 1
0
APP_12_Inner_Layer_1:0 0.13333333333333333 0.13333333333333333 0.5 3.14 6 20 2.24 1
3
APP_12_Inner_Layer_1:1 0.3333333333333333 0.3333333333333333 1.25 3.63 2 46 1.12 1
1 2 3
APP_12_Output_Layer_0 0.4 0.4 1.5 1.62 25 15 1.64 1
4 5
5
4.796252855759191
APP_13_Input_Layer_0 0.13333333333333333 0.13333333333333333 0.5 1.75 27 24 1.86 1

APP_13_Inner_Layer_0:0 0.3333333333333333 0.3333333333333333 1.25 1.46 14 45 3.12 1
0
APP_13_Inner_Layer_0:1 0.26666666666666666 0.26666666666666666 1.0 3.68 23 43 2.95 1
0
APP_13_Inner_Layer_0:2 0.6 0.6 2.25 3.24 38 13 3.2 0
0
APP_13_Output_Layer_0 0.4666666666666667 0.4666666666666667 1.75 1.75 30 22 3.86 1
1 2 3
9
5.006814985102125
APP_14_Input_Layer_0 0.26666666666666666 0.26666666666666666 1.0 1.17 49 16 1.77 1

APP_14_Inner_Layer_0:0 0.06666666666666667 0.06666666666666667 0.25 3.04 29 13 3.78 1
0
APP_14_Inner_Layer_0:1 0.2 0.2 0.75 3.43 29 46 2.16 1
0
APP_14_Inner_Layer_0:2 0.5333333333333333 0.5333333333333333 2.0 3.72 15 31 1.06 1
0
APP_14_Inner_Layer_1:0 0.4 0.4 1.5 2.67 27 35 3.23 1
1 2 3
APP_14_Inner_Layer_1:1 0.3333333333333333 0.3333333333333333 1.25 1.67 39 21 2.1 1
2
APP_14_Inner_Layer_1:2 0.5333333333333333 0.5333333333333333 2.0 3.55 13 2 3.9 1
2
APP_14_Inner_Layer_1:3 0.26666666666666666 0.26666666666666666 1.0 2.57 2 33 2.12 1
2 1
APP_14_Output_Layer_0 0.2 0.2 0.75 2.36 29 36 3.0 1
4 5 6 7
8
5.195800695516744
APP_15_Input_Layer_0 0.6 0.6 2.25 2.84 18 33 3.27 1

APP_15_Inner_Layer_0:0 0.13333333333333333 0.13333333333333333 0.5 2.59 49 12 3.48 1
0
APP_15_Inner_Layer_0:1 0.06666666666666667 0.06666666666666667 0.25 2.82 38 40 3.68 1
0
APP_15_Inner_Layer_1:0 0.6 0.6 2.25 1.45 14 9 1.18 1
1
APP_15_Inner_Layer_1:1 0.2 0.2 0.75 1.36 45 29 3.25 0
1
APP_15_Inner_Layer_1:2 0.06666666666666667 0.06666666666666667 0.25 2.93 1 24 3.03 1
1 2
APP_15_Inner_Layer_1:3 0.06666666666666667 0.06666666666666667 0.25 1.51 18 34 3.17 1
2
APP_15_Output_Layer_0 0.26666666666666666 0.26666666666666666 1.0 1.83 11 11 1.24 1
3 4 5 6
14
5.426654370507838
APP_16_Input_Layer_0 0.2 0.2 0.75 1.27 14 40 2.68 1

APP_16_Inner_Layer_0:0 0.4 0.4 1.5 2.94 33 23 2.94 1
0
APP_16_Inner_Layer_0:1 0.5333333333333333 0.5333333333333333 2.0 1.97 15 12 3.61 1
0
APP_16_Inner_Layer_0:2 0.06666666666666667 0.06666666666666667 0.25 2.96 22 33 2.45 1
0
APP_16_Inner_Layer_0:3 0.06666666666666667 0.06666666666666667 0.25 1.52 27 1 2.64 1
0
APP_16_Inner_Layer_1:0 0.26666666666666666 0.26666666666666666 1.0 2.18 45 22 1.66 1
2 4
APP_16_Inner_Layer_1:1 0.13333333333333333 0.13333333333333333 0.5 1.94 34 4 3.95 1
2
APP_16_Inner_Layer_1:2 0.3333333333333333 0.3333333333333333 1.25 1.95 37 14 1.49 1
1 3 4
APP_16_Inner_Layer_1:3 0.06666666666666667 0.06666666666666667 0.25 2.65 24 27 1.19 1
2 3
APP_16_Inner_Layer_2:0 0.2 0.2 0.75 1.29 1 24 1.26 1
5 6 7 8
APP_16_Inner_Layer_3:0 0.4666666666666667 0.4666666666666667 1.75 2.32 34 29 3.56 0
9
APP_16_Inner_Layer_3:1 0.13333333333333333 0.13333333333333333 0.5 1.59 43 36 2.74 1
9
APP_16_Inner_Layer_3:2 0.26666666666666666 0.26666666666666666 1.0 2.78 14 39 1.36 1
9
APP_16_Output_Layer_0 0.6 0.6 2.25 1.49 5 44 3.11 1
10 11 12
7
5.717796991197218
APP_17_Input_Layer_0 0.4 0.4 1.5 1.68 49 33 1.35 0

APP_17_Inner_Layer_0:0 0.06666666666666667 0.06666666666666667 0.25 3.77 36 38 3.28 1
0
APP_17_Inner_Layer_1:0 0.3333333333333333 0.3333333333333333 1.25 1.37 43 1 3.31 0
1
APP_17_Inner_Layer_1:1 0.4 0.4 1.5 2.31 47 47 2.67 1
1
APP_17_Inner_Layer_1:2 0.2 0.2 0.75 1.81 20 2 3.63 1
1
APP_17_Inner_Layer_1:3 0.5333333333333333 0.5333333333333333 2.0 2.56 8 12 3.46 1
1
APP_17_Output_Layer_0 0.13333333333333333 0.13333333333333333 0.5 2.16 5 16 1.14 1
2 3 4 5
14
5.945758476539453
APP_18_Input_Layer_0 0.2 0.2 0.75 2.9 10 33 2.16 1

APP_18_Inner_Layer_0:0 0.13333333333333333 0.13333333333333333 0.5 3.86 32 11 2.84 1
0
APP_18_Inner_Layer_0:1 0.3333333333333333 0.3333333333333333 1.25 3.22 38 7 3.02 1
0
APP_18_Inner_Layer_0:2 0.06666666666666667 0.06666666666666667 0.25 1.58 44 37 3.89 1
0
APP_18_Inner_Layer_0:3 0.13333333333333333 0.13333333333333333 0.5 3.96 28 29 2.28 1
0
APP_18_Inner_Layer_1:0 0.5333333333333333 0.5333333333333333 2.0 3.02 10 18 3.15 1
1 2
APP_18_Inner_Layer_1:1 0.3333333333333333 0.3333333333333333 1.25 2.93 39 33 3.39 1
3 4
APP_18_Inner_Layer_2:0 0.4 0.4 1.5 2.54 20 46 3.98 0
5
APP_18_Inner_Layer_2:1 0.6 0.6 2.25 3.4 18 49 3.85 0
6
APP_18_Inner_Layer_2:2 0.2 0.2 0.75 1.34 8 12 2.24 1
5 6
APP_18_Inner_Layer_3:0 0.2 0.2 0.75 2.07 13 17 2.06 1
7 8
APP_18_Inner_Layer_3:1 0.13333333333333333 0.13333333333333333 0.5 2.8 5 34 3.01 1
9
APP_18_Inner_Layer_3:2 0.6 0.6 2.25 2.62 7 10 2.96 1
9
APP_18_Output_Layer_0 0.06666666666666667 0.06666666666666667 0.25 1.6 18 34 2.44 1
10 11 12
10
6.4252280767205425
APP_19_Input_Layer_0 0.13333333333333333 0.13333333333333333 0.5 3.01 20 23 2.34 1

APP_19_Inner_Layer_0:0 0.26666666666666666 0.26666666666666666 1.0 1.19 47 33 3.96 1
0
APP_19_Inner_Layer_0:1 0.5333333333333333 0.5333333333333333 2.0 2.01 3 35 2.34 1
0
APP_19_Inner_Layer_1:0 0.6 0.6 2.25 3.07 11 23 1.52 1
1
APP_19_Inner_Layer_1:1 0.06666666666666667 0.06666666666666667 0.25 1.54 41 10 2.23 1
2
APP_19_Inner_Layer_1:2 0.26666666666666666 0.26666666666666666 1.0 3.18 6 17 2.66 1
2
APP_19_Inner_Layer_1:3 0.4 0.4 1.5 3.45 26 7 1.11 1
1
APP_19_Inner_Layer_2:0 0.06666666666666667 0.06666666666666667 0.25 1.96 6 40 3.82 1
3 4 5 6
APP_19_Inner_Layer_3:0 0.13333333333333333 0.13333333333333333 0.5 2.01 48 36 3.64 0
7
APP_19_Output_Layer_0 0.13333333333333333 0.13333333333333333 0.5 2.36 26 45 1.11 1
8
