10
20
10
0
APP_0_Input_Layer_0 0.5333333333333333 0.5333333333333333 2.0 2.78 21 43 1.61 1

APP_0_Inner_Layer_0:0 0.3333333333333333 0.3333333333333333 1.25 3.47 30 19 3.85 1
0
APP_0_Inner_Layer_0:1 0.4 0.4 1.5 1.24 34 37 3.28 1
0
APP_0_Inner_Layer_0:2 0.13333333333333333 0.13333333333333333 0.5 2.08 37 45 3.81 0
0
APP_0_Inner_Layer_0:3 0.3333333333333333 0.3333333333333333 1.25 2.49 18 15 3.13 1
0
APP_0_Inner_Layer_1:0 0.6 0.6 2.25 3.19 25 23 2.38 1
2 3 4
APP_0_Inner_Layer_1:1 0.26666666666666666 0.26666666666666666 1.0 3.84 36 28 1.69 1
1
APP_0_Inner_Layer_2:0 0.13333333333333333 0.13333333333333333 0.5 2.57 15 8 1.7 1
5 6
APP_0_Inner_Layer_2:1 0.26666666666666666 0.26666666666666666 1.0 2.15 21 22 1.64 1
6
APP_0_Output_Layer_0 0.4666666666666667 0.4666666666666667 1.75 3.63 6 30 2.45 1
7 8
14
0.2732052374334238
APP_1_Input_Layer_0 0.2 0.2 0.75 3.1 16 34 3.47 1

APP_1_Inner_Layer_0:0 0.4 0.4 1.5 3.12 39 2 3.84 1
0
APP_1_Inner_Layer_0:1 0.2 0.2 0.75 2.39 40 16 1.41 1
0
APP_1_Inner_Layer_0:2 0.4666666666666667 0.4666666666666667 1.75 2.66 5 34 2.47 0
0
APP_1_Inner_Layer_0:3 0.4 0.4 1.5 2.73 46 19 3.32 1
0
APP_1_Inner_Layer_1:0 0.3333333333333333 0.3333333333333333 1.25 1.47 47 16 3.84 1
1 2 3 4
APP_1_Inner_Layer_2:0 0.3333333333333333 0.3333333333333333 1.25 1.71 17 47 3.26 1
5
APP_1_Inner_Layer_2:1 0.06666666666666667 0.06666666666666667 0.25 3.7 35 47 3.15 1
5
APP_1_Inner_Layer_2:2 0.3333333333333333 0.3333333333333333 1.25 3.28 48 38 3.13 1
5
APP_1_Inner_Layer_3:0 0.3333333333333333 0.3333333333333333 1.25 2.32 3 10 3.2 1
8
APP_1_Inner_Layer_3:1 0.3333333333333333 0.3333333333333333 1.25 3.08 11 31 3.46 0
6 8
APP_1_Inner_Layer_3:2 0.2 0.2 0.75 2.99 25 26 2.55 1
8
APP_1_Inner_Layer_3:3 0.2 0.2 0.75 2.38 37 4 1.23 1
7 8
APP_1_Output_Layer_0 0.2 0.2 0.75 2.58 26 16 2.99 1
9 10 11 12
11
0.5231274065296316
APP_2_Input_Layer_0 0.4 0.4 1.5 2.53 14 31 2.92 1

APP_2_Inner_Layer_0:0 0.6 0.6 2.25 2.05 16 45 2.15 0
0
APP_2_Inner_Layer_0:1 0.3333333333333333 0.3333333333333333 1.25 3.71 2 6 1.53 1
0
APP_2_Inner_Layer_0:2 0.6 0.6 2.25 1.91 9 32 3.8 0
0
APP_2_Inner_Layer_0:3 0.2 0.2 0.75 1.83 11 19 3.49 1
0
APP_2_Inner_Layer_1:0 0.3333333333333333 0.3333333333333333 1.25 3.95 33 36 1.23 1
1 2 3 4
APP_2_Inner_Layer_2:0 0.5333333333333333 0.5333333333333333 2.0 2.75 40 38 1.1 1
5
APP_2_Inner_Layer_2:1 0.4 0.4 1.5 1.23 38 46 2.43 0
5
APP_2_Inner_Layer_2:2 0.4 0.4 1.5 2.93 16 4 3.2 1
5
APP_2_Inner_Layer_3:0 0.5333333333333333 0.5333333333333333 2.0 1.66 20 46 2.9 1
6 7 8
APP_2_Output_Layer_0 0.13333333333333333 0.13333333333333333 0.5 3.35 22 15 2.22 1
9
5
0.9008715314338736
APP_3_Input_Layer_0 0.06666666666666667 0.06666666666666667 0.25 1.46 47 39 3.49 1

APP_3_Inner_Layer_0:0 0.4666666666666667 0.4666666666666667 1.75 1.28 22 44 1.82 1
0
APP_3_Inner_Layer_1:0 0.26666666666666666 0.26666666666666666 1.0 2.19 29 43 1.73 1
1
APP_3_Inner_Layer_1:1 0.3333333333333333 0.3333333333333333 1.25 2.45 29 33 3.22 1
1
APP_3_Output_Layer_0 0.06666666666666667 0.06666666666666667 0.25 2.81 29 28 2.32 1
2 3
14
1.3609178294624393
APP_4_Input_Layer_0 0.4666666666666667 0.4666666666666667 1.75 1.46 32 36 2.64 1

APP_4_Inner_Layer_0:0 0.2 0.2 0.75 3.29 4 46 2.72 1
0
APP_4_Inner_Layer_0:1 0.4666666666666667 0.4666666666666667 1.75 2.5 45 16 2.3 1
0
APP_4_Inner_Layer_0:2 0.13333333333333333 0.13333333333333333 0.5 2.03 40 9 3.01 1
0
APP_4_Inner_Layer_1:0 0.6 0.6 2.25 2.77 7 29 3.43 1
1 3
APP_4_Inner_Layer_1:1 0.3333333333333333 0.3333333333333333 1.25 2.94 11 11 3.87 1
1 3
APP_4_Inner_Layer_1:2 0.5333333333333333 0.5333333333333333 2.0 3.8 4 3 3.51 1
2
APP_4_Inner_Layer_1:3 0.2 0.2 0.75 2.72 32 46 1.99 1
2
APP_4_Inner_Layer_2:0 0.13333333333333333 0.13333333333333333 0.5 1.19 1 2 1.73 1
4 5 6 7
APP_4_Inner_Layer_3:0 0.06666666666666667 0.06666666666666667 0.25 3.91 2 10 3.31 1
8
APP_4_Inner_Layer_3:1 0.26666666666666666 0.26666666666666666 1.0 3.29 28 44 3.28 1
8
APP_4_Inner_Layer_3:2 0.4666666666666667 0.4666666666666667 1.75 2.78 38 37 1.56 1
8
APP_4_Inner_Layer_3:3 0.6 0.6 2.25 1.24 46 41 3.52 1
8
APP_4_Output_Layer_0 0.2 0.2 0.75 1.51 38 15 1.3 1
9 10 11 12
5
1.5611004079505415
APP_5_Input_Layer_0 0.4 0.4 1.5 2.19 43 24 1.86 1

APP_5_Inner_Layer_0:0 0.6 0.6 2.25 1.43 20 29 1.29 1
0
APP_5_Inner_Layer_1:0 0.3333333333333333 0.3333333333333333 1.25 3.73 22 33 3.94 1
1
APP_5_Inner_Layer_1:1 0.6 0.6 2.25 3.56 45 49 3.34 1
1
APP_5_Output_Layer_0 0.2 0.2 0.75 1.38 16 15 3.52 1
2 3
6
2.0254410281054445
APP_6_Input_Layer_0 0.13333333333333333 0.13333333333333333 0.5 2.51 7 46 3.5 1

APP_6_Inner_Layer_0:0 0.26666666666666666 0.26666666666666666 1.0 2.75 48 4 1.27 1
0
APP_6_Inner_Layer_0:1 0.6 0.6 2.25 1.86 48 33 3.48 0
0
APP_6_Inner_Layer_0:2 0.06666666666666667 0.06666666666666667 0.25 2.14 41 1 2.38 1
0
APP_6_Inner_Layer_1:0 0.6 0.6 2.25 3.89 35 35 3.85 1
1 2 3
APP_6_Output_Layer_0 0.5333333333333333 0.5333333333333333 2.0 2.03 44 33 2.97 1
4
7
2.2508415964248876
APP_7_Input_Layer_0 0.06666666666666667 0.06666666666666667 0.25 2.05 20 9 2.2 1

APP_7_Inner_Layer_0:0 0.13333333333333333 0.13333333333333333 0.5 1.37 10 32 2.3 0
0
APP_7_Inner_Layer_0:1 0.4666666666666667 0.4666666666666667 1.75 1.66 40 45 1.8 1
0
APP_7_Inner_Layer_0:2 0.5333333333333333 0.5333333333333333 2.0 3.84 5 21 1.2 1
0
APP_7_Inner_Layer_0:3 0.6 0.6 2.25 3.25 12 8 1.56 1
0
APP_7_Inner_Layer_1:0 0.2 0.2 0.75 3.61 32 18 4.0 1
1 2 3 4
APP_7_Output_Layer_0 0.6 0.6 2.25 3.93 38 18 1.05 1
5
13
2.4487134671579973
APP_8_Input_Layer_0 0.4666666666666667 0.4666666666666667 1.75 2.33 35 39 3.74 1

APP_8_Inner_Layer_0:0 0.5333333333333333 0.5333333333333333 2.0 2.22 42 21 1.59 1
0
APP_8_Inner_Layer_0:1 0.06666666666666667 0.06666666666666667 0.25 3.72 33 34 3.44 1
0
APP_8_Inner_Layer_0:2 0.5333333333333333 0.5333333333333333 2.0 3.59 37 46 2.52 1
0
APP_8_Inner_Layer_1:0 0.3333333333333333 0.3333333333333333 1.25 2.87 21 29 1.73 0
2 3
APP_8_Inner_Layer_1:1 0.5333333333333333 0.5333333333333333 2.0 3.01 8 46 2.62 1
1 2 3
APP_8_Inner_Layer_1:2 0.06666666666666667 0.06666666666666667 0.25 3.34 41 6 1.86 1
1 2
APP_8_Inner_Layer_1:3 0.06666666666666667 0.06666666666666667 0.25 3.7 29 12 1.52 1
1 3
APP_8_Inner_Layer_2:0 0.13333333333333333 0.13333333333333333 0.5 2.14 34 18 2.46 1
4 5 6
APP_8_Inner_Layer_2:1 0.4666666666666667 0.4666666666666667 1.75 1.11 3 36 1.18 1
4 5 7
APP_8_Inner_Layer_2:2 0.3333333333333333 0.3333333333333333 1.25 1.66 11 37 3.45 1
6 7
APP_8_Inner_Layer_2:3 0.26666666666666666 0.26666666666666666 1.0 1.5 32 2 3.79 1
4 5 7
APP_8_Output_Layer_0 0.06666666666666667 0.06666666666666667 0.25 3.9 17 41 1.69 0
8 9 10 11
6
2.7778977727933776
APP_9_Input_Layer_0 0.06666666666666667 0.06666666666666667 0.25 2.95 15 24 1.53 1

APP_9_Inner_Layer_0:0 0.5333333333333333 0.5333333333333333 2.0 3.36 2 47 3.19 1
0
APP_9_Inner_Layer_0:1 0.6 0.6 2.25 2.04 2 29 2.45 1
0
APP_9_Inner_Layer_0:2 0.6 0.6 2.25 3.52 27 33 3.87 1
0
APP_9_Inner_Layer_0:3 0.06666666666666667 0.06666666666666667 0.25 3.72 44 20 2.63 1
0
APP_9_Output_Layer_0 0.26666666666666666 0.26666666666666666 1.0 3.35 35 19 3.39 1
1 2 3 4
9
3.078580516422307
APP_10_Input_Layer_0 0.26666666666666666 0.26666666666666666 1.0 2.75 27 28 1.9 1

APP_10_Inner_Layer_0:0 0.5333333333333333 0.5333333333333333 2.0 2.08 9 5 3.79 1
0
APP_10_Inner_Layer_1:0 0.4 0.4 1.5 1.59 29 40 1.78 1
1
APP_10_Inner_Layer_1:1 0.4666666666666667 0.4666666666666667 1.75 1.87 12 1 3.56 0
1
APP_10_Inner_Layer_1:2 0.13333333333333333 0.13333333333333333 0.5 3.41 12 40 2.0 1
1
APP_10_Inner_Layer_1:3 0.4 0.4 1.5 3.92 6 29 1.07 1
1
APP_10_Inner_Layer_2:0 0.13333333333333333 0.13333333333333333 0.5 3.77 19 25 2.78 1
4 5
APP_10_Inner_Layer_2:1 0.4 0.4 1.5 1.57 1 29 3.22 1
2 3
APP_10_Output_Layer_0 0.6 0.6 2.25 2.1 47 42 1.39 1
6 7
7
3.3623117615312355
APP_11_Input_Layer_0 0.26666666666666666 0.26666666666666666 1.0 3.5 24 30 1.6 1

APP_11_Inner_Layer_0:0 0.13333333333333333 0.13333333333333333 0.5 3.53 46 9 1.92 1
0
APP_11_Inner_Layer_0:1 0.6 0.6 2.25 3.74 25 1 3.41 1
0
APP_11_Inner_Layer_0:2 0.6 0.6 2.25 1.98 40 44 2.71 1
0
APP_11_Inner_Layer_1:0 0.4666666666666667 0.4666666666666667 1.75 1.84 49 15 3.99 1
3
APP_11_Inner_Layer_1:1 0.6 0.6 2.25 1.86 1 17 2.0 1
1 2
APP_11_Output_Layer_0 0.5333333333333333 0.5333333333333333 2.0 3.77 32 44 2.24 1
4 5
16
3.7735536499688487
APP_12_Input_Layer_0 0.5333333333333333 0.5333333333333333 2.0 3.8 39 6 3.31 1

APP_12_Inner_Layer_0:0 0.4 0.4 1.5 3.08 48 26 2.85 1
0
APP_12_Inner_Layer_0:1 0.6 0.6 2.25 1.35 38 20 3.55 0
0
APP_12_Inner_Layer_0:2 0.26666666666666666 0.26666666666666666 1.0 2.13 44 13 2.8 1
0
APP_12_Inner_Layer_0:3 0.13333333333333333 0.13333333333333333 0.5 3.1 40 28 2.1 0
0
APP_12_Inner_Layer_1:0 0.5333333333333333 0.5333333333333333 2.0 2.6 36 1 1.39 1
1 3 4
APP_12_Inner_Layer_1:1 0.06666666666666667 0.06666666666666667 0.25 3.34 14 8 2.55 1
4
APP_12_Inner_Layer_1:2 0.26666666666666666 0.26666666666666666 1.0 2.42 6 9 3.31 0
1 2
APP_12_Inner_Layer_2:0 0.2 0.2 0.75 2.22 23 19 3.6 0
6
APP_12_Inner_Layer_2:1 0.4 0.4 1.5 1.86 38 45 1.87 0
6
APP_12_Inner_Layer_2:2 0.4666666666666667 0.4666666666666667 1.75 2.54 15 34 2.38 1
5
APP_12_Inner_Layer_2:3 0.4666666666666667 0.4666666666666667 1.75 2.42 38 6 1.27 0
5 7
APP_12_Inner_Layer_3:0 0.4666666666666667 0.4666666666666667 1.75 1.19 6 43 1.78 1
8 11
APP_12_Inner_Layer_3:1 0.06666666666666667 0.06666666666666667 0.25 1.36 15 34 1.81 1
10 11
APP_12_Inner_Layer_3:2 0.2 0.2 0.75 1.13 24 10 4.0 1
9
APP_12_Output_Layer_0 0.2 0.2 0.75 2.87 12 45 1.08 1
12 13 14
5
4.105661045624123
APP_13_Input_Layer_0 0.4 0.4 1.5 1.47 24 7 3.51 1

APP_13_Inner_Layer_0:0 0.13333333333333333 0.13333333333333333 0.5 3.23 48 19 3.19 1
0
APP_13_Inner_Layer_0:1 0.4 0.4 1.5 1.05 30 9 1.86 1
0
APP_13_Inner_Layer_0:2 0.2 0.2 0.75 2.71 40 2 2.07 1
0
APP_13_Output_Layer_0 0.06666666666666667 0.06666666666666667 0.25 2.83 27 11 2.64 1
1 2 3
5
4.3974210243789
APP_14_Input_Layer_0 0.5333333333333333 0.5333333333333333 2.0 1.45 22 18 2.58 1

APP_14_Inner_Layer_0:0 0.4666666666666667 0.4666666666666667 1.75 3.59 40 17 2.02 1
0
APP_14_Inner_Layer_1:0 0.4666666666666667 0.4666666666666667 1.75 1.67 8 32 2.69 0
1
APP_14_Inner_Layer_1:1 0.06666666666666667 0.06666666666666667 0.25 1.94 2 49 1.4 1
1
APP_14_Output_Layer_0 0.26666666666666666 0.26666666666666666 1.0 3.7 11 6 3.86 1
2 3
4
4.679125310638794
APP_15_Input_Layer_0 0.3333333333333333 0.3333333333333333 1.25 3.82 6 24 1.54 1

APP_15_Inner_Layer_0:0 0.6 0.6 2.25 2.9 38 31 3.31 1
0
APP_15_Inner_Layer_0:1 0.3333333333333333 0.3333333333333333 1.25 2.78 43 22 3.84 0
0
APP_15_Output_Layer_0 0.5333333333333333 0.5333333333333333 2.0 1.08 23 7 3.71 1
1 2
9
4.932460134327919
APP_16_Input_Layer_0 0.2 0.2 0.75 2.32 27 49 3.19 1

APP_16_Inner_Layer_0:0 0.4 0.4 1.5 1.06 5 25 2.97 1
0
APP_16_Inner_Layer_0:1 0.4 0.4 1.5 2.09 3 25 1.41 0
0
APP_16_Inner_Layer_1:0 0.3333333333333333 0.3333333333333333 1.25 2.31 37 2 2.72 1
2
APP_16_Inner_Layer_1:1 0.4 0.4 1.5 3.99 10 11 2.33 1
1
APP_16_Inner_Layer_1:2 0.13333333333333333 0.13333333333333333 0.5 2.9 40 29 1.18 1
2
APP_16_Inner_Layer_2:0 0.3333333333333333 0.3333333333333333 1.25 1.85 8 21 3.01 1
3
APP_16_Inner_Layer_2:1 0.2 0.2 0.75 3.97 1 17 3.14 1
4 5
APP_16_Output_Layer_0 0.26666666666666666 0.26666666666666666 1.0 2.69 46 42 3.95 1
6 7
5
5.415420321613612
APP_17_Input_Layer_0 0.06666666666666667 0.06666666666666667 0.25 3.87 5 32 2.87 1

APP_17_Inner_Layer_0:0 0.13333333333333333 0.13333333333333333 0.5 2.18 17 24 2.74 0
0
APP_17_Inner_Layer_0:1 0.26666666666666666 0.26666666666666666 1.0 1.14 49 6 1.36 1
0
APP_17_Inner_Layer_0:2 0.06666666666666667 0.06666666666666667 0.25 3.91 42 22 1.55 1
0
APP_17_Output_Layer_0 0.5333333333333333 0.5333333333333333 2.0 3.17 2 36 2.3 1
1 2 3
5
5.666124525255566
APP_18_Input_Layer_0 0.2 0.2 0.75 3.64 49 38 1.38 1

APP_18_Inner_Layer_0:0 0.2 0.2 0.75 2.27 24 43 3.58 1
0
APP_18_Inner_Layer_0:1 0.26666666666666666 0.26666666666666666 1.0 1.26 14 38 1.27 0
0
APP_18_Inner_Layer_0:2 0.2 0.2 0.75 1.97 22 4 3.11 1
0
APP_18_Output_Layer_0 0.2 0.2 0.75 2.67 1 49 3.3 1
1 2 3
9
5.990176689844347
APP_19_Input_Layer_0 0.6 0.6 2.25 3.26 23 23 1.96 1

APP_19_Inner_Layer_0:0 0.06666666666666667 0.06666666666666667 0.25 3.07 20 49 1.85 1
0
APP_19_Inner_Layer_0:1 0.13333333333333333 0.13333333333333333 0.5 3.97 19 10 4.0 1
0
APP_19_Inner_Layer_0:2 0.6 0.6 2.25 3.43 18 11 3.96 1
0
APP_19_Inner_Layer_0:3 0.4 0.4 1.5 3.81 45 45 3.42 1
0
APP_19_Inner_Layer_1:0 0.3333333333333333 0.3333333333333333 1.25 1.07 35 11 2.52 1
1 2
APP_19_Inner_Layer_1:1 0.06666666666666667 0.06666666666666667 0.25 2.64 10 8 2.44 1
4
APP_19_Inner_Layer_1:2 0.5333333333333333 0.5333333333333333 2.0 1.18 2 35 3.02 1
1 3
APP_19_Output_Layer_0 0.6 0.6 2.25 3.57 10 46 2.39 0
5 6 7
