10
20
4
0
APP_0_Input_Layer_0 0.3333333333333333 0.3333333333333333 1.25 1.09 14 49 3.34 1

APP_0_Inner_Layer_0:0 0.2 0.2 0.75 1.8 20 33 2.25 1
0
APP_0_Inner_Layer_0:1 0.2 0.2 0.75 2.13 12 40 2.77 1
0
APP_0_Output_Layer_0 0.4 0.4 1.5 3.32 48 15 3.94 1
1 2
10
0.3478798746933564
APP_1_Input_Layer_0 0.2 0.2 0.75 1.32 34 19 1.67 1

APP_1_Inner_Layer_0:0 0.6 0.6 2.25 3.96 44 35 3.05 1
0
APP_1_Inner_Layer_1:0 0.06666666666666667 0.06666666666666667 0.25 2.71 5 34 3.73 1
1
APP_1_Inner_Layer_1:1 0.4 0.4 1.5 2.37 43 10 1.28 1
1
APP_1_Inner_Layer_1:2 0.06666666666666667 0.06666666666666667 0.25 3.39 1 35 3.09 1
1
APP_1_Inner_Layer_1:3 0.13333333333333333 0.13333333333333333 0.5 1.75 4 8 2.09 1
1
APP_1_Inner_Layer_2:0 0.4 0.4 1.5 1.48 31 42 1.78 1
3
APP_1_Inner_Layer_2:1 0.5333333333333333 0.5333333333333333 2.0 3.96 41 46 1.06 1
2 3 5
APP_1_Inner_Layer_2:2 0.26666666666666666 0.26666666666666666 1.0 2.66 17 27 1.03 1
2 4 5
APP_1_Output_Layer_0 0.4666666666666667 0.4666666666666667 1.75 2.46 14 17 1.12 1
6 7 8
9
0.6241068236250178
APP_2_Input_Layer_0 0.4666666666666667 0.4666666666666667 1.75 1.72 31 39 2.73 0

APP_2_Inner_Layer_0:0 0.13333333333333333 0.13333333333333333 0.5 3.21 12 21 3.47 1
0
APP_2_Inner_Layer_0:1 0.2 0.2 0.75 2.27 24 47 3.07 1
0
APP_2_Inner_Layer_1:0 0.6 0.6 2.25 3.08 19 19 2.56 1
1 2
APP_2_Inner_Layer_2:0 0.4666666666666667 0.4666666666666667 1.75 1.15 7 40 3.62 1
3
APP_2_Inner_Layer_2:1 0.5333333333333333 0.5333333333333333 2.0 2.88 9 18 2.26 1
3
APP_2_Inner_Layer_2:2 0.6 0.6 2.25 1.41 11 12 1.54 1
3
APP_2_Inner_Layer_2:3 0.6 0.6 2.25 2.63 47 2 2.01 1
3
APP_2_Output_Layer_0 0.06666666666666667 0.06666666666666667 0.25 2.25 25 7 3.51 1
4 5 6 7
7
0.916121996405462
APP_3_Input_Layer_0 0.4666666666666667 0.4666666666666667 1.75 3.62 17 47 1.85 1

APP_3_Inner_Layer_0:0 0.06666666666666667 0.06666666666666667 0.25 3.26 13 38 2.19 1
0
APP_3_Inner_Layer_0:1 0.4 0.4 1.5 1.55 36 23 2.89 1
0
APP_3_Inner_Layer_0:2 0.2 0.2 0.75 1.44 22 26 3.98 1
0
APP_3_Inner_Layer_1:0 0.26666666666666666 0.26666666666666666 1.0 2.41 42 33 1.72 0
3
APP_3_Inner_Layer_1:1 0.4666666666666667 0.4666666666666667 1.75 3.34 25 9 3.64 1
1 2 3
APP_3_Output_Layer_0 0.26666666666666666 0.26666666666666666 1.0 2.66 8 49 1.44 1
4 5
7
1.1699589619555735
APP_4_Input_Layer_0 0.3333333333333333 0.3333333333333333 1.25 1.89 39 2 1.51 1

APP_4_Inner_Layer_0:0 0.06666666666666667 0.06666666666666667 0.25 3.99 26 9 3.3 1
0
APP_4_Inner_Layer_0:1 0.3333333333333333 0.3333333333333333 1.25 1.44 40 7 2.34 1
0
APP_4_Inner_Layer_1:0 0.13333333333333333 0.13333333333333333 0.5 3.1 35 41 3.18 1
1 2
APP_4_Inner_Layer_2:0 0.13333333333333333 0.13333333333333333 0.5 2.83 22 33 3.48 1
3
APP_4_Inner_Layer_2:1 0.13333333333333333 0.13333333333333333 0.5 3.14 7 18 1.0 1
3
APP_4_Output_Layer_0 0.4 0.4 1.5 3.62 35 18 1.06 1
4 5
9
1.6188572250922084
APP_5_Input_Layer_0 0.13333333333333333 0.13333333333333333 0.5 3.98 48 44 1.81 0

APP_5_Inner_Layer_0:0 0.4666666666666667 0.4666666666666667 1.75 1.64 43 32 1.48 1
0
APP_5_Inner_Layer_0:1 0.5333333333333333 0.5333333333333333 2.0 2.51 49 38 3.62 1
0
APP_5_Inner_Layer_1:0 0.4 0.4 1.5 1.91 2 20 2.42 0
1 2
APP_5_Inner_Layer_2:0 0.26666666666666666 0.26666666666666666 1.0 2.44 28 13 3.76 1
3
APP_5_Inner_Layer_2:1 0.13333333333333333 0.13333333333333333 0.5 1.86 4 10 3.03 0
3
APP_5_Inner_Layer_3:0 0.4 0.4 1.5 2.37 11 11 3.64 1
4
APP_5_Inner_Layer_3:1 0.4 0.4 1.5 3.16 31 41 3.8 1
4 5
APP_5_Output_Layer_0 0.26666666666666666 0.26666666666666666 1.0 1.66 40 25 3.47 1
6 7
7
1.8903305384084415
APP_6_Input_Layer_0 0.26666666666666666 0.26666666666666666 1.0 2.71 28 42 1.45 1

APP_6_Inner_Layer_0:0 0.13333333333333333 0.13333333333333333 0.5 2.36 28 33 1.81 1
0
APP_6_Inner_Layer_1:0 0.3333333333333333 0.3333333333333333 1.25 3.82 16 45 2.77 1
1
APP_6_Inner_Layer_1:1 0.26666666666666666 0.26666666666666666 1.0 3.16 48 49 3.02 1
1
APP_6_Inner_Layer_1:2 0.4666666666666667 0.4666666666666667 1.75 3.46 21 13 3.3 1
1
APP_6_Inner_Layer_2:0 0.4666666666666667 0.4666666666666667 1.75 1.73 17 8 3.2 0
2 3 4
APP_6_Output_Layer_0 0.13333333333333333 0.13333333333333333 0.5 3.3 43 8 2.21 1
5
15
2.1386439862905964
APP_7_Input_Layer_0 0.4666666666666667 0.4666666666666667 1.75 2.2 7 12 3.82 1

APP_7_Inner_Layer_0:0 0.3333333333333333 0.3333333333333333 1.25 1.06 8 27 1.78 1
0
APP_7_Inner_Layer_0:1 0.06666666666666667 0.06666666666666667 0.25 1.74 20 41 1.47 1
0
APP_7_Inner_Layer_0:2 0.13333333333333333 0.13333333333333333 0.5 1.04 36 22 1.82 1
0
APP_7_Inner_Layer_0:3 0.13333333333333333 0.13333333333333333 0.5 2.1 31 10 3.01 1
0
APP_7_Inner_Layer_1:0 0.5333333333333333 0.5333333333333333 2.0 3.07 22 27 3.84 1
4
APP_7_Inner_Layer_1:1 0.3333333333333333 0.3333333333333333 1.25 1.08 30 12 3.18 1
2
APP_7_Inner_Layer_1:2 0.3333333333333333 0.3333333333333333 1.25 1.81 23 6 1.6 1
1 3 4
APP_7_Inner_Layer_2:0 0.5333333333333333 0.5333333333333333 2.0 1.13 4 25 3.7 1
6
APP_7_Inner_Layer_2:1 0.13333333333333333 0.13333333333333333 0.5 3.09 1 4 2.75 1
5 7
APP_7_Inner_Layer_3:0 0.26666666666666666 0.26666666666666666 1.0 3.51 2 43 3.84 1
9
APP_7_Inner_Layer_3:1 0.4 0.4 1.5 2.88 1 36 3.43 1
8 9
APP_7_Inner_Layer_3:2 0.2 0.2 0.75 3.26 5 6 2.4 1
9
APP_7_Inner_Layer_3:3 0.13333333333333333 0.13333333333333333 0.5 1.54 18 28 2.25 1
8
APP_7_Output_Layer_0 0.4 0.4 1.5 3.46 17 20 1.35 1
10 11 12 13
3
2.3435761845443546
APP_8_Input_Layer_0 0.26666666666666666 0.26666666666666666 1.0 3.54 29 35 3.59 1

APP_8_Inner_Layer_0:0 0.2 0.2 0.75 1.32 23 17 1.22 0
0
APP_8_Output_Layer_0 0.5333333333333333 0.5333333333333333 2.0 2.54 1 44 1.47 0
1
7
2.6054457576434116
APP_9_Input_Layer_0 0.26666666666666666 0.26666666666666666 1.0 3.19 25 36 1.04 1

APP_9_Inner_Layer_0:0 0.26666666666666666 0.26666666666666666 1.0 1.35 17 27 2.72 1
0
APP_9_Inner_Layer_1:0 0.4 0.4 1.5 3.65 46 18 1.08 1
1
APP_9_Inner_Layer_1:1 0.3333333333333333 0.3333333333333333 1.25 1.46 7 12 2.47 1
1
APP_9_Inner_Layer_1:2 0.4 0.4 1.5 1.44 12 35 2.55 1
1
APP_9_Inner_Layer_1:3 0.4666666666666667 0.4666666666666667 1.75 1.04 32 41 1.66 1
1
APP_9_Output_Layer_0 0.06666666666666667 0.06666666666666667 0.25 3.9 15 21 1.14 1
2 3 4 5
14
2.891093881567723
APP_10_Input_Layer_0 0.13333333333333333 0.13333333333333333 0.5 3.68 31 3 3.89 1

APP_10_Inner_Layer_0:0 0.06666666666666667 0.06666666666666667 0.25 3.83 12 5 1.89 1
0
APP_10_Inner_Layer_0:1 0.2 0.2 0.75 3.74 24 19 2.84 1
0
APP_10_Inner_Layer_0:2 0.26666666666666666 0.26666666666666666 1.0 3.05 1 8 2.8 1
0
APP_10_Inner_Layer_0:3 0.6 0.6 2.25 1.65 34 45 1.11 1
0
APP_10_Inner_Layer_1:0 0.26666666666666666 0.26666666666666666 1.0 2.54 1 24 1.25 1
3
APP_10_Inner_Layer_1:1 0.13333333333333333 0.13333333333333333 0.5 2.26 47 26 2.01 1
1 2 4
APP_10_Inner_Layer_2:0 0.4666666666666667 0.4666666666666667 1.75 2.69 1 33 1.33 0
6
APP_10_Inner_Layer_2:1 0.26666666666666666 0.26666666666666666 1.0 3.89 23 15 3.64 0
6
APP_10_Inner_Layer_2:2 0.4 0.4 1.5 1.35 6 17 3.76 1
5
APP_10_Inner_Layer_3:0 0.13333333333333333 0.13333333333333333 0.5 3.28 46 6 3.61 1
7 8 9
APP_10_Inner_Layer_3:1 0.4 0.4 1.5 3.16 27 41 2.98 1
7
APP_10_Inner_Layer_3:2 0.5333333333333333 0.5333333333333333 2.0 3.53 39 11 3.41 1
8
APP_10_Output_Layer_0 0.4 0.4 1.5 3.26 21 23 2.06 1
10 11 12
10
3.161613235213176
APP_11_Input_Layer_0 0.2 0.2 0.75 1.97 38 49 2.27 1

APP_11_Inner_Layer_0:0 0.26666666666666666 0.26666666666666666 1.0 3.92 6 34 1.35 1
0
APP_11_Inner_Layer_1:0 0.2 0.2 0.75 1.32 39 20 2.42 1
1
APP_11_Inner_Layer_1:1 0.2 0.2 0.75 3.77 9 19 2.44 1
1
APP_11_Inner_Layer_1:2 0.26666666666666666 0.26666666666666666 1.0 2.96 12 5 3.5 1
1
APP_11_Inner_Layer_1:3 0.4 0.4 1.5 2.58 34 45 2.96 1
1
APP_11_Inner_Layer_2:0 0.5333333333333333 0.5333333333333333 2.0 1.22 11 33 2.59 1
3 4 5
APP_11_Inner_Layer_2:1 0.3333333333333333 0.3333333333333333 1.25 1.94 19 8 1.53 1
2 5
APP_11_Inner_Layer_2:2 0.4666666666666667 0.4666666666666667 1.75 1.48 19 19 1.98 1
2
APP_11_Output_Layer_0 0.4666666666666667 0.4666666666666667 1.75 3.18 4 48 3.74 1
6 7 8
13
3.541735931734783
APP_12_Input_Layer_0 0.26666666666666666 0.26666666666666666 1.0 3.49 35 4 3.89 1

APP_12_Inner_Layer_0:0 0.5333333333333333 0.5333333333333333 2.0 1.97 32 29 2.2 1
0
APP_12_Inner_Layer_0:1 0.6 0.6 2.25 1.92 42 47 3.79 1
0
APP_12_Inner_Layer_0:2 0.3333333333333333 0.3333333333333333 1.25 3.72 2 39 2.52 1
0
APP_12_Inner_Layer_0:3 0.4 0.4 1.5 2.72 26 20 2.51 1
0
APP_12_Inner_Layer_1:0 0.26666666666666666 0.26666666666666666 1.0 3.38 18 45 2.6 1
2
APP_12_Inner_Layer_1:1 0.2 0.2 0.75 1.71 39 14 1.74 1
1 3 4
APP_12_Inner_Layer_1:2 0.13333333333333333 0.13333333333333333 0.5 1.43 38 2 3.28 1
1 2
APP_12_Inner_Layer_1:3 0.4 0.4 1.5 3.95 9 18 1.2 0
1 2
APP_12_Inner_Layer_2:0 0.4 0.4 1.5 1.75 21 16 3.68 1
5 6 7
APP_12_Inner_Layer_2:1 0.5333333333333333 0.5333333333333333 2.0 2.68 43 13 1.01 1
5 8
APP_12_Inner_Layer_2:2 0.6 0.6 2.25 3.93 22 24 3.59 1
8
APP_12_Output_Layer_0 0.2 0.2 0.75 3.35 31 18 1.71 1
9 10 11
6
3.7275146094998552
APP_13_Input_Layer_0 0.2 0.2 0.75 2.88 38 34 3.77 1

APP_13_Inner_Layer_0:0 0.3333333333333333 0.3333333333333333 1.25 1.81 29 36 1.7 1
0
APP_13_Inner_Layer_0:1 0.2 0.2 0.75 2.33 3 42 1.47 1
0
APP_13_Inner_Layer_0:2 0.4 0.4 1.5 2.43 11 30 2.0 1
0
APP_13_Inner_Layer_1:0 0.6 0.6 2.25 1.67 21 34 3.23 1
1 2 3
APP_13_Output_Layer_0 0.5333333333333333 0.5333333333333333 2.0 2.63 42 11 2.36 1
4
9
3.919318541155766
APP_14_Input_Layer_0 0.2 0.2 0.75 2.8 13 27 2.13 1

APP_14_Inner_Layer_0:0 0.3333333333333333 0.3333333333333333 1.25 2.87 42 40 3.66 1
0
APP_14_Inner_Layer_0:1 0.6 0.6 2.25 3.01 19 47 1.68 0
0
APP_14_Inner_Layer_1:0 0.3333333333333333 0.3333333333333333 1.25 1.06 47 30 3.37 1
2
APP_14_Inner_Layer_1:1 0.4666666666666667 0.4666666666666667 1.75 1.5 16 12 2.94 1
1 2
APP_14_Inner_Layer_1:2 0.3333333333333333 0.3333333333333333 1.25 2.59 46 20 2.65 1
2
APP_14_Inner_Layer_1:3 0.4 0.4 1.5 3.3 26 7 1.25 1
2
APP_14_Inner_Layer_2:0 0.5333333333333333 0.5333333333333333 2.0 3.77 48 37 3.23 1
3 4 5 6
APP_14_Output_Layer_0 0.5333333333333333 0.5333333333333333 2.0 1.27 27 22 1.01 1
7
7
4.361285798373814
APP_15_Input_Layer_0 0.13333333333333333 0.13333333333333333 0.5 1.65 25 36 1.63 1

APP_15_Inner_Layer_0:0 0.4666666666666667 0.4666666666666667 1.75 2.52 2 49 1.55 1
0
APP_15_Inner_Layer_0:1 0.2 0.2 0.75 2.26 32 32 1.46 1
0
APP_15_Inner_Layer_1:0 0.06666666666666667 0.06666666666666667 0.25 3.6 22 26 3.11 1
1 2
APP_15_Inner_Layer_1:1 0.6 0.6 2.25 1.98 36 13 3.28 1
2
APP_15_Inner_Layer_1:2 0.26666666666666666 0.26666666666666666 1.0 1.98 37 34 3.67 1
1
APP_15_Output_Layer_0 0.6 0.6 2.25 1.02 14 8 1.75 1
3 4 5
14
4.54857204220137
APP_16_Input_Layer_0 0.3333333333333333 0.3333333333333333 1.25 3.62 15 36 3.99 1

APP_16_Inner_Layer_0:0 0.13333333333333333 0.13333333333333333 0.5 2.05 45 20 2.25 1
0
APP_16_Inner_Layer_0:1 0.4666666666666667 0.4666666666666667 1.75 1.9 28 25 1.1 1
0
APP_16_Inner_Layer_0:2 0.6 0.6 2.25 3.7 1 46 3.15 1
0
APP_16_Inner_Layer_0:3 0.4 0.4 1.5 2.95 15 18 2.55 1
0
APP_16_Inner_Layer_1:0 0.26666666666666666 0.26666666666666666 1.0 1.8 7 2 2.21 1
2
APP_16_Inner_Layer_1:1 0.3333333333333333 0.3333333333333333 1.25 3.23 15 19 1.22 0
1 3 4
APP_16_Inner_Layer_2:0 0.2 0.2 0.75 2.36 35 40 2.08 1
5
APP_16_Inner_Layer_2:1 0.2 0.2 0.75 2.87 15 3 2.84 1
5 6
APP_16_Inner_Layer_2:2 0.6 0.6 2.25 2.33 46 47 1.81 1
5 6
APP_16_Inner_Layer_2:3 0.13333333333333333 0.13333333333333333 0.5 3.66 12 21 1.24 1
5
APP_16_Inner_Layer_3:0 0.13333333333333333 0.13333333333333333 0.5 2.96 20 35 3.53 1
7 8
APP_16_Inner_Layer_3:1 0.2 0.2 0.75 2.84 27 41 3.42 1
9 10
APP_16_Output_Layer_0 0.06666666666666667 0.06666666666666667 0.25 2.74 43 39 3.94 1
11 12
4
4.74326542231111
APP_17_Input_Layer_0 0.26666666666666666 0.26666666666666666 1.0 2.0 22 28 2.92 1

APP_17_Inner_Layer_0:0 0.4666666666666667 0.4666666666666667 1.75 1.74 5 28 3.31 1
0
APP_17_Inner_Layer_0:1 0.2 0.2 0.75 3.79 48 14 3.26 1
0
APP_17_Output_Layer_0 0.4666666666666667 0.4666666666666667 1.75 1.11 20 19 3.38 1
1 2
11
5.174010649522964
APP_18_Input_Layer_0 0.4666666666666667 0.4666666666666667 1.75 1.68 36 41 1.12 1

APP_18_Inner_Layer_0:0 0.4 0.4 1.5 3.31 38 41 1.84 0
0
APP_18_Inner_Layer_0:1 0.2 0.2 0.75 1.78 24 45 2.42 1
0
APP_18_Inner_Layer_0:2 0.4 0.4 1.5 3.6 32 10 3.4 1
0
APP_18_Inner_Layer_1:0 0.13333333333333333 0.13333333333333333 0.5 3.71 45 39 2.03 1
1 2 3
APP_18_Inner_Layer_2:0 0.2 0.2 0.75 3.01 1 1 3.96 1
4
APP_18_Inner_Layer_2:1 0.3333333333333333 0.3333333333333333 1.25 3.24 18 49 2.1 1
4
APP_18_Inner_Layer_2:2 0.2 0.2 0.75 3.18 18 33 3.58 1
4
APP_18_Inner_Layer_2:3 0.26666666666666666 0.26666666666666666 1.0 2.03 48 49 2.53 1
4
APP_18_Inner_Layer_3:0 0.06666666666666667 0.06666666666666667 0.25 2.58 4 26 2.51 1
5 6 7 8
APP_18_Output_Layer_0 0.3333333333333333 0.3333333333333333 1.25 2.45 19 19 2.29 1
9
6
5.382136569401783
APP_19_Input_Layer_0 0.6 0.6 2.25 2.89 2 39 2.33 1

APP_19_Inner_Layer_0:0 0.06666666666666667 0.06666666666666667 0.25 1.38 47 18 3.69 1
0
APP_19_Inner_Layer_0:1 0.5333333333333333 0.5333333333333333 2.0 2.22 9 11 3.55 1
0
APP_19_Inner_Layer_0:2 0.4666666666666667 0.4666666666666667 1.75 2.81 27 39 2.33 1
0
APP_19_Inner_Layer_0:3 0.6 0.6 2.25 1.86 15 35 1.93 1
0
APP_19_Output_Layer_0 0.06666666666666667 0.06666666666666667 0.25 2.72 35 16 1.94 1
1 2 3 4
