10
20
6
0
APP_0_Input_Layer_0 0.26666666666666666 0.26666666666666666 1.0 1.51 12 23 3.35 0

APP_0_Inner_Layer_0:0 0.4 0.4 1.5 2.97 38 15 3.27 1
0
APP_0_Inner_Layer_0:1 0.6 0.6 2.25 3.3 32 22 1.83 1
0
APP_0_Inner_Layer_0:2 0.06666666666666667 0.06666666666666667 0.25 2.46 49 32 1.72 1
0
APP_0_Inner_Layer_1:0 0.5333333333333333 0.5333333333333333 2.0 1.74 48 4 2.4 1
1 2 3
APP_0_Output_Layer_0 0.2 0.2 0.75 2.01 26 37 3.16 1
4
14
0.4650137354397569
APP_1_Input_Layer_0 0.6 0.6 2.25 3.69 30 25 3.68 0

APP_1_Inner_Layer_0:0 0.06666666666666667 0.06666666666666667 0.25 3.77 5 28 1.6 1
0
APP_1_Inner_Layer_0:1 0.3333333333333333 0.3333333333333333 1.25 3.65 22 30 3.02 1
0
APP_1_Inner_Layer_0:2 0.6 0.6 2.25 2.92 48 9 1.94 1
0
APP_1_Inner_Layer_1:0 0.06666666666666667 0.06666666666666667 0.25 2.47 48 42 2.41 1
2
APP_1_Inner_Layer_1:1 0.26666666666666666 0.26666666666666666 1.0 3.81 38 41 2.78 1
1 2 3
APP_1_Inner_Layer_1:2 0.3333333333333333 0.3333333333333333 1.25 2.59 24 43 2.97 1
3
APP_1_Inner_Layer_2:0 0.13333333333333333 0.13333333333333333 0.5 2.23 46 45 2.55 1
4 6
APP_1_Inner_Layer_2:1 0.6 0.6 2.25 2.49 33 15 1.1 1
5
APP_1_Inner_Layer_3:0 0.6 0.6 2.25 1.59 33 30 2.97 1
7
APP_1_Inner_Layer_3:1 0.06666666666666667 0.06666666666666667 0.25 2.59 31 11 2.0 0
8
APP_1_Inner_Layer_3:2 0.5333333333333333 0.5333333333333333 2.0 2.48 23 39 1.54 1
8
APP_1_Inner_Layer_3:3 0.26666666666666666 0.26666666666666666 1.0 1.38 31 46 1.67 1
8
APP_1_Output_Layer_0 0.3333333333333333 0.3333333333333333 1.25 3.36 2 33 1.49 1
9 10 11 12
6
0.9417233910848846
APP_2_Input_Layer_0 0.4666666666666667 0.4666666666666667 1.75 2.01 11 19 2.73 0

APP_2_Inner_Layer_0:0 0.26666666666666666 0.26666666666666666 1.0 1.16 24 18 3.52 1
0
APP_2_Inner_Layer_0:1 0.06666666666666667 0.06666666666666667 0.25 2.18 33 34 3.81 1
0
APP_2_Inner_Layer_0:2 0.4 0.4 1.5 3.94 27 30 1.7 1
0
APP_2_Inner_Layer_1:0 0.2 0.2 0.75 1.13 6 12 2.5 1
1 2 3
APP_2_Output_Layer_0 0.26666666666666666 0.26666666666666666 1.0 1.24 14 47 2.98 1
4
8
1.3768415003455643
APP_3_Input_Layer_0 0.4 0.4 1.5 3.26 24 33 1.16 1

APP_3_Inner_Layer_0:0 0.3333333333333333 0.3333333333333333 1.25 2.81 45 23 2.77 1
0
APP_3_Inner_Layer_0:1 0.6 0.6 2.25 2.69 17 25 2.07 1
0
APP_3_Inner_Layer_1:0 0.3333333333333333 0.3333333333333333 1.25 3.19 9 45 3.59 1
1
APP_3_Inner_Layer_1:1 0.06666666666666667 0.06666666666666667 0.25 2.43 28 28 3.59 1
2
APP_3_Inner_Layer_1:2 0.2 0.2 0.75 3.69 37 18 1.6 1
1
APP_3_Inner_Layer_1:3 0.6 0.6 2.25 3.47 35 48 1.69 1
1
APP_3_Output_Layer_0 0.26666666666666666 0.26666666666666666 1.0 3.77 41 2 3.6 1
3 4 5 6
11
1.6600086314683224
APP_4_Input_Layer_0 0.4666666666666667 0.4666666666666667 1.75 3.85 49 24 2.94 1

APP_4_Inner_Layer_0:0 0.26666666666666666 0.26666666666666666 1.0 2.39 42 12 2.86 1
0
APP_4_Inner_Layer_1:0 0.4 0.4 1.5 1.95 14 33 2.6 1
1
APP_4_Inner_Layer_1:1 0.13333333333333333 0.13333333333333333 0.5 3.6 21 30 1.48 1
1
APP_4_Inner_Layer_1:2 0.3333333333333333 0.3333333333333333 1.25 3.97 41 27 1.29 1
1
APP_4_Inner_Layer_2:0 0.26666666666666666 0.26666666666666666 1.0 1.48 23 43 2.72 1
3
APP_4_Inner_Layer_2:1 0.4666666666666667 0.4666666666666667 1.75 3.4 48 44 1.51 0
2
APP_4_Inner_Layer_2:2 0.13333333333333333 0.13333333333333333 0.5 2.13 1 11 3.82 1
2 3 4
APP_4_Inner_Layer_3:0 0.13333333333333333 0.13333333333333333 0.5 3.83 30 6 1.13 1
5
APP_4_Inner_Layer_3:1 0.06666666666666667 0.06666666666666667 0.25 3.49 30 3 2.6 1
5 6 7
APP_4_Output_Layer_0 0.2 0.2 0.75 1.02 8 32 1.38 1
8 9
8
1.9335019851413833
APP_5_Input_Layer_0 0.26666666666666666 0.26666666666666666 1.0 1.66 24 42 3.41 1

APP_5_Inner_Layer_0:0 0.06666666666666667 0.06666666666666667 0.25 1.53 15 4 1.41 1
0
APP_5_Inner_Layer_0:1 0.2 0.2 0.75 2.76 15 28 1.25 1
0
APP_5_Inner_Layer_0:2 0.2 0.2 0.75 3.41 17 14 3.94 1
0
APP_5_Inner_Layer_1:0 0.06666666666666667 0.06666666666666667 0.25 1.7 44 41 2.4 1
1
APP_5_Inner_Layer_1:1 0.3333333333333333 0.3333333333333333 1.25 1.02 14 44 2.58 1
3
APP_5_Inner_Layer_1:2 0.4666666666666667 0.4666666666666667 1.75 1.6 46 43 2.57 1
2
APP_5_Output_Layer_0 0.5333333333333333 0.5333333333333333 2.0 3.41 25 49 1.75 1
4 5 6
7
2.1306372012122696
APP_6_Input_Layer_0 0.13333333333333333 0.13333333333333333 0.5 2.23 19 40 2.03 1

APP_6_Inner_Layer_0:0 0.3333333333333333 0.3333333333333333 1.25 1.31 49 13 2.03 1
0
APP_6_Inner_Layer_0:1 0.06666666666666667 0.06666666666666667 0.25 3.7 36 22 2.2 1
0
APP_6_Inner_Layer_1:0 0.4 0.4 1.5 1.83 26 13 1.61 1
1 2
APP_6_Inner_Layer_1:1 0.3333333333333333 0.3333333333333333 1.25 3.91 35 44 1.33 0
2
APP_6_Inner_Layer_1:2 0.26666666666666666 0.26666666666666666 1.0 1.49 13 38 1.56 1
1
APP_6_Output_Layer_0 0.26666666666666666 0.26666666666666666 1.0 2.0 49 2 3.76 1
3 4 5
10
2.5853564442236348
APP_7_Input_Layer_0 0.4666666666666667 0.4666666666666667 1.75 1.51 16 42 1.99 1

APP_7_Inner_Layer_0:0 0.06666666666666667 0.06666666666666667 0.25 2.7 35 25 2.82 1
0
APP_7_Inner_Layer_0:1 0.4666666666666667 0.4666666666666667 1.75 1.5 15 10 2.26 1
0
APP_7_Inner_Layer_1:0 0.6 0.6 2.25 3.42 35 46 3.42 1
1
APP_7_Inner_Layer_1:1 0.13333333333333333 0.13333333333333333 0.5 2.87 48 2 2.47 1
2
APP_7_Inner_Layer_2:0 0.5333333333333333 0.5333333333333333 2.0 2.32 25 4 2.97 1
3 4
APP_7_Inner_Layer_3:0 0.4 0.4 1.5 3.64 14 40 3.51 1
5
APP_7_Inner_Layer_3:1 0.4 0.4 1.5 3.96 30 11 3.48 1
5
APP_7_Inner_Layer_3:2 0.5333333333333333 0.5333333333333333 2.0 1.6 19 9 3.11 1
5
APP_7_Output_Layer_0 0.06666666666666667 0.06666666666666667 0.25 2.25 7 18 2.44 1
6 7 8
12
2.9263186543272
APP_8_Input_Layer_0 0.3333333333333333 0.3333333333333333 1.25 3.93 3 21 3.34 1

APP_8_Inner_Layer_0:0 0.26666666666666666 0.26666666666666666 1.0 1.76 38 15 2.37 1
0
APP_8_Inner_Layer_0:1 0.4666666666666667 0.4666666666666667 1.75 2.17 17 11 1.59 1
0
APP_8_Inner_Layer_1:0 0.4666666666666667 0.4666666666666667 1.75 1.6 13 5 3.0 1
1 2
APP_8_Inner_Layer_1:1 0.4 0.4 1.5 2.57 5 32 1.86 1
1
APP_8_Inner_Layer_1:2 0.4 0.4 1.5 2.29 3 42 1.24 1
2
APP_8_Inner_Layer_1:3 0.13333333333333333 0.13333333333333333 0.5 1.91 39 35 1.81 1
2
APP_8_Inner_Layer_2:0 0.4666666666666667 0.4666666666666667 1.75 1.86 1 31 2.49 1
5 6
APP_8_Inner_Layer_2:1 0.4 0.4 1.5 1.19 10 22 2.0 1
3 5 6
APP_8_Inner_Layer_2:2 0.6 0.6 2.25 1.45 2 34 2.2 1
3
APP_8_Inner_Layer_2:3 0.6 0.6 2.25 2.72 24 22 3.73 1
4 6
APP_8_Output_Layer_0 0.4666666666666667 0.4666666666666667 1.75 2.41 39 12 2.51 1
7 8 9 10
9
3.368810836934865
APP_9_Input_Layer_0 0.5333333333333333 0.5333333333333333 2.0 1.08 12 15 3.59 1

APP_9_Inner_Layer_0:0 0.6 0.6 2.25 3.6 4 25 1.61 1
0
APP_9_Inner_Layer_0:1 0.5333333333333333 0.5333333333333333 2.0 2.83 16 9 2.26 1
0
APP_9_Inner_Layer_0:2 0.26666666666666666 0.26666666666666666 1.0 2.05 14 15 2.74 1
0
APP_9_Inner_Layer_1:0 0.5333333333333333 0.5333333333333333 2.0 1.72 12 24 1.59 0
1 2 3
APP_9_Inner_Layer_2:0 0.13333333333333333 0.13333333333333333 0.5 1.67 13 29 1.39 1
4
APP_9_Inner_Layer_2:1 0.3333333333333333 0.3333333333333333 1.25 3.22 28 38 1.08 1
4
APP_9_Inner_Layer_2:2 0.13333333333333333 0.13333333333333333 0.5 3.3 35 9 3.38 1
4
APP_9_Output_Layer_0 0.2 0.2 0.75 1.59 40 3 1.97 1
5 6 7
8
3.63916812131385
APP_10_Input_Layer_0 0.3333333333333333 0.3333333333333333 1.25 2.42 8 36 1.02 1

APP_10_Inner_Layer_0:0 0.5333333333333333 0.5333333333333333 2.0 2.57 39 33 2.12 0
0
APP_10_Inner_Layer_0:1 0.13333333333333333 0.13333333333333333 0.5 1.56 47 36 1.18 1
0
APP_10_Inner_Layer_1:0 0.5333333333333333 0.5333333333333333 2.0 1.5 18 48 2.59 1
2
APP_10_Inner_Layer_1:1 0.5333333333333333 0.5333333333333333 2.0 3.93 14 35 3.63 0
1
APP_10_Inner_Layer_1:2 0.4 0.4 1.5 2.95 12 49 3.95 1
1
APP_10_Inner_Layer_1:3 0.3333333333333333 0.3333333333333333 1.25 1.93 41 47 1.5 1
1
APP_10_Output_Layer_0 0.4666666666666667 0.4666666666666667 1.75 2.15 7 47 2.86 1
3 4 5 6
8
4.092273544828779
APP_11_Input_Layer_0 0.2 0.2 0.75 1.89 46 18 3.1 1

APP_11_Inner_Layer_0:0 0.3333333333333333 0.3333333333333333 1.25 1.93 44 48 3.4 1
0
APP_11_Inner_Layer_0:1 0.5333333333333333 0.5333333333333333 2.0 1.31 44 10 2.61 1
0
APP_11_Inner_Layer_1:0 0.3333333333333333 0.3333333333333333 1.25 3.08 26 17 2.79 1
2
APP_11_Inner_Layer_1:1 0.3333333333333333 0.3333333333333333 1.25 1.4 45 10 1.63 1
1
APP_11_Inner_Layer_1:2 0.13333333333333333 0.13333333333333333 0.5 2.27 17 28 3.89 0
1 2
APP_11_Inner_Layer_1:3 0.2 0.2 0.75 1.41 30 9 1.16 0
1
APP_11_Output_Layer_0 0.4666666666666667 0.4666666666666667 1.75 3.96 12 42 3.69 1
3 4 5 6
11
4.441694930142937
APP_12_Input_Layer_0 0.06666666666666667 0.06666666666666667 0.25 3.67 21 8 2.98 1

APP_12_Inner_Layer_0:0 0.4 0.4 1.5 2.43 34 39 3.17 1
0
APP_12_Inner_Layer_1:0 0.06666666666666667 0.06666666666666667 0.25 2.82 12 2 3.85 1
1
APP_12_Inner_Layer_1:1 0.13333333333333333 0.13333333333333333 0.5 3.53 24 1 3.09 1
1
APP_12_Inner_Layer_2:0 0.06666666666666667 0.06666666666666667 0.25 2.15 25 44 1.35 1
3
APP_12_Inner_Layer_2:1 0.3333333333333333 0.3333333333333333 1.25 3.78 35 42 2.59 1
2 3
APP_12_Inner_Layer_3:0 0.13333333333333333 0.13333333333333333 0.5 2.37 11 44 1.01 1
4 5
APP_12_Inner_Layer_3:1 0.26666666666666666 0.26666666666666666 1.0 2.58 17 36 3.45 1
5
APP_12_Inner_Layer_3:2 0.5333333333333333 0.5333333333333333 2.0 3.71 34 28 2.26 1
5
APP_12_Inner_Layer_3:3 0.6 0.6 2.25 2.77 35 38 2.7 1
5
APP_12_Output_Layer_0 0.5333333333333333 0.5333333333333333 2.0 3.17 15 36 1.19 1
6 7 8 9
11
4.658885486863105
APP_13_Input_Layer_0 0.4 0.4 1.5 3.42 21 33 1.81 1

APP_13_Inner_Layer_0:0 0.6 0.6 2.25 3.73 5 25 2.61 0
0
APP_13_Inner_Layer_0:1 0.06666666666666667 0.06666666666666667 0.25 1.67 44 41 3.42 1
0
APP_13_Inner_Layer_1:0 0.2 0.2 0.75 1.29 31 41 3.66 1
1
APP_13_Inner_Layer_1:1 0.13333333333333333 0.13333333333333333 0.5 3.55 19 48 3.04 1
2
APP_13_Inner_Layer_2:0 0.26666666666666666 0.26666666666666666 1.0 3.76 35 38 3.06 1
3 4
APP_13_Inner_Layer_3:0 0.2 0.2 0.75 2.5 20 42 1.32 1
5
APP_13_Inner_Layer_3:1 0.13333333333333333 0.13333333333333333 0.5 1.91 8 38 1.77 0
5
APP_13_Inner_Layer_3:2 0.13333333333333333 0.13333333333333333 0.5 3.92 24 27 2.49 1
5
APP_13_Inner_Layer_3:3 0.4666666666666667 0.4666666666666667 1.75 3.27 29 23 1.79 1
5
APP_13_Output_Layer_0 0.4 0.4 1.5 1.18 18 25 3.56 1
6 7 8 9
7
5.14518131511867
APP_14_Input_Layer_0 0.3333333333333333 0.3333333333333333 1.25 3.49 33 12 1.45 1

APP_14_Inner_Layer_0:0 0.2 0.2 0.75 1.65 39 45 3.56 1
0
APP_14_Inner_Layer_0:1 0.6 0.6 2.25 1.62 12 21 1.19 1
0
APP_14_Inner_Layer_0:2 0.2 0.2 0.75 3.83 15 2 3.79 1
0
APP_14_Inner_Layer_0:3 0.26666666666666666 0.26666666666666666 1.0 3.4 1 28 1.81 1
0
APP_14_Inner_Layer_1:0 0.3333333333333333 0.3333333333333333 1.25 2.32 43 38 3.49 1
1 2 3 4
APP_14_Output_Layer_0 0.13333333333333333 0.13333333333333333 0.5 3.6 44 27 3.28 1
5
5
5.390190587470635
APP_15_Input_Layer_0 0.26666666666666666 0.26666666666666666 1.0 2.55 43 14 1.78 1

APP_15_Inner_Layer_0:0 0.5333333333333333 0.5333333333333333 2.0 1.45 11 48 2.26 1
0
APP_15_Inner_Layer_0:1 0.13333333333333333 0.13333333333333333 0.5 2.66 31 21 1.74 1
0
APP_15_Inner_Layer_0:2 0.3333333333333333 0.3333333333333333 1.25 1.82 21 13 1.47 1
0
APP_15_Output_Layer_0 0.6 0.6 2.25 1.96 17 28 3.4 1
1 2 3
11
5.886683320948744
APP_16_Input_Layer_0 0.2 0.2 0.75 3.48 3 14 3.03 1

APP_16_Inner_Layer_0:0 0.4 0.4 1.5 1.08 37 35 3.42 1
0
APP_16_Inner_Layer_0:1 0.13333333333333333 0.13333333333333333 0.5 1.15 12 5 1.5 1
0
APP_16_Inner_Layer_0:2 0.4666666666666667 0.4666666666666667 1.75 1.14 11 6 3.44 1
0
APP_16_Inner_Layer_1:0 0.06666666666666667 0.06666666666666667 0.25 3.39 31 26 2.41 1
1 2
APP_16_Inner_Layer_1:1 0.06666666666666667 0.06666666666666667 0.25 2.34 36 21 1.16 1
3 2
APP_16_Inner_Layer_1:2 0.13333333333333333 0.13333333333333333 0.5 3.61 20 47 2.23 0
1 2 3
APP_16_Inner_Layer_2:0 0.13333333333333333 0.13333333333333333 0.5 3.08 36 35 1.46 1
4 5
APP_16_Inner_Layer_2:1 0.2 0.2 0.75 3.24 49 29 3.95 1
6 4
APP_16_Inner_Layer_2:2 0.3333333333333333 0.3333333333333333 1.25 3.58 47 28 1.64 1
6
APP_16_Output_Layer_0 0.6 0.6 2.25 2.73 42 35 2.06 1
7 8 9
10
6.117479060376708
APP_17_Input_Layer_0 0.5333333333333333 0.5333333333333333 2.0 1.3 35 34 2.03 1

APP_17_Inner_Layer_0:0 0.3333333333333333 0.3333333333333333 1.25 2.31 19 21 1.1 1
0
APP_17_Inner_Layer_0:1 0.06666666666666667 0.06666666666666667 0.25 1.3 20 25 3.62 1
0
APP_17_Inner_Layer_0:2 0.26666666666666666 0.26666666666666666 1.0 3.89 31 32 1.14 1
0
APP_17_Inner_Layer_1:0 0.5333333333333333 0.5333333333333333 2.0 2.17 44 28 2.31 1
1 2 3
APP_17_Inner_Layer_2:0 0.4 0.4 1.5 2.81 24 31 1.26 1
4
APP_17_Inner_Layer_2:1 0.2 0.2 0.75 1.04 23 9 3.67 1
4
APP_17_Inner_Layer_2:2 0.5333333333333333 0.5333333333333333 2.0 3.88 32 37 2.23 1
4
APP_17_Inner_Layer_2:3 0.13333333333333333 0.13333333333333333 0.5 2.77 36 48 1.46 1
4
APP_17_Output_Layer_0 0.13333333333333333 0.13333333333333333 0.5 3.93 21 17 1.41 1
5 6 7 8
6
6.44922414082384
APP_18_Input_Layer_0 0.26666666666666666 0.26666666666666666 1.0 3.99 27 12 1.73 1

APP_18_Inner_Layer_0:0 0.4666666666666667 0.4666666666666667 1.75 1.87 44 17 2.26 1
0
APP_18_Inner_Layer_1:0 0.06666666666666667 0.06666666666666667 0.25 1.42 3 20 3.58 1
1
APP_18_Inner_Layer_1:1 0.13333333333333333 0.13333333333333333 0.5 1.69 1 27 3.54 1
1
APP_18_Inner_Layer_1:2 0.6 0.6 2.25 3.25 41 48 2.25 1
1
APP_18_Output_Layer_0 0.6 0.6 2.25 3.76 44 6 1.74 1
2 3 4
9
6.704290961863719
APP_19_Input_Layer_0 0.3333333333333333 0.3333333333333333 1.25 1.05 24 28 1.97 1

APP_19_Inner_Layer_0:0 0.6 0.6 2.25 3.76 1 46 2.65 0
0
APP_19_Inner_Layer_0:1 0.13333333333333333 0.13333333333333333 0.5 1.61 33 26 3.92 1
0
APP_19_Inner_Layer_0:2 0.13333333333333333 0.13333333333333333 0.5 2.09 35 9 2.65 1
0
APP_19_Inner_Layer_1:0 0.26666666666666666 0.26666666666666666 1.0 3.48 44 45 3.04 1
3
APP_19_Inner_Layer_1:1 0.4 0.4 1.5 1.28 48 39 3.09 1
1 2
APP_19_Inner_Layer_2:0 0.3333333333333333 0.3333333333333333 1.25 2.07 22 29 1.77 1
4 5
APP_19_Inner_Layer_3:0 0.3333333333333333 0.3333333333333333 1.25 1.45 9 6 2.13 1
6
APP_19_Output_Layer_0 0.13333333333333333 0.13333333333333333 0.5 1.98 30 19 3.09 1
7
