10
20
11
0
APP_0_Input_Layer_0 0.3333333333333333 0.3333333333333333 1.25 1.08 3 10 3.01 0

APP_0_Inner_Layer_0:0 0.3333333333333333 0.3333333333333333 1.25 1.77 26 19 2.95 1
0
APP_0_Inner_Layer_0:1 0.4666666666666667 0.4666666666666667 1.75 1.53 15 28 3.77 1
0
APP_0_Inner_Layer_1:0 0.13333333333333333 0.13333333333333333 0.5 2.14 20 8 2.4 1
2
APP_0_Inner_Layer_1:1 0.6 0.6 2.25 1.89 18 49 1.14 0
1
APP_0_Inner_Layer_2:0 0.06666666666666667 0.06666666666666667 0.25 3.93 27 35 2.36 1
3 4
APP_0_Inner_Layer_3:0 0.2 0.2 0.75 2.55 4 8 1.53 1
5
APP_0_Inner_Layer_3:1 0.06666666666666667 0.06666666666666667 0.25 1.46 13 6 1.03 1
5
APP_0_Inner_Layer_3:2 0.4 0.4 1.5 3.73 41 22 3.43 1
5
APP_0_Inner_Layer_3:3 0.26666666666666666 0.26666666666666666 1.0 1.97 45 45 1.34 0
5
APP_0_Output_Layer_0 0.2 0.2 0.75 2.14 8 29 1.64 1
6 7 8 9
8
0.3014597815476744
APP_1_Input_Layer_0 0.4666666666666667 0.4666666666666667 1.75 3.08 17 31 2.81 0

APP_1_Inner_Layer_0:0 0.13333333333333333 0.13333333333333333 0.5 2.89 4 20 2.01 1
0
APP_1_Inner_Layer_0:1 0.4 0.4 1.5 1.03 44 45 1.91 1
0
APP_1_Inner_Layer_1:0 0.06666666666666667 0.06666666666666667 0.25 1.67 40 16 3.76 1
1 2
APP_1_Inner_Layer_2:0 0.5333333333333333 0.5333333333333333 2.0 3.35 15 44 1.42 1
3
APP_1_Inner_Layer_2:1 0.2 0.2 0.75 1.28 17 25 1.82 1
3
APP_1_Inner_Layer_2:2 0.4666666666666667 0.4666666666666667 1.75 2.34 21 23 2.29 1
3
APP_1_Output_Layer_0 0.2 0.2 0.75 3.25 31 16 3.18 1
4 5 6
8
0.7733325090384244
APP_2_Input_Layer_0 0.26666666666666666 0.26666666666666666 1.0 1.95 14 21 2.49 1

APP_2_Inner_Layer_0:0 0.5333333333333333 0.5333333333333333 2.0 1.55 6 5 3.82 1
0
APP_2_Inner_Layer_1:0 0.4666666666666667 0.4666666666666667 1.75 1.77 1 26 2.31 1
1
APP_2_Inner_Layer_1:1 0.6 0.6 2.25 3.18 6 10 1.92 1
1
APP_2_Inner_Layer_2:0 0.2 0.2 0.75 3.47 11 21 1.78 1
2 3
APP_2_Inner_Layer_3:0 0.4666666666666667 0.4666666666666667 1.75 2.13 15 31 1.34 0
4
APP_2_Inner_Layer_3:1 0.13333333333333333 0.13333333333333333 0.5 2.0 13 41 1.04 1
4
APP_2_Output_Layer_0 0.06666666666666667 0.06666666666666667 0.25 2.89 33 14 2.93 0
5 6
12
1.099447885798834
APP_3_Input_Layer_0 0.13333333333333333 0.13333333333333333 0.5 1.73 9 12 1.51 1

APP_3_Inner_Layer_0:0 0.13333333333333333 0.13333333333333333 0.5 2.87 45 18 3.63 1
0
APP_3_Inner_Layer_0:1 0.5333333333333333 0.5333333333333333 2.0 2.04 5 5 2.72 1
0
APP_3_Inner_Layer_1:0 0.06666666666666667 0.06666666666666667 0.25 1.58 8 2 1.11 0
2
APP_3_Inner_Layer_1:1 0.2 0.2 0.75 1.9 4 5 3.78 1
1 2
APP_3_Inner_Layer_1:2 0.6 0.6 2.25 2.96 41 23 3.64 1
1 2
APP_3_Inner_Layer_1:3 0.13333333333333333 0.13333333333333333 0.5 1.34 21 10 2.18 1
1
APP_3_Inner_Layer_2:0 0.06666666666666667 0.06666666666666667 0.25 3.95 15 30 2.18 1
5 6
APP_3_Inner_Layer_2:1 0.06666666666666667 0.06666666666666667 0.25 3.31 10 22 1.94 1
3 4 6
APP_3_Inner_Layer_2:2 0.06666666666666667 0.06666666666666667 0.25 3.35 24 30 1.45 1
3
APP_3_Inner_Layer_2:3 0.3333333333333333 0.3333333333333333 1.25 1.03 35 4 3.12 1
3 4 5 6
APP_3_Output_Layer_0 0.13333333333333333 0.13333333333333333 0.5 1.92 1 43 1.08 1
7 8 9 10
4
1.4907124223760946
APP_4_Input_Layer_0 0.2 0.2 0.75 1.25 9 46 1.41 1

APP_4_Inner_Layer_0:0 0.06666666666666667 0.06666666666666667 0.25 3.86 11 17 3.23 1
0
APP_4_Inner_Layer_0:1 0.06666666666666667 0.06666666666666667 0.25 2.44 44 32 1.75 1
0
APP_4_Output_Layer_0 0.06666666666666667 0.06666666666666667 0.25 1.36 33 4 3.5 1
1 2
6
1.7022726062095528
APP_5_Input_Layer_0 0.4 0.4 1.5 3.21 21 44 2.85 1

APP_5_Inner_Layer_0:0 0.26666666666666666 0.26666666666666666 1.0 3.72 43 28 1.58 1
0
APP_5_Inner_Layer_1:0 0.13333333333333333 0.13333333333333333 0.5 2.44 39 25 3.04 1
1
APP_5_Inner_Layer_1:1 0.6 0.6 2.25 3.71 44 33 2.25 1
1
APP_5_Inner_Layer_1:2 0.3333333333333333 0.3333333333333333 1.25 3.41 17 14 1.13 1
1
APP_5_Output_Layer_0 0.13333333333333333 0.13333333333333333 0.5 2.78 17 16 1.23 0
2 3 4
8
1.9768200726457303
APP_6_Input_Layer_0 0.13333333333333333 0.13333333333333333 0.5 2.17 43 24 2.74 1

APP_6_Inner_Layer_0:0 0.26666666666666666 0.26666666666666666 1.0 2.83 13 26 1.89 0
0
APP_6_Inner_Layer_0:1 0.13333333333333333 0.13333333333333333 0.5 2.45 11 37 2.1 0
0
APP_6_Inner_Layer_1:0 0.4666666666666667 0.4666666666666667 1.75 1.37 21 7 3.73 0
2
APP_6_Inner_Layer_1:1 0.2 0.2 0.75 1.46 31 18 2.29 1
1
APP_6_Inner_Layer_1:2 0.3333333333333333 0.3333333333333333 1.25 1.74 45 44 3.68 1
2
APP_6_Inner_Layer_1:3 0.26666666666666666 0.26666666666666666 1.0 3.86 43 30 1.74 1
1 2
APP_6_Output_Layer_0 0.3333333333333333 0.3333333333333333 1.25 2.6 31 8 3.45 0
3 4 5 6
13
2.302342759283519
APP_7_Input_Layer_0 0.13333333333333333 0.13333333333333333 0.5 3.88 9 25 2.73 1

APP_7_Inner_Layer_0:0 0.6 0.6 2.25 1.22 19 39 1.47 1
0
APP_7_Inner_Layer_0:1 0.2 0.2 0.75 3.2 27 39 2.17 1
0
APP_7_Inner_Layer_0:2 0.2 0.2 0.75 2.79 22 8 1.45 1
0
APP_7_Inner_Layer_1:0 0.4666666666666667 0.4666666666666667 1.75 3.03 32 26 1.46 1
1
APP_7_Inner_Layer_1:1 0.5333333333333333 0.5333333333333333 2.0 2.85 14 34 2.07 1
3
APP_7_Inner_Layer_1:2 0.06666666666666667 0.06666666666666667 0.25 1.66 19 10 2.45 1
2
APP_7_Inner_Layer_1:3 0.4666666666666667 0.4666666666666667 1.75 1.73 48 48 2.17 1
1
APP_7_Inner_Layer_2:0 0.06666666666666667 0.06666666666666667 0.25 1.86 16 36 1.35 1
6
APP_7_Inner_Layer_2:1 0.5333333333333333 0.5333333333333333 2.0 3.28 38 34 2.64 1
6 7
APP_7_Inner_Layer_2:2 0.3333333333333333 0.3333333333333333 1.25 1.33 15 7 2.78 1
4 5 7
APP_7_Inner_Layer_2:3 0.06666666666666667 0.06666666666666667 0.25 3.71 34 47 1.01 1
5
APP_7_Output_Layer_0 0.13333333333333333 0.13333333333333333 0.5 1.68 15 40 1.25 1
8 9 10 11
10
2.5446819911530882
APP_8_Input_Layer_0 0.2 0.2 0.75 1.88 46 18 2.61 1

APP_8_Inner_Layer_0:0 0.13333333333333333 0.13333333333333333 0.5 3.46 39 13 3.68 1
0
APP_8_Inner_Layer_0:1 0.2 0.2 0.75 3.38 31 33 1.41 1
0
APP_8_Inner_Layer_0:2 0.4666666666666667 0.4666666666666667 1.75 3.8 47 47 3.4 0
0
APP_8_Inner_Layer_0:3 0.4 0.4 1.5 3.92 22 27 3.12 1
0
APP_8_Inner_Layer_1:0 0.4666666666666667 0.4666666666666667 1.75 3.91 25 20 3.25 1
1 4
APP_8_Inner_Layer_1:1 0.5333333333333333 0.5333333333333333 2.0 2.11 21 8 1.23 1
2 3
APP_8_Inner_Layer_2:0 0.26666666666666666 0.26666666666666666 1.0 1.97 6 30 2.54 1
6
APP_8_Inner_Layer_2:1 0.26666666666666666 0.26666666666666666 1.0 1.18 48 23 1.43 1
5
APP_8_Output_Layer_0 0.06666666666666667 0.06666666666666667 0.25 1.59 13 30 2.24 1
7 8
12
2.734158171651367
APP_9_Input_Layer_0 0.2 0.2 0.75 3.38 30 41 3.87 1

APP_9_Inner_Layer_0:0 0.13333333333333333 0.13333333333333333 0.5 3.14 46 1 1.04 1
0
APP_9_Inner_Layer_0:1 0.26666666666666666 0.26666666666666666 1.0 1.97 48 23 3.42 1
0
APP_9_Inner_Layer_1:0 0.6 0.6 2.25 2.34 25 12 2.72 1
1 2
APP_9_Inner_Layer_1:1 0.2 0.2 0.75 2.8 27 34 1.38 1
2
APP_9_Inner_Layer_1:2 0.6 0.6 2.25 2.79 15 46 3.7 1
1
APP_9_Inner_Layer_2:0 0.2 0.2 0.75 1.61 18 20 1.85 0
3 4 5
APP_9_Inner_Layer_3:0 0.26666666666666666 0.26666666666666666 1.0 2.21 30 27 2.38 1
6
APP_9_Inner_Layer_3:1 0.26666666666666666 0.26666666666666666 1.0 1.8 15 46 2.9 1
6
APP_9_Inner_Layer_3:2 0.3333333333333333 0.3333333333333333 1.25 1.61 28 45 3.04 1
6
APP_9_Inner_Layer_3:3 0.3333333333333333 0.3333333333333333 1.25 2.0 8 18 3.62 1
6
APP_9_Output_Layer_0 0.06666666666666667 0.06666666666666667 0.25 3.46 33 40 1.49 1
7 8 9 10
3
3.209728875721256
APP_10_Input_Layer_0 0.13333333333333333 0.13333333333333333 0.5 1.53 18 31 1.25 1

APP_10_Inner_Layer_0:0 0.6 0.6 2.25 2.58 26 22 1.61 1
0
APP_10_Output_Layer_0 0.5333333333333333 0.5333333333333333 2.0 3.11 47 18 2.21 1
1
11
3.45701119887749
APP_11_Input_Layer_0 0.4666666666666667 0.4666666666666667 1.75 1.65 8 47 1.07 0

APP_11_Inner_Layer_0:0 0.5333333333333333 0.5333333333333333 2.0 1.67 43 35 3.44 1
0
APP_11_Inner_Layer_0:1 0.06666666666666667 0.06666666666666667 0.25 1.89 44 28 1.0 0
0
APP_11_Inner_Layer_0:2 0.4666666666666667 0.4666666666666667 1.75 2.79 47 32 2.58 1
0
APP_11_Inner_Layer_1:0 0.13333333333333333 0.13333333333333333 0.5 3.01 45 9 3.09 1
1 2 3
APP_11_Inner_Layer_2:0 0.4666666666666667 0.4666666666666667 1.75 2.12 4 19 1.31 1
4
APP_11_Inner_Layer_2:1 0.13333333333333333 0.13333333333333333 0.5 3.42 5 32 3.26 1
4
APP_11_Inner_Layer_2:2 0.2 0.2 0.75 2.41 14 29 1.46 0
4
APP_11_Inner_Layer_3:0 0.6 0.6 2.25 1.98 49 7 2.3 1
5 6
APP_11_Inner_Layer_3:1 0.4666666666666667 0.4666666666666667 1.75 2.31 46 4 1.9 1
7
APP_11_Output_Layer_0 0.26666666666666666 0.26666666666666666 1.0 3.91 24 15 1.71 1
8 9
4
3.6931229762370354
APP_12_Input_Layer_0 0.2 0.2 0.75 2.29 20 31 2.94 1

APP_12_Inner_Layer_0:0 0.26666666666666666 0.26666666666666666 1.0 3.77 45 34 3.05 1
0
APP_12_Inner_Layer_0:1 0.5333333333333333 0.5333333333333333 2.0 1.22 33 37 1.87 1
0
APP_12_Output_Layer_0 0.13333333333333333 0.13333333333333333 0.5 1.52 27 25 1.64 1
1 2
6
4.058133612119504
APP_13_Input_Layer_0 0.26666666666666666 0.26666666666666666 1.0 2.08 44 2 1.21 1

APP_13_Inner_Layer_0:0 0.6 0.6 2.25 1.14 6 49 3.48 1
0
APP_13_Inner_Layer_0:1 0.3333333333333333 0.3333333333333333 1.25 3.65 41 22 2.96 1
0
APP_13_Inner_Layer_0:2 0.13333333333333333 0.13333333333333333 0.5 1.57 46 25 2.13 0
0
APP_13_Inner_Layer_1:0 0.6 0.6 2.25 1.15 40 20 1.57 1
1 2 3
APP_13_Output_Layer_0 0.6 0.6 2.25 3.21 9 44 1.71 1
4
10
4.265602455222544
APP_14_Input_Layer_0 0.26666666666666666 0.26666666666666666 1.0 1.96 40 16 1.35 1

APP_14_Inner_Layer_0:0 0.4 0.4 1.5 2.37 46 29 1.49 1
0
APP_14_Inner_Layer_0:1 0.4666666666666667 0.4666666666666667 1.75 3.27 6 15 2.44 1
0
APP_14_Inner_Layer_0:2 0.4 0.4 1.5 3.4 37 48 2.66 1
0
APP_14_Inner_Layer_1:0 0.2 0.2 0.75 2.08 8 19 2.63 1
1
APP_14_Inner_Layer_1:1 0.4 0.4 1.5 2.7 9 13 2.37 1
2 3
APP_14_Inner_Layer_1:2 0.3333333333333333 0.3333333333333333 1.25 1.07 22 44 2.88 0
3
APP_14_Inner_Layer_2:0 0.06666666666666667 0.06666666666666667 0.25 3.82 44 23 1.13 1
5
APP_14_Inner_Layer_2:1 0.3333333333333333 0.3333333333333333 1.25 3.87 10 28 1.51 1
4 6
APP_14_Output_Layer_0 0.4 0.4 1.5 2.6 24 41 3.4 1
7 8
13
4.49321685145435
APP_15_Input_Layer_0 0.6 0.6 2.25 1.75 26 13 3.42 1

APP_15_Inner_Layer_0:0 0.26666666666666666 0.26666666666666666 1.0 1.39 42 21 3.36 1
0
APP_15_Inner_Layer_0:1 0.5333333333333333 0.5333333333333333 2.0 3.66 45 46 3.14 0
0
APP_15_Inner_Layer_0:2 0.6 0.6 2.25 2.14 42 35 3.19 1
0
APP_15_Inner_Layer_0:3 0.13333333333333333 0.13333333333333333 0.5 1.27 33 24 1.67 1
0
APP_15_Inner_Layer_1:0 0.3333333333333333 0.3333333333333333 1.25 2.76 42 3 3.95 1
1 2 4
APP_15_Inner_Layer_1:1 0.2 0.2 0.75 1.72 35 13 3.42 1
2
APP_15_Inner_Layer_1:2 0.4 0.4 1.5 1.57 18 31 2.75 1
3
APP_15_Inner_Layer_2:0 0.4666666666666667 0.4666666666666667 1.75 2.57 42 31 2.89 1
7
APP_15_Inner_Layer_2:1 0.5333333333333333 0.5333333333333333 2.0 2.08 2 12 1.2 1
7
APP_15_Inner_Layer_2:2 0.3333333333333333 0.3333333333333333 1.25 3.47 41 24 1.0 1
5
APP_15_Inner_Layer_2:3 0.26666666666666666 0.26666666666666666 1.0 3.5 14 1 1.61 1
6 7
APP_15_Output_Layer_0 0.4 0.4 1.5 1.34 9 23 3.49 0
8 9 10 11
6
4.87884012979683
APP_16_Input_Layer_0 0.5333333333333333 0.5333333333333333 2.0 3.18 45 9 3.4 1

APP_16_Inner_Layer_0:0 0.6 0.6 2.25 2.8 16 47 2.64 1
0
APP_16_Inner_Layer_0:1 0.2 0.2 0.75 3.57 45 1 3.82 1
0
APP_16_Inner_Layer_1:0 0.2 0.2 0.75 3.63 12 15 1.97 1
1
APP_16_Inner_Layer_1:1 0.3333333333333333 0.3333333333333333 1.25 1.27 6 46 3.03 0
2
APP_16_Output_Layer_0 0.6 0.6 2.25 1.33 32 32 3.61 1
3 4
9
5.115978592033317
APP_17_Input_Layer_0 0.06666666666666667 0.06666666666666667 0.25 1.77 26 32 2.81 1

APP_17_Inner_Layer_0:0 0.6 0.6 2.25 2.52 28 22 3.7 1
0
APP_17_Inner_Layer_0:1 0.6 0.6 2.25 1.51 2 24 1.49 0
0
APP_17_Inner_Layer_1:0 0.13333333333333333 0.13333333333333333 0.5 3.91 41 29 1.44 1
1 2
APP_17_Inner_Layer_2:0 0.13333333333333333 0.13333333333333333 0.5 2.12 45 38 1.76 1
3
APP_17_Inner_Layer_2:1 0.13333333333333333 0.13333333333333333 0.5 3.98 14 24 3.23 1
3
APP_17_Inner_Layer_2:2 0.5333333333333333 0.5333333333333333 2.0 3.83 16 32 2.95 1
3
APP_17_Inner_Layer_2:3 0.2 0.2 0.75 1.48 43 36 3.78 1
3
APP_17_Output_Layer_0 0.6 0.6 2.25 2.47 18 41 3.35 1
4 5 6 7
12
5.378903181549358
APP_18_Input_Layer_0 0.2 0.2 0.75 1.28 10 31 1.78 1

APP_18_Inner_Layer_0:0 0.3333333333333333 0.3333333333333333 1.25 3.41 1 13 2.25 1
0
APP_18_Inner_Layer_0:1 0.26666666666666666 0.26666666666666666 1.0 3.69 49 8 3.2 1
0
APP_18_Inner_Layer_1:0 0.06666666666666667 0.06666666666666667 0.25 2.81 38 4 2.76 1
1
APP_18_Inner_Layer_1:1 0.4 0.4 1.5 1.8 14 1 3.78 1
2
APP_18_Inner_Layer_1:2 0.4666666666666667 0.4666666666666667 1.75 1.96 8 21 2.26 1
1
APP_18_Inner_Layer_2:0 0.2 0.2 0.75 3.35 37 18 2.88 1
3 5
APP_18_Inner_Layer_2:1 0.2 0.2 0.75 3.67 7 44 3.41 0
4 5
APP_18_Inner_Layer_2:2 0.13333333333333333 0.13333333333333333 0.5 3.74 45 33 3.45 1
4 5
APP_18_Inner_Layer_2:3 0.4666666666666667 0.4666666666666667 1.75 3.4 46 46 1.4 1
4
APP_18_Inner_Layer_3:0 0.26666666666666666 0.26666666666666666 1.0 1.64 47 16 2.64 1
6 7 8 9
APP_18_Output_Layer_0 0.4 0.4 1.5 3.97 21 23 2.97 1
10
8
5.806607947783278
APP_19_Input_Layer_0 0.06666666666666667 0.06666666666666667 0.25 2.79 9 27 1.82 1

APP_19_Inner_Layer_0:0 0.06666666666666667 0.06666666666666667 0.25 1.33 27 37 1.81 1
0
APP_19_Inner_Layer_0:1 0.13333333333333333 0.13333333333333333 0.5 2.21 22 15 1.65 1
0
APP_19_Inner_Layer_1:0 0.4666666666666667 0.4666666666666667 1.75 2.27 48 23 3.8 0
1
APP_19_Inner_Layer_1:1 0.26666666666666666 0.26666666666666666 1.0 1.18 22 49 2.09 1
2
APP_19_Inner_Layer_2:0 0.13333333333333333 0.13333333333333333 0.5 1.66 29 24 3.24 1
4
APP_19_Inner_Layer_2:1 0.3333333333333333 0.3333333333333333 1.25 1.84 19 36 2.2 1
3 4
APP_19_Output_Layer_0 0.4 0.4 1.5 1.07 16 49 3.85 1
5 6
