10
20
10
0
APP_0_Input_Layer_0 0.26666666666666666 0.26666666666666666 1.0 3.39 32 31 3.84 1

APP_0_Inner_Layer_0:0 0.13333333333333333 0.13333333333333333 0.5 3.79 15 38 3.47 1
0
APP_0_Inner_Layer_0:1 0.4666666666666667 0.4666666666666667 1.75 3.92 34 32 3.99 1
0
APP_0_Inner_Layer_0:2 0.13333333333333333 0.13333333333333333 0.5 3.32 35 46 2.87 1
0
APP_0_Inner_Layer_1:0 0.4666666666666667 0.4666666666666667 1.75 1.19 40 35 3.62 1
1 2 3
APP_0_Inner_Layer_2:0 0.13333333333333333 0.13333333333333333 0.5 3.14 23 11 3.88 1
4
APP_0_Inner_Layer_2:1 0.26666666666666666 0.26666666666666666 1.0 2.45 27 45 3.76 1
4
APP_0_Inner_Layer_2:2 0.4 0.4 1.5 2.09 7 15 3.21 0
4
APP_0_Inner_Layer_2:3 0.13333333333333333 0.13333333333333333 0.5 1.71 23 6 2.03 1
4
APP_0_Output_Layer_0 0.2 0.2 0.75 3.03 30 42 2.01 0
5 6 7 8
7
0.20084822696099114
APP_1_Input_Layer_0 0.3333333333333333 0.3333333333333333 1.25 1.96 4 23 3.07 1

APP_1_Inner_Layer_0:0 0.2 0.2 0.75 1.34 39 15 2.91 1
0
APP_1_Inner_Layer_1:0 0.4666666666666667 0.4666666666666667 1.75 1.69 39 11 1.9 1
1
APP_1_Inner_Layer_1:1 0.3333333333333333 0.3333333333333333 1.25 1.18 43 38 2.09 1
1
APP_1_Inner_Layer_2:0 0.6 0.6 2.25 2.17 9 1 2.06 1
2
APP_1_Inner_Layer_2:1 0.4 0.4 1.5 1.99 25 14 3.43 1
2 3
APP_1_Output_Layer_0 0.6 0.6 2.25 3.1 13 37 2.34 1
4 5
5
0.5889385065332121
APP_2_Input_Layer_0 0.13333333333333333 0.13333333333333333 0.5 3.14 45 41 2.51 1

APP_2_Inner_Layer_0:0 0.2 0.2 0.75 2.42 17 13 1.35 1
0
APP_2_Inner_Layer_1:0 0.4 0.4 1.5 1.84 10 7 3.88 1
1
APP_2_Inner_Layer_1:1 0.13333333333333333 0.13333333333333333 0.5 3.57 15 6 2.81 1
1
APP_2_Output_Layer_0 0.5333333333333333 0.5333333333333333 2.0 1.65 43 6 2.6 1
2 3
10
0.9919987260320624
APP_3_Input_Layer_0 0.5333333333333333 0.5333333333333333 2.0 2.33 20 14 2.57 1

APP_3_Inner_Layer_0:0 0.4666666666666667 0.4666666666666667 1.75 1.96 37 28 1.69 1
0
APP_3_Inner_Layer_0:1 0.4666666666666667 0.4666666666666667 1.75 1.44 35 30 2.54 1
0
APP_3_Inner_Layer_0:2 0.6 0.6 2.25 3.43 46 21 3.0 1
0
APP_3_Inner_Layer_0:3 0.4666666666666667 0.4666666666666667 1.75 1.06 29 31 2.27 1
0
APP_3_Inner_Layer_1:0 0.26666666666666666 0.26666666666666666 1.0 3.4 46 34 1.58 1
1 3 4
APP_3_Inner_Layer_1:1 0.4666666666666667 0.4666666666666667 1.75 3.6 33 30 2.25 1
1 2
APP_3_Inner_Layer_1:2 0.5333333333333333 0.5333333333333333 2.0 3.13 45 40 3.55 1
2 4
APP_3_Inner_Layer_1:3 0.4 0.4 1.5 3.09 21 29 3.88 0
2 4
APP_3_Output_Layer_0 0.3333333333333333 0.3333333333333333 1.25 1.18 1 25 3.19 1
5 6 7 8
15
1.2155050665226843
APP_4_Input_Layer_0 0.2 0.2 0.75 3.15 44 42 2.8 1

APP_4_Inner_Layer_0:0 0.2 0.2 0.75 1.05 39 30 1.52 1
0
APP_4_Inner_Layer_0:1 0.3333333333333333 0.3333333333333333 1.25 1.25 13 18 1.38 1
0
APP_4_Inner_Layer_1:0 0.4666666666666667 0.4666666666666667 1.75 1.71 6 7 3.5 1
1
APP_4_Inner_Layer_1:1 0.4 0.4 1.5 3.09 24 30 1.84 1
1
APP_4_Inner_Layer_1:2 0.3333333333333333 0.3333333333333333 1.25 1.3 1 22 3.78 1
2
APP_4_Inner_Layer_1:3 0.4666666666666667 0.4666666666666667 1.75 3.7 10 28 3.88 1
2
APP_4_Inner_Layer_2:0 0.13333333333333333 0.13333333333333333 0.5 2.26 23 6 1.83 1
4 5 6
APP_4_Inner_Layer_2:1 0.26666666666666666 0.26666666666666666 1.0 3.41 25 24 2.04 1
3 6
APP_4_Inner_Layer_2:2 0.4 0.4 1.5 2.99 16 41 3.74 0
3
APP_4_Inner_Layer_3:0 0.4666666666666667 0.4666666666666667 1.75 1.84 5 17 1.99 1
9
APP_4_Inner_Layer_3:1 0.6 0.6 2.25 1.47 32 29 3.01 1
8
APP_4_Inner_Layer_3:2 0.2 0.2 0.75 2.16 25 24 3.68 0
8 9
APP_4_Inner_Layer_3:3 0.2 0.2 0.75 2.25 27 44 2.36 1
7 9
APP_4_Output_Layer_0 0.13333333333333333 0.13333333333333333 0.5 2.94 46 15 3.08 1
10 11 12 13
8
1.603893324091897
APP_5_Input_Layer_0 0.6 0.6 2.25 1.37 15 32 3.26 1

APP_5_Inner_Layer_0:0 0.5333333333333333 0.5333333333333333 2.0 1.64 33 30 3.46 1
0
APP_5_Inner_Layer_0:1 0.6 0.6 2.25 2.54 10 48 3.85 1
0
APP_5_Inner_Layer_1:0 0.26666666666666666 0.26666666666666666 1.0 1.72 19 41 2.14 1
1
APP_5_Inner_Layer_1:1 0.4666666666666667 0.4666666666666667 1.75 1.04 49 14 3.31 1
1
APP_5_Inner_Layer_1:2 0.3333333333333333 0.3333333333333333 1.25 3.9 14 26 2.16 1
2
APP_5_Inner_Layer_1:3 0.4 0.4 1.5 2.68 5 27 2.13 1
2
APP_5_Output_Layer_0 0.06666666666666667 0.06666666666666667 0.25 2.33 3 45 3.78 1
3 4 5 6
10
1.8095340624588578
APP_6_Input_Layer_0 0.4 0.4 1.5 2.87 30 25 3.09 1

APP_6_Inner_Layer_0:0 0.06666666666666667 0.06666666666666667 0.25 2.52 12 18 1.76 1
0
APP_6_Inner_Layer_1:0 0.4 0.4 1.5 1.28 36 48 2.22 1
1
APP_6_Inner_Layer_1:1 0.26666666666666666 0.26666666666666666 1.0 1.55 10 10 3.33 1
1
APP_6_Inner_Layer_1:2 0.5333333333333333 0.5333333333333333 2.0 1.16 23 22 2.64 1
1
APP_6_Inner_Layer_2:0 0.6 0.6 2.25 1.2 35 25 2.0 1
3
APP_6_Inner_Layer_2:1 0.5333333333333333 0.5333333333333333 2.0 2.24 38 4 2.3 1
3 4
APP_6_Inner_Layer_2:2 0.2 0.2 0.75 2.97 20 25 1.9 1
2
APP_6_Inner_Layer_2:3 0.5333333333333333 0.5333333333333333 2.0 1.45 21 49 1.09 1
2 3
APP_6_Output_Layer_0 0.13333333333333333 0.13333333333333333 0.5 3.91 6 45 3.37 1
5 6 7 8
9
1.9977397716110497
APP_7_Input_Layer_0 0.26666666666666666 0.26666666666666666 1.0 2.4 29 29 1.04 1

APP_7_Inner_Layer_0:0 0.3333333333333333 0.3333333333333333 1.25 1.69 28 15 1.15 1
0
APP_7_Inner_Layer_0:1 0.3333333333333333 0.3333333333333333 1.25 1.66 48 2 1.31 1
0
APP_7_Inner_Layer_0:2 0.4 0.4 1.5 2.6 36 20 3.21 1
0
APP_7_Inner_Layer_0:3 0.26666666666666666 0.26666666666666666 1.0 1.99 18 12 1.8 1
0
APP_7_Inner_Layer_1:0 0.13333333333333333 0.13333333333333333 0.5 2.2 33 42 1.22 1
1 4
APP_7_Inner_Layer_1:1 0.4666666666666667 0.4666666666666667 1.75 1.32 24 12 1.77 1
1 2
APP_7_Inner_Layer_1:2 0.4666666666666667 0.4666666666666667 1.75 1.51 22 7 2.07 1
2 3
APP_7_Output_Layer_0 0.4 0.4 1.5 2.34 8 49 1.98 1
5 6 7
9
2.2407115252065566
APP_8_Input_Layer_0 0.06666666666666667 0.06666666666666667 0.25 3.0 12 27 3.99 1

APP_8_Inner_Layer_0:0 0.6 0.6 2.25 1.31 15 10 2.94 0
0
APP_8_Inner_Layer_1:0 0.4666666666666667 0.4666666666666667 1.75 3.26 20 42 2.24 0
1
APP_8_Inner_Layer_2:0 0.3333333333333333 0.3333333333333333 1.25 1.18 42 38 1.4 1
2
APP_8_Inner_Layer_2:1 0.6 0.6 2.25 2.04 27 29 1.13 1
2
APP_8_Inner_Layer_2:2 0.26666666666666666 0.26666666666666666 1.0 3.5 47 32 2.55 0
2
APP_8_Inner_Layer_2:3 0.4 0.4 1.5 2.31 46 27 2.21 1
2
APP_8_Inner_Layer_3:0 0.4 0.4 1.5 2.42 25 41 3.32 1
3 4 5 6
APP_8_Output_Layer_0 0.13333333333333333 0.13333333333333333 0.5 2.53 18 42 3.71 1
7
6
2.575491671989457
APP_9_Input_Layer_0 0.4666666666666667 0.4666666666666667 1.75 1.39 47 45 1.15 1

APP_9_Inner_Layer_0:0 0.26666666666666666 0.26666666666666666 1.0 3.72 24 9 3.64 1
0
APP_9_Inner_Layer_0:1 0.2 0.2 0.75 1.66 14 5 3.99 1
0
APP_9_Inner_Layer_0:2 0.3333333333333333 0.3333333333333333 1.25 2.16 3 32 3.75 1
0
APP_9_Inner_Layer_0:3 0.26666666666666666 0.26666666666666666 1.0 1.82 48 20 2.42 1
0
APP_9_Output_Layer_0 0.26666666666666666 0.26666666666666666 1.0 2.08 25 44 3.57 0
1 2 3 4
4
2.8596230310389976
APP_10_Input_Layer_0 0.06666666666666667 0.06666666666666667 0.25 2.22 7 47 2.68 1

APP_10_Inner_Layer_0:0 0.5333333333333333 0.5333333333333333 2.0 2.34 20 34 2.04 0
0
APP_10_Inner_Layer_0:1 0.3333333333333333 0.3333333333333333 1.25 3.85 24 11 3.35 1
0
APP_10_Output_Layer_0 0.4 0.4 1.5 1.56 9 37 1.83 1
1 2
12
3.3530625806504024
APP_11_Input_Layer_0 0.26666666666666666 0.26666666666666666 1.0 3.6 35 2 3.27 0

APP_11_Inner_Layer_0:0 0.6 0.6 2.25 3.53 35 45 2.79 0
0
APP_11_Inner_Layer_0:1 0.5333333333333333 0.5333333333333333 2.0 2.98 15 27 2.14 0
0
APP_11_Inner_Layer_0:2 0.13333333333333333 0.13333333333333333 0.5 2.77 37 30 1.36 1
0
APP_11_Inner_Layer_1:0 0.6 0.6 2.25 3.2 21 4 1.32 1
3
APP_11_Inner_Layer_1:1 0.4666666666666667 0.4666666666666667 1.75 3.06 36 25 1.24 1
1 2
APP_11_Inner_Layer_1:2 0.13333333333333333 0.13333333333333333 0.5 2.65 33 15 3.58 1
1 2
APP_11_Inner_Layer_2:0 0.5333333333333333 0.5333333333333333 2.0 2.59 26 18 3.53 1
5
APP_11_Inner_Layer_2:1 0.5333333333333333 0.5333333333333333 2.0 2.27 12 26 1.66 1
4 6
APP_11_Inner_Layer_2:2 0.2 0.2 0.75 3.1 41 45 2.19 1
4 5
APP_11_Inner_Layer_2:3 0.4 0.4 1.5 1.83 15 12 3.67 0
4 5
APP_11_Output_Layer_0 0.5333333333333333 0.5333333333333333 2.0 1.94 5 25 2.75 0
7 8 9 10
9
3.550646167619017
APP_12_Input_Layer_0 0.4 0.4 1.5 1.56 4 47 2.41 1

APP_12_Inner_Layer_0:0 0.4 0.4 1.5 3.7 49 16 3.72 1
0
APP_12_Inner_Layer_1:0 0.4 0.4 1.5 1.95 19 39 2.52 1
1
APP_12_Inner_Layer_1:1 0.4666666666666667 0.4666666666666667 1.75 3.54 34 38 2.21 1
1
APP_12_Inner_Layer_1:2 0.5333333333333333 0.5333333333333333 2.0 2.06 22 22 1.18 1
1
APP_12_Inner_Layer_2:0 0.4 0.4 1.5 1.96 49 29 3.91 1
3
APP_12_Inner_Layer_2:1 0.2 0.2 0.75 1.51 14 48 1.72 1
4
APP_12_Inner_Layer_2:2 0.4666666666666667 0.4666666666666667 1.75 2.74 47 25 1.36 1
2 3
APP_12_Output_Layer_0 0.2 0.2 0.75 1.78 26 23 1.69 1
5 6 7
10
3.780069974582751
APP_13_Input_Layer_0 0.3333333333333333 0.3333333333333333 1.25 3.96 40 1 1.31 0

APP_13_Inner_Layer_0:0 0.3333333333333333 0.3333333333333333 1.25 1.12 48 11 1.41 1
0
APP_13_Inner_Layer_0:1 0.4 0.4 1.5 3.21 45 12 2.68 1
0
APP_13_Inner_Layer_0:2 0.06666666666666667 0.06666666666666667 0.25 1.77 11 17 2.16 1
0
APP_13_Inner_Layer_0:3 0.3333333333333333 0.3333333333333333 1.25 1.3 27 5 1.29 1
0
APP_13_Inner_Layer_1:0 0.06666666666666667 0.06666666666666667 0.25 2.35 9 11 1.59 1
3
APP_13_Inner_Layer_1:1 0.4666666666666667 0.4666666666666667 1.75 1.41 45 42 2.83 1
1 2 3 4
APP_13_Inner_Layer_1:2 0.5333333333333333 0.5333333333333333 2.0 3.08 9 27 2.56 1
4
APP_13_Inner_Layer_1:3 0.3333333333333333 0.3333333333333333 1.25 3.3 8 41 1.87 1
2 3
APP_13_Output_Layer_0 0.5333333333333333 0.5333333333333333 2.0 2.13 12 38 2.65 1
5 6 7 8
16
4.077799320901034
APP_14_Input_Layer_0 0.4666666666666667 0.4666666666666667 1.75 3.46 4 47 3.01 1

APP_14_Inner_Layer_0:0 0.6 0.6 2.25 1.87 45 13 1.67 0
0
APP_14_Inner_Layer_0:1 0.2 0.2 0.75 1.52 36 25 3.11 1
0
APP_14_Inner_Layer_0:2 0.4666666666666667 0.4666666666666667 1.75 3.84 28 23 3.45 1
0
APP_14_Inner_Layer_0:3 0.13333333333333333 0.13333333333333333 0.5 1.55 26 32 3.48 1
0
APP_14_Inner_Layer_1:0 0.26666666666666666 0.26666666666666666 1.0 2.49 7 41 1.4 1
2 3 4
APP_14_Inner_Layer_1:1 0.06666666666666667 0.06666666666666667 0.25 3.95 17 12 2.8 1
1 2 3
APP_14_Inner_Layer_1:2 0.06666666666666667 0.06666666666666667 0.25 2.6 20 7 3.6 1
3
APP_14_Inner_Layer_2:0 0.26666666666666666 0.26666666666666666 1.0 2.71 35 5 1.19 1
6 7
APP_14_Inner_Layer_2:1 0.2 0.2 0.75 2.6 14 34 3.92 1
5 6
APP_14_Inner_Layer_2:2 0.6 0.6 2.25 3.84 48 46 1.63 1
6 7
APP_14_Inner_Layer_2:3 0.5333333333333333 0.5333333333333333 2.0 2.66 6 47 2.07 1
5
APP_14_Inner_Layer_3:0 0.06666666666666667 0.06666666666666667 0.25 1.89 10 1 2.92 1
8 10
APP_14_Inner_Layer_3:1 0.4 0.4 1.5 3.83 25 39 1.61 1
9 11
APP_14_Inner_Layer_3:2 0.4666666666666667 0.4666666666666667 1.75 3.23 35 8 3.37 1
8 9 10 11
APP_14_Output_Layer_0 0.06666666666666667 0.06666666666666667 0.25 2.6 12 21 1.42 1
12 13 14
4
4.36719489462343
APP_15_Input_Layer_0 0.06666666666666667 0.06666666666666667 0.25 2.86 23 26 1.54 0

APP_15_Inner_Layer_0:0 0.26666666666666666 0.26666666666666666 1.0 3.37 12 37 2.85 1
0
APP_15_Inner_Layer_1:0 0.13333333333333333 0.13333333333333333 0.5 2.81 3 48 3.91 1
1
APP_15_Output_Layer_0 0.5333333333333333 0.5333333333333333 2.0 3.91 14 37 1.0 0
2
17
4.5754184657932955
APP_16_Input_Layer_0 0.06666666666666667 0.06666666666666667 0.25 3.63 23 30 3.89 1

APP_16_Inner_Layer_0:0 0.5333333333333333 0.5333333333333333 2.0 1.67 31 39 3.99 1
0
APP_16_Inner_Layer_0:1 0.26666666666666666 0.26666666666666666 1.0 2.43 46 19 3.51 1
0
APP_16_Inner_Layer_0:2 0.4 0.4 1.5 3.43 49 15 2.45 1
0
APP_16_Inner_Layer_0:3 0.3333333333333333 0.3333333333333333 1.25 2.58 29 45 1.6 1
0
APP_16_Inner_Layer_1:0 0.2 0.2 0.75 2.45 1 15 3.16 1
1 2 3
APP_16_Inner_Layer_1:1 0.26666666666666666 0.26666666666666666 1.0 1.32 13 15 1.5 0
1 2 4
APP_16_Inner_Layer_1:2 0.2 0.2 0.75 2.4 47 18 1.99 1
3 4
APP_16_Inner_Layer_1:3 0.2 0.2 0.75 3.49 44 13 1.55 1
1 2 3
APP_16_Inner_Layer_2:0 0.13333333333333333 0.13333333333333333 0.5 3.91 19 18 2.65 1
8
APP_16_Inner_Layer_2:1 0.06666666666666667 0.06666666666666667 0.25 2.65 29 10 1.19 1
6 7
APP_16_Inner_Layer_2:2 0.06666666666666667 0.06666666666666667 0.25 3.14 22 4 3.66 1
5 6
APP_16_Inner_Layer_3:0 0.26666666666666666 0.26666666666666666 1.0 1.87 9 32 2.67 0
9 10
APP_16_Inner_Layer_3:1 0.4 0.4 1.5 1.48 1 42 2.05 1
9 10
APP_16_Inner_Layer_3:2 0.06666666666666667 0.06666666666666667 0.25 3.07 20 48 1.43 1
10
APP_16_Inner_Layer_3:3 0.26666666666666666 0.26666666666666666 1.0 2.71 30 6 2.62 1
11
APP_16_Output_Layer_0 0.13333333333333333 0.13333333333333333 0.5 3.31 35 28 1.16 1
12 13 14 15
5
4.768006261674641
APP_17_Input_Layer_0 0.6 0.6 2.25 3.96 2 28 1.68 1

APP_17_Inner_Layer_0:0 0.06666666666666667 0.06666666666666667 0.25 2.73 19 13 2.5 1
0
APP_17_Inner_Layer_0:1 0.13333333333333333 0.13333333333333333 0.5 2.32 47 7 1.61 1
0
APP_17_Inner_Layer_0:2 0.3333333333333333 0.3333333333333333 1.25 1.67 18 36 3.02 1
0
APP_17_Output_Layer_0 0.26666666666666666 0.26666666666666666 1.0 2.66 18 23 1.13 1
1 2 3
10
5.033665113172769
APP_18_Input_Layer_0 0.26666666666666666 0.26666666666666666 1.0 2.03 28 24 2.84 0

APP_18_Inner_Layer_0:0 0.3333333333333333 0.3333333333333333 1.25 1.14 11 7 3.62 1
0
APP_18_Inner_Layer_0:1 0.26666666666666666 0.26666666666666666 1.0 1.2 15 1 1.43 1
0
APP_18_Inner_Layer_0:2 0.06666666666666667 0.06666666666666667 0.25 3.44 31 36 1.05 1
0
APP_18_Inner_Layer_0:3 0.6 0.6 2.25 1.91 46 11 2.73 1
0
APP_18_Inner_Layer_1:0 0.13333333333333333 0.13333333333333333 0.5 1.82 16 36 1.15 1
1 3
APP_18_Inner_Layer_1:1 0.4 0.4 1.5 3.82 6 44 3.43 1
1 2 4
APP_18_Inner_Layer_1:2 0.26666666666666666 0.26666666666666666 1.0 2.46 27 19 1.06 0
3
APP_18_Inner_Layer_2:0 0.26666666666666666 0.26666666666666666 1.0 2.19 8 38 1.91 0
5 6 7
APP_18_Output_Layer_0 0.13333333333333333 0.13333333333333333 0.5 2.55 42 9 3.28 1
8
6
5.400522017362445
APP_19_Input_Layer_0 0.13333333333333333 0.13333333333333333 0.5 1.91 15 23 3.63 1

APP_19_Inner_Layer_0:0 0.4666666666666667 0.4666666666666667 1.75 2.45 41 10 1.56 1
0
APP_19_Inner_Layer_0:1 0.13333333333333333 0.13333333333333333 0.5 3.27 37 45 1.46 1
0
APP_19_Inner_Layer_0:2 0.6 0.6 2.25 1.48 22 25 3.98 1
0
APP_19_Inner_Layer_0:3 0.4 0.4 1.5 3.21 13 8 2.73 1
0
APP_19_Output_Layer_0 0.2 0.2 0.75 1.27 16 12 3.93 1
1 2 3 4
