10
20
13
0
APP_0_Input_Layer_0 0.5333333333333333 0.5333333333333333 2.0 2.25 41 26 3.15 1

APP_0_Inner_Layer_0:0 0.4 0.4 1.5 2.26 41 23 3.04 1
0
APP_0_Inner_Layer_0:1 0.06666666666666667 0.06666666666666667 0.25 3.65 36 9 2.03 1
0
APP_0_Inner_Layer_0:2 0.4 0.4 1.5 2.68 25 43 2.29 1
0
APP_0_Inner_Layer_1:0 0.4666666666666667 0.4666666666666667 1.75 1.79 28 20 2.91 1
2
APP_0_Inner_Layer_1:1 0.06666666666666667 0.06666666666666667 0.25 2.86 32 33 2.06 1
1 3
APP_0_Inner_Layer_1:2 0.06666666666666667 0.06666666666666667 0.25 3.93 19 4 1.93 1
2 3
APP_0_Inner_Layer_1:3 0.2 0.2 0.75 1.72 26 42 2.09 1
1 2 3
APP_0_Inner_Layer_2:0 0.13333333333333333 0.13333333333333333 0.5 3.12 28 46 3.69 1
6
APP_0_Inner_Layer_2:1 0.4 0.4 1.5 1.67 29 20 3.5 1
6
APP_0_Inner_Layer_2:2 0.6 0.6 2.25 2.23 1 4 3.8 1
5 7
APP_0_Inner_Layer_2:3 0.4 0.4 1.5 1.43 18 40 2.36 1
4 6 7
APP_0_Output_Layer_0 0.06666666666666667 0.06666666666666667 0.25 2.46 31 7 1.03 1
8 9 10 11
11
0.33630947932805977
APP_1_Input_Layer_0 0.4666666666666667 0.4666666666666667 1.75 1.68 9 17 1.26 1

APP_1_Inner_Layer_0:0 0.06666666666666667 0.06666666666666667 0.25 2.83 25 33 2.79 1
0
APP_1_Inner_Layer_0:1 0.13333333333333333 0.13333333333333333 0.5 2.6 35 20 3.54 1
0
APP_1_Inner_Layer_0:2 0.3333333333333333 0.3333333333333333 1.25 3.91 12 27 3.31 1
0
APP_1_Inner_Layer_0:3 0.06666666666666667 0.06666666666666667 0.25 3.35 33 32 3.03 1
0
APP_1_Inner_Layer_1:0 0.2 0.2 0.75 2.98 28 2 2.89 1
2 3
APP_1_Inner_Layer_1:1 0.6 0.6 2.25 2.83 18 38 1.34 1
1 2
APP_1_Inner_Layer_1:2 0.5333333333333333 0.5333333333333333 2.0 1.17 9 46 2.06 1
1 4
APP_1_Inner_Layer_1:3 0.4666666666666667 0.4666666666666667 1.75 1.01 48 14 3.13 1
4
APP_1_Inner_Layer_2:0 0.06666666666666667 0.06666666666666667 0.25 3.46 13 48 2.48 1
5 6 7 8
APP_1_Output_Layer_0 0.26666666666666666 0.26666666666666666 1.0 2.68 32 16 3.43 1
9
9
0.524204087830238
APP_2_Input_Layer_0 0.26666666666666666 0.26666666666666666 1.0 2.48 7 33 1.61 1

APP_2_Inner_Layer_0:0 0.5333333333333333 0.5333333333333333 2.0 2.94 48 41 1.2 1
0
APP_2_Inner_Layer_0:1 0.2 0.2 0.75 1.23 47 41 1.46 1
0
APP_2_Inner_Layer_0:2 0.4666666666666667 0.4666666666666667 1.75 2.99 13 23 2.19 1
0
APP_2_Inner_Layer_0:3 0.26666666666666666 0.26666666666666666 1.0 3.27 37 6 3.16 0
0
APP_2_Inner_Layer_1:0 0.26666666666666666 0.26666666666666666 1.0 2.34 37 48 2.66 1
2 3 4
APP_2_Inner_Layer_1:1 0.6 0.6 2.25 2.88 47 9 2.23 1
4
APP_2_Inner_Layer_1:2 0.06666666666666667 0.06666666666666667 0.25 3.83 3 11 3.08 1
1 2 3
APP_2_Output_Layer_0 0.6 0.6 2.25 1.45 11 47 1.92 1
5 6 7
7
0.9567186629393822
APP_3_Input_Layer_0 0.13333333333333333 0.13333333333333333 0.5 3.52 37 29 1.76 1

APP_3_Inner_Layer_0:0 0.4 0.4 1.5 1.98 33 34 3.55 1
0
APP_3_Inner_Layer_0:1 0.6 0.6 2.25 3.32 11 31 1.16 1
0
APP_3_Inner_Layer_1:0 0.6 0.6 2.25 2.92 24 14 2.12 0
1 2
APP_3_Inner_Layer_1:1 0.4666666666666667 0.4666666666666667 1.75 2.05 44 47 2.34 1
2
APP_3_Inner_Layer_1:2 0.06666666666666667 0.06666666666666667 0.25 1.5 44 45 3.08 1
2
APP_3_Output_Layer_0 0.06666666666666667 0.06666666666666667 0.25 1.87 7 3 3.89 1
3 4 5
4
1.3638772561670218
APP_4_Input_Layer_0 0.5333333333333333 0.5333333333333333 2.0 1.68 30 29 3.02 1

APP_4_Inner_Layer_0:0 0.3333333333333333 0.3333333333333333 1.25 1.5 40 41 2.27 1
0
APP_4_Inner_Layer_0:1 0.13333333333333333 0.13333333333333333 0.5 2.73 13 11 1.19 1
0
APP_4_Output_Layer_0 0.4 0.4 1.5 2.81 19 42 1.56 1
1 2
6
1.836714935332805
APP_5_Input_Layer_0 0.13333333333333333 0.13333333333333333 0.5 1.32 38 43 1.41 1

APP_5_Inner_Layer_0:0 0.3333333333333333 0.3333333333333333 1.25 1.17 19 47 2.61 0
0
APP_5_Inner_Layer_0:1 0.26666666666666666 0.26666666666666666 1.0 3.01 24 26 1.9 1
0
APP_5_Inner_Layer_0:2 0.06666666666666667 0.06666666666666667 0.25 2.18 42 33 3.8 1
0
APP_5_Inner_Layer_1:0 0.3333333333333333 0.3333333333333333 1.25 2.82 19 11 1.71 1
1 2 3
APP_5_Output_Layer_0 0.4666666666666667 0.4666666666666667 1.75 2.99 10 29 2.37 1
4
12
2.306621340490209
APP_6_Input_Layer_0 0.3333333333333333 0.3333333333333333 1.25 2.08 28 43 2.04 1

APP_6_Inner_Layer_0:0 0.3333333333333333 0.3333333333333333 1.25 3.85 28 39 3.6 1
0
APP_6_Inner_Layer_0:1 0.4666666666666667 0.4666666666666667 1.75 3.91 37 29 3.6 1
0
APP_6_Inner_Layer_0:2 0.26666666666666666 0.26666666666666666 1.0 1.83 35 32 2.55 1
0
APP_6_Inner_Layer_0:3 0.6 0.6 2.25 3.99 22 12 1.77 1
0
APP_6_Inner_Layer_1:0 0.06666666666666667 0.06666666666666667 0.25 2.99 41 26 1.87 1
1 2 3 4
APP_6_Inner_Layer_1:1 0.13333333333333333 0.13333333333333333 0.5 1.38 29 46 3.26 1
1 4
APP_6_Inner_Layer_1:2 0.3333333333333333 0.3333333333333333 1.25 1.36 15 38 1.17 1
3
APP_6_Inner_Layer_1:3 0.13333333333333333 0.13333333333333333 0.5 4.0 32 38 2.71 1
1 2
APP_6_Inner_Layer_2:0 0.6 0.6 2.25 3.97 24 35 1.96 0
6
APP_6_Inner_Layer_2:1 0.2 0.2 0.75 3.48 9 24 3.5 0
5 7 8
APP_6_Output_Layer_0 0.26666666666666666 0.26666666666666666 1.0 3.06 15 12 3.3 1
9 10
8
2.5390788932973103
APP_7_Input_Layer_0 0.26666666666666666 0.26666666666666666 1.0 1.62 4 48 3.31 1

APP_7_Inner_Layer_0:0 0.13333333333333333 0.13333333333333333 0.5 1.86 5 15 3.36 1
0
APP_7_Inner_Layer_0:1 0.3333333333333333 0.3333333333333333 1.25 2.71 4 28 3.81 1
0
APP_7_Inner_Layer_1:0 0.5333333333333333 0.5333333333333333 2.0 3.68 13 49 3.5 1
1 2
APP_7_Inner_Layer_1:1 0.5333333333333333 0.5333333333333333 2.0 2.56 44 40 2.1 1
1
APP_7_Inner_Layer_2:0 0.4 0.4 1.5 3.7 4 11 3.27 1
3 4
APP_7_Inner_Layer_3:0 0.4666666666666667 0.4666666666666667 1.75 1.6 13 49 1.81 1
5
APP_7_Output_Layer_0 0.4 0.4 1.5 1.95 1 28 2.45 0
6
8
2.9720394552117964
APP_8_Input_Layer_0 0.06666666666666667 0.06666666666666667 0.25 2.83 11 3 3.85 0

APP_8_Inner_Layer_0:0 0.4666666666666667 0.4666666666666667 1.75 2.47 43 14 1.31 1
0
APP_8_Inner_Layer_0:1 0.3333333333333333 0.3333333333333333 1.25 3.62 28 34 3.02 1
0
APP_8_Inner_Layer_0:2 0.06666666666666667 0.06666666666666667 0.25 1.76 11 45 3.83 1
0
APP_8_Inner_Layer_1:0 0.4666666666666667 0.4666666666666667 1.75 2.32 48 28 2.66 1
2 3
APP_8_Inner_Layer_1:1 0.2 0.2 0.75 3.94 27 47 1.41 0
2 3
APP_8_Inner_Layer_1:2 0.5333333333333333 0.5333333333333333 2.0 2.32 10 41 1.07 1
1
APP_8_Output_Layer_0 0.6 0.6 2.25 1.36 21 36 1.55 1
4 5 6
11
3.172687179994502
APP_9_Input_Layer_0 0.13333333333333333 0.13333333333333333 0.5 1.36 33 44 3.34 1

APP_9_Inner_Layer_0:0 0.13333333333333333 0.13333333333333333 0.5 2.3 9 18 3.76 1
0
APP_9_Inner_Layer_1:0 0.4666666666666667 0.4666666666666667 1.75 1.2 5 33 1.65 1
1
APP_9_Inner_Layer_2:0 0.5333333333333333 0.5333333333333333 2.0 2.4 3 23 2.05 1
2
APP_9_Inner_Layer_2:1 0.2 0.2 0.75 3.56 2 2 1.36 1
2
APP_9_Inner_Layer_2:2 0.2 0.2 0.75 1.25 26 46 3.38 1
2
APP_9_Inner_Layer_2:3 0.26666666666666666 0.26666666666666666 1.0 2.95 49 35 2.06 1
2
APP_9_Inner_Layer_3:0 0.13333333333333333 0.13333333333333333 0.5 1.14 49 39 2.85 1
3 5 6
APP_9_Inner_Layer_3:1 0.5333333333333333 0.5333333333333333 2.0 3.52 34 47 3.09 1
3 4 6
APP_9_Inner_Layer_3:2 0.6 0.6 2.25 2.22 7 40 3.61 1
4 3 6
APP_9_Output_Layer_0 0.2 0.2 0.75 1.82 16 16 3.73 1
7 8 9
4
3.5552869165728698
APP_10_Input_Layer_0 0.26666666666666666 0.26666666666666666 1.0 3.38 11 13 1.41 1

APP_10_Inner_Layer_0:0 0.4666666666666667 0.4666666666666667 1.75 2.66 11 29 1.91 1
0
APP_10_Inner_Layer_0:1 0.5333333333333333 0.5333333333333333 2.0 2.37 19 36 2.71 1
0
APP_10_Output_Layer_0 0.6 0.6 2.25 1.48 40 8 3.87 1
1 2
4
3.7746967029791487
APP_11_Input_Layer_0 0.6 0.6 2.25 1.98 8 9 2.07 1

APP_11_Inner_Layer_0:0 0.13333333333333333 0.13333333333333333 0.5 1.6 24 17 3.06 1
0
APP_11_Inner_Layer_0:1 0.5333333333333333 0.5333333333333333 2.0 1.44 15 23 1.8 0
0
APP_11_Output_Layer_0 0.2 0.2 0.75 3.78 28 33 2.77 1
1 2
8
4.228769299845965
APP_12_Input_Layer_0 0.4666666666666667 0.4666666666666667 1.75 3.16 29 35 2.14 1

APP_12_Inner_Layer_0:0 0.6 0.6 2.25 3.53 5 4 1.73 1
0
APP_12_Inner_Layer_0:1 0.4 0.4 1.5 3.0 13 11 1.34 1
0
APP_12_Inner_Layer_0:2 0.4 0.4 1.5 2.86 1 23 1.5 1
0
APP_12_Inner_Layer_0:3 0.4666666666666667 0.4666666666666667 1.75 2.83 31 44 1.24 1
0
APP_12_Inner_Layer_1:0 0.13333333333333333 0.13333333333333333 0.5 2.59 19 49 2.44 1
2
APP_12_Inner_Layer_1:1 0.6 0.6 2.25 1.29 29 26 2.56 1
1 3 4
APP_12_Output_Layer_0 0.4 0.4 1.5 2.47 39 48 3.25 1
5 6
4
4.443567523256169
APP_13_Input_Layer_0 0.6 0.6 2.25 3.08 39 20 3.39 1

APP_13_Inner_Layer_0:0 0.6 0.6 2.25 1.36 17 40 1.01 1
0
APP_13_Inner_Layer_0:1 0.06666666666666667 0.06666666666666667 0.25 1.81 42 3 1.4 1
0
APP_13_Output_Layer_0 0.2 0.2 0.75 1.45 38 9 3.52 1
1 2
6
4.884400774220789
APP_14_Input_Layer_0 0.2 0.2 0.75 1.36 31 16 2.93 1

APP_14_Inner_Layer_0:0 0.5333333333333333 0.5333333333333333 2.0 2.59 6 13 2.95 1
0
APP_14_Inner_Layer_0:1 0.26666666666666666 0.26666666666666666 1.0 2.63 10 23 1.49 1
0
APP_14_Inner_Layer_0:2 0.4666666666666667 0.4666666666666667 1.75 2.27 35 17 1.44 0
0
APP_14_Inner_Layer_0:3 0.13333333333333333 0.13333333333333333 0.5 3.89 36 12 1.85 1
0
APP_14_Output_Layer_0 0.5333333333333333 0.5333333333333333 2.0 1.25 27 23 2.13 1
1 2 3 4
9
5.378768703486146
APP_15_Input_Layer_0 0.2 0.2 0.75 1.16 32 35 1.44 1

APP_15_Inner_Layer_0:0 0.4 0.4 1.5 1.08 25 43 1.89 1
0
APP_15_Inner_Layer_1:0 0.6 0.6 2.25 3.48 31 7 2.34 1
1
APP_15_Inner_Layer_1:1 0.13333333333333333 0.13333333333333333 0.5 3.28 16 7 2.85 1
1
APP_15_Inner_Layer_2:0 0.3333333333333333 0.3333333333333333 1.25 1.22 45 30 1.6 1
2 3
APP_15_Inner_Layer_2:1 0.3333333333333333 0.3333333333333333 1.25 1.03 17 41 1.94 0
2
APP_15_Inner_Layer_3:0 0.5333333333333333 0.5333333333333333 2.0 3.47 20 47 3.33 1
4 5
APP_15_Inner_Layer_3:1 0.3333333333333333 0.3333333333333333 1.25 2.81 10 20 1.02 1
4
APP_15_Output_Layer_0 0.3333333333333333 0.3333333333333333 1.25 2.51 44 21 2.4 0
6 7
12
5.605780250926411
APP_16_Input_Layer_0 0.4 0.4 1.5 3.53 37 44 1.56 1

APP_16_Inner_Layer_0:0 0.3333333333333333 0.3333333333333333 1.25 2.29 29 38 1.32 1
0
APP_16_Inner_Layer_0:1 0.06666666666666667 0.06666666666666667 0.25 3.49 46 31 2.55 0
0
APP_16_Inner_Layer_0:2 0.4666666666666667 0.4666666666666667 1.75 1.81 29 11 3.2 1
0
APP_16_Inner_Layer_1:0 0.4 0.4 1.5 1.66 30 29 1.72 1
3
APP_16_Inner_Layer_1:1 0.4666666666666667 0.4666666666666667 1.75 3.83 48 38 1.24 0
1 2
APP_16_Inner_Layer_1:2 0.5333333333333333 0.5333333333333333 2.0 3.67 39 12 3.43 1
1 2 3
APP_16_Inner_Layer_2:0 0.13333333333333333 0.13333333333333333 0.5 2.65 8 36 1.69 1
6 4
APP_16_Inner_Layer_2:1 0.13333333333333333 0.13333333333333333 0.5 2.43 20 38 1.99 1
4 5 6
APP_16_Inner_Layer_2:2 0.3333333333333333 0.3333333333333333 1.25 1.12 6 36 1.0 1
5
APP_16_Inner_Layer_3:0 0.6 0.6 2.25 3.26 44 40 2.38 1
7 8 9
APP_16_Output_Layer_0 0.06666666666666667 0.06666666666666667 0.25 1.09 36 39 2.22 1
10
12
5.864219721512689
APP_17_Input_Layer_0 0.06666666666666667 0.06666666666666667 0.25 1.47 19 30 2.83 1

APP_17_Inner_Layer_0:0 0.6 0.6 2.25 2.68 14 47 3.34 1
0
APP_17_Inner_Layer_1:0 0.4666666666666667 0.4666666666666667 1.75 2.54 5 17 1.16 1
1
APP_17_Inner_Layer_1:1 0.06666666666666667 0.06666666666666667 0.25 2.95 26 19 1.99 1
1
APP_17_Inner_Layer_1:2 0.26666666666666666 0.26666666666666666 1.0 1.68 30 21 3.38 1
1
APP_17_Inner_Layer_1:3 0.26666666666666666 0.26666666666666666 1.0 1.6 16 29 2.01 1
1
APP_17_Inner_Layer_2:0 0.13333333333333333 0.13333333333333333 0.5 2.83 22 27 1.75 1
5
APP_17_Inner_Layer_2:1 0.4 0.4 1.5 3.39 28 49 2.76 1
4 5
APP_17_Inner_Layer_2:2 0.5333333333333333 0.5333333333333333 2.0 2.02 37 3 2.59 1
3
APP_17_Inner_Layer_2:3 0.3333333333333333 0.3333333333333333 1.25 3.94 12 21 1.6 1
2 4 5
APP_17_Inner_Layer_3:0 0.5333333333333333 0.5333333333333333 2.0 1.32 49 21 1.66 1
6 7 8 9
APP_17_Output_Layer_0 0.06666666666666667 0.06666666666666667 0.25 2.53 10 31 1.06 0
10
10
6.087970587528839
APP_18_Input_Layer_0 0.5333333333333333 0.5333333333333333 2.0 2.75 14 26 2.48 1

APP_18_Inner_Layer_0:0 0.4666666666666667 0.4666666666666667 1.75 2.04 35 25 3.8 1
0
APP_18_Inner_Layer_0:1 0.26666666666666666 0.26666666666666666 1.0 3.99 35 10 2.13 0
0
APP_18_Inner_Layer_1:0 0.2 0.2 0.75 1.23 4 20 3.15 1
1 2
APP_18_Inner_Layer_2:0 0.26666666666666666 0.26666666666666666 1.0 2.5 7 15 2.12 1
3
APP_18_Inner_Layer_2:1 0.06666666666666667 0.06666666666666667 0.25 3.84 44 1 1.89 1
3
APP_18_Inner_Layer_3:0 0.13333333333333333 0.13333333333333333 0.5 3.66 36 29 2.37 1
4 5
APP_18_Inner_Layer_3:1 0.5333333333333333 0.5333333333333333 2.0 1.7 25 14 2.82 1
4 5
APP_18_Inner_Layer_3:2 0.5333333333333333 0.5333333333333333 2.0 2.39 43 26 1.51 0
5
APP_18_Output_Layer_0 0.13333333333333333 0.13333333333333333 0.5 3.28 27 32 2.9 1
6 7 8
8
6.318590505014152
APP_19_Input_Layer_0 0.13333333333333333 0.13333333333333333 0.5 3.95 16 41 2.65 1

APP_19_Inner_Layer_0:0 0.06666666666666667 0.06666666666666667 0.25 1.12 7 3 1.42 1
0
APP_19_Inner_Layer_0:1 0.4 0.4 1.5 3.1 41 47 3.44 1
0
APP_19_Inner_Layer_0:2 0.6 0.6 2.25 3.69 32 24 2.35 0
0
APP_19_Inner_Layer_0:3 0.4 0.4 1.5 3.67 11 9 3.66 1
0
APP_19_Inner_Layer_1:0 0.4666666666666667 0.4666666666666667 1.75 3.63 8 15 1.97 1
1 2 4
APP_19_Inner_Layer_1:1 0.3333333333333333 0.3333333333333333 1.25 2.63 26 33 1.79 1
3
APP_19_Output_Layer_0 0.5333333333333333 0.5333333333333333 2.0 3.36 7 2 3.96 1
5 6
