10
17
4
0
APP_0_Input_Layer_0 0.4666666666666667 0.4666666666666667 1.75 1.21 27 48 1.38 1

APP_0_Inner_Layer_0:0 0.26666666666666666 0.26666666666666666 1.0 3.79 13 44 2.14 1
0
APP_0_Inner_Layer_0:1 0.06666666666666667 0.06666666666666667 0.25 1.47 30 5 1.56 1
0
APP_0_Output_Layer_0 0.13333333333333333 0.13333333333333333 0.5 3.54 22 7 1.64 1
1 2
8
0.34915751991062516
APP_1_Input_Layer_0 0.4666666666666667 0.4666666666666667 1.75 3.32 48 24 2.46 1

APP_1_Inner_Layer_0:0 0.6 0.6 2.25 2.07 40 13 2.6 1
0
APP_1_Inner_Layer_1:0 0.5333333333333333 0.5333333333333333 2.0 2.94 13 9 2.17 1
1
APP_1_Inner_Layer_2:0 0.4666666666666667 0.4666666666666667 1.75 3.68 28 10 1.13 1
2
APP_1_Inner_Layer_2:1 0.26666666666666666 0.26666666666666666 1.0 3.74 14 10 3.45 1
2
APP_1_Inner_Layer_2:2 0.6 0.6 2.25 2.63 2 46 2.76 1
2
APP_1_Inner_Layer_2:3 0.4 0.4 1.5 3.26 37 47 2.15 1
2
APP_1_Output_Layer_0 0.4 0.4 1.5 2.99 33 35 3.31 1
3 4 5 6
12
0.596484766909659
APP_2_Input_Layer_0 0.26666666666666666 0.26666666666666666 1.0 1.39 19 44 2.25 1

APP_2_Inner_Layer_0:0 0.26666666666666666 0.26666666666666666 1.0 3.57 33 43 1.84 1
0
APP_2_Inner_Layer_0:1 0.4666666666666667 0.4666666666666667 1.75 1.21 48 19 3.26 1
0
APP_2_Inner_Layer_1:0 0.6 0.6 2.25 3.13 30 19 2.03 1
1
APP_2_Inner_Layer_1:1 0.4 0.4 1.5 3.77 18 22 3.25 1
1
APP_2_Inner_Layer_1:2 0.3333333333333333 0.3333333333333333 1.25 1.03 22 18 2.45 1
1
APP_2_Inner_Layer_1:3 0.26666666666666666 0.26666666666666666 1.0 1.84 26 23 1.9 1
2
APP_2_Inner_Layer_2:0 0.6 0.6 2.25 3.16 24 42 1.33 1
3 4 5 6
APP_2_Inner_Layer_3:0 0.4 0.4 1.5 1.86 18 48 2.57 1
7
APP_2_Inner_Layer_3:1 0.13333333333333333 0.13333333333333333 0.5 1.9 38 44 2.21 1
7
APP_2_Inner_Layer_3:2 0.5333333333333333 0.5333333333333333 2.0 2.2 39 43 1.6 1
7
APP_2_Output_Layer_0 0.13333333333333333 0.13333333333333333 0.5 1.58 22 24 3.83 1
8 9 10
7
0.9207321490260507
APP_3_Input_Layer_0 0.3333333333333333 0.3333333333333333 1.25 1.14 47 42 3.21 1

APP_3_Inner_Layer_0:0 0.13333333333333333 0.13333333333333333 0.5 1.27 22 18 1.29 1
0
APP_3_Inner_Layer_0:1 0.5333333333333333 0.5333333333333333 2.0 3.97 3 30 1.23 1
0
APP_3_Inner_Layer_1:0 0.5333333333333333 0.5333333333333333 2.0 1.29 14 3 2.95 1
1 2
APP_3_Inner_Layer_1:1 0.2 0.2 0.75 3.19 42 46 3.18 1
2
APP_3_Inner_Layer_1:2 0.06666666666666667 0.06666666666666667 0.25 2.49 14 19 3.91 1
1
APP_3_Output_Layer_0 0.4 0.4 1.5 1.36 38 29 3.17 1
3 4 5
6
1.1849260650437716
APP_4_Input_Layer_0 0.4 0.4 1.5 2.0 39 11 2.29 1

APP_4_Inner_Layer_0:0 0.6 0.6 2.25 3.29 9 1 2.7 1
0
APP_4_Inner_Layer_0:1 0.5333333333333333 0.5333333333333333 2.0 1.92 13 19 1.76 1
0
APP_4_Inner_Layer_0:2 0.4666666666666667 0.4666666666666667 1.75 3.34 19 38 3.76 1
0
APP_4_Inner_Layer_1:0 0.6 0.6 2.25 3.99 18 35 2.16 1
1 2 3
APP_4_Output_Layer_0 0.5333333333333333 0.5333333333333333 2.0 3.28 4 33 2.53 1
4
6
1.7199548036605115
APP_5_Input_Layer_0 0.26666666666666666 0.26666666666666666 1.0 3.57 35 35 3.41 1

APP_5_Inner_Layer_0:0 0.3333333333333333 0.3333333333333333 1.25 1.94 3 9 1.4 1
0
APP_5_Inner_Layer_1:0 0.13333333333333333 0.13333333333333333 0.5 2.45 3 29 1.18 1
1
APP_5_Inner_Layer_1:1 0.4666666666666667 0.4666666666666667 1.75 2.76 6 45 3.76 1
1
APP_5_Inner_Layer_1:2 0.6 0.6 2.25 1.85 9 24 2.11 1
1
APP_5_Output_Layer_0 0.4 0.4 1.5 2.31 42 28 3.55 1
2 3 4
5
2.156827111594052
APP_6_Input_Layer_0 0.2 0.2 0.75 1.13 30 2 3.68 1

APP_6_Inner_Layer_0:0 0.6 0.6 2.25 1.77 40 29 1.46 1
0
APP_6_Inner_Layer_0:1 0.5333333333333333 0.5333333333333333 2.0 1.77 22 24 3.32 1
0
APP_6_Inner_Layer_0:2 0.5333333333333333 0.5333333333333333 2.0 3.88 18 33 3.44 1
0
APP_6_Output_Layer_0 0.26666666666666666 0.26666666666666666 1.0 3.04 15 42 1.52 1
1 2 3
5
2.3995161943766825
APP_7_Input_Layer_0 0.5333333333333333 0.5333333333333333 2.0 2.19 35 4 2.27 1

APP_7_Inner_Layer_0:0 0.5333333333333333 0.5333333333333333 2.0 1.63 47 24 1.15 1
0
APP_7_Inner_Layer_1:0 0.6 0.6 2.25 1.36 33 29 2.91 1
1
APP_7_Inner_Layer_1:1 0.4 0.4 1.5 1.45 40 33 2.07 1
1
APP_7_Output_Layer_0 0.13333333333333333 0.13333333333333333 0.5 3.75 47 41 1.65 1
2 3
5
2.8148300462044165
APP_8_Input_Layer_0 0.4 0.4 1.5 2.62 10 22 2.13 1

APP_8_Inner_Layer_0:0 0.6 0.6 2.25 2.52 43 15 2.71 1
0
APP_8_Inner_Layer_0:1 0.06666666666666667 0.06666666666666667 0.25 2.53 26 46 1.52 1
0
APP_8_Inner_Layer_0:2 0.4666666666666667 0.4666666666666667 1.75 3.88 22 13 1.08 1
0
APP_8_Output_Layer_0 0.6 0.6 2.25 2.26 47 42 3.35 1
1 2 3
6
3.1030595208771268
APP_9_Input_Layer_0 0.3333333333333333 0.3333333333333333 1.25 2.47 1 18 3.24 1

APP_9_Inner_Layer_0:0 0.3333333333333333 0.3333333333333333 1.25 3.44 41 46 2.92 1
0
APP_9_Inner_Layer_1:0 0.4 0.4 1.5 2.44 22 1 1.91 1
1
APP_9_Inner_Layer_1:1 0.26666666666666666 0.26666666666666666 1.0 1.07 5 34 1.58 1
1
APP_9_Inner_Layer_1:2 0.6 0.6 2.25 2.36 19 37 1.91 1
1
APP_9_Output_Layer_0 0.4666666666666667 0.4666666666666667 1.75 2.17 27 38 3.24 1
2 3 4
9
3.4059137660365195
APP_10_Input_Layer_0 0.06666666666666667 0.06666666666666667 0.25 1.62 49 15 3.62 1

APP_10_Inner_Layer_0:0 0.6 0.6 2.25 2.67 33 18 2.08 1
0
APP_10_Inner_Layer_1:0 0.4 0.4 1.5 1.27 16 10 3.33 1
1
APP_10_Inner_Layer_1:1 0.4666666666666667 0.4666666666666667 1.75 2.35 11 43 1.31 1
1
APP_10_Inner_Layer_2:0 0.13333333333333333 0.13333333333333333 0.5 2.12 10 22 1.37 1
2 3
APP_10_Inner_Layer_2:1 0.6 0.6 2.25 2.71 17 12 1.56 1
2
APP_10_Inner_Layer_2:2 0.4 0.4 1.5 2.97 8 40 2.19 1
3
APP_10_Inner_Layer_2:3 0.5333333333333333 0.5333333333333333 2.0 1.87 13 36 3.9 1
2
APP_10_Output_Layer_0 0.5333333333333333 0.5333333333333333 2.0 3.82 38 39 1.6 1
4 5 6 7
10
3.6686483912647625
APP_11_Input_Layer_0 0.2 0.2 0.75 2.92 7 16 3.04 1

APP_11_Inner_Layer_0:0 0.5333333333333333 0.5333333333333333 2.0 2.17 24 7 3.82 1
0
APP_11_Inner_Layer_0:1 0.3333333333333333 0.3333333333333333 1.25 1.18 40 25 2.79 1
0
APP_11_Inner_Layer_1:0 0.06666666666666667 0.06666666666666667 0.25 3.3 42 13 1.5 1
1
APP_11_Inner_Layer_1:1 0.2 0.2 0.75 1.56 37 48 1.28 1
2
APP_11_Inner_Layer_1:2 0.13333333333333333 0.13333333333333333 0.5 3.07 20 24 2.62 1
1
APP_11_Inner_Layer_2:0 0.4666666666666667 0.4666666666666667 1.75 1.5 10 22 3.12 1
3 4 5
APP_11_Inner_Layer_3:0 0.13333333333333333 0.13333333333333333 0.5 3.99 14 48 1.05 1
6
APP_11_Inner_Layer_3:1 0.4666666666666667 0.4666666666666667 1.75 3.57 2 20 1.49 1
6
APP_11_Output_Layer_0 0.4 0.4 1.5 2.65 2 23 1.35 1
7 8
9
3.898475026842483
APP_12_Input_Layer_0 0.2 0.2 0.75 1.08 25 37 1.0 1

APP_12_Inner_Layer_0:0 0.4 0.4 1.5 1.07 22 27 1.7 1
0
APP_12_Inner_Layer_0:1 0.3333333333333333 0.3333333333333333 1.25 2.88 32 44 1.97 1
0
APP_12_Inner_Layer_0:2 0.13333333333333333 0.13333333333333333 0.5 3.34 26 38 2.68 1
0
APP_12_Inner_Layer_1:0 0.6 0.6 2.25 2.63 19 23 3.23 1
1 2
APP_12_Inner_Layer_1:1 0.4666666666666667 0.4666666666666667 1.75 2.45 3 1 2.6 1
1 3
APP_12_Inner_Layer_1:2 0.6 0.6 2.25 2.92 43 16 2.1 1
2
APP_12_Inner_Layer_1:3 0.13333333333333333 0.13333333333333333 0.5 2.82 40 4 1.36 1
1 3
APP_12_Output_Layer_0 0.13333333333333333 0.13333333333333333 0.5 3.58 10 39 1.44 1
4 5 6 7
3
4.345726987536876
APP_13_Input_Layer_0 0.5333333333333333 0.5333333333333333 2.0 3.1 5 7 3.09 1

APP_13_Inner_Layer_0:0 0.26666666666666666 0.26666666666666666 1.0 3.07 39 30 2.36 1
0
APP_13_Output_Layer_0 0.13333333333333333 0.13333333333333333 0.5 1.71 34 49 1.76 1
1
9
4.639636199557568
APP_14_Input_Layer_0 0.2 0.2 0.75 3.62 43 41 3.54 1

APP_14_Inner_Layer_0:0 0.4 0.4 1.5 2.2 7 3 1.03 1
0
APP_14_Inner_Layer_0:1 0.3333333333333333 0.3333333333333333 1.25 2.68 16 3 3.71 1
0
APP_14_Inner_Layer_0:2 0.5333333333333333 0.5333333333333333 2.0 1.31 16 38 3.37 1
0
APP_14_Inner_Layer_0:3 0.3333333333333333 0.3333333333333333 1.25 1.46 35 9 3.19 1
0
APP_14_Inner_Layer_1:0 0.06666666666666667 0.06666666666666667 0.25 1.66 17 37 1.55 1
4
APP_14_Inner_Layer_1:1 0.13333333333333333 0.13333333333333333 0.5 2.98 32 1 3.44 1
1 2 3
APP_14_Inner_Layer_2:0 0.06666666666666667 0.06666666666666667 0.25 1.68 28 31 1.46 1
5 6
APP_14_Output_Layer_0 0.5333333333333333 0.5333333333333333 2.0 3.79 18 22 1.61 1
7
10
5.004389112072484
APP_15_Input_Layer_0 0.3333333333333333 0.3333333333333333 1.25 1.63 48 32 3.63 1

APP_15_Inner_Layer_0:0 0.2 0.2 0.75 3.41 49 42 2.21 1
0
APP_15_Inner_Layer_0:1 0.13333333333333333 0.13333333333333333 0.5 2.75 25 13 1.77 1
0
APP_15_Inner_Layer_0:2 0.13333333333333333 0.13333333333333333 0.5 3.19 20 37 1.72 1
0
APP_15_Inner_Layer_0:3 0.4666666666666667 0.4666666666666667 1.75 1.58 47 36 2.45 1
0
APP_15_Inner_Layer_1:0 0.13333333333333333 0.13333333333333333 0.5 2.21 34 19 2.84 1
1 2 3
APP_15_Inner_Layer_1:1 0.4666666666666667 0.4666666666666667 1.75 3.51 21 34 3.27 1
4
APP_15_Inner_Layer_2:0 0.3333333333333333 0.3333333333333333 1.25 2.01 23 47 3.83 1
6
APP_15_Inner_Layer_2:1 0.13333333333333333 0.13333333333333333 0.5 1.21 8 2 2.42 1
5 6
APP_15_Output_Layer_0 0.5333333333333333 0.5333333333333333 2.0 3.2 42 25 1.15 1
7 8
7
5.261215062405502
APP_16_Input_Layer_0 0.06666666666666667 0.06666666666666667 0.25 3.05 49 33 3.23 1

APP_16_Inner_Layer_0:0 0.4 0.4 1.5 2.32 9 18 3.66 1
0
APP_16_Inner_Layer_1:0 0.5333333333333333 0.5333333333333333 2.0 3.48 49 41 3.47 1
1
APP_16_Inner_Layer_1:1 0.3333333333333333 0.3333333333333333 1.25 2.11 27 37 3.08 1
1
APP_16_Inner_Layer_1:2 0.3333333333333333 0.3333333333333333 1.25 2.07 32 26 1.71 1
1
APP_16_Inner_Layer_1:3 0.06666666666666667 0.06666666666666667 0.25 2.18 25 13 2.94 1
1
APP_16_Output_Layer_0 0.3333333333333333 0.3333333333333333 1.25 1.96 6 44 3.88 1
2 3 4 5
