10
17
8
0
APP_0_Input_Layer_0 0.4666666666666667 0.4666666666666667 1.75 1.06 42 32 2.37 1

APP_0_Inner_Layer_0:0 0.13333333333333333 0.13333333333333333 0.5 2.91 27 43 1.21 1
0
APP_0_Inner_Layer_0:1 0.6 0.6 2.25 2.57 27 42 2.91 1
0
APP_0_Inner_Layer_1:0 0.4666666666666667 0.4666666666666667 1.75 2.65 47 28 3.93 1
2
APP_0_Inner_Layer_1:1 0.5333333333333333 0.5333333333333333 2.0 3.3 22 20 1.87 1
1
APP_0_Inner_Layer_1:2 0.26666666666666666 0.26666666666666666 1.0 3.13 34 12 3.59 1
1
APP_0_Inner_Layer_1:3 0.5333333333333333 0.5333333333333333 2.0 1.65 18 18 1.45 1
1
APP_0_Output_Layer_0 0.4666666666666667 0.4666666666666667 1.75 3.95 36 17 3.82 1
3 4 5 6
3
0.4935610714594766
APP_1_Input_Layer_0 0.5333333333333333 0.5333333333333333 2.0 2.36 42 27 2.73 1

APP_1_Inner_Layer_0:0 0.6 0.6 2.25 3.41 49 10 2.5 1
0
APP_1_Output_Layer_0 0.26666666666666666 0.26666666666666666 1.0 2.0 12 22 3.4 1
1
3
0.9761240828793399
APP_2_Input_Layer_0 0.4 0.4 1.5 2.3 5 33 3.14 1

APP_2_Inner_Layer_0:0 0.4666666666666667 0.4666666666666667 1.75 2.15 48 41 2.91 1
0
APP_2_Output_Layer_0 0.6 0.6 2.25 3.66 30 16 3.28 0
1
7
1.2419823684490292
APP_3_Input_Layer_0 0.4 0.4 1.5 1.72 10 18 3.78 1

APP_3_Inner_Layer_0:0 0.6 0.6 2.25 3.71 40 24 3.08 1
0
APP_3_Inner_Layer_0:1 0.3333333333333333 0.3333333333333333 1.25 2.45 40 10 1.68 1
0
APP_3_Inner_Layer_1:0 0.26666666666666666 0.26666666666666666 1.0 3.49 3 35 3.1 1
1 2
APP_3_Inner_Layer_1:1 0.13333333333333333 0.13333333333333333 0.5 3.25 44 23 3.81 1
1
APP_3_Inner_Layer_1:2 0.3333333333333333 0.3333333333333333 1.25 3.73 35 1 1.77 1
1 2
APP_3_Output_Layer_0 0.06666666666666667 0.06666666666666667 0.25 3.71 5 44 3.71 0
3 4 5
12
1.5423861851640617
APP_4_Input_Layer_0 0.26666666666666666 0.26666666666666666 1.0 3.03 33 32 3.39 1

APP_4_Inner_Layer_0:0 0.4 0.4 1.5 1.83 4 39 3.93 1
0
APP_4_Inner_Layer_0:1 0.6 0.6 2.25 3.7 20 20 2.94 1
0
APP_4_Inner_Layer_1:0 0.3333333333333333 0.3333333333333333 1.25 3.06 22 21 2.7 1
1
APP_4_Inner_Layer_1:1 0.4 0.4 1.5 3.91 37 4 1.53 1
2
APP_4_Inner_Layer_1:2 0.4 0.4 1.5 3.01 3 5 2.78 1
1 2
APP_4_Inner_Layer_1:3 0.06666666666666667 0.06666666666666667 0.25 3.75 11 49 2.42 1
1 2
APP_4_Inner_Layer_2:0 0.06666666666666667 0.06666666666666667 0.25 2.16 32 36 1.48 1
3 4 5 6
APP_4_Inner_Layer_3:0 0.26666666666666666 0.26666666666666666 1.0 2.19 14 23 3.03 1
7
APP_4_Inner_Layer_3:1 0.13333333333333333 0.13333333333333333 0.5 2.07 37 4 2.95 1
7
APP_4_Inner_Layer_3:2 0.3333333333333333 0.3333333333333333 1.25 1.1 44 39 3.29 1
7
APP_4_Output_Layer_0 0.5333333333333333 0.5333333333333333 2.0 3.06 20 41 1.22 1
8 9 10
13
1.8202329436030258
APP_5_Input_Layer_0 0.13333333333333333 0.13333333333333333 0.5 3.15 18 25 1.95 1

APP_5_Inner_Layer_0:0 0.06666666666666667 0.06666666666666667 0.25 3.7 30 10 1.49 1
0
APP_5_Inner_Layer_0:1 0.06666666666666667 0.06666666666666667 0.25 3.45 45 19 1.5 1
0
APP_5_Inner_Layer_0:2 0.3333333333333333 0.3333333333333333 1.25 2.64 13 36 2.16 1
0
APP_5_Inner_Layer_1:0 0.5333333333333333 0.5333333333333333 2.0 2.14 38 44 2.1 1
2
APP_5_Inner_Layer_1:1 0.6 0.6 2.25 2.11 17 45 2.99 1
3
APP_5_Inner_Layer_1:2 0.4666666666666667 0.4666666666666667 1.75 2.78 44 36 3.16 1
1
APP_5_Inner_Layer_1:3 0.4 0.4 1.5 1.11 39 19 1.65 1
1
APP_5_Inner_Layer_2:0 0.06666666666666667 0.06666666666666667 0.25 1.8 38 25 1.82 1
5 6 7
APP_5_Inner_Layer_2:1 0.4 0.4 1.5 3.29 8 8 2.64 1
4 5 6
APP_5_Inner_Layer_2:2 0.3333333333333333 0.3333333333333333 1.25 3.95 7 3 2.84 1
5 6 7
APP_5_Inner_Layer_2:3 0.5333333333333333 0.5333333333333333 2.0 2.23 36 21 3.34 1
7
APP_5_Output_Layer_0 0.3333333333333333 0.3333333333333333 1.25 1.1 10 20 3.39 1
8 9 10 11
10
2.1051884719616707
APP_6_Input_Layer_0 0.2 0.2 0.75 1.97 15 1 2.27 1

APP_6_Inner_Layer_0:0 0.06666666666666667 0.06666666666666667 0.25 1.61 28 24 2.69 1
0
APP_6_Inner_Layer_0:1 0.26666666666666666 0.26666666666666666 1.0 2.36 11 17 2.35 1
0
APP_6_Inner_Layer_0:2 0.13333333333333333 0.13333333333333333 0.5 2.45 14 9 2.15 1
0
APP_6_Inner_Layer_1:0 0.26666666666666666 0.26666666666666666 1.0 1.64 30 19 3.93 1
1 2 3
APP_6_Inner_Layer_2:0 0.3333333333333333 0.3333333333333333 1.25 3.93 42 33 1.32 1
4
APP_6_Inner_Layer_2:1 0.6 0.6 2.25 2.11 31 49 2.37 1
4
APP_6_Inner_Layer_2:2 0.26666666666666666 0.26666666666666666 1.0 2.42 47 41 3.73 1
4
APP_6_Inner_Layer_2:3 0.6 0.6 2.25 1.73 35 16 1.02 1
4
APP_6_Output_Layer_0 0.2 0.2 0.75 2.82 23 23 1.89 1
5 6 7 8
9
2.4825104132181885
APP_7_Input_Layer_0 0.5333333333333333 0.5333333333333333 2.0 2.64 31 3 2.06 1

APP_7_Inner_Layer_0:0 0.5333333333333333 0.5333333333333333 2.0 1.73 34 40 1.81 1
0
APP_7_Inner_Layer_1:0 0.06666666666666667 0.06666666666666667 0.25 2.36 14 33 2.65 1
1
APP_7_Inner_Layer_1:1 0.6 0.6 2.25 1.09 27 23 2.76 1
1
APP_7_Inner_Layer_1:2 0.2 0.2 0.75 3.92 23 13 3.93 1
1
APP_7_Inner_Layer_2:0 0.5333333333333333 0.5333333333333333 2.0 2.74 17 19 2.17 1
2 4
APP_7_Inner_Layer_2:1 0.4 0.4 1.5 1.17 30 36 2.41 1
2 3 4
APP_7_Inner_Layer_2:2 0.2 0.2 0.75 3.13 9 21 2.8 1
3 2
APP_7_Output_Layer_0 0.5333333333333333 0.5333333333333333 2.0 2.17 12 34 3.86 1
5 6 7
3
2.7185577200071944
APP_8_Input_Layer_0 0.3333333333333333 0.3333333333333333 1.25 3.17 5 25 2.6 1

APP_8_Inner_Layer_0:0 0.4666666666666667 0.4666666666666667 1.75 3.0 36 14 3.39 1
0
APP_8_Output_Layer_0 0.06666666666666667 0.06666666666666667 0.25 2.3 10 32 1.66 1
1
10
3.0989455390349616
APP_9_Input_Layer_0 0.3333333333333333 0.3333333333333333 1.25 3.66 9 2 1.49 1

APP_9_Inner_Layer_0:0 0.2 0.2 0.75 1.42 35 16 1.48 1
0
APP_9_Inner_Layer_0:1 0.13333333333333333 0.13333333333333333 0.5 1.52 25 17 1.81 1
0
APP_9_Inner_Layer_1:0 0.26666666666666666 0.26666666666666666 1.0 3.25 16 29 1.54 1
1
APP_9_Inner_Layer_1:1 0.6 0.6 2.25 1.16 46 14 3.0 1
2
APP_9_Inner_Layer_1:2 0.4666666666666667 0.4666666666666667 1.75 3.49 44 43 2.63 1
1
APP_9_Inner_Layer_2:0 0.13333333333333333 0.13333333333333333 0.5 3.58 3 3 2.9 1
4 5
APP_9_Inner_Layer_2:1 0.13333333333333333 0.13333333333333333 0.5 2.06 14 21 1.98 1
5
APP_9_Inner_Layer_2:2 0.5333333333333333 0.5333333333333333 2.0 2.82 20 23 1.47 1
3
APP_9_Output_Layer_0 0.26666666666666666 0.26666666666666666 1.0 3.49 25 44 2.66 1
6 7 8
12
3.55122539990076
APP_10_Input_Layer_0 0.26666666666666666 0.26666666666666666 1.0 3.77 35 2 3.38 0

APP_10_Inner_Layer_0:0 0.26666666666666666 0.26666666666666666 1.0 2.18 29 23 2.82 1
0
APP_10_Inner_Layer_0:1 0.4 0.4 1.5 1.77 46 1 1.45 1
0
APP_10_Inner_Layer_0:2 0.4 0.4 1.5 1.47 32 43 1.71 1
0
APP_10_Inner_Layer_0:3 0.2 0.2 0.75 1.68 7 29 2.57 1
0
APP_10_Inner_Layer_1:0 0.4 0.4 1.5 1.22 46 36 2.79 1
1 2 3 4
APP_10_Inner_Layer_1:1 0.4 0.4 1.5 2.22 16 46 1.95 1
2 3
APP_10_Inner_Layer_1:2 0.06666666666666667 0.06666666666666667 0.25 1.17 5 47 3.86 1
1 4
APP_10_Inner_Layer_2:0 0.06666666666666667 0.06666666666666667 0.25 3.12 5 26 2.16 1
6
APP_10_Inner_Layer_2:1 0.5333333333333333 0.5333333333333333 2.0 3.41 31 11 3.5 1
7
APP_10_Inner_Layer_2:2 0.6 0.6 2.25 1.9 14 11 1.19 1
5 6
APP_10_Output_Layer_0 0.3333333333333333 0.3333333333333333 1.25 1.96 46 12 3.35 1
8 9 10
13
3.8911941702864414
APP_11_Input_Layer_0 0.6 0.6 2.25 3.33 28 25 2.14 1

APP_11_Inner_Layer_0:0 0.26666666666666666 0.26666666666666666 1.0 2.53 25 5 2.42 1
0
APP_11_Inner_Layer_0:1 0.13333333333333333 0.13333333333333333 0.5 3.92 36 18 2.82 1
0
APP_11_Inner_Layer_0:2 0.3333333333333333 0.3333333333333333 1.25 1.58 2 38 2.71 1
0
APP_11_Inner_Layer_0:3 0.13333333333333333 0.13333333333333333 0.5 1.31 47 33 1.26 1
0
APP_11_Inner_Layer_1:0 0.4666666666666667 0.4666666666666667 1.75 2.35 22 4 1.34 1
3 4
APP_11_Inner_Layer_1:1 0.6 0.6 2.25 3.8 45 17 3.47 1
2
APP_11_Inner_Layer_1:2 0.6 0.6 2.25 1.45 14 42 2.78 1
1 4
APP_11_Inner_Layer_2:0 0.06666666666666667 0.06666666666666667 0.25 2.11 35 16 1.42 1
5 6
APP_11_Inner_Layer_2:1 0.13333333333333333 0.13333333333333333 0.5 2.79 40 32 2.4 1
5 7
APP_11_Inner_Layer_2:2 0.6 0.6 2.25 2.04 20 45 1.39 1
6
APP_11_Inner_Layer_2:3 0.13333333333333333 0.13333333333333333 0.5 1.85 1 15 1.6 1
5 7
APP_11_Output_Layer_0 0.2 0.2 0.75 3.79 44 34 3.86 1
8 9 10 11
10
4.350377419967266
APP_12_Input_Layer_0 0.13333333333333333 0.13333333333333333 0.5 3.89 14 16 3.38 1

APP_12_Inner_Layer_0:0 0.6 0.6 2.25 3.94 41 35 2.59 1
0
APP_12_Inner_Layer_0:1 0.13333333333333333 0.13333333333333333 0.5 3.44 34 39 3.48 1
0
APP_12_Inner_Layer_0:2 0.6 0.6 2.25 3.19 44 15 1.87 1
0
APP_12_Inner_Layer_0:3 0.26666666666666666 0.26666666666666666 1.0 3.58 25 10 3.81 1
0
APP_12_Inner_Layer_1:0 0.2 0.2 0.75 1.23 42 26 3.5 1
1 2 3
APP_12_Inner_Layer_1:1 0.2 0.2 0.75 1.3 45 29 2.83 1
4
APP_12_Inner_Layer_2:0 0.06666666666666667 0.06666666666666667 0.25 3.02 39 4 2.11 1
5
APP_12_Inner_Layer_2:1 0.2 0.2 0.75 2.65 29 14 3.33 1
6
APP_12_Output_Layer_0 0.6 0.6 2.25 1.99 11 37 1.58 1
7 8
16
4.668868061696717
APP_13_Input_Layer_0 0.4 0.4 1.5 3.14 3 14 3.61 0

APP_13_Inner_Layer_0:0 0.06666666666666667 0.06666666666666667 0.25 3.72 37 23 2.39 1
0
APP_13_Inner_Layer_0:1 0.06666666666666667 0.06666666666666667 0.25 2.76 15 15 1.65 1
0
APP_13_Inner_Layer_0:2 0.4666666666666667 0.4666666666666667 1.75 2.55 30 27 3.29 1
0
APP_13_Inner_Layer_0:3 0.5333333333333333 0.5333333333333333 2.0 2.97 35 14 1.34 1
0
APP_13_Inner_Layer_1:0 0.5333333333333333 0.5333333333333333 2.0 1.36 23 10 3.32 1
1 2 3 4
APP_13_Inner_Layer_1:1 0.5333333333333333 0.5333333333333333 2.0 2.43 39 44 2.72 1
3
APP_13_Inner_Layer_1:2 0.6 0.6 2.25 2.96 43 16 3.57 1
1 3
APP_13_Inner_Layer_1:3 0.06666666666666667 0.06666666666666667 0.25 1.46 35 17 1.01 1
1 4
APP_13_Inner_Layer_2:0 0.2 0.2 0.75 2.34 21 37 3.26 1
7 5
APP_13_Inner_Layer_2:1 0.4 0.4 1.5 2.29 35 5 3.8 1
6 7 8
APP_13_Inner_Layer_2:2 0.06666666666666667 0.06666666666666667 0.25 2.02 21 38 2.99 1
5 7 8
APP_13_Inner_Layer_2:3 0.13333333333333333 0.13333333333333333 0.5 3.92 47 12 3.72 1
8
APP_13_Inner_Layer_3:0 0.6 0.6 2.25 2.72 13 43 3.84 1
9 12
APP_13_Inner_Layer_3:1 0.06666666666666667 0.06666666666666667 0.25 2.12 15 19 2.71 1
10 11
APP_13_Output_Layer_0 0.3333333333333333 0.3333333333333333 1.25 3.91 6 37 1.22 0
13 14
17
5.239748141143638
APP_14_Input_Layer_0 0.26666666666666666 0.26666666666666666 1.0 2.68 42 44 2.13 1

APP_14_Inner_Layer_0:0 0.2 0.2 0.75 1.44 27 40 2.21 1
0
APP_14_Inner_Layer_0:1 0.3333333333333333 0.3333333333333333 1.25 2.74 45 13 3.16 1
0
APP_14_Inner_Layer_0:2 0.06666666666666667 0.06666666666666667 0.25 2.84 26 44 2.07 1
0
APP_14_Inner_Layer_0:3 0.13333333333333333 0.13333333333333333 0.5 1.3 6 11 1.57 1
0
APP_14_Inner_Layer_1:0 0.4 0.4 1.5 1.87 35 24 3.98 1
1
APP_14_Inner_Layer_1:1 0.26666666666666666 0.26666666666666666 1.0 3.66 14 12 1.98 1
3 4
APP_14_Inner_Layer_1:2 0.5333333333333333 0.5333333333333333 2.0 1.42 45 33 3.67 1
2
APP_14_Inner_Layer_2:0 0.06666666666666667 0.06666666666666667 0.25 3.64 37 23 1.91 1
5 6 7
APP_14_Inner_Layer_2:1 0.06666666666666667 0.06666666666666667 0.25 1.06 20 1 1.11 1
7
APP_14_Inner_Layer_2:2 0.26666666666666666 0.26666666666666666 1.0 2.4 32 40 1.12 1
5
APP_14_Inner_Layer_2:3 0.5333333333333333 0.5333333333333333 2.0 3.95 11 14 2.87 1
7
APP_14_Inner_Layer_3:0 0.13333333333333333 0.13333333333333333 0.5 1.76 20 26 3.1 1
8 9
APP_14_Inner_Layer_3:1 0.4666666666666667 0.4666666666666667 1.75 2.97 30 24 2.14 1
8 10
APP_14_Inner_Layer_3:2 0.4666666666666667 0.4666666666666667 1.75 1.4 34 9 3.91 1
10
APP_14_Inner_Layer_3:3 0.5333333333333333 0.5333333333333333 2.0 2.37 1 3 2.16 1
8 9 11
APP_14_Output_Layer_0 0.13333333333333333 0.13333333333333333 0.5 2.15 39 5 1.4 1
12 13 14 15
10
5.469531754696148
APP_15_Input_Layer_0 0.6 0.6 2.25 1.08 35 33 2.06 1

APP_15_Inner_Layer_0:0 0.3333333333333333 0.3333333333333333 1.25 3.58 3 33 2.76 1
0
APP_15_Inner_Layer_0:1 0.3333333333333333 0.3333333333333333 1.25 3.73 36 41 2.7 1
0
APP_15_Inner_Layer_0:2 0.13333333333333333 0.13333333333333333 0.5 1.05 31 21 1.93 1
0
APP_15_Inner_Layer_1:0 0.6 0.6 2.25 3.0 4 23 1.95 1
1 3
APP_15_Inner_Layer_1:1 0.4666666666666667 0.4666666666666667 1.75 3.39 31 5 3.74 1
2
APP_15_Inner_Layer_1:2 0.4666666666666667 0.4666666666666667 1.75 3.28 43 23 2.15 1
1 2
APP_15_Inner_Layer_1:3 0.26666666666666666 0.26666666666666666 1.0 2.05 38 39 2.65 1
1
APP_15_Inner_Layer_2:0 0.13333333333333333 0.13333333333333333 0.5 3.52 2 40 3.58 1
4 5 6 7
APP_15_Output_Layer_0 0.2 0.2 0.75 3.88 17 17 1.95 1
8
8
5.972558546468644
APP_16_Input_Layer_0 0.2 0.2 0.75 3.39 5 24 1.61 0

APP_16_Inner_Layer_0:0 0.26666666666666666 0.26666666666666666 1.0 1.08 32 3 2.83 1
0
APP_16_Inner_Layer_0:1 0.4 0.4 1.5 2.65 5 10 2.17 1
0
APP_16_Inner_Layer_0:2 0.5333333333333333 0.5333333333333333 2.0 3.48 2 28 1.56 1
0
APP_16_Inner_Layer_1:0 0.5333333333333333 0.5333333333333333 2.0 1.16 15 9 3.99 1
1 2
APP_16_Inner_Layer_1:1 0.4666666666666667 0.4666666666666667 1.75 3.05 44 43 2.68 1
3
APP_16_Inner_Layer_1:2 0.4666666666666667 0.4666666666666667 1.75 2.8 22 9 1.87 1
3
APP_16_Output_Layer_0 0.2 0.2 0.75 1.37 41 15 1.18 0
4 5 6
