10
17
8
0
APP_0_Input_Layer_0 0.5333333333333333 0.5333333333333333 2.0 1.92 27 8 3.21 1

APP_0_Inner_Layer_0:0 0.06666666666666667 0.06666666666666667 0.25 3.76 26 36 3.83 1
0
APP_0_Inner_Layer_1:0 0.4666666666666667 0.4666666666666667 1.75 3.83 27 28 3.92 1
1
APP_0_Inner_Layer_1:1 0.4 0.4 1.5 2.85 27 31 3.03 1
1
APP_0_Inner_Layer_1:2 0.2 0.2 0.75 2.43 34 5 3.43 1
1
APP_0_Inner_Layer_2:0 0.3333333333333333 0.3333333333333333 1.25 1.83 18 24 1.73 1
3
APP_0_Inner_Layer_2:1 0.6 0.6 2.25 1.24 2 34 3.91 1
2 4
APP_0_Output_Layer_0 0.4666666666666667 0.4666666666666667 1.75 2.19 4 24 3.52 1
5 6
4
0.27724801494339235
APP_1_Input_Layer_0 0.4666666666666667 0.4666666666666667 1.75 2.5 32 27 3.58 1

APP_1_Inner_Layer_0:0 0.5333333333333333 0.5333333333333333 2.0 3.97 7 43 1.01 1
0
APP_1_Inner_Layer_0:1 0.6 0.6 2.25 1.95 35 31 1.65 1
0
APP_1_Output_Layer_0 0.4666666666666667 0.4666666666666667 1.75 2.74 38 16 1.71 1
1 2
7
0.7124062778742954
APP_2_Input_Layer_0 0.13333333333333333 0.13333333333333333 0.5 1.43 28 40 1.62 1

APP_2_Inner_Layer_0:0 0.3333333333333333 0.3333333333333333 1.25 1.78 16 30 3.55 1
0
APP_2_Inner_Layer_1:0 0.2 0.2 0.75 3.47 29 2 1.25 1
1
APP_2_Inner_Layer_1:1 0.6 0.6 2.25 2.71 48 8 2.53 1
1
APP_2_Inner_Layer_1:2 0.06666666666666667 0.06666666666666667 0.25 1.05 23 8 1.93 1
1
APP_2_Inner_Layer_2:0 0.13333333333333333 0.13333333333333333 0.5 2.74 22 25 1.04 1
2 3 4
APP_2_Output_Layer_0 0.4666666666666667 0.4666666666666667 1.75 2.29 46 21 3.37 1
5
4
0.9661108032259496
APP_3_Input_Layer_0 0.4 0.4 1.5 1.59 13 29 3.38 1

APP_3_Inner_Layer_0:0 0.4666666666666667 0.4666666666666667 1.75 3.15 1 10 1.63 1
0
APP_3_Inner_Layer_0:1 0.06666666666666667 0.06666666666666667 0.25 3.45 46 27 3.54 1
0
APP_3_Output_Layer_0 0.6 0.6 2.25 2.42 22 34 3.94 1
1 2
6
1.20293793084243
APP_4_Input_Layer_0 0.13333333333333333 0.13333333333333333 0.5 3.62 25 37 2.67 1

APP_4_Inner_Layer_0:0 0.06666666666666667 0.06666666666666667 0.25 1.89 33 16 1.31 1
0
APP_4_Inner_Layer_0:1 0.2 0.2 0.75 2.53 36 30 2.65 1
0
APP_4_Inner_Layer_0:2 0.2 0.2 0.75 1.0 45 14 2.0 1
0
APP_4_Inner_Layer_1:0 0.26666666666666666 0.26666666666666666 1.0 3.64 28 2 3.93 1
1 2 3
APP_4_Output_Layer_0 0.5333333333333333 0.5333333333333333 2.0 2.29 11 26 3.58 1
4
8
1.454521748157838
APP_5_Input_Layer_0 0.06666666666666667 0.06666666666666667 0.25 2.23 27 35 1.23 1

APP_5_Inner_Layer_0:0 0.26666666666666666 0.26666666666666666 1.0 2.38 42 43 1.85 1
0
APP_5_Inner_Layer_0:1 0.5333333333333333 0.5333333333333333 2.0 1.88 19 16 1.74 1
0
APP_5_Inner_Layer_0:2 0.4 0.4 1.5 2.27 2 46 1.81 1
0
APP_5_Inner_Layer_1:0 0.13333333333333333 0.13333333333333333 0.5 2.91 8 41 2.83 1
1 3
APP_5_Inner_Layer_1:1 0.4 0.4 1.5 3.39 42 31 2.49 1
2
APP_5_Inner_Layer_2:0 0.4666666666666667 0.4666666666666667 1.75 1.56 8 24 1.21 1
4 5
APP_5_Output_Layer_0 0.4 0.4 1.5 1.02 4 32 2.89 1
6
3
1.71071643516481
APP_6_Input_Layer_0 0.2 0.2 0.75 1.76 5 6 3.09 1

APP_6_Inner_Layer_0:0 0.4 0.4 1.5 3.09 37 15 1.98 1
0
APP_6_Output_Layer_0 0.4666666666666667 0.4666666666666667 1.75 4.0 48 43 3.61 1
1
4
2.2196672585284865
APP_7_Input_Layer_0 0.4666666666666667 0.4666666666666667 1.75 2.76 18 27 2.45 1

APP_7_Inner_Layer_0:0 0.4666666666666667 0.4666666666666667 1.75 1.88 22 41 2.69 1
0
APP_7_Inner_Layer_0:1 0.4666666666666667 0.4666666666666667 1.75 1.03 34 22 1.72 1
0
APP_7_Output_Layer_0 0.4 0.4 1.5 1.49 36 49 2.53 0
1 2
11
2.517202022688551
APP_8_Input_Layer_0 0.13333333333333333 0.13333333333333333 0.5 2.22 47 32 2.32 1

APP_8_Inner_Layer_0:0 0.6 0.6 2.25 1.93 2 39 3.33 1
0
APP_8_Inner_Layer_1:0 0.4666666666666667 0.4666666666666667 1.75 1.93 33 28 2.88 1
1
APP_8_Inner_Layer_1:1 0.4 0.4 1.5 2.68 38 24 3.81 1
1
APP_8_Inner_Layer_1:2 0.06666666666666667 0.06666666666666667 0.25 1.06 18 19 1.75 1
1
APP_8_Inner_Layer_2:0 0.4666666666666667 0.4666666666666667 1.75 2.82 38 15 1.5 1
2 4
APP_8_Inner_Layer_2:1 0.3333333333333333 0.3333333333333333 1.25 3.49 24 3 2.09 1
3
APP_8_Inner_Layer_3:0 0.06666666666666667 0.06666666666666667 0.25 3.74 15 24 1.93 1
5 6
APP_8_Inner_Layer_3:1 0.3333333333333333 0.3333333333333333 1.25 2.42 1 24 3.37 1
5 6
APP_8_Inner_Layer_3:2 0.4666666666666667 0.4666666666666667 1.75 2.83 48 41 3.63 1
5
APP_8_Output_Layer_0 0.3333333333333333 0.3333333333333333 1.25 3.58 15 39 3.85 1
7 8 9
9
2.976195754230195
APP_9_Input_Layer_0 0.6 0.6 2.25 3.73 42 16 3.27 1

APP_9_Inner_Layer_0:0 0.13333333333333333 0.13333333333333333 0.5 3.78 22 24 3.29 1
0
APP_9_Inner_Layer_0:1 0.26666666666666666 0.26666666666666666 1.0 2.02 28 39 3.42 1
0
APP_9_Inner_Layer_1:0 0.2 0.2 0.75 3.22 20 31 1.84 1
1
APP_9_Inner_Layer_1:1 0.3333333333333333 0.3333333333333333 1.25 3.41 45 23 3.87 1
1
APP_9_Inner_Layer_1:2 0.2 0.2 0.75 3.13 15 44 2.91 1
2
APP_9_Inner_Layer_2:0 0.6 0.6 2.25 2.27 22 26 1.43 1
5
APP_9_Inner_Layer_2:1 0.6 0.6 2.25 2.57 20 32 2.14 1
3 4 5
APP_9_Output_Layer_0 0.6 0.6 2.25 2.14 31 15 3.58 1
6 7
8
3.457544826858255
APP_10_Input_Layer_0 0.6 0.6 2.25 3.45 18 43 1.51 1

APP_10_Inner_Layer_0:0 0.3333333333333333 0.3333333333333333 1.25 2.96 23 3 1.44 1
0
APP_10_Inner_Layer_0:1 0.26666666666666666 0.26666666666666666 1.0 1.33 46 16 1.69 1
0
APP_10_Inner_Layer_0:2 0.4 0.4 1.5 1.92 13 4 1.42 1
0
APP_10_Inner_Layer_0:3 0.4666666666666667 0.4666666666666667 1.75 2.89 5 28 2.17 1
0
APP_10_Inner_Layer_1:0 0.26666666666666666 0.26666666666666666 1.0 3.63 2 13 2.73 1
1 2 3
APP_10_Inner_Layer_1:1 0.6 0.6 2.25 2.77 18 42 1.09 1
4
APP_10_Output_Layer_0 0.5333333333333333 0.5333333333333333 2.0 2.0 47 14 2.3 1
5 6
11
3.7055911117920775
APP_11_Input_Layer_0 0.2 0.2 0.75 2.38 20 1 3.38 1

APP_11_Inner_Layer_0:0 0.4666666666666667 0.4666666666666667 1.75 2.4 29 21 1.06 1
0
APP_11_Inner_Layer_0:1 0.6 0.6 2.25 1.22 33 48 3.83 1
0
APP_11_Inner_Layer_0:2 0.5333333333333333 0.5333333333333333 2.0 3.84 39 6 2.57 1
0
APP_11_Inner_Layer_0:3 0.26666666666666666 0.26666666666666666 1.0 2.79 28 21 2.38 1
0
APP_11_Inner_Layer_1:0 0.13333333333333333 0.13333333333333333 0.5 1.83 21 24 2.73 1
1 2 3
APP_11_Inner_Layer_1:1 0.5333333333333333 0.5333333333333333 2.0 1.21 9 29 3.14 1
1 4
APP_11_Inner_Layer_1:2 0.13333333333333333 0.13333333333333333 0.5 1.26 34 44 1.18 1
2 4
APP_11_Inner_Layer_2:0 0.4666666666666667 0.4666666666666667 1.75 2.09 32 41 2.05 1
5 6
APP_11_Inner_Layer_2:1 0.5333333333333333 0.5333333333333333 2.0 2.96 36 9 2.71 1
7
APP_11_Output_Layer_0 0.2 0.2 0.75 1.5 45 47 3.54 1
8 9
11
3.9300592895775206
APP_12_Input_Layer_0 0.13333333333333333 0.13333333333333333 0.5 1.58 8 37 1.16 1

APP_12_Inner_Layer_0:0 0.4 0.4 1.5 1.8 14 13 3.98 1
0
APP_12_Inner_Layer_0:1 0.5333333333333333 0.5333333333333333 2.0 3.65 46 24 3.03 1
0
APP_12_Inner_Layer_0:2 0.06666666666666667 0.06666666666666667 0.25 2.53 11 41 3.0 1
0
APP_12_Inner_Layer_0:3 0.2 0.2 0.75 3.38 18 20 3.11 1
0
APP_12_Inner_Layer_1:0 0.2 0.2 0.75 1.59 32 46 2.86 1
2 4
APP_12_Inner_Layer_1:1 0.06666666666666667 0.06666666666666667 0.25 1.51 33 23 3.08 1
1 3
APP_12_Inner_Layer_2:0 0.5333333333333333 0.5333333333333333 2.0 2.55 45 24 1.68 1
5 6
APP_12_Inner_Layer_3:0 0.2 0.2 0.75 3.33 39 29 3.64 1
7
APP_12_Inner_Layer_3:1 0.4666666666666667 0.4666666666666667 1.75 2.88 21 45 3.14 1
7
APP_12_Output_Layer_0 0.26666666666666666 0.26666666666666666 1.0 2.1 33 36 1.35 1
8 9
3
4.4688888516826495
APP_13_Input_Layer_0 0.2 0.2 0.75 3.17 39 40 2.09 1

APP_13_Inner_Layer_0:0 0.06666666666666667 0.06666666666666667 0.25 3.79 45 23 1.94 1
0
APP_13_Output_Layer_0 0.3333333333333333 0.3333333333333333 1.25 1.13 23 22 2.21 1
1
4
4.749095620469446
APP_14_Input_Layer_0 0.5333333333333333 0.5333333333333333 2.0 3.21 21 45 3.9 1

APP_14_Inner_Layer_0:0 0.3333333333333333 0.3333333333333333 1.25 2.15 3 24 2.49 1
0
APP_14_Inner_Layer_0:1 0.06666666666666667 0.06666666666666667 0.25 3.65 2 18 3.82 1
0
APP_14_Output_Layer_0 0.4666666666666667 0.4666666666666667 1.75 1.78 17 3 1.1 1
1 2
14
5.163680440840759
APP_15_Input_Layer_0 0.6 0.6 2.25 2.1 40 10 1.43 1

APP_15_Inner_Layer_0:0 0.4 0.4 1.5 1.46 20 37 1.96 1
0
APP_15_Inner_Layer_1:0 0.13333333333333333 0.13333333333333333 0.5 3.38 17 7 3.95 1
1
APP_15_Inner_Layer_1:1 0.13333333333333333 0.13333333333333333 0.5 1.74 49 18 1.34 1
1
APP_15_Inner_Layer_1:2 0.06666666666666667 0.06666666666666667 0.25 1.04 6 12 1.1 1
1
APP_15_Inner_Layer_1:3 0.13333333333333333 0.13333333333333333 0.5 1.57 5 6 1.87 1
1
APP_15_Inner_Layer_2:0 0.2 0.2 0.75 1.83 45 46 2.04 1
4
APP_15_Inner_Layer_2:1 0.13333333333333333 0.13333333333333333 0.5 2.61 5 17 1.74 1
2 3
APP_15_Inner_Layer_2:2 0.2 0.2 0.75 2.57 37 6 2.95 1
2 3
APP_15_Inner_Layer_2:3 0.06666666666666667 0.06666666666666667 0.25 2.81 38 47 1.58 1
2 5
APP_15_Inner_Layer_3:0 0.6 0.6 2.25 1.4 5 39 2.63 1
6 7 8 9
APP_15_Inner_Layer_3:1 0.26666666666666666 0.26666666666666666 1.0 3.15 6 48 1.55 1
6
APP_15_Inner_Layer_3:2 0.13333333333333333 0.13333333333333333 0.5 1.82 49 1 1.31 1
7 9
APP_15_Output_Layer_0 0.3333333333333333 0.3333333333333333 1.25 3.85 2 35 3.56 1
10 11 12
10
5.638285997235452
APP_16_Input_Layer_0 0.26666666666666666 0.26666666666666666 1.0 1.95 28 18 1.2 1

APP_16_Inner_Layer_0:0 0.4 0.4 1.5 1.59 48 41 3.49 1
0
APP_16_Inner_Layer_1:0 0.6 0.6 2.25 1.89 27 15 3.9 1
1
APP_16_Inner_Layer_1:1 0.13333333333333333 0.13333333333333333 0.5 1.2 4 17 1.95 1
1
APP_16_Inner_Layer_2:0 0.26666666666666666 0.26666666666666666 1.0 2.61 19 38 2.94 1
3
APP_16_Inner_Layer_2:1 0.06666666666666667 0.06666666666666667 0.25 1.23 24 25 2.14 1
3
APP_16_Inner_Layer_2:2 0.13333333333333333 0.13333333333333333 0.5 2.21 3 4 3.21 1
2
APP_16_Inner_Layer_2:3 0.06666666666666667 0.06666666666666667 0.25 1.02 18 23 3.31 1
2
APP_16_Inner_Layer_3:0 0.4 0.4 1.5 3.3 31 18 1.41 1
4 5 6 7
APP_16_Output_Layer_0 0.06666666666666667 0.06666666666666667 0.25 3.47 8 47 3.33 0
8
