10
17
8
0
APP_0_Input_Layer_0 0.2 0.2 0.75 2.05 4 46 1.94 1

APP_0_Inner_Layer_0:0 0.5333333333333333 0.5333333333333333 2.0 3.8 34 17 1.32 1
0
APP_0_Inner_Layer_0:1 0.5333333333333333 0.5333333333333333 2.0 1.12 1 1 1.82 1
0
APP_0_Inner_Layer_0:2 0.6 0.6 2.25 2.33 39 31 2.81 1
0
APP_0_Inner_Layer_1:0 0.3333333333333333 0.3333333333333333 1.25 1.83 25 43 2.3 1
1 2 3
APP_0_Inner_Layer_2:0 0.4666666666666667 0.4666666666666667 1.75 3.46 35 13 2.41 1
4
APP_0_Inner_Layer_2:1 0.06666666666666667 0.06666666666666667 0.25 3.72 38 16 3.84 1
4
APP_0_Output_Layer_0 0.06666666666666667 0.06666666666666667 0.25 1.08 38 10 1.49 1
5 6
13
0.3562594763892925
APP_1_Input_Layer_0 0.4 0.4 1.5 3.99 16 24 3.96 1

APP_1_Inner_Layer_0:0 0.26666666666666666 0.26666666666666666 1.0 2.82 40 19 2.78 1
0
APP_1_Inner_Layer_0:1 0.4666666666666667 0.4666666666666667 1.75 2.86 39 47 2.76 1
0
APP_1_Inner_Layer_0:2 0.5333333333333333 0.5333333333333333 2.0 2.41 43 32 2.08 1
0
APP_1_Inner_Layer_1:0 0.13333333333333333 0.13333333333333333 0.5 1.88 16 23 1.28 1
1 2 3
APP_1_Inner_Layer_1:1 0.13333333333333333 0.13333333333333333 0.5 1.88 27 2 3.39 1
1 2
APP_1_Inner_Layer_2:0 0.3333333333333333 0.3333333333333333 1.25 3.11 39 11 3.08 1
4 5
APP_1_Inner_Layer_2:1 0.2 0.2 0.75 1.24 28 13 2.49 1
4 5
APP_1_Inner_Layer_2:2 0.6 0.6 2.25 2.19 45 11 3.85 1
5
APP_1_Inner_Layer_2:3 0.4 0.4 1.5 2.5 41 10 1.2 1
4
APP_1_Inner_Layer_3:0 0.13333333333333333 0.13333333333333333 0.5 2.63 42 7 3.22 1
6 8 9
APP_1_Inner_Layer_3:1 0.4 0.4 1.5 1.07 43 46 2.89 1
7
APP_1_Output_Layer_0 0.4666666666666667 0.4666666666666667 1.75 2.84 40 9 1.49 1
10 11
7
0.7704792412840257
APP_2_Input_Layer_0 0.4666666666666667 0.4666666666666667 1.75 3.83 41 5 1.12 1

APP_2_Inner_Layer_0:0 0.5333333333333333 0.5333333333333333 2.0 2.86 20 29 3.66 1
0
APP_2_Inner_Layer_0:1 0.26666666666666666 0.26666666666666666 1.0 2.38 42 48 2.38 1
0
APP_2_Inner_Layer_0:2 0.4 0.4 1.5 1.57 29 41 3.45 1
0
APP_2_Inner_Layer_1:0 0.2 0.2 0.75 2.92 33 1 2.21 1
1 2
APP_2_Inner_Layer_1:1 0.26666666666666666 0.26666666666666666 1.0 3.83 23 33 1.06 1
3
APP_2_Output_Layer_0 0.3333333333333333 0.3333333333333333 1.25 1.43 14 43 1.18 1
4 5
11
1.048693435873565
APP_3_Input_Layer_0 0.3333333333333333 0.3333333333333333 1.25 3.97 24 27 2.93 1

APP_3_Inner_Layer_0:0 0.26666666666666666 0.26666666666666666 1.0 3.37 40 23 1.14 1
0
APP_3_Inner_Layer_0:1 0.13333333333333333 0.13333333333333333 0.5 2.07 41 11 1.39 1
0
APP_3_Inner_Layer_1:0 0.4666666666666667 0.4666666666666667 1.75 3.43 37 16 2.96 1
1 2
APP_3_Inner_Layer_2:0 0.3333333333333333 0.3333333333333333 1.25 3.04 46 17 2.52 1
3
APP_3_Inner_Layer_2:1 0.4 0.4 1.5 3.68 33 17 2.13 1
3
APP_3_Inner_Layer_2:2 0.26666666666666666 0.26666666666666666 1.0 2.9 40 8 2.78 1
3
APP_3_Inner_Layer_2:3 0.2 0.2 0.75 2.17 2 25 2.45 1
3
APP_3_Inner_Layer_3:0 0.06666666666666667 0.06666666666666667 0.25 2.34 21 33 1.57 1
4 6 7
APP_3_Inner_Layer_3:1 0.2 0.2 0.75 2.39 40 5 2.88 1
5
APP_3_Output_Layer_0 0.06666666666666667 0.06666666666666667 0.25 1.79 38 23 2.67 1
8 9
12
1.3665679468158642
APP_4_Input_Layer_0 0.06666666666666667 0.06666666666666667 0.25 1.08 48 16 1.49 1

APP_4_Inner_Layer_0:0 0.4666666666666667 0.4666666666666667 1.75 3.09 36 24 3.66 1
0
APP_4_Inner_Layer_0:1 0.4 0.4 1.5 2.94 25 14 3.59 1
0
APP_4_Inner_Layer_1:0 0.2 0.2 0.75 3.28 3 48 2.43 1
2
APP_4_Inner_Layer_1:1 0.4 0.4 1.5 1.38 19 7 1.36 1
1
APP_4_Inner_Layer_1:2 0.2 0.2 0.75 1.36 44 24 2.07 1
1 2
APP_4_Inner_Layer_1:3 0.06666666666666667 0.06666666666666667 0.25 2.33 13 24 2.7 1
1
APP_4_Inner_Layer_2:0 0.06666666666666667 0.06666666666666667 0.25 2.43 35 29 3.48 1
4 5
APP_4_Inner_Layer_2:1 0.13333333333333333 0.13333333333333333 0.5 2.1 46 36 3.84 1
3 4 5
APP_4_Inner_Layer_2:2 0.4 0.4 1.5 2.84 11 39 4.0 1
6
APP_4_Inner_Layer_2:3 0.13333333333333333 0.13333333333333333 0.5 1.71 14 10 3.23 1
4
APP_4_Output_Layer_0 0.4666666666666667 0.4666666666666667 1.75 3.18 8 15 1.01 1
7 8 9 10
7
1.798389984912508
APP_5_Input_Layer_0 0.06666666666666667 0.06666666666666667 0.25 3.3 12 22 2.35 0

APP_5_Inner_Layer_0:0 0.4 0.4 1.5 3.58 16 20 3.02 1
0
APP_5_Inner_Layer_0:1 0.2 0.2 0.75 2.97 25 19 1.41 1
0
APP_5_Inner_Layer_1:0 0.3333333333333333 0.3333333333333333 1.25 2.43 22 34 3.29 1
2
APP_5_Inner_Layer_1:1 0.06666666666666667 0.06666666666666667 0.25 2.61 38 33 1.4 1
2
APP_5_Inner_Layer_1:2 0.5333333333333333 0.5333333333333333 2.0 1.89 17 40 2.26 1
1 2
APP_5_Output_Layer_0 0.2 0.2 0.75 3.79 25 6 1.29 1
3 4 5
5
2.200057683749014
APP_6_Input_Layer_0 0.26666666666666666 0.26666666666666666 1.0 2.83 8 9 3.99 1

APP_6_Inner_Layer_0:0 0.13333333333333333 0.13333333333333333 0.5 2.77 12 29 1.65 1
0
APP_6_Inner_Layer_0:1 0.5333333333333333 0.5333333333333333 2.0 2.79 34 2 2.18 1
0
APP_6_Inner_Layer_0:2 0.06666666666666667 0.06666666666666667 0.25 2.34 41 32 2.96 1
0
APP_6_Output_Layer_0 0.4666666666666667 0.4666666666666667 1.75 1.55 36 10 3.46 1
1 2 3
9
2.5309509307289195
APP_7_Input_Layer_0 0.06666666666666667 0.06666666666666667 0.25 3.67 18 20 2.29 1

APP_7_Inner_Layer_0:0 0.13333333333333333 0.13333333333333333 0.5 1.77 30 4 2.02 1
0
APP_7_Inner_Layer_0:1 0.06666666666666667 0.06666666666666667 0.25 1.25 24 15 2.07 1
0
APP_7_Inner_Layer_0:2 0.6 0.6 2.25 1.63 5 39 1.03 1
0
APP_7_Inner_Layer_1:0 0.06666666666666667 0.06666666666666667 0.25 1.97 28 2 2.5 1
1 2
APP_7_Inner_Layer_1:1 0.4666666666666667 0.4666666666666667 1.75 3.07 6 22 2.84 1
1
APP_7_Inner_Layer_1:2 0.13333333333333333 0.13333333333333333 0.5 2.59 27 14 1.23 1
1 2
APP_7_Inner_Layer_1:3 0.13333333333333333 0.13333333333333333 0.5 1.35 30 13 1.05 1
1 2 3
APP_7_Output_Layer_0 0.3333333333333333 0.3333333333333333 1.25 3.31 25 2 1.42 1
4 5 6 7
7
2.9917777383628477
APP_8_Input_Layer_0 0.13333333333333333 0.13333333333333333 0.5 2.08 27 10 3.39 1

APP_8_Inner_Layer_0:0 0.6 0.6 2.25 1.69 13 14 3.27 1
0
APP_8_Inner_Layer_0:1 0.4666666666666667 0.4666666666666667 1.75 1.03 15 12 1.76 1
0
APP_8_Inner_Layer_0:2 0.4 0.4 1.5 1.15 28 12 2.34 1
0
APP_8_Inner_Layer_1:0 0.13333333333333333 0.13333333333333333 0.5 3.89 4 37 3.92 1
2
APP_8_Inner_Layer_1:1 0.4 0.4 1.5 3.38 24 12 1.42 1
1 3
APP_8_Output_Layer_0 0.4666666666666667 0.4666666666666667 1.75 3.05 36 36 1.55 1
4 5
4
3.471311126095071
APP_9_Input_Layer_0 0.3333333333333333 0.3333333333333333 1.25 2.3 8 21 1.63 0

APP_9_Inner_Layer_0:0 0.3333333333333333 0.3333333333333333 1.25 2.58 10 27 1.1 1
0
APP_9_Inner_Layer_0:1 0.6 0.6 2.25 3.19 1 29 2.27 1
0
APP_9_Output_Layer_0 0.6 0.6 2.25 2.18 3 12 3.17 1
1 2
11
3.73120651930708
APP_10_Input_Layer_0 0.6 0.6 2.25 2.44 48 4 1.04 1

APP_10_Inner_Layer_0:0 0.13333333333333333 0.13333333333333333 0.5 3.28 3 7 3.37 1
0
APP_10_Inner_Layer_0:1 0.06666666666666667 0.06666666666666667 0.25 3.01 12 39 2.11 1
0
APP_10_Inner_Layer_0:2 0.2 0.2 0.75 3.84 31 45 1.13 1
0
APP_10_Inner_Layer_1:0 0.4666666666666667 0.4666666666666667 1.75 1.96 1 22 1.47 1
3
APP_10_Inner_Layer_1:1 0.4 0.4 1.5 3.99 17 28 2.69 1
1 2
APP_10_Inner_Layer_2:0 0.3333333333333333 0.3333333333333333 1.25 3.65 22 47 2.19 1
5
APP_10_Inner_Layer_2:1 0.3333333333333333 0.3333333333333333 1.25 3.36 5 33 3.02 1
4
APP_10_Inner_Layer_2:2 0.2 0.2 0.75 3.84 49 45 3.58 1
4 5
APP_10_Inner_Layer_3:0 0.5333333333333333 0.5333333333333333 2.0 1.2 11 7 3.14 1
6 7 8
APP_10_Output_Layer_0 0.3333333333333333 0.3333333333333333 1.25 1.21 16 46 3.6 1
9
4
4.061904101344636
APP_11_Input_Layer_0 0.5333333333333333 0.5333333333333333 2.0 3.65 43 11 3.79 0

APP_11_Inner_Layer_0:0 0.4666666666666667 0.4666666666666667 1.75 1.35 1 46 3.93 1
0
APP_11_Inner_Layer_0:1 0.06666666666666667 0.06666666666666667 0.25 3.29 21 13 3.11 1
0
APP_11_Output_Layer_0 0.4666666666666667 0.4666666666666667 1.75 2.97 37 13 1.75 1
1 2
5
4.5399748691386295
APP_12_Input_Layer_0 0.2 0.2 0.75 3.65 49 3 2.14 0

APP_12_Inner_Layer_0:0 0.3333333333333333 0.3333333333333333 1.25 3.42 30 28 1.36 1
0
APP_12_Inner_Layer_0:1 0.4 0.4 1.5 3.46 18 30 3.67 1
0
APP_12_Inner_Layer_0:2 0.26666666666666666 0.26666666666666666 1.0 3.1 15 28 1.39 1
0
APP_12_Output_Layer_0 0.26666666666666666 0.26666666666666666 1.0 1.09 28 19 1.23 1
1 2 3
9
5.02146487123588
APP_13_Input_Layer_0 0.6 0.6 2.25 2.3 33 28 1.03 1

APP_13_Inner_Layer_0:0 0.5333333333333333 0.5333333333333333 2.0 3.41 31 11 1.37 1
0
APP_13_Inner_Layer_0:1 0.4 0.4 1.5 1.55 17 20 3.54 1
0
APP_13_Inner_Layer_0:2 0.5333333333333333 0.5333333333333333 2.0 1.9 43 3 2.57 1
0
APP_13_Inner_Layer_1:0 0.26666666666666666 0.26666666666666666 1.0 3.09 14 35 1.94 1
1 3
APP_13_Inner_Layer_1:1 0.13333333333333333 0.13333333333333333 0.5 1.8 47 28 2.67 1
1
APP_13_Inner_Layer_1:2 0.4666666666666667 0.4666666666666667 1.75 2.59 6 29 3.7 1
1
APP_13_Inner_Layer_1:3 0.13333333333333333 0.13333333333333333 0.5 3.86 12 44 3.18 1
2 3
APP_13_Output_Layer_0 0.3333333333333333 0.3333333333333333 1.25 3.14 30 34 3.32 1
4 5 6 7
5
5.304962629737001
APP_14_Input_Layer_0 0.06666666666666667 0.06666666666666667 0.25 3.64 16 19 3.73 1

APP_14_Inner_Layer_0:0 0.3333333333333333 0.3333333333333333 1.25 1.68 37 29 3.9 1
0
APP_14_Inner_Layer_0:1 0.5333333333333333 0.5333333333333333 2.0 3.5 10 5 1.13 1
0
APP_14_Inner_Layer_0:2 0.2 0.2 0.75 3.77 41 49 3.4 1
0
APP_14_Output_Layer_0 0.3333333333333333 0.3333333333333333 1.25 2.66 43 16 3.35 1
1 2 3
7
5.544398230962052
APP_15_Input_Layer_0 0.2 0.2 0.75 3.88 16 36 3.52 1

APP_15_Inner_Layer_0:0 0.13333333333333333 0.13333333333333333 0.5 3.49 5 27 3.82 1
0
APP_15_Inner_Layer_0:1 0.26666666666666666 0.26666666666666666 1.0 1.47 13 8 3.27 1
0
APP_15_Inner_Layer_0:2 0.6 0.6 2.25 1.89 12 38 1.0 1
0
APP_15_Inner_Layer_1:0 0.26666666666666666 0.26666666666666666 1.0 1.85 9 25 2.16 1
1 2 3
APP_15_Inner_Layer_1:1 0.4666666666666667 0.4666666666666667 1.75 2.02 25 33 3.97 1
1
APP_15_Output_Layer_0 0.06666666666666667 0.06666666666666667 0.25 1.26 10 15 2.01 1
4 5
14
5.93831353951016
APP_16_Input_Layer_0 0.5333333333333333 0.5333333333333333 2.0 2.3 34 24 2.15 1

APP_16_Inner_Layer_0:0 0.4 0.4 1.5 3.07 38 3 2.78 1
0
APP_16_Inner_Layer_0:1 0.3333333333333333 0.3333333333333333 1.25 2.64 16 26 2.58 1
0
APP_16_Inner_Layer_1:0 0.06666666666666667 0.06666666666666667 0.25 2.93 47 49 3.14 1
2
APP_16_Inner_Layer_1:1 0.5333333333333333 0.5333333333333333 2.0 1.93 20 37 2.9 1
1 2
APP_16_Inner_Layer_2:0 0.3333333333333333 0.3333333333333333 1.25 2.52 47 27 2.76 1
4
APP_16_Inner_Layer_2:1 0.5333333333333333 0.5333333333333333 2.0 3.91 46 23 3.13 1
3 4
APP_16_Inner_Layer_2:2 0.13333333333333333 0.13333333333333333 0.5 2.54 12 13 2.58 1
3
APP_16_Inner_Layer_2:3 0.26666666666666666 0.26666666666666666 1.0 1.34 48 42 3.57 1
4
APP_16_Inner_Layer_3:0 0.2 0.2 0.75 2.15 49 40 2.79 1
8
APP_16_Inner_Layer_3:1 0.4666666666666667 0.4666666666666667 1.75 3.37 20 42 3.76 1
5 6 7
APP_16_Inner_Layer_3:2 0.5333333333333333 0.5333333333333333 2.0 1.63 13 18 2.56 1
5
APP_16_Inner_Layer_3:3 0.6 0.6 2.25 1.67 6 6 1.8 1
5 7
APP_16_Output_Layer_0 0.4666666666666667 0.4666666666666667 1.75 3.84 13 11 3.91 1
9 10 11 12
