10
17
6
0
APP_0_Input_Layer_0 0.06666666666666667 0.06666666666666667 0.25 3.23 10 14 1.83 0

APP_0_Inner_Layer_0:0 0.13333333333333333 0.13333333333333333 0.5 1.4 49 26 1.57 1
0
APP_0_Inner_Layer_0:1 0.5333333333333333 0.5333333333333333 2.0 3.97 2 30 1.11 1
0
APP_0_Inner_Layer_0:2 0.5333333333333333 0.5333333333333333 2.0 2.87 18 7 1.24 1
0
APP_0_Inner_Layer_1:0 0.4666666666666667 0.4666666666666667 1.75 1.14 3 3 1.64 1
1 2 3
APP_0_Output_Layer_0 0.3333333333333333 0.3333333333333333 1.25 3.67 30 27 1.5 1
4
10
0.36562422561412394
APP_1_Input_Layer_0 0.4666666666666667 0.4666666666666667 1.75 3.93 13 41 1.26 1

APP_1_Inner_Layer_0:0 0.4 0.4 1.5 3.77 25 36 2.04 1
0
APP_1_Inner_Layer_1:0 0.4 0.4 1.5 2.64 40 13 2.48 1
1
APP_1_Inner_Layer_1:1 0.13333333333333333 0.13333333333333333 0.5 3.68 29 26 1.93 1
1
APP_1_Inner_Layer_1:2 0.2 0.2 0.75 3.43 5 46 1.01 1
1
APP_1_Inner_Layer_2:0 0.2 0.2 0.75 3.91 34 46 2.67 1
2 3 4
APP_1_Inner_Layer_3:0 0.26666666666666666 0.26666666666666666 1.0 2.75 16 17 2.41 1
5
APP_1_Inner_Layer_3:1 0.6 0.6 2.25 1.09 9 11 1.83 1
5
APP_1_Inner_Layer_3:2 0.4 0.4 1.5 3.22 4 49 3.27 1
5
APP_1_Output_Layer_0 0.3333333333333333 0.3333333333333333 1.25 1.28 10 9 3.36 1
6 7 8
7
0.9060978825699271
APP_2_Input_Layer_0 0.26666666666666666 0.26666666666666666 1.0 1.09 24 39 3.55 0

APP_2_Inner_Layer_0:0 0.2 0.2 0.75 3.78 37 26 1.44 1
0
APP_2_Inner_Layer_0:1 0.5333333333333333 0.5333333333333333 2.0 3.97 32 10 3.53 1
0
APP_2_Inner_Layer_1:0 0.4 0.4 1.5 3.04 2 48 3.22 1
1
APP_2_Inner_Layer_1:1 0.06666666666666667 0.06666666666666667 0.25 2.9 23 3 2.73 1
2
APP_2_Inner_Layer_2:0 0.2 0.2 0.75 3.91 21 24 1.2 1
3 4
APP_2_Output_Layer_0 0.3333333333333333 0.3333333333333333 1.25 1.89 20 17 3.73 1
5
13
1.4108776923631359
APP_3_Input_Layer_0 0.4666666666666667 0.4666666666666667 1.75 2.73 38 14 2.51 0

APP_3_Inner_Layer_0:0 0.06666666666666667 0.06666666666666667 0.25 3.53 36 27 1.66 1
0
APP_3_Inner_Layer_0:1 0.4 0.4 1.5 3.71 2 35 1.94 1
0
APP_3_Inner_Layer_0:2 0.4 0.4 1.5 2.4 5 1 1.4 1
0
APP_3_Inner_Layer_0:3 0.3333333333333333 0.3333333333333333 1.25 2.92 44 42 1.63 1
0
APP_3_Inner_Layer_1:0 0.3333333333333333 0.3333333333333333 1.25 1.12 35 48 2.05 1
3
APP_3_Inner_Layer_1:1 0.13333333333333333 0.13333333333333333 0.5 1.47 25 14 2.77 1
1 2
APP_3_Inner_Layer_1:2 0.4666666666666667 0.4666666666666667 1.75 1.27 30 38 1.76 1
2 3 4
APP_3_Inner_Layer_2:0 0.4666666666666667 0.4666666666666667 1.75 2.99 4 18 3.18 1
7
APP_3_Inner_Layer_2:1 0.2 0.2 0.75 2.42 39 35 2.72 1
6
APP_3_Inner_Layer_2:2 0.5333333333333333 0.5333333333333333 2.0 1.38 37 25 3.21 1
5
APP_3_Inner_Layer_2:3 0.5333333333333333 0.5333333333333333 2.0 3.18 41 26 1.46 1
7 5
APP_3_Output_Layer_0 0.5333333333333333 0.5333333333333333 2.0 3.56 20 46 2.24 1
8 9 10 11
6
1.639819154026028
APP_4_Input_Layer_0 0.6 0.6 2.25 2.81 44 37 3.26 1

APP_4_Inner_Layer_0:0 0.2 0.2 0.75 2.42 26 38 1.85 1
0
APP_4_Inner_Layer_0:1 0.4 0.4 1.5 3.78 30 34 2.77 1
0
APP_4_Inner_Layer_0:2 0.5333333333333333 0.5333333333333333 2.0 1.04 1 30 3.7 1
0
APP_4_Inner_Layer_0:3 0.13333333333333333 0.13333333333333333 0.5 1.88 10 23 2.59 1
0
APP_4_Output_Layer_0 0.3333333333333333 0.3333333333333333 1.25 1.22 24 26 2.14 1
1 2 3 4
7
2.19459885018625
APP_5_Input_Layer_0 0.13333333333333333 0.13333333333333333 0.5 3.85 7 5 1.15 1

APP_5_Inner_Layer_0:0 0.3333333333333333 0.3333333333333333 1.25 1.11 30 12 1.7 1
0
APP_5_Inner_Layer_1:0 0.5333333333333333 0.5333333333333333 2.0 3.99 4 44 3.93 1
1
APP_5_Inner_Layer_1:1 0.26666666666666666 0.26666666666666666 1.0 1.12 16 27 1.75 1
1
APP_5_Inner_Layer_1:2 0.26666666666666666 0.26666666666666666 1.0 1.72 24 8 3.3 1
1
APP_5_Inner_Layer_2:0 0.5333333333333333 0.5333333333333333 2.0 1.33 5 19 2.9 1
2 3 4
APP_5_Output_Layer_0 0.4 0.4 1.5 2.58 21 7 2.56 1
5
14
2.546266307680506
APP_6_Input_Layer_0 0.6 0.6 2.25 1.61 3 2 1.81 1

APP_6_Inner_Layer_0:0 0.6 0.6 2.25 2.85 41 48 2.33 1
0
APP_6_Inner_Layer_0:1 0.4666666666666667 0.4666666666666667 1.75 3.72 12 14 1.93 1
0
APP_6_Inner_Layer_0:2 0.2 0.2 0.75 1.87 12 29 1.75 1
0
APP_6_Inner_Layer_0:3 0.6 0.6 2.25 2.57 29 9 1.74 1
0
APP_6_Inner_Layer_1:0 0.13333333333333333 0.13333333333333333 0.5 2.77 8 45 2.48 1
1 2 3 4
APP_6_Inner_Layer_1:1 0.5333333333333333 0.5333333333333333 2.0 1.09 12 19 1.42 1
1
APP_6_Inner_Layer_1:2 0.13333333333333333 0.13333333333333333 0.5 1.56 19 18 2.12 1
1
APP_6_Inner_Layer_1:3 0.4666666666666667 0.4666666666666667 1.75 3.55 12 14 2.82 1
2
APP_6_Inner_Layer_2:0 0.26666666666666666 0.26666666666666666 1.0 1.06 47 20 3.23 1
5 8
APP_6_Inner_Layer_2:1 0.13333333333333333 0.13333333333333333 0.5 1.97 47 44 2.95 1
8
APP_6_Inner_Layer_2:2 0.4666666666666667 0.4666666666666667 1.75 2.02 36 46 2.59 1
5 7
APP_6_Inner_Layer_2:3 0.5333333333333333 0.5333333333333333 2.0 1.87 25 14 3.42 1
5 6 7 8
APP_6_Output_Layer_0 0.13333333333333333 0.13333333333333333 0.5 3.73 15 41 1.84 1
9 10 11 12
9
3.084192604552024
APP_7_Input_Layer_0 0.5333333333333333 0.5333333333333333 2.0 3.5 47 43 2.09 1

APP_7_Inner_Layer_0:0 0.3333333333333333 0.3333333333333333 1.25 1.08 5 13 3.31 1
0
APP_7_Inner_Layer_0:1 0.13333333333333333 0.13333333333333333 0.5 3.98 17 46 3.53 1
0
APP_7_Inner_Layer_0:2 0.3333333333333333 0.3333333333333333 1.25 1.38 17 48 3.45 1
0
APP_7_Inner_Layer_1:0 0.4666666666666667 0.4666666666666667 1.75 2.92 13 16 1.77 1
1 2 3
APP_7_Inner_Layer_2:0 0.4666666666666667 0.4666666666666667 1.75 2.86 13 25 1.6 1
4
APP_7_Inner_Layer_3:0 0.5333333333333333 0.5333333333333333 2.0 1.09 17 41 3.45 1
5
APP_7_Inner_Layer_3:1 0.13333333333333333 0.13333333333333333 0.5 2.53 29 33 2.49 1
5
APP_7_Output_Layer_0 0.6 0.6 2.25 1.5 6 26 2.82 1
6 7
10
3.4132723704304433
APP_8_Input_Layer_0 0.2 0.2 0.75 1.4 10 24 3.36 1

APP_8_Inner_Layer_0:0 0.3333333333333333 0.3333333333333333 1.25 2.75 17 38 1.48 1
0
APP_8_Inner_Layer_0:1 0.26666666666666666 0.26666666666666666 1.0 2.85 49 33 1.45 1
0
APP_8_Inner_Layer_0:2 0.26666666666666666 0.26666666666666666 1.0 2.01 43 21 1.91 1
0
APP_8_Inner_Layer_0:3 0.4 0.4 1.5 3.06 39 26 1.39 1
0
APP_8_Inner_Layer_1:0 0.4666666666666667 0.4666666666666667 1.75 3.08 22 47 3.99 1
3
APP_8_Inner_Layer_1:1 0.06666666666666667 0.06666666666666667 0.25 3.55 32 22 2.23 1
1 2 4
APP_8_Inner_Layer_1:2 0.5333333333333333 0.5333333333333333 2.0 2.06 22 35 1.46 1
1 3 4
APP_8_Inner_Layer_2:0 0.4 0.4 1.5 2.48 18 34 2.35 1
5 6 7
APP_8_Output_Layer_0 0.4666666666666667 0.4666666666666667 1.75 1.82 7 8 2.59 1
8
7
3.913845961485258
APP_9_Input_Layer_0 0.06666666666666667 0.06666666666666667 0.25 1.79 21 22 1.22 1

APP_9_Inner_Layer_0:0 0.5333333333333333 0.5333333333333333 2.0 3.57 40 29 2.86 1
0
APP_9_Inner_Layer_0:1 0.26666666666666666 0.26666666666666666 1.0 1.41 35 17 2.4 1
0
APP_9_Inner_Layer_0:2 0.2 0.2 0.75 3.85 1 27 2.67 1
0
APP_9_Inner_Layer_0:3 0.2 0.2 0.75 3.38 31 28 1.26 1
0
APP_9_Inner_Layer_1:0 0.3333333333333333 0.3333333333333333 1.25 3.32 43 30 2.67 1
1 2 3 4
APP_9_Output_Layer_0 0.06666666666666667 0.06666666666666667 0.25 3.2 39 43 3.86 1
5
11
4.245609406412296
APP_10_Input_Layer_0 0.26666666666666666 0.26666666666666666 1.0 1.02 12 24 1.91 1

APP_10_Inner_Layer_0:0 0.4666666666666667 0.4666666666666667 1.75 2.5 38 26 2.8 1
0
APP_10_Inner_Layer_0:1 0.5333333333333333 0.5333333333333333 2.0 1.02 49 4 1.43 1
0
APP_10_Inner_Layer_0:2 0.3333333333333333 0.3333333333333333 1.25 1.01 30 4 3.69 1
0
APP_10_Inner_Layer_0:3 0.6 0.6 2.25 2.31 19 27 3.24 1
0
APP_10_Inner_Layer_1:0 0.26666666666666666 0.26666666666666666 1.0 1.47 14 29 2.44 1
3 4
APP_10_Inner_Layer_1:1 0.13333333333333333 0.13333333333333333 0.5 3.39 25 17 1.49 1
1 2 3
APP_10_Inner_Layer_1:2 0.5333333333333333 0.5333333333333333 2.0 3.8 45 41 1.53 1
1 2
APP_10_Inner_Layer_2:0 0.2 0.2 0.75 1.23 44 43 2.02 1
5
APP_10_Inner_Layer_2:1 0.06666666666666667 0.06666666666666667 0.25 3.21 46 46 2.44 1
6 7
APP_10_Output_Layer_0 0.3333333333333333 0.3333333333333333 1.25 3.71 7 36 2.31 1
8 9
14
4.724062211675777
APP_11_Input_Layer_0 0.13333333333333333 0.13333333333333333 0.5 2.07 28 38 3.01 1

APP_11_Inner_Layer_0:0 0.3333333333333333 0.3333333333333333 1.25 1.38 48 15 1.29 1
0
APP_11_Inner_Layer_0:1 0.3333333333333333 0.3333333333333333 1.25 3.58 9 25 1.71 1
0
APP_11_Inner_Layer_0:2 0.6 0.6 2.25 3.59 15 40 1.48 1
0
APP_11_Inner_Layer_0:3 0.13333333333333333 0.13333333333333333 0.5 3.62 25 6 1.57 1
0
APP_11_Inner_Layer_1:0 0.6 0.6 2.25 2.14 33 44 2.07 1
1 2
APP_11_Inner_Layer_1:1 0.4666666666666667 0.4666666666666667 1.75 1.93 48 49 3.02 1
1 2 3
APP_11_Inner_Layer_1:2 0.5333333333333333 0.5333333333333333 2.0 2.03 6 14 3.97 1
3 4
APP_11_Inner_Layer_2:0 0.6 0.6 2.25 1.71 47 31 3.23 1
5 6
APP_11_Inner_Layer_2:1 0.5333333333333333 0.5333333333333333 2.0 2.94 30 22 1.05 1
5 7
APP_11_Inner_Layer_2:2 0.4 0.4 1.5 3.05 29 29 1.74 1
6
APP_11_Inner_Layer_3:0 0.3333333333333333 0.3333333333333333 1.25 2.13 46 45 3.46 1
9 10
APP_11_Inner_Layer_3:1 0.4 0.4 1.5 3.77 30 22 1.6 1
8
APP_11_Output_Layer_0 0.5333333333333333 0.5333333333333333 2.0 3.9 24 11 1.49 1
11 12
4
5.071891302003848
APP_12_Input_Layer_0 0.4666666666666667 0.4666666666666667 1.75 2.68 12 40 2.48 1

APP_12_Inner_Layer_0:0 0.3333333333333333 0.3333333333333333 1.25 1.32 47 44 2.37 1
0
APP_12_Inner_Layer_0:1 0.26666666666666666 0.26666666666666666 1.0 3.66 22 7 2.3 1
0
APP_12_Output_Layer_0 0.4 0.4 1.5 3.64 25 24 1.21 1
1 2
5
5.367464164894483
APP_13_Input_Layer_0 0.3333333333333333 0.3333333333333333 1.25 3.27 4 43 1.92 1

APP_13_Inner_Layer_0:0 0.26666666666666666 0.26666666666666666 1.0 3.68 45 32 3.93 1
0
APP_13_Inner_Layer_0:1 0.4666666666666667 0.4666666666666667 1.75 1.47 32 18 3.53 1
0
APP_13_Inner_Layer_0:2 0.5333333333333333 0.5333333333333333 2.0 3.38 48 4 1.71 1
0
APP_13_Output_Layer_0 0.13333333333333333 0.13333333333333333 0.5 1.39 11 20 3.15 1
1 2 3
10
5.605201544266899
APP_14_Input_Layer_0 0.5333333333333333 0.5333333333333333 2.0 1.0 34 25 2.55 1

APP_14_Inner_Layer_0:0 0.5333333333333333 0.5333333333333333 2.0 1.24 14 43 2.52 1
0
APP_14_Inner_Layer_0:1 0.6 0.6 2.25 3.1 39 15 1.64 1
0
APP_14_Inner_Layer_1:0 0.06666666666666667 0.06666666666666667 0.25 3.04 12 7 2.83 1
1
APP_14_Inner_Layer_1:1 0.4 0.4 1.5 2.95 25 31 3.35 1
1 2
APP_14_Inner_Layer_2:0 0.4666666666666667 0.4666666666666667 1.75 2.35 22 30 2.0 1
4
APP_14_Inner_Layer_2:1 0.26666666666666666 0.26666666666666666 1.0 2.17 44 18 3.23 1
4
APP_14_Inner_Layer_2:2 0.06666666666666667 0.06666666666666667 0.25 1.09 44 14 1.0 1
3
APP_14_Inner_Layer_2:3 0.3333333333333333 0.3333333333333333 1.25 1.71 5 30 3.66 1
4
APP_14_Output_Layer_0 0.13333333333333333 0.13333333333333333 0.5 3.78 5 30 2.41 1
5 6 7 8
8
6.0508830983381765
APP_15_Input_Layer_0 0.3333333333333333 0.3333333333333333 1.25 1.29 34 28 4.0 1

APP_15_Inner_Layer_0:0 0.3333333333333333 0.3333333333333333 1.25 2.17 14 30 1.94 1
0
APP_15_Inner_Layer_1:0 0.4666666666666667 0.4666666666666667 1.75 1.14 9 43 2.66 1
1
APP_15_Inner_Layer_1:1 0.4666666666666667 0.4666666666666667 1.75 2.0 18 8 3.52 1
1
APP_15_Inner_Layer_1:2 0.5333333333333333 0.5333333333333333 2.0 1.11 42 46 2.72 1
1
APP_15_Inner_Layer_1:3 0.3333333333333333 0.3333333333333333 1.25 3.3 30 32 1.21 1
1
APP_15_Inner_Layer_2:0 0.4666666666666667 0.4666666666666667 1.75 3.73 4 10 3.03 1
2 3 4 5
APP_15_Output_Layer_0 0.26666666666666666 0.26666666666666666 1.0 3.34 16 10 1.46 1
6
13
6.287985416113175
APP_16_Input_Layer_0 0.3333333333333333 0.3333333333333333 1.25 3.47 19 29 4.0 1

APP_16_Inner_Layer_0:0 0.4 0.4 1.5 3.16 18 42 3.89 1
0
APP_16_Inner_Layer_0:1 0.4666666666666667 0.4666666666666667 1.75 3.82 10 14 3.72 1
0
APP_16_Inner_Layer_0:2 0.3333333333333333 0.3333333333333333 1.25 2.77 27 19 3.83 1
0
APP_16_Inner_Layer_1:0 0.6 0.6 2.25 1.03 31 31 1.83 1
1 2 3
APP_16_Inner_Layer_1:1 0.4 0.4 1.5 2.97 3 40 3.62 1
2
APP_16_Inner_Layer_1:2 0.2 0.2 0.75 2.65 31 40 1.17 1
1 2 3
APP_16_Inner_Layer_1:3 0.4666666666666667 0.4666666666666667 1.75 2.96 32 9 2.74 1
1
APP_16_Inner_Layer_2:0 0.2 0.2 0.75 3.36 32 9 2.05 1
5
APP_16_Inner_Layer_2:1 0.6 0.6 2.25 2.14 30 8 2.63 1
4 6
APP_16_Inner_Layer_2:2 0.4 0.4 1.5 3.63 34 29 3.77 1
4 6 7
APP_16_Inner_Layer_2:3 0.5333333333333333 0.5333333333333333 2.0 1.09 18 24 3.39 1
4 5 7
APP_16_Output_Layer_0 0.13333333333333333 0.13333333333333333 0.5 3.53 27 5 2.65 1
8 9 10 11
