10
17
8
0
APP_0_Input_Layer_0 0.6 0.6 2.25 2.44 20 15 3.92 1

APP_0_Inner_Layer_0:0 0.26666666666666666 0.26666666666666666 1.0 1.26 27 34 3.67 1
0
APP_0_Inner_Layer_0:1 0.4666666666666667 0.4666666666666667 1.75 1.23 43 38 1.17 1
0
APP_0_Inner_Layer_1:0 0.2 0.2 0.75 1.34 48 40 3.27 1
2
APP_0_Inner_Layer_1:1 0.26666666666666666 0.26666666666666666 1.0 1.42 48 29 1.34 1
1 2
APP_0_Inner_Layer_1:2 0.26666666666666666 0.26666666666666666 1.0 1.04 7 31 1.74 1
1 2
APP_0_Inner_Layer_1:3 0.06666666666666667 0.06666666666666667 0.25 3.72 35 44 3.38 1
2
APP_0_Output_Layer_0 0.4 0.4 1.5 1.18 19 21 1.37 1
3 4 5 6
12
0.560020305408742
APP_1_Input_Layer_0 0.3333333333333333 0.3333333333333333 1.25 1.95 44 40 1.56 1

APP_1_Inner_Layer_0:0 0.13333333333333333 0.13333333333333333 0.5 1.4 16 2 2.04 1
0
APP_1_Inner_Layer_0:1 0.13333333333333333 0.13333333333333333 0.5 3.0 49 15 3.21 1
0
APP_1_Inner_Layer_0:2 0.26666666666666666 0.26666666666666666 1.0 3.62 18 15 3.8 1
0
APP_1_Inner_Layer_1:0 0.26666666666666666 0.26666666666666666 1.0 2.6 31 25 2.9 1
2
APP_1_Inner_Layer_1:1 0.6 0.6 2.25 1.14 3 18 3.41 1
1 2 3
APP_1_Inner_Layer_2:0 0.5333333333333333 0.5333333333333333 2.0 2.43 31 24 3.12 1
5
APP_1_Inner_Layer_2:1 0.13333333333333333 0.13333333333333333 0.5 1.17 15 45 1.19 1
5
APP_1_Inner_Layer_2:2 0.26666666666666666 0.26666666666666666 1.0 1.1 40 38 1.52 1
4
APP_1_Inner_Layer_2:3 0.3333333333333333 0.3333333333333333 1.25 3.11 17 25 2.12 1
5
APP_1_Inner_Layer_3:0 0.2 0.2 0.75 1.05 22 18 1.9 1
6 7 8 9
APP_1_Output_Layer_0 0.5333333333333333 0.5333333333333333 2.0 1.96 49 26 2.74 1
10
5
0.7848903841767002
APP_2_Input_Layer_0 0.06666666666666667 0.06666666666666667 0.25 1.07 16 21 2.85 1

APP_2_Inner_Layer_0:0 0.4 0.4 1.5 1.26 39 1 2.59 1
0
APP_2_Inner_Layer_1:0 0.3333333333333333 0.3333333333333333 1.25 2.21 26 25 2.12 1
1
APP_2_Inner_Layer_1:1 0.2 0.2 0.75 1.88 41 49 1.38 1
1
APP_2_Output_Layer_0 0.6 0.6 2.25 1.52 46 17 3.52 1
2 3
15
1.2154554784090443
APP_3_Input_Layer_0 0.3333333333333333 0.3333333333333333 1.25 3.28 47 35 1.98 1

APP_3_Inner_Layer_0:0 0.3333333333333333 0.3333333333333333 1.25 1.52 34 38 2.47 1
0
APP_3_Inner_Layer_0:1 0.3333333333333333 0.3333333333333333 1.25 2.09 33 28 3.17 1
0
APP_3_Inner_Layer_1:0 0.6 0.6 2.25 2.83 6 40 2.16 1
1 2
APP_3_Inner_Layer_1:1 0.26666666666666666 0.26666666666666666 1.0 3.36 18 9 3.42 1
2
APP_3_Inner_Layer_1:2 0.4666666666666667 0.4666666666666667 1.75 2.39 18 43 2.98 1
2
APP_3_Inner_Layer_2:0 0.4 0.4 1.5 1.32 18 1 1.22 1
5
APP_3_Inner_Layer_2:1 0.4 0.4 1.5 3.88 7 36 3.31 1
3
APP_3_Inner_Layer_2:2 0.3333333333333333 0.3333333333333333 1.25 2.56 29 28 1.99 1
3 4 5
APP_3_Inner_Layer_2:3 0.26666666666666666 0.26666666666666666 1.0 2.15 43 3 2.69 1
4 3
APP_3_Inner_Layer_3:0 0.6 0.6 2.25 2.59 23 11 3.83 1
6 9
APP_3_Inner_Layer_3:1 0.3333333333333333 0.3333333333333333 1.25 1.45 5 44 1.17 1
7 8 9
APP_3_Inner_Layer_3:2 0.06666666666666667 0.06666666666666667 0.25 2.83 5 40 1.32 1
8
APP_3_Inner_Layer_3:3 0.3333333333333333 0.3333333333333333 1.25 3.83 49 32 1.69 1
7 8 9
APP_3_Output_Layer_0 0.4 0.4 1.5 3.2 45 17 2.44 1
10 11 12 13
3
1.5579379076341318
APP_4_Input_Layer_0 0.4 0.4 1.5 2.36 33 21 2.59 1

APP_4_Inner_Layer_0:0 0.06666666666666667 0.06666666666666667 0.25 3.88 5 1 1.15 1
0
APP_4_Output_Layer_0 0.06666666666666667 0.06666666666666667 0.25 2.64 20 36 3.62 1
1
13
1.9720215299796917
APP_5_Input_Layer_0 0.3333333333333333 0.3333333333333333 1.25 2.27 17 11 2.33 1

APP_5_Inner_Layer_0:0 0.06666666666666667 0.06666666666666667 0.25 3.32 5 38 3.77 1
0
APP_5_Inner_Layer_0:1 0.26666666666666666 0.26666666666666666 1.0 3.39 32 46 2.41 1
0
APP_5_Inner_Layer_0:2 0.5333333333333333 0.5333333333333333 2.0 2.62 39 24 2.46 1
0
APP_5_Inner_Layer_1:0 0.3333333333333333 0.3333333333333333 1.25 2.43 29 33 2.63 1
3 2
APP_5_Inner_Layer_1:1 0.4666666666666667 0.4666666666666667 1.75 2.94 2 20 1.38 1
1
APP_5_Inner_Layer_1:2 0.4666666666666667 0.4666666666666667 1.75 3.9 32 21 1.73 1
2 3
APP_5_Inner_Layer_1:3 0.06666666666666667 0.06666666666666667 0.25 2.6 12 42 3.88 1
2 3
APP_5_Inner_Layer_2:0 0.6 0.6 2.25 2.72 3 43 3.53 1
4 5
APP_5_Inner_Layer_2:1 0.4 0.4 1.5 1.82 10 25 3.08 1
7
APP_5_Inner_Layer_2:2 0.13333333333333333 0.13333333333333333 0.5 3.95 28 28 2.69 1
6
APP_5_Inner_Layer_3:0 0.5333333333333333 0.5333333333333333 2.0 2.68 25 13 2.81 1
8 9 10
APP_5_Output_Layer_0 0.26666666666666666 0.26666666666666666 1.0 3.46 43 27 1.1 1
11
8
2.5443681600433843
APP_6_Input_Layer_0 0.6 0.6 2.25 3.18 43 24 1.88 0

APP_6_Inner_Layer_0:0 0.2 0.2 0.75 1.66 10 8 3.76 1
0
APP_6_Inner_Layer_1:0 0.26666666666666666 0.26666666666666666 1.0 1.67 13 9 3.37 1
1
APP_6_Inner_Layer_1:1 0.6 0.6 2.25 3.78 1 24 3.58 1
1
APP_6_Inner_Layer_1:2 0.26666666666666666 0.26666666666666666 1.0 2.06 32 25 2.96 1
1
APP_6_Inner_Layer_1:3 0.3333333333333333 0.3333333333333333 1.25 2.15 42 11 1.57 1
1
APP_6_Inner_Layer_2:0 0.26666666666666666 0.26666666666666666 1.0 3.83 21 34 2.46 1
2 3 4 5
APP_6_Output_Layer_0 0.26666666666666666 0.26666666666666666 1.0 1.98 36 49 3.64 1
6
15
3.0485636560295113
APP_7_Input_Layer_0 0.4 0.4 1.5 2.78 34 8 3.51 0

APP_7_Inner_Layer_0:0 0.13333333333333333 0.13333333333333333 0.5 1.78 40 1 2.1 1
0
APP_7_Inner_Layer_0:1 0.06666666666666667 0.06666666666666667 0.25 3.97 31 17 3.53 1
0
APP_7_Inner_Layer_0:2 0.3333333333333333 0.3333333333333333 1.25 1.02 29 17 3.55 1
0
APP_7_Inner_Layer_0:3 0.4666666666666667 0.4666666666666667 1.75 1.03 48 12 3.67 1
0
APP_7_Inner_Layer_1:0 0.4 0.4 1.5 2.8 18 23 2.72 1
1 2 3 4
APP_7_Inner_Layer_1:1 0.13333333333333333 0.13333333333333333 0.5 3.75 32 2 1.94 1
1
APP_7_Inner_Layer_1:2 0.06666666666666667 0.06666666666666667 0.25 1.31 29 48 3.22 1
1 2 3 4
APP_7_Inner_Layer_2:0 0.2 0.2 0.75 1.7 40 35 2.5 1
5
APP_7_Inner_Layer_2:1 0.26666666666666666 0.26666666666666666 1.0 1.42 38 2 1.26 1
6
APP_7_Inner_Layer_2:2 0.4 0.4 1.5 3.74 8 26 1.27 1
6 7
APP_7_Inner_Layer_3:0 0.5333333333333333 0.5333333333333333 2.0 1.66 6 35 1.25 1
8 10
APP_7_Inner_Layer_3:1 0.26666666666666666 0.26666666666666666 1.0 2.87 40 38 2.98 1
9 10
APP_7_Inner_Layer_3:2 0.26666666666666666 0.26666666666666666 1.0 1.21 10 7 3.41 1
8 9
APP_7_Output_Layer_0 0.5333333333333333 0.5333333333333333 2.0 3.43 29 34 2.66 1
11 12 13
5
3.417930128939698
APP_8_Input_Layer_0 0.4 0.4 1.5 2.9 31 18 3.46 1

APP_8_Inner_Layer_0:0 0.13333333333333333 0.13333333333333333 0.5 1.23 45 15 1.22 1
0
APP_8_Inner_Layer_0:1 0.06666666666666667 0.06666666666666667 0.25 2.13 20 18 2.62 1
0
APP_8_Inner_Layer_0:2 0.4666666666666667 0.4666666666666667 1.75 1.83 34 41 1.92 1
0
APP_8_Output_Layer_0 0.4666666666666667 0.4666666666666667 1.75 2.2 31 6 1.99 1
1 2 3
6
3.6510834933566696
APP_9_Input_Layer_0 0.26666666666666666 0.26666666666666666 1.0 1.55 6 38 2.16 1

APP_9_Inner_Layer_0:0 0.6 0.6 2.25 3.82 38 30 2.26 1
0
APP_9_Inner_Layer_0:1 0.3333333333333333 0.3333333333333333 1.25 2.07 44 28 1.06 1
0
APP_9_Inner_Layer_0:2 0.5333333333333333 0.5333333333333333 2.0 1.38 38 21 2.56 1
0
APP_9_Inner_Layer_0:3 0.4666666666666667 0.4666666666666667 1.75 3.33 31 33 3.42 1
0
APP_9_Output_Layer_0 0.2 0.2 0.75 3.06 32 39 2.43 0
1 2 3 4
10
3.928558515561331
APP_10_Input_Layer_0 0.13333333333333333 0.13333333333333333 0.5 3.3 17 17 3.25 1

APP_10_Inner_Layer_0:0 0.4666666666666667 0.4666666666666667 1.75 1.63 3 10 2.99 1
0
APP_10_Inner_Layer_1:0 0.5333333333333333 0.5333333333333333 2.0 2.3 15 33 1.12 1
1
APP_10_Inner_Layer_1:1 0.26666666666666666 0.26666666666666666 1.0 2.34 36 20 2.01 1
1
APP_10_Inner_Layer_1:2 0.4 0.4 1.5 1.59 5 44 3.86 1
1
APP_10_Inner_Layer_1:3 0.13333333333333333 0.13333333333333333 0.5 3.31 26 8 3.03 1
1
APP_10_Inner_Layer_2:0 0.26666666666666666 0.26666666666666666 1.0 3.63 41 44 3.65 1
3 4
APP_10_Inner_Layer_2:1 0.6 0.6 2.25 2.71 5 6 1.24 1
2 5
APP_10_Inner_Layer_3:0 0.3333333333333333 0.3333333333333333 1.25 3.72 42 45 3.09 1
6 7
APP_10_Output_Layer_0 0.13333333333333333 0.13333333333333333 0.5 2.46 15 28 1.95 1
8
5
4.416068267080624
APP_11_Input_Layer_0 0.3333333333333333 0.3333333333333333 1.25 3.37 23 47 2.84 0

APP_11_Inner_Layer_0:0 0.4 0.4 1.5 3.42 30 9 1.08 1
0
APP_11_Inner_Layer_1:0 0.6 0.6 2.25 2.51 16 34 1.36 1
1
APP_11_Inner_Layer_1:1 0.3333333333333333 0.3333333333333333 1.25 3.27 17 13 1.56 1
1
APP_11_Output_Layer_0 0.26666666666666666 0.26666666666666666 1.0 2.3 31 12 3.15 1
2 3
8
4.7180502233762205
APP_12_Input_Layer_0 0.06666666666666667 0.06666666666666667 0.25 3.06 11 33 2.97 0

APP_12_Inner_Layer_0:0 0.6 0.6 2.25 3.68 26 45 2.13 1
0
APP_12_Inner_Layer_1:0 0.13333333333333333 0.13333333333333333 0.5 2.05 26 11 2.02 1
1
APP_12_Inner_Layer_1:1 0.2 0.2 0.75 2.72 34 11 3.39 1
1
APP_12_Inner_Layer_2:0 0.06666666666666667 0.06666666666666667 0.25 2.79 47 20 2.83 1
2
APP_12_Inner_Layer_2:1 0.6 0.6 2.25 1.99 21 8 3.35 1
2 3
APP_12_Inner_Layer_2:2 0.4 0.4 1.5 1.01 17 34 1.53 1
2 3
APP_12_Output_Layer_0 0.06666666666666667 0.06666666666666667 0.25 1.22 41 47 1.97 1
4 5 6
10
4.955087380303234
APP_13_Input_Layer_0 0.3333333333333333 0.3333333333333333 1.25 2.94 22 2 1.89 0

APP_13_Inner_Layer_0:0 0.4 0.4 1.5 3.48 49 9 2.45 1
0
APP_13_Inner_Layer_0:1 0.06666666666666667 0.06666666666666667 0.25 1.47 46 12 2.81 1
0
APP_13_Inner_Layer_1:0 0.3333333333333333 0.3333333333333333 1.25 3.08 9 16 1.63 1
1
APP_13_Inner_Layer_1:1 0.4666666666666667 0.4666666666666667 1.75 2.89 8 22 2.22 1
2
APP_13_Inner_Layer_2:0 0.26666666666666666 0.26666666666666666 1.0 3.65 12 39 2.63 1
3
APP_13_Inner_Layer_2:1 0.06666666666666667 0.06666666666666667 0.25 2.91 19 34 3.95 1
3
APP_13_Inner_Layer_2:2 0.3333333333333333 0.3333333333333333 1.25 2.39 44 16 1.57 1
3 4
APP_13_Inner_Layer_2:3 0.4 0.4 1.5 2.8 42 36 2.54 1
3
APP_13_Output_Layer_0 0.13333333333333333 0.13333333333333333 0.5 2.06 44 21 2.19 1
5 6 7 8
6
5.377851561836887
APP_14_Input_Layer_0 0.5333333333333333 0.5333333333333333 2.0 2.46 32 35 2.28 1

APP_14_Inner_Layer_0:0 0.3333333333333333 0.3333333333333333 1.25 2.97 21 26 1.69 1
0
APP_14_Inner_Layer_0:1 0.3333333333333333 0.3333333333333333 1.25 1.16 43 32 1.37 1
0
APP_14_Inner_Layer_1:0 0.06666666666666667 0.06666666666666667 0.25 3.7 44 38 3.5 1
1 2
APP_14_Inner_Layer_2:0 0.6 0.6 2.25 2.7 34 28 1.11 1
3
APP_14_Output_Layer_0 0.06666666666666667 0.06666666666666667 0.25 2.62 18 1 2.99 1
4
9
5.631059639181564
APP_15_Input_Layer_0 0.13333333333333333 0.13333333333333333 0.5 1.37 31 30 1.43 1

APP_15_Inner_Layer_0:0 0.4 0.4 1.5 3.07 26 31 3.72 1
0
APP_15_Inner_Layer_1:0 0.06666666666666667 0.06666666666666667 0.25 3.26 35 37 2.75 1
1
APP_15_Inner_Layer_1:1 0.6 0.6 2.25 3.4 27 5 3.37 1
1
APP_15_Inner_Layer_2:0 0.13333333333333333 0.13333333333333333 0.5 3.72 7 13 3.17 1
3
APP_15_Inner_Layer_2:1 0.6 0.6 2.25 1.82 24 20 1.24 1
2 3
APP_15_Inner_Layer_2:2 0.06666666666666667 0.06666666666666667 0.25 2.64 19 10 1.84 1
2 3
APP_15_Inner_Layer_2:3 0.5333333333333333 0.5333333333333333 2.0 3.36 39 2 1.46 1
2 3
APP_15_Output_Layer_0 0.3333333333333333 0.3333333333333333 1.25 2.96 43 40 1.26 1
4 5 6 7
10
6.126119828793739
APP_16_Input_Layer_0 0.3333333333333333 0.3333333333333333 1.25 1.69 10 12 2.01 1

APP_16_Inner_Layer_0:0 0.06666666666666667 0.06666666666666667 0.25 2.42 34 23 1.31 1
0
APP_16_Inner_Layer_0:1 0.4666666666666667 0.4666666666666667 1.75 3.5 30 4 1.83 1
0
APP_16_Inner_Layer_0:2 0.4 0.4 1.5 1.23 20 25 1.85 1
0
APP_16_Inner_Layer_0:3 0.4666666666666667 0.4666666666666667 1.75 3.25 5 9 3.73 1
0
APP_16_Inner_Layer_1:0 0.4666666666666667 0.4666666666666667 1.75 1.94 24 26 3.15 1
1
APP_16_Inner_Layer_1:1 0.06666666666666667 0.06666666666666667 0.25 3.61 40 4 3.27 1
2 3 4
APP_16_Inner_Layer_2:0 0.26666666666666666 0.26666666666666666 1.0 1.49 18 21 2.78 1
5
APP_16_Inner_Layer_2:1 0.26666666666666666 0.26666666666666666 1.0 3.85 16 31 1.96 1
6
APP_16_Output_Layer_0 0.5333333333333333 0.5333333333333333 2.0 2.06 9 35 2.9 1
7 8
