10
17
13
0
APP_0_Input_Layer_0 0.26666666666666666 0.26666666666666666 1.0 2.81 45 23 2.97 0

APP_0_Inner_Layer_0:0 0.5333333333333333 0.5333333333333333 2.0 2.67 24 4 2.21 1
0
APP_0_Inner_Layer_0:1 0.6 0.6 2.25 2.87 9 20 2.85 1
0
APP_0_Inner_Layer_1:0 0.5333333333333333 0.5333333333333333 2.0 2.29 22 18 3.46 1
1 2
APP_0_Inner_Layer_1:1 0.4 0.4 1.5 1.43 43 49 1.24 1
2
APP_0_Inner_Layer_2:0 0.5333333333333333 0.5333333333333333 2.0 3.89 47 38 1.03 1
4
APP_0_Inner_Layer_2:1 0.13333333333333333 0.13333333333333333 0.5 1.24 12 34 2.59 1
3 4
APP_0_Inner_Layer_2:2 0.2 0.2 0.75 1.02 29 16 3.86 1
3 4
APP_0_Inner_Layer_2:3 0.4 0.4 1.5 2.71 21 37 1.96 1
3
APP_0_Inner_Layer_3:0 0.06666666666666667 0.06666666666666667 0.25 3.1 23 37 2.94 1
5 6 8
APP_0_Inner_Layer_3:1 0.06666666666666667 0.06666666666666667 0.25 2.19 13 31 3.91 1
6 8
APP_0_Inner_Layer_3:2 0.6 0.6 2.25 3.72 36 3 1.98 1
5 7
APP_0_Output_Layer_0 0.13333333333333333 0.13333333333333333 0.5 1.72 37 24 2.84 1
9 10 11
3
0.23325631598684293
APP_1_Input_Layer_0 0.4666666666666667 0.4666666666666667 1.75 3.44 29 43 2.58 1

APP_1_Inner_Layer_0:0 0.26666666666666666 0.26666666666666666 1.0 2.48 38 4 2.98 1
0
APP_1_Output_Layer_0 0.2 0.2 0.75 1.02 35 18 1.05 1
1
6
0.603726511131191
APP_2_Input_Layer_0 0.2 0.2 0.75 2.96 16 41 1.97 1

APP_2_Inner_Layer_0:0 0.13333333333333333 0.13333333333333333 0.5 1.24 40 35 1.69 1
0
APP_2_Inner_Layer_0:1 0.26666666666666666 0.26666666666666666 1.0 2.13 37 35 2.25 1
0
APP_2_Inner_Layer_0:2 0.5333333333333333 0.5333333333333333 2.0 3.79 48 30 1.32 1
0
APP_2_Inner_Layer_0:3 0.4 0.4 1.5 3.72 3 36 1.55 1
0
APP_2_Output_Layer_0 0.06666666666666667 0.06666666666666667 0.25 3.52 39 36 2.23 1
1 2 3 4
13
0.8943844288661522
APP_3_Input_Layer_0 0.4 0.4 1.5 3.69 46 3 3.63 1

APP_3_Inner_Layer_0:0 0.2 0.2 0.75 1.55 19 46 2.44 1
0
APP_3_Inner_Layer_0:1 0.4666666666666667 0.4666666666666667 1.75 1.43 26 42 1.69 1
0
APP_3_Inner_Layer_0:2 0.6 0.6 2.25 3.17 14 28 2.94 1
0
APP_3_Inner_Layer_0:3 0.06666666666666667 0.06666666666666667 0.25 3.38 45 12 1.09 1
0
APP_3_Inner_Layer_1:0 0.3333333333333333 0.3333333333333333 1.25 3.87 6 34 2.1 1
1 2 3
APP_3_Inner_Layer_1:1 0.26666666666666666 0.26666666666666666 1.0 2.78 6 1 2.12 1
4
APP_3_Inner_Layer_2:0 0.6 0.6 2.25 3.11 43 39 3.62 1
5 6
APP_3_Inner_Layer_2:1 0.13333333333333333 0.13333333333333333 0.5 1.81 19 43 2.25 1
5
APP_3_Inner_Layer_2:2 0.06666666666666667 0.06666666666666667 0.25 2.39 27 27 3.33 1
5
APP_3_Inner_Layer_3:0 0.5333333333333333 0.5333333333333333 2.0 2.55 48 43 3.48 1
7 8 9
APP_3_Inner_Layer_3:1 0.6 0.6 2.25 1.68 32 24 2.99 1
8
APP_3_Output_Layer_0 0.3333333333333333 0.3333333333333333 1.25 2.37 5 24 3.81 1
10 11
5
1.1507420389901197
APP_4_Input_Layer_0 0.06666666666666667 0.06666666666666667 0.25 2.27 32 20 3.23 1

APP_4_Inner_Layer_0:0 0.26666666666666666 0.26666666666666666 1.0 2.96 19 43 3.06 1
0
APP_4_Inner_Layer_0:1 0.5333333333333333 0.5333333333333333 2.0 3.15 43 31 2.49 1
0
APP_4_Inner_Layer_0:2 0.5333333333333333 0.5333333333333333 2.0 2.88 7 8 1.63 1
0
APP_4_Output_Layer_0 0.4666666666666667 0.4666666666666667 1.75 2.43 6 30 1.52 0
1 2 3
12
1.3814000281646628
APP_5_Input_Layer_0 0.4 0.4 1.5 3.43 4 9 2.64 1

APP_5_Inner_Layer_0:0 0.13333333333333333 0.13333333333333333 0.5 3.25 22 16 2.04 1
0
APP_5_Inner_Layer_0:1 0.4666666666666667 0.4666666666666667 1.75 2.56 21 49 3.82 1
0
APP_5_Inner_Layer_1:0 0.6 0.6 2.25 2.42 8 22 2.34 1
2
APP_5_Inner_Layer_1:1 0.2 0.2 0.75 1.52 8 23 3.05 1
1
APP_5_Inner_Layer_1:2 0.26666666666666666 0.26666666666666666 1.0 2.89 48 24 3.12 1
1 2
APP_5_Inner_Layer_1:3 0.4666666666666667 0.4666666666666667 1.75 1.74 3 34 1.96 1
1 2
APP_5_Inner_Layer_2:0 0.4666666666666667 0.4666666666666667 1.75 2.98 33 22 1.84 1
3 6
APP_5_Inner_Layer_2:1 0.6 0.6 2.25 1.33 22 30 3.16 1
3 4 5
APP_5_Inner_Layer_2:2 0.4666666666666667 0.4666666666666667 1.75 3.43 48 35 2.04 1
4 5
APP_5_Inner_Layer_2:3 0.4666666666666667 0.4666666666666667 1.75 2.17 37 14 2.24 1
4 5 6
APP_5_Output_Layer_0 0.2 0.2 0.75 1.58 6 19 2.22 1
7 8 9 10
17
1.6059560590926731
APP_6_Input_Layer_0 0.26666666666666666 0.26666666666666666 1.0 1.89 38 37 2.53 1

APP_6_Inner_Layer_0:0 0.13333333333333333 0.13333333333333333 0.5 1.28 14 11 1.6 1
0
APP_6_Inner_Layer_0:1 0.4666666666666667 0.4666666666666667 1.75 2.74 24 19 1.29 1
0
APP_6_Inner_Layer_0:2 0.5333333333333333 0.5333333333333333 2.0 1.09 21 23 3.03 1
0
APP_6_Inner_Layer_1:0 0.4666666666666667 0.4666666666666667 1.75 2.56 6 7 3.35 1
2 3
APP_6_Inner_Layer_1:1 0.4666666666666667 0.4666666666666667 1.75 1.12 17 10 2.97 1
2 3
APP_6_Inner_Layer_1:2 0.13333333333333333 0.13333333333333333 0.5 3.29 44 6 3.6 1
1 2 3
APP_6_Inner_Layer_1:3 0.4666666666666667 0.4666666666666667 1.75 2.8 3 3 3.69 1
1 2
APP_6_Inner_Layer_2:0 0.13333333333333333 0.13333333333333333 0.5 3.81 35 15 3.12 1
6
APP_6_Inner_Layer_2:1 0.26666666666666666 0.26666666666666666 1.0 1.32 30 7 2.62 1
5 6 7
APP_6_Inner_Layer_2:2 0.3333333333333333 0.3333333333333333 1.25 2.11 16 34 3.78 1
4 6 7
APP_6_Inner_Layer_2:3 0.6 0.6 2.25 2.13 14 12 2.16 1
5
APP_6_Inner_Layer_3:0 0.2 0.2 0.75 2.5 9 33 2.49 1
8 10 11
APP_6_Inner_Layer_3:1 0.26666666666666666 0.26666666666666666 1.0 3.91 14 13 2.85 1
8 9 11
APP_6_Inner_Layer_3:2 0.26666666666666666 0.26666666666666666 1.0 2.21 7 14 3.51 1
10 11
APP_6_Inner_Layer_3:3 0.13333333333333333 0.13333333333333333 0.5 2.24 41 34 3.9 1
8
APP_6_Output_Layer_0 0.5333333333333333 0.5333333333333333 2.0 1.74 23 8 1.33 1
12 13 14 15
5
2.1080797563097993
APP_7_Input_Layer_0 0.5333333333333333 0.5333333333333333 2.0 3.99 24 8 3.08 0

APP_7_Inner_Layer_0:0 0.4666666666666667 0.4666666666666667 1.75 1.71 14 31 2.56 1
0
APP_7_Inner_Layer_0:1 0.6 0.6 2.25 2.97 18 19 2.73 1
0
APP_7_Inner_Layer_0:2 0.4666666666666667 0.4666666666666667 1.75 3.16 37 19 1.2 1
0
APP_7_Output_Layer_0 0.4666666666666667 0.4666666666666667 1.75 1.61 2 44 3.52 1
1 2 3
6
2.6111825523326755
APP_8_Input_Layer_0 0.06666666666666667 0.06666666666666667 0.25 3.84 13 31 2.93 1

APP_8_Inner_Layer_0:0 0.3333333333333333 0.3333333333333333 1.25 2.07 6 33 1.74 1
0
APP_8_Inner_Layer_0:1 0.6 0.6 2.25 3.13 1 48 1.29 1
0
APP_8_Inner_Layer_1:0 0.5333333333333333 0.5333333333333333 2.0 2.12 15 5 3.41 1
1 2
APP_8_Inner_Layer_1:1 0.26666666666666666 0.26666666666666666 1.0 2.52 10 8 1.91 1
1
APP_8_Output_Layer_0 0.4 0.4 1.5 4.0 12 41 2.92 1
3 4
9
2.9607224527687412
APP_9_Input_Layer_0 0.06666666666666667 0.06666666666666667 0.25 2.2 5 4 1.62 0

APP_9_Inner_Layer_0:0 0.5333333333333333 0.5333333333333333 2.0 2.21 15 30 1.2 1
0
APP_9_Inner_Layer_1:0 0.5333333333333333 0.5333333333333333 2.0 1.05 20 37 1.1 1
1
APP_9_Inner_Layer_2:0 0.6 0.6 2.25 3.85 16 31 2.65 1
2
APP_9_Inner_Layer_3:0 0.6 0.6 2.25 1.76 16 22 2.84 1
3
APP_9_Inner_Layer_3:1 0.2 0.2 0.75 2.98 1 8 2.42 1
3
APP_9_Inner_Layer_3:2 0.5333333333333333 0.5333333333333333 2.0 3.48 15 33 1.69 1
3
APP_9_Inner_Layer_3:3 0.4666666666666667 0.4666666666666667 1.75 3.91 49 15 3.83 1
3
APP_9_Output_Layer_0 0.26666666666666666 0.26666666666666666 1.0 3.97 9 10 2.47 0
4 5 6 7
11
3.3807867432382253
APP_10_Input_Layer_0 0.4 0.4 1.5 1.96 47 25 2.04 1

APP_10_Inner_Layer_0:0 0.3333333333333333 0.3333333333333333 1.25 3.95 41 24 2.77 1
0
APP_10_Inner_Layer_0:1 0.3333333333333333 0.3333333333333333 1.25 1.74 26 24 2.1 1
0
APP_10_Inner_Layer_0:2 0.06666666666666667 0.06666666666666667 0.25 2.38 24 15 2.2 1
0
APP_10_Inner_Layer_1:0 0.2 0.2 0.75 3.9 13 39 2.39 1
1 3
APP_10_Inner_Layer_1:1 0.26666666666666666 0.26666666666666666 1.0 1.9 3 6 2.59 1
1 2
APP_10_Inner_Layer_1:2 0.06666666666666667 0.06666666666666667 0.25 3.12 22 29 3.18 1
3
APP_10_Inner_Layer_1:3 0.3333333333333333 0.3333333333333333 1.25 3.09 32 32 2.14 1
1 3
APP_10_Inner_Layer_2:0 0.13333333333333333 0.13333333333333333 0.5 2.85 49 7 1.53 1
5 7
APP_10_Inner_Layer_2:1 0.4 0.4 1.5 2.54 21 49 2.89 1
4 6
APP_10_Output_Layer_0 0.4 0.4 1.5 2.26 11 39 2.32 1
8 9
3
3.815988312768509
APP_11_Input_Layer_0 0.5333333333333333 0.5333333333333333 2.0 1.66 28 25 1.95 0

APP_11_Inner_Layer_0:0 0.26666666666666666 0.26666666666666666 1.0 2.47 48 18 2.27 1
0
APP_11_Output_Layer_0 0.06666666666666667 0.06666666666666667 0.25 1.74 37 32 3.46 0
1
15
4.372314503591872
APP_12_Input_Layer_0 0.13333333333333333 0.13333333333333333 0.5 3.0 36 41 3.73 1

APP_12_Inner_Layer_0:0 0.06666666666666667 0.06666666666666667 0.25 1.02 45 1 3.76 1
0
APP_12_Inner_Layer_0:1 0.13333333333333333 0.13333333333333333 0.5 3.93 31 28 1.9 1
0
APP_12_Inner_Layer_0:2 0.2 0.2 0.75 2.49 10 41 1.38 1
0
APP_12_Inner_Layer_0:3 0.13333333333333333 0.13333333333333333 0.5 3.99 15 36 3.25 1
0
APP_12_Inner_Layer_1:0 0.3333333333333333 0.3333333333333333 1.25 2.24 31 1 2.94 1
1 2 4
APP_12_Inner_Layer_1:1 0.5333333333333333 0.5333333333333333 2.0 3.74 40 13 3.24 1
1 3 4
APP_12_Inner_Layer_1:2 0.4666666666666667 0.4666666666666667 1.75 1.87 41 18 3.84 1
1
APP_12_Inner_Layer_1:3 0.13333333333333333 0.13333333333333333 0.5 2.66 6 42 2.81 1
4
APP_12_Inner_Layer_2:0 0.26666666666666666 0.26666666666666666 1.0 2.95 42 2 2.82 1
5 7 8
APP_12_Inner_Layer_2:1 0.13333333333333333 0.13333333333333333 0.5 3.03 3 23 2.16 1
5 6
APP_12_Inner_Layer_2:2 0.3333333333333333 0.3333333333333333 1.25 1.39 7 18 2.32 1
8
APP_12_Inner_Layer_3:0 0.3333333333333333 0.3333333333333333 1.25 3.9 46 27 1.02 1
9 10
APP_12_Inner_Layer_3:1 0.4 0.4 1.5 2.76 6 41 3.82 1
11
APP_12_Output_Layer_0 0.4666666666666667 0.4666666666666667 1.75 2.18 7 35 3.21 1
12 13
5
4.734378676411494
APP_13_Input_Layer_0 0.6 0.6 2.25 1.07 28 20 2.68 1

APP_13_Inner_Layer_0:0 0.6 0.6 2.25 3.75 46 29 2.98 1
0
APP_13_Inner_Layer_0:1 0.2 0.2 0.75 1.19 9 2 2.25 1
0
APP_13_Inner_Layer_0:2 0.26666666666666666 0.26666666666666666 1.0 3.02 5 31 3.35 1
0
APP_13_Output_Layer_0 0.5333333333333333 0.5333333333333333 2.0 1.84 27 31 1.33 1
1 2 3
6
5.074280588387204
APP_14_Input_Layer_0 0.4666666666666667 0.4666666666666667 1.75 1.09 10 25 1.24 1

APP_14_Inner_Layer_0:0 0.6 0.6 2.25 2.72 25 34 1.08 1
0
APP_14_Inner_Layer_0:1 0.3333333333333333 0.3333333333333333 1.25 2.32 49 44 2.31 1
0
APP_14_Inner_Layer_1:0 0.5333333333333333 0.5333333333333333 2.0 3.45 32 19 2.01 1
1 2
APP_14_Inner_Layer_1:1 0.2 0.2 0.75 2.18 25 7 2.2 1
2
APP_14_Output_Layer_0 0.2 0.2 0.75 1.07 25 49 3.29 1
3 4
14
5.652198181457079
APP_15_Input_Layer_0 0.4666666666666667 0.4666666666666667 1.75 1.1 5 27 3.84 1

APP_15_Inner_Layer_0:0 0.4666666666666667 0.4666666666666667 1.75 2.75 23 10 2.82 1
0
APP_15_Inner_Layer_0:1 0.6 0.6 2.25 2.17 12 47 2.4 1
0
APP_15_Inner_Layer_0:2 0.3333333333333333 0.3333333333333333 1.25 1.02 46 22 3.61 1
0
APP_15_Inner_Layer_0:3 0.5333333333333333 0.5333333333333333 2.0 1.24 22 11 2.16 1
0
APP_15_Inner_Layer_1:0 0.26666666666666666 0.26666666666666666 1.0 2.87 41 10 2.4 1
3 1 4
APP_15_Inner_Layer_1:1 0.3333333333333333 0.3333333333333333 1.25 1.63 34 26 2.42 1
3
APP_15_Inner_Layer_1:2 0.06666666666666667 0.06666666666666667 0.25 3.41 5 16 3.51 1
1 3 4
APP_15_Inner_Layer_1:3 0.06666666666666667 0.06666666666666667 0.25 1.62 14 9 2.53 1
1 2 3 4
APP_15_Inner_Layer_2:0 0.06666666666666667 0.06666666666666667 0.25 1.24 42 2 1.12 1
6 8
APP_15_Inner_Layer_2:1 0.6 0.6 2.25 3.98 44 37 2.31 1
6
APP_15_Inner_Layer_2:2 0.26666666666666666 0.26666666666666666 1.0 1.19 29 17 1.11 1
5 7
APP_15_Inner_Layer_3:0 0.3333333333333333 0.3333333333333333 1.25 3.27 27 17 2.42 1
9 10 11
APP_15_Output_Layer_0 0.13333333333333333 0.13333333333333333 0.5 1.16 18 1 2.72 1
12
9
5.875585181324879
APP_16_Input_Layer_0 0.3333333333333333 0.3333333333333333 1.25 3.48 8 32 3.87 1

APP_16_Inner_Layer_0:0 0.13333333333333333 0.13333333333333333 0.5 3.13 35 38 3.5 1
0
APP_16_Inner_Layer_0:1 0.6 0.6 2.25 1.06 32 38 3.94 1
0
APP_16_Inner_Layer_1:0 0.5333333333333333 0.5333333333333333 2.0 3.23 8 29 2.03 1
1 2
APP_16_Inner_Layer_2:0 0.3333333333333333 0.3333333333333333 1.25 2.07 15 26 3.59 1
3
APP_16_Inner_Layer_3:0 0.26666666666666666 0.26666666666666666 1.0 1.18 37 16 2.07 1
4
APP_16_Inner_Layer_3:1 0.3333333333333333 0.3333333333333333 1.25 3.39 11 29 2.83 1
4
APP_16_Inner_Layer_3:2 0.26666666666666666 0.26666666666666666 1.0 2.57 25 32 2.59 1
4
APP_16_Output_Layer_0 0.5333333333333333 0.5333333333333333 2.0 1.12 44 35 1.7 1
5 6 7
