10
17
10
0
APP_0_Input_Layer_0 0.26666666666666666 0.26666666666666666 1.0 1.79 7 26 3.1 0

APP_0_Inner_Layer_0:0 0.5333333333333333 0.5333333333333333 2.0 3.12 41 25 3.89 1
0
APP_0_Inner_Layer_0:1 0.26666666666666666 0.26666666666666666 1.0 3.5 26 17 3.06 1
0
APP_0_Inner_Layer_0:2 0.06666666666666667 0.06666666666666667 0.25 1.38 49 44 3.82 1
0
APP_0_Inner_Layer_1:0 0.6 0.6 2.25 3.7 9 39 2.61 1
1 2 3
APP_0_Inner_Layer_2:0 0.5333333333333333 0.5333333333333333 2.0 3.9 5 18 3.5 1
4
APP_0_Inner_Layer_3:0 0.2 0.2 0.75 1.59 24 29 3.69 1
5
APP_0_Inner_Layer_3:1 0.5333333333333333 0.5333333333333333 2.0 2.88 30 5 1.9 1
5
APP_0_Inner_Layer_3:2 0.6 0.6 2.25 1.44 23 31 1.85 1
5
APP_0_Output_Layer_0 0.4666666666666667 0.4666666666666667 1.75 1.4 32 5 2.86 1
6 7 8
4
0.3570964996717545
APP_1_Input_Layer_0 0.26666666666666666 0.26666666666666666 1.0 2.51 19 5 2.47 1

APP_1_Inner_Layer_0:0 0.5333333333333333 0.5333333333333333 2.0 3.93 44 19 2.25 1
0
APP_1_Inner_Layer_0:1 0.13333333333333333 0.13333333333333333 0.5 2.02 9 42 3.13 1
0
APP_1_Output_Layer_0 0.6 0.6 2.25 1.24 16 40 3.79 1
1 2
13
0.7978868073189171
APP_2_Input_Layer_0 0.4666666666666667 0.4666666666666667 1.75 3.18 15 47 2.17 1

APP_2_Inner_Layer_0:0 0.4 0.4 1.5 2.65 45 29 3.17 1
0
APP_2_Inner_Layer_1:0 0.5333333333333333 0.5333333333333333 2.0 2.77 10 15 3.29 1
1
APP_2_Inner_Layer_1:1 0.6 0.6 2.25 1.21 10 10 3.29 1
1
APP_2_Inner_Layer_1:2 0.13333333333333333 0.13333333333333333 0.5 1.46 34 46 1.84 1
1
APP_2_Inner_Layer_1:3 0.3333333333333333 0.3333333333333333 1.25 2.29 10 43 3.7 1
1
APP_2_Inner_Layer_2:0 0.06666666666666667 0.06666666666666667 0.25 3.15 14 4 2.16 1
3
APP_2_Inner_Layer_2:1 0.4666666666666667 0.4666666666666667 1.75 1.45 46 34 3.07 1
4 5
APP_2_Inner_Layer_2:2 0.3333333333333333 0.3333333333333333 1.25 3.17 13 17 3.53 1
5
APP_2_Inner_Layer_2:3 0.2 0.2 0.75 2.62 26 13 1.07 1
2 3 4
APP_2_Inner_Layer_3:0 0.6 0.6 2.25 1.37 37 33 3.58 1
7
APP_2_Inner_Layer_3:1 0.26666666666666666 0.26666666666666666 1.0 2.79 7 6 3.07 1
6 8 9
APP_2_Output_Layer_0 0.4666666666666667 0.4666666666666667 1.75 3.15 5 1 3.47 1
10 11
5
1.3559825694308332
APP_3_Input_Layer_0 0.4 0.4 1.5 2.44 16 35 1.07 0

APP_3_Inner_Layer_0:0 0.2 0.2 0.75 2.31 45 45 3.6 1
0
APP_3_Inner_Layer_0:1 0.3333333333333333 0.3333333333333333 1.25 1.01 48 19 2.75 1
0
APP_3_Inner_Layer_0:2 0.4666666666666667 0.4666666666666667 1.75 3.17 34 28 2.01 1
0
APP_3_Output_Layer_0 0.06666666666666667 0.06666666666666667 0.25 3.67 1 37 3.08 1
1 2 3
16
1.7421395700640774
APP_4_Input_Layer_0 0.06666666666666667 0.06666666666666667 0.25 3.89 5 34 2.7 1

APP_4_Inner_Layer_0:0 0.6 0.6 2.25 2.01 7 6 1.26 1
0
APP_4_Inner_Layer_0:1 0.5333333333333333 0.5333333333333333 2.0 2.76 42 36 3.47 1
0
APP_4_Inner_Layer_0:2 0.13333333333333333 0.13333333333333333 0.5 1.53 43 39 3.32 1
0
APP_4_Inner_Layer_0:3 0.6 0.6 2.25 3.62 17 15 2.83 1
0
APP_4_Inner_Layer_1:0 0.2 0.2 0.75 1.11 43 12 1.35 1
1 3
APP_4_Inner_Layer_1:1 0.06666666666666667 0.06666666666666667 0.25 3.26 35 31 2.97 1
2 4
APP_4_Inner_Layer_2:0 0.26666666666666666 0.26666666666666666 1.0 2.9 46 43 3.85 1
5
APP_4_Inner_Layer_2:1 0.4 0.4 1.5 2.75 23 17 1.94 1
6
APP_4_Inner_Layer_2:2 0.5333333333333333 0.5333333333333333 2.0 3.6 18 3 3.58 1
6
APP_4_Inner_Layer_2:3 0.4 0.4 1.5 2.62 42 1 2.1 1
6
APP_4_Inner_Layer_3:0 0.2 0.2 0.75 1.68 38 26 3.95 1
7 10
APP_4_Inner_Layer_3:1 0.5333333333333333 0.5333333333333333 2.0 3.77 12 49 3.0 1
8
APP_4_Inner_Layer_3:2 0.13333333333333333 0.13333333333333333 0.5 1.7 13 30 1.88 1
8 10
APP_4_Inner_Layer_3:3 0.06666666666666667 0.06666666666666667 0.25 1.41 31 15 3.54 1
8 9
APP_4_Output_Layer_0 0.3333333333333333 0.3333333333333333 1.25 1.06 11 20 2.85 1
11 12 13 14
11
2.0185991175973794
APP_5_Input_Layer_0 0.5333333333333333 0.5333333333333333 2.0 3.08 11 48 3.07 1

APP_5_Inner_Layer_0:0 0.6 0.6 2.25 2.1 3 42 3.19 1
0
APP_5_Inner_Layer_0:1 0.13333333333333333 0.13333333333333333 0.5 3.88 16 4 2.15 1
0
APP_5_Inner_Layer_0:2 0.3333333333333333 0.3333333333333333 1.25 1.35 4 4 3.13 1
0
APP_5_Inner_Layer_0:3 0.13333333333333333 0.13333333333333333 0.5 2.93 40 17 1.62 1
0
APP_5_Inner_Layer_1:0 0.4 0.4 1.5 1.73 34 38 3.47 1
3 4
APP_5_Inner_Layer_1:1 0.06666666666666667 0.06666666666666667 0.25 1.8 23 5 3.11 1
1 2
APP_5_Inner_Layer_2:0 0.2 0.2 0.75 2.06 20 36 2.12 1
5 6
APP_5_Inner_Layer_2:1 0.26666666666666666 0.26666666666666666 1.0 1.68 14 18 2.9 1
6
APP_5_Inner_Layer_2:2 0.4 0.4 1.5 3.03 32 28 1.49 1
6
APP_5_Output_Layer_0 0.6 0.6 2.25 3.63 23 49 2.15 1
7 8 9
8
2.4259072305061875
APP_6_Input_Layer_0 0.4 0.4 1.5 1.84 24 23 1.29 1

APP_6_Inner_Layer_0:0 0.4666666666666667 0.4666666666666667 1.75 3.37 42 14 1.03 1
0
APP_6_Inner_Layer_0:1 0.26666666666666666 0.26666666666666666 1.0 3.85 20 25 1.05 1
0
APP_6_Inner_Layer_0:2 0.26666666666666666 0.26666666666666666 1.0 3.77 33 21 2.1 1
0
APP_6_Inner_Layer_0:3 0.4666666666666667 0.4666666666666667 1.75 3.05 7 17 3.8 1
0
APP_6_Inner_Layer_1:0 0.26666666666666666 0.26666666666666666 1.0 3.64 48 15 2.95 1
3 4
APP_6_Inner_Layer_1:1 0.06666666666666667 0.06666666666666667 0.25 2.73 47 10 2.8 1
1 2 3 4
APP_6_Output_Layer_0 0.06666666666666667 0.06666666666666667 0.25 1.09 31 14 1.85 1
5 6
8
2.7774458581706036
APP_7_Input_Layer_0 0.3333333333333333 0.3333333333333333 1.25 2.59 16 49 2.93 1

APP_7_Inner_Layer_0:0 0.4666666666666667 0.4666666666666667 1.75 3.24 8 25 3.1 1
0
APP_7_Inner_Layer_0:1 0.5333333333333333 0.5333333333333333 2.0 2.87 19 44 1.45 1
0
APP_7_Inner_Layer_0:2 0.26666666666666666 0.26666666666666666 1.0 3.68 8 9 1.34 1
0
APP_7_Inner_Layer_1:0 0.5333333333333333 0.5333333333333333 2.0 3.09 25 41 1.24 1
2
APP_7_Inner_Layer_1:1 0.06666666666666667 0.06666666666666667 0.25 3.07 35 2 3.43 1
1 2 3
APP_7_Inner_Layer_1:2 0.6 0.6 2.25 3.43 8 37 2.5 1
1 2
APP_7_Output_Layer_0 0.26666666666666666 0.26666666666666666 1.0 2.61 43 41 3.97 0
4 5 6
8
3.2675910937917467
APP_8_Input_Layer_0 0.6 0.6 2.25 2.42 20 1 3.45 0

APP_8_Inner_Layer_0:0 0.3333333333333333 0.3333333333333333 1.25 2.36 22 14 2.49 1
0
APP_8_Inner_Layer_0:1 0.2 0.2 0.75 2.67 33 41 1.96 1
0
APP_8_Inner_Layer_0:2 0.6 0.6 2.25 1.45 45 45 1.81 1
0
APP_8_Inner_Layer_0:3 0.6 0.6 2.25 3.15 3 38 3.93 1
0
APP_8_Inner_Layer_1:0 0.2 0.2 0.75 2.9 18 20 2.95 1
1 2 3 4
APP_8_Inner_Layer_2:0 0.5333333333333333 0.5333333333333333 2.0 2.85 49 33 2.5 1
5
APP_8_Output_Layer_0 0.13333333333333333 0.13333333333333333 0.5 1.96 12 1 2.82 1
6
6
3.499459628326123
APP_9_Input_Layer_0 0.26666666666666666 0.26666666666666666 1.0 2.02 21 48 3.21 1

APP_9_Inner_Layer_0:0 0.4 0.4 1.5 1.66 24 10 2.25 1
0
APP_9_Inner_Layer_0:1 0.3333333333333333 0.3333333333333333 1.25 3.87 9 38 3.13 1
0
APP_9_Inner_Layer_0:2 0.06666666666666667 0.06666666666666667 0.25 3.27 7 36 1.07 1
0
APP_9_Inner_Layer_0:3 0.6 0.6 2.25 3.74 22 42 3.93 1
0
APP_9_Output_Layer_0 0.26666666666666666 0.26666666666666666 1.0 1.4 49 15 1.5 1
1 2 3 4
6
3.7400649916839726
APP_10_Input_Layer_0 0.3333333333333333 0.3333333333333333 1.25 3.29 31 42 2.14 1

APP_10_Inner_Layer_0:0 0.4 0.4 1.5 2.8 29 23 3.25 1
0
APP_10_Inner_Layer_0:1 0.06666666666666667 0.06666666666666667 0.25 3.84 43 37 1.91 1
0
APP_10_Inner_Layer_1:0 0.3333333333333333 0.3333333333333333 1.25 3.41 9 25 1.51 1
1 2
APP_10_Inner_Layer_2:0 0.3333333333333333 0.3333333333333333 1.25 3.61 43 29 3.98 1
3
APP_10_Output_Layer_0 0.3333333333333333 0.3333333333333333 1.25 3.28 35 48 3.08 1
4
3
4.054604174246759
APP_11_Input_Layer_0 0.3333333333333333 0.3333333333333333 1.25 2.71 1 11 1.33 1

APP_11_Inner_Layer_0:0 0.6 0.6 2.25 1.01 24 11 1.98 1
0
APP_11_Output_Layer_0 0.3333333333333333 0.3333333333333333 1.25 1.65 30 12 1.18 1
1
9
4.445168111938852
APP_12_Input_Layer_0 0.2 0.2 0.75 3.78 5 44 1.5 0

APP_12_Inner_Layer_0:0 0.13333333333333333 0.13333333333333333 0.5 3.31 35 6 1.09 1
0
APP_12_Inner_Layer_0:1 0.4666666666666667 0.4666666666666667 1.75 1.2 31 11 3.86 1
0
APP_12_Inner_Layer_0:2 0.06666666666666667 0.06666666666666667 0.25 3.37 41 31 2.9 1
0
APP_12_Inner_Layer_1:0 0.13333333333333333 0.13333333333333333 0.5 3.38 47 46 3.75 1
1 2 3
APP_12_Inner_Layer_2:0 0.2 0.2 0.75 3.63 44 33 1.17 1
4
APP_12_Inner_Layer_2:1 0.5333333333333333 0.5333333333333333 2.0 3.0 17 14 1.2 1
4
APP_12_Inner_Layer_2:2 0.13333333333333333 0.13333333333333333 0.5 3.28 3 22 2.33 1
4
APP_12_Output_Layer_0 0.4 0.4 1.5 3.38 40 12 2.76 1
5 6 7
11
4.68267407792985
APP_13_Input_Layer_0 0.06666666666666667 0.06666666666666667 0.25 2.82 35 14 1.24 1

APP_13_Inner_Layer_0:0 0.13333333333333333 0.13333333333333333 0.5 2.51 48 23 1.48 1
0
APP_13_Inner_Layer_1:0 0.6 0.6 2.25 3.25 40 5 1.58 1
1
APP_13_Inner_Layer_1:1 0.2 0.2 0.75 2.65 10 22 1.76 1
1
APP_13_Inner_Layer_1:2 0.26666666666666666 0.26666666666666666 1.0 1.37 16 28 3.92 1
1
APP_13_Inner_Layer_1:3 0.13333333333333333 0.13333333333333333 0.5 1.5 2 8 3.87 1
1
APP_13_Inner_Layer_2:0 0.5333333333333333 0.5333333333333333 2.0 2.01 40 17 3.11 1
2 3 4 5
APP_13_Inner_Layer_3:0 0.5333333333333333 0.5333333333333333 2.0 2.29 43 26 2.39 1
6
APP_13_Inner_Layer_3:1 0.13333333333333333 0.13333333333333333 0.5 2.47 17 35 3.15 1
6
APP_13_Inner_Layer_3:2 0.5333333333333333 0.5333333333333333 2.0 2.22 42 32 1.08 1
6
APP_13_Output_Layer_0 0.06666666666666667 0.06666666666666667 0.25 1.02 11 15 3.43 1
7 8 9
12
5.079059169123487
APP_14_Input_Layer_0 0.26666666666666666 0.26666666666666666 1.0 1.89 6 18 3.62 1

APP_14_Inner_Layer_0:0 0.3333333333333333 0.3333333333333333 1.25 1.27 18 43 1.55 1
0
APP_14_Inner_Layer_0:1 0.6 0.6 2.25 1.94 4 46 3.52 1
0
APP_14_Inner_Layer_0:2 0.6 0.6 2.25 2.07 48 46 2.99 1
0
APP_14_Inner_Layer_0:3 0.4666666666666667 0.4666666666666667 1.75 1.66 23 8 2.3 1
0
APP_14_Inner_Layer_1:0 0.06666666666666667 0.06666666666666667 0.25 1.68 6 14 2.66 1
1 3
APP_14_Inner_Layer_1:1 0.4666666666666667 0.4666666666666667 1.75 3.15 21 43 2.08 1
4
APP_14_Inner_Layer_1:2 0.6 0.6 2.25 2.19 35 49 1.85 1
1 4
APP_14_Inner_Layer_1:3 0.6 0.6 2.25 3.65 15 46 3.96 1
1 2 4
APP_14_Inner_Layer_2:0 0.26666666666666666 0.26666666666666666 1.0 3.88 37 21 1.92 1
6
APP_14_Inner_Layer_2:1 0.4 0.4 1.5 3.05 26 38 1.58 1
5 7 8
APP_14_Output_Layer_0 0.06666666666666667 0.06666666666666667 0.25 2.71 31 16 1.92 1
9 10
6
5.389144496862274
APP_15_Input_Layer_0 0.6 0.6 2.25 3.09 36 30 3.23 1

APP_15_Inner_Layer_0:0 0.6 0.6 2.25 2.92 17 49 1.67 1
0
APP_15_Inner_Layer_0:1 0.2 0.2 0.75 2.43 39 5 2.68 1
0
APP_15_Inner_Layer_0:2 0.5333333333333333 0.5333333333333333 2.0 1.62 18 43 1.33 1
0
APP_15_Inner_Layer_0:3 0.6 0.6 2.25 3.74 22 28 3.81 1
0
APP_15_Output_Layer_0 0.6 0.6 2.25 2.6 25 44 2.86 1
1 2 3 4
8
5.652091664264703
APP_16_Input_Layer_0 0.26666666666666666 0.26666666666666666 1.0 2.71 11 38 2.63 1

APP_16_Inner_Layer_0:0 0.2 0.2 0.75 2.94 3 17 1.74 1
0
APP_16_Inner_Layer_1:0 0.4 0.4 1.5 1.72 13 5 2.66 1
1
APP_16_Inner_Layer_2:0 0.5333333333333333 0.5333333333333333 2.0 1.78 28 38 3.38 1
2
APP_16_Inner_Layer_2:1 0.4 0.4 1.5 3.73 12 18 2.11 1
2
APP_16_Inner_Layer_2:2 0.3333333333333333 0.3333333333333333 1.25 3.55 15 4 3.65 1
2
APP_16_Inner_Layer_2:3 0.13333333333333333 0.13333333333333333 0.5 2.41 32 23 3.46 1
2
APP_16_Output_Layer_0 0.4 0.4 1.5 3.38 20 45 1.05 1
3 4 5 6
