10
17
5
0
APP_0_Input_Layer_0 0.4 0.4 1.5 1.17 48 7 3.26 1

APP_0_Inner_Layer_0:0 0.4 0.4 1.5 3.95 24 27 3.27 1
0
APP_0_Inner_Layer_0:1 0.2 0.2 0.75 3.31 5 35 2.01 1
0
APP_0_Inner_Layer_1:0 0.26666666666666666 0.26666666666666666 1.0 1.7 45 45 1.93 1
1 2
APP_0_Output_Layer_0 0.6 0.6 2.25 2.73 20 3 1.12 1
3
6
0.3501035440257891
APP_1_Input_Layer_0 0.6 0.6 2.25 1.33 24 2 1.62 1

APP_1_Inner_Layer_0:0 0.6 0.6 2.25 3.42 18 42 2.64 1
0
APP_1_Inner_Layer_0:1 0.13333333333333333 0.13333333333333333 0.5 1.34 18 24 1.99 1
0
APP_1_Inner_Layer_0:2 0.26666666666666666 0.26666666666666666 1.0 3.24 46 6 2.53 1
0
APP_1_Inner_Layer_0:3 0.3333333333333333 0.3333333333333333 1.25 1.28 32 9 3.59 1
0
APP_1_Output_Layer_0 0.6 0.6 2.25 1.86 6 28 2.4 1
1 2 3 4
11
0.578104466322433
APP_2_Input_Layer_0 0.13333333333333333 0.13333333333333333 0.5 3.07 21 10 2.34 1

APP_2_Inner_Layer_0:0 0.3333333333333333 0.3333333333333333 1.25 1.26 20 31 3.01 1
0
APP_2_Inner_Layer_1:0 0.5333333333333333 0.5333333333333333 2.0 3.1 5 4 2.36 1
1
APP_2_Inner_Layer_1:1 0.5333333333333333 0.5333333333333333 2.0 3.2 42 35 3.79 1
1
APP_2_Inner_Layer_1:2 0.13333333333333333 0.13333333333333333 0.5 3.12 10 23 1.89 1
1
APP_2_Inner_Layer_2:0 0.6 0.6 2.25 1.49 37 26 2.6 1
2 3 4
APP_2_Inner_Layer_3:0 0.5333333333333333 0.5333333333333333 2.0 3.94 19 18 2.82 1
5
APP_2_Inner_Layer_3:1 0.13333333333333333 0.13333333333333333 0.5 1.78 39 31 1.34 1
5
APP_2_Inner_Layer_3:2 0.6 0.6 2.25 3.72 13 46 1.44 1
5
APP_2_Inner_Layer_3:3 0.6 0.6 2.25 3.84 3 21 3.88 1
5
APP_2_Output_Layer_0 0.26666666666666666 0.26666666666666666 1.0 1.48 41 35 1.12 1
6 7 8 9
15
0.885682070591745
APP_3_Input_Layer_0 0.4666666666666667 0.4666666666666667 1.75 2.55 37 24 3.89 1

APP_3_Inner_Layer_0:0 0.06666666666666667 0.06666666666666667 0.25 3.05 26 2 2.82 1
0
APP_3_Inner_Layer_0:1 0.06666666666666667 0.06666666666666667 0.25 3.28 25 6 3.95 1
0
APP_3_Inner_Layer_0:2 0.4666666666666667 0.4666666666666667 1.75 3.05 29 31 3.29 1
0
APP_3_Inner_Layer_1:0 0.26666666666666666 0.26666666666666666 1.0 2.24 12 3 3.96 1
2 3
APP_3_Inner_Layer_1:1 0.13333333333333333 0.13333333333333333 0.5 1.23 37 48 1.9 1
1
APP_3_Inner_Layer_2:0 0.06666666666666667 0.06666666666666667 0.25 2.5 21 2 3.31 1
4
APP_3_Inner_Layer_2:1 0.3333333333333333 0.3333333333333333 1.25 2.98 40 15 3.32 1
5
APP_3_Inner_Layer_2:2 0.5333333333333333 0.5333333333333333 2.0 2.81 26 33 1.55 1
4
APP_3_Inner_Layer_2:3 0.26666666666666666 0.26666666666666666 1.0 2.09 10 2 1.05 1
5
APP_3_Inner_Layer_3:0 0.5333333333333333 0.5333333333333333 2.0 1.01 18 16 1.14 1
6 7
APP_3_Inner_Layer_3:1 0.2 0.2 0.75 2.32 1 1 3.87 1
9
APP_3_Inner_Layer_3:2 0.13333333333333333 0.13333333333333333 0.5 3.11 32 36 1.45 1
6 7
APP_3_Inner_Layer_3:3 0.4 0.4 1.5 2.76 33 22 2.48 1
7 8 9
APP_3_Output_Layer_0 0.5333333333333333 0.5333333333333333 2.0 3.85 44 27 3.97 1
10 11 12 13
5
1.3269879991446927
APP_4_Input_Layer_0 0.4 0.4 1.5 3.14 35 6 3.43 1

APP_4_Inner_Layer_0:0 0.4 0.4 1.5 2.84 12 21 2.54 1
0
APP_4_Inner_Layer_0:1 0.06666666666666667 0.06666666666666667 0.25 1.99 13 43 2.45 1
0
APP_4_Inner_Layer_0:2 0.2 0.2 0.75 3.71 41 5 3.97 1
0
APP_4_Output_Layer_0 0.3333333333333333 0.3333333333333333 1.25 3.85 14 12 2.7 1
1 2 3
7
1.8141747580348964
APP_5_Input_Layer_0 0.6 0.6 2.25 1.1 37 22 3.26 0

APP_5_Inner_Layer_0:0 0.4 0.4 1.5 2.87 29 15 2.74 1
0
APP_5_Inner_Layer_1:0 0.13333333333333333 0.13333333333333333 0.5 3.88 27 32 1.7 1
1
APP_5_Inner_Layer_1:1 0.6 0.6 2.25 3.22 28 18 3.58 1
1
APP_5_Inner_Layer_2:0 0.06666666666666667 0.06666666666666667 0.25 2.82 2 36 1.78 1
2
APP_5_Inner_Layer_2:1 0.4 0.4 1.5 1.3 33 36 2.39 1
3
APP_5_Output_Layer_0 0.26666666666666666 0.26666666666666666 1.0 1.63 40 16 3.74 1
4 5
3
2.0524455088976636
APP_6_Input_Layer_0 0.13333333333333333 0.13333333333333333 0.5 3.25 36 39 1.89 1

APP_6_Inner_Layer_0:0 0.13333333333333333 0.13333333333333333 0.5 1.51 42 37 1.09 1
0
APP_6_Output_Layer_0 0.06666666666666667 0.06666666666666667 0.25 2.78 17 35 2.01 1
1
11
2.540710647793356
APP_7_Input_Layer_0 0.3333333333333333 0.3333333333333333 1.25 3.46 47 36 1.26 1

APP_7_Inner_Layer_0:0 0.06666666666666667 0.06666666666666667 0.25 3.28 32 46 1.49 1
0
APP_7_Inner_Layer_0:1 0.13333333333333333 0.13333333333333333 0.5 2.08 48 44 1.57 1
0
APP_7_Inner_Layer_1:0 0.6 0.6 2.25 1.15 29 34 1.24 1
1 2
APP_7_Inner_Layer_2:0 0.6 0.6 2.25 3.09 28 8 2.57 1
3
APP_7_Inner_Layer_2:1 0.13333333333333333 0.13333333333333333 0.5 3.33 8 16 3.79 1
3
APP_7_Inner_Layer_3:0 0.6 0.6 2.25 1.05 10 35 3.21 1
4
APP_7_Inner_Layer_3:1 0.3333333333333333 0.3333333333333333 1.25 3.31 8 29 2.0 1
4
APP_7_Inner_Layer_3:2 0.13333333333333333 0.13333333333333333 0.5 2.42 16 29 3.74 1
5
APP_7_Inner_Layer_3:3 0.13333333333333333 0.13333333333333333 0.5 3.43 45 22 1.14 1
4
APP_7_Output_Layer_0 0.6 0.6 2.25 2.61 43 15 1.32 1
6 7 8 9
12
2.8513851416079015
APP_8_Input_Layer_0 0.4666666666666667 0.4666666666666667 1.75 3.48 2 3 1.67 1

APP_8_Inner_Layer_0:0 0.4666666666666667 0.4666666666666667 1.75 1.85 17 20 3.26 1
0
APP_8_Inner_Layer_0:1 0.3333333333333333 0.3333333333333333 1.25 2.19 41 6 1.39 1
0
APP_8_Inner_Layer_0:2 0.4666666666666667 0.4666666666666667 1.75 2.44 44 3 2.83 1
0
APP_8_Inner_Layer_0:3 0.6 0.6 2.25 3.31 35 11 3.02 1
0
APP_8_Inner_Layer_1:0 0.6 0.6 2.25 2.42 47 35 2.63 1
4 1 2
APP_8_Inner_Layer_1:1 0.06666666666666667 0.06666666666666667 0.25 2.88 17 17 2.87 1
1 2 3 4
APP_8_Inner_Layer_2:0 0.06666666666666667 0.06666666666666667 0.25 1.87 9 33 1.23 1
5 6
APP_8_Inner_Layer_2:1 0.3333333333333333 0.3333333333333333 1.25 2.98 33 17 3.49 1
5
APP_8_Inner_Layer_2:2 0.5333333333333333 0.5333333333333333 2.0 3.5 28 9 3.12 1
6
APP_8_Inner_Layer_3:0 0.5333333333333333 0.5333333333333333 2.0 1.07 7 29 2.94 1
7 8 9
APP_8_Output_Layer_0 0.13333333333333333 0.13333333333333333 0.5 3.9 28 4 2.87 1
10
8
3.308388632373842
APP_9_Input_Layer_0 0.6 0.6 2.25 3.52 38 20 1.01 1

APP_9_Inner_Layer_0:0 0.26666666666666666 0.26666666666666666 1.0 2.62 29 43 2.48 1
0
APP_9_Inner_Layer_0:1 0.3333333333333333 0.3333333333333333 1.25 1.5 12 38 3.63 1
0
APP_9_Inner_Layer_1:0 0.06666666666666667 0.06666666666666667 0.25 3.93 35 22 2.44 1
1 2
APP_9_Inner_Layer_2:0 0.06666666666666667 0.06666666666666667 0.25 2.52 3 10 3.53 1
3
APP_9_Inner_Layer_2:1 0.4 0.4 1.5 2.03 35 8 2.85 1
3
APP_9_Inner_Layer_2:2 0.4666666666666667 0.4666666666666667 1.75 2.69 5 27 2.16 1
3
APP_9_Output_Layer_0 0.5333333333333333 0.5333333333333333 2.0 1.87 31 48 3.46 0
4 5 6
8
3.5467351800156974
APP_10_Input_Layer_0 0.5333333333333333 0.5333333333333333 2.0 3.27 10 41 2.24 1

APP_10_Inner_Layer_0:0 0.2 0.2 0.75 2.74 29 44 1.28 1
0
APP_10_Inner_Layer_0:1 0.6 0.6 2.25 2.55 45 6 3.52 1
0
APP_10_Inner_Layer_0:2 0.4666666666666667 0.4666666666666667 1.75 1.94 21 43 2.92 1
0
APP_10_Inner_Layer_1:0 0.13333333333333333 0.13333333333333333 0.5 2.76 39 35 2.14 1
1 2 3
APP_10_Inner_Layer_2:0 0.06666666666666667 0.06666666666666667 0.25 1.33 45 19 3.68 1
4
APP_10_Inner_Layer_3:0 0.4 0.4 1.5 2.31 6 43 2.76 1
5
APP_10_Output_Layer_0 0.13333333333333333 0.13333333333333333 0.5 2.8 45 42 2.32 1
6
11
3.7742961812767937
APP_11_Input_Layer_0 0.4 0.4 1.5 1.33 1 47 2.83 1

APP_11_Inner_Layer_0:0 0.3333333333333333 0.3333333333333333 1.25 1.5 25 43 1.25 1
0
APP_11_Inner_Layer_0:1 0.2 0.2 0.75 3.14 19 31 1.22 1
0
APP_11_Inner_Layer_1:0 0.5333333333333333 0.5333333333333333 2.0 1.1 40 4 1.95 1
1
APP_11_Inner_Layer_1:1 0.5333333333333333 0.5333333333333333 2.0 2.77 18 42 3.36 1
1 2
APP_11_Inner_Layer_1:2 0.6 0.6 2.25 3.7 6 27 1.03 1
2
APP_11_Inner_Layer_1:3 0.3333333333333333 0.3333333333333333 1.25 2.99 49 36 3.2 1
2
APP_11_Inner_Layer_2:0 0.6 0.6 2.25 3.92 46 7 1.12 1
4
APP_11_Inner_Layer_2:1 0.4 0.4 1.5 1.53 48 39 1.0 1
3 5
APP_11_Inner_Layer_2:2 0.6 0.6 2.25 3.78 49 43 2.15 1
4 5 6
APP_11_Output_Layer_0 0.4 0.4 1.5 3.81 27 7 3.53 1
7 8 9
3
4.358416898719073
APP_12_Input_Layer_0 0.2 0.2 0.75 3.95 41 40 1.13 0

APP_12_Inner_Layer_0:0 0.5333333333333333 0.5333333333333333 2.0 2.38 49 25 1.35 1
0
APP_12_Output_Layer_0 0.26666666666666666 0.26666666666666666 1.0 2.16 1 25 2.21 1
1
9
4.654414009008939
APP_13_Input_Layer_0 0.4 0.4 1.5 2.34 42 39 1.57 1

APP_13_Inner_Layer_0:0 0.06666666666666667 0.06666666666666667 0.25 3.27 45 37 2.56 1
0
APP_13_Inner_Layer_0:1 0.2 0.2 0.75 1.29 19 18 3.28 1
0
APP_13_Inner_Layer_0:2 0.4 0.4 1.5 3.36 22 15 1.37 1
0
APP_13_Inner_Layer_1:0 0.4 0.4 1.5 1.24 26 29 2.53 1
3
APP_13_Inner_Layer_1:1 0.4 0.4 1.5 1.2 24 40 1.14 1
1 3
APP_13_Inner_Layer_1:2 0.26666666666666666 0.26666666666666666 1.0 2.7 19 33 3.82 1
1 2
APP_13_Inner_Layer_1:3 0.3333333333333333 0.3333333333333333 1.25 1.78 17 37 1.35 1
1 2
APP_13_Output_Layer_0 0.6 0.6 2.25 3.09 20 24 3.04 1
4 5 6 7
7
5.087786962786796
APP_14_Input_Layer_0 0.13333333333333333 0.13333333333333333 0.5 3.8 31 19 1.17 1

APP_14_Inner_Layer_0:0 0.4 0.4 1.5 2.42 22 5 3.9 1
0
APP_14_Inner_Layer_0:1 0.26666666666666666 0.26666666666666666 1.0 3.91 18 32 2.36 1
0
APP_14_Inner_Layer_1:0 0.26666666666666666 0.26666666666666666 1.0 1.97 2 32 1.55 1
2
APP_14_Inner_Layer_1:1 0.6 0.6 2.25 3.9 31 25 1.17 1
1 2
APP_14_Inner_Layer_1:2 0.26666666666666666 0.26666666666666666 1.0 2.11 41 31 2.42 1
1 2
APP_14_Output_Layer_0 0.26666666666666666 0.26666666666666666 1.0 1.77 7 49 3.49 1
3 4 5
6
5.392556435455131
APP_15_Input_Layer_0 0.5333333333333333 0.5333333333333333 2.0 3.03 3 16 3.59 1

APP_15_Inner_Layer_0:0 0.5333333333333333 0.5333333333333333 2.0 1.06 21 4 1.81 1
0
APP_15_Inner_Layer_0:1 0.3333333333333333 0.3333333333333333 1.25 2.23 30 23 3.21 1
0
APP_15_Inner_Layer_0:2 0.06666666666666667 0.06666666666666667 0.25 1.24 9 37 3.48 1
0
APP_15_Inner_Layer_1:0 0.13333333333333333 0.13333333333333333 0.5 1.97 30 4 2.55 1
1 2 3
APP_15_Output_Layer_0 0.4666666666666667 0.4666666666666667 1.75 2.45 23 5 1.97 1
4
15
5.821789048088438
APP_16_Input_Layer_0 0.4 0.4 1.5 3.58 49 21 1.12 1

APP_16_Inner_Layer_0:0 0.26666666666666666 0.26666666666666666 1.0 3.86 38 45 2.27 1
0
APP_16_Inner_Layer_0:1 0.5333333333333333 0.5333333333333333 2.0 3.8 44 6 3.27 1
0
APP_16_Inner_Layer_0:2 0.5333333333333333 0.5333333333333333 2.0 1.51 29 9 3.02 1
0
APP_16_Inner_Layer_0:3 0.4 0.4 1.5 3.29 1 21 3.98 1
0
APP_16_Inner_Layer_1:0 0.4 0.4 1.5 2.4 1 4 3.09 1
1 3 4
APP_16_Inner_Layer_1:1 0.26666666666666666 0.26666666666666666 1.0 2.68 36 29 3.94 1
2
APP_16_Inner_Layer_1:2 0.3333333333333333 0.3333333333333333 1.25 2.69 18 19 2.95 1
3
APP_16_Inner_Layer_1:3 0.3333333333333333 0.3333333333333333 1.25 2.66 30 35 2.59 1
3 4
APP_16_Inner_Layer_2:0 0.13333333333333333 0.13333333333333333 0.5 3.59 7 13 1.5 1
5 6
APP_16_Inner_Layer_2:1 0.06666666666666667 0.06666666666666667 0.25 2.17 41 39 2.88 1
6 7 8
APP_16_Inner_Layer_2:2 0.4 0.4 1.5 2.26 39 1 1.45 1
5 6 8
APP_16_Inner_Layer_2:3 0.13333333333333333 0.13333333333333333 0.5 3.01 35 39 2.59 1
5
APP_16_Inner_Layer_3:0 0.26666666666666666 0.26666666666666666 1.0 3.52 44 14 3.73 1
9 10 11 12
APP_16_Output_Layer_0 0.4 0.4 1.5 3.62 13 1 1.26 1
13
