10
13
8
0
APP_0_Input_Layer_0 0.4666666666666667 0.4666666666666667 1.75 2.56 1 41 1.19 1

APP_0_Inner_Layer_0:0 0.13333333333333333 0.13333333333333333 0.5 2.39 39 19 2.23 1
0
APP_0_Inner_Layer_0:1 0.6 0.6 2.25 2.51 32 25 3.49 1
0
APP_0_Inner_Layer_0:2 0.3333333333333333 0.3333333333333333 1.25 3.47 49 20 3.58 1
0
APP_0_Inner_Layer_1:0 0.2 0.2 0.75 1.28 27 24 2.48 1
3
APP_0_Inner_Layer_1:1 0.2 0.2 0.75 1.5 36 35 2.07 1
1 2
APP_0_Inner_Layer_1:2 0.26666666666666666 0.26666666666666666 1.0 1.3 42 34 3.72 1
1 3
APP_0_Output_Layer_0 0.3333333333333333 0.3333333333333333 1.25 1.55 28 49 2.1 1
4 5 6
3
0.5114381307076162
APP_1_Input_Layer_0 0.4 0.4 1.5 2.87 9 6 3.5 0

APP_1_Inner_Layer_0:0 0.2 0.2 0.75 3.06 25 18 1.78 1
0
APP_1_Output_Layer_0 0.2 0.2 0.75 1.99 20 30 1.38 1
1
13
0.9294658457518481
APP_2_Input_Layer_0 0.5333333333333333 0.5333333333333333 2.0 1.78 24 13 3.21 1

APP_2_Inner_Layer_0:0 0.4 0.4 1.5 3.97 30 1 2.51 1
0
APP_2_Inner_Layer_0:1 0.5333333333333333 0.5333333333333333 2.0 1.56 11 27 3.18 1
0
APP_2_Inner_Layer_1:0 0.06666666666666667 0.06666666666666667 0.25 2.46 15 49 2.74 1
1 2
APP_2_Inner_Layer_2:0 0.06666666666666667 0.06666666666666667 0.25 2.08 12 41 1.13 1
3
APP_2_Inner_Layer_2:1 0.4 0.4 1.5 2.62 40 31 3.36 1
3
APP_2_Inner_Layer_2:2 0.06666666666666667 0.06666666666666667 0.25 2.58 15 10 2.95 1
3
APP_2_Inner_Layer_2:3 0.06666666666666667 0.06666666666666667 0.25 1.64 34 43 2.42 1
3
APP_2_Inner_Layer_3:0 0.26666666666666666 0.26666666666666666 1.0 2.68 33 6 1.32 1
4 6
APP_2_Inner_Layer_3:1 0.6 0.6 2.25 2.78 37 37 2.59 1
4 5 7
APP_2_Inner_Layer_3:2 0.6 0.6 2.25 1.33 25 26 1.19 1
6 7
APP_2_Inner_Layer_3:3 0.5333333333333333 0.5333333333333333 2.0 1.9 23 23 2.82 1
5
APP_2_Output_Layer_0 0.13333333333333333 0.13333333333333333 0.5 2.39 2 48 3.94 1
8 9 10 11
6
1.5824299055701374
APP_3_Input_Layer_0 0.26666666666666666 0.26666666666666666 1.0 1.75 38 5 2.32 0

APP_3_Inner_Layer_0:0 0.3333333333333333 0.3333333333333333 1.25 1.67 45 14 2.34 1
0
APP_3_Inner_Layer_1:0 0.2 0.2 0.75 3.7 28 25 2.34 1
1
APP_3_Inner_Layer_1:1 0.26666666666666666 0.26666666666666666 1.0 1.02 2 45 1.04 0
1
APP_3_Inner_Layer_1:2 0.26666666666666666 0.26666666666666666 1.0 1.53 27 38 2.28 1
1
APP_3_Output_Layer_0 0.4666666666666667 0.4666666666666667 1.75 1.76 11 27 2.72 1
2 3 4
5
2.0566210344269527
APP_4_Input_Layer_0 0.06666666666666667 0.06666666666666667 0.25 1.05 35 5 3.76 1

APP_4_Inner_Layer_0:0 0.2 0.2 0.75 2.09 32 37 2.64 1
0
APP_4_Inner_Layer_0:1 0.26666666666666666 0.26666666666666666 1.0 1.65 20 7 2.2 0
0
APP_4_Inner_Layer_1:0 0.3333333333333333 0.3333333333333333 1.25 2.91 44 12 2.34 1
1 2
APP_4_Output_Layer_0 0.6 0.6 2.25 1.46 18 34 1.16 1
3
4
2.4747639919426745
APP_5_Input_Layer_0 0.4 0.4 1.5 3.05 5 14 3.61 1

APP_5_Inner_Layer_0:0 0.3333333333333333 0.3333333333333333 1.25 2.16 33 25 2.86 0
0
APP_5_Inner_Layer_0:1 0.3333333333333333 0.3333333333333333 1.25 3.66 33 46 2.84 1
0
APP_5_Output_Layer_0 0.5333333333333333 0.5333333333333333 2.0 2.64 39 25 3.2 1
1 2
8
2.948824362051416
APP_6_Input_Layer_0 0.5333333333333333 0.5333333333333333 2.0 2.72 47 16 1.99 0

APP_6_Inner_Layer_0:0 0.2 0.2 0.75 2.52 9 27 3.43 1
0
APP_6_Inner_Layer_0:1 0.06666666666666667 0.06666666666666667 0.25 3.86 40 39 2.93 1
0
APP_6_Inner_Layer_1:0 0.2 0.2 0.75 3.42 37 36 3.5 1
1 2
APP_6_Inner_Layer_1:1 0.13333333333333333 0.13333333333333333 0.5 2.72 31 34 1.53 1
2
APP_6_Inner_Layer_1:2 0.4666666666666667 0.4666666666666667 1.75 3.98 47 19 2.55 1
1
APP_6_Inner_Layer_1:3 0.2 0.2 0.75 2.2 30 30 1.53 1
2
APP_6_Output_Layer_0 0.13333333333333333 0.13333333333333333 0.5 1.17 46 17 3.41 1
3 4 5 6
5
3.4115949249266415
APP_7_Input_Layer_0 0.4666666666666667 0.4666666666666667 1.75 2.34 14 25 1.88 1

APP_7_Inner_Layer_0:0 0.4 0.4 1.5 2.37 32 31 2.47 1
0
APP_7_Inner_Layer_0:1 0.13333333333333333 0.13333333333333333 0.5 1.73 43 43 2.08 0
0
APP_7_Inner_Layer_0:2 0.06666666666666667 0.06666666666666667 0.25 3.97 12 22 2.03 1
0
APP_7_Output_Layer_0 0.4666666666666667 0.4666666666666667 1.75 1.8 33 30 1.5 0
1 2 3
10
4.065733354573034
APP_8_Input_Layer_0 0.3333333333333333 0.3333333333333333 1.25 1.53 9 43 2.85 1

APP_8_Inner_Layer_0:0 0.06666666666666667 0.06666666666666667 0.25 3.33 7 49 1.4 1
0
APP_8_Inner_Layer_0:1 0.2 0.2 0.75 2.79 47 23 3.82 1
0
APP_8_Inner_Layer_0:2 0.6 0.6 2.25 3.02 29 28 3.03 1
0
APP_8_Inner_Layer_1:0 0.26666666666666666 0.26666666666666666 1.0 1.12 26 39 2.63 1
1
APP_8_Inner_Layer_1:1 0.4666666666666667 0.4666666666666667 1.75 2.98 16 41 3.82 1
1 2 3
APP_8_Inner_Layer_1:2 0.13333333333333333 0.13333333333333333 0.5 1.1 14 30 3.69 1
3
APP_8_Inner_Layer_2:0 0.2 0.2 0.75 1.59 48 34 1.83 1
4 5 6
APP_8_Inner_Layer_3:0 0.13333333333333333 0.13333333333333333 0.5 2.87 25 25 3.32 1
7
APP_8_Output_Layer_0 0.3333333333333333 0.3333333333333333 1.25 3.94 32 35 3.9 1
8
13
4.743680965081805
APP_9_Input_Layer_0 0.3333333333333333 0.3333333333333333 1.25 1.74 35 33 2.84 1

APP_9_Inner_Layer_0:0 0.4666666666666667 0.4666666666666667 1.75 1.72 32 1 3.13 1
0
APP_9_Inner_Layer_0:1 0.5333333333333333 0.5333333333333333 2.0 1.03 33 38 1.28 1
0
APP_9_Inner_Layer_1:0 0.26666666666666666 0.26666666666666666 1.0 2.28 17 17 3.5 1
1 2
APP_9_Inner_Layer_1:1 0.4 0.4 1.5 2.5 29 11 1.05 1
2
APP_9_Inner_Layer_1:2 0.4 0.4 1.5 2.47 9 42 1.44 1
1
APP_9_Inner_Layer_2:0 0.06666666666666667 0.06666666666666667 0.25 3.23 6 31 3.22 1
3
APP_9_Inner_Layer_2:1 0.26666666666666666 0.26666666666666666 1.0 3.76 39 20 3.73 1
4 5
APP_9_Inner_Layer_2:2 0.4 0.4 1.5 1.01 34 45 3.1 1
3 5
APP_9_Inner_Layer_3:0 0.3333333333333333 0.3333333333333333 1.25 1.09 4 23 1.65 1
6 7
APP_9_Inner_Layer_3:1 0.2 0.2 0.75 2.78 11 30 1.62 1
8
APP_9_Inner_Layer_3:2 0.4 0.4 1.5 4.0 30 37 3.22 1
8
APP_9_Output_Layer_0 0.06666666666666667 0.06666666666666667 0.25 3.83 11 45 3.47 1
9 10 11
13
5.056425428977408
APP_10_Input_Layer_0 0.6 0.6 2.25 1.23 33 34 1.35 1

APP_10_Inner_Layer_0:0 0.06666666666666667 0.06666666666666667 0.25 3.64 28 10 3.13 1
0
APP_10_Inner_Layer_0:1 0.2 0.2 0.75 2.54 4 2 1.45 1
0
APP_10_Inner_Layer_0:2 0.4 0.4 1.5 1.69 4 11 2.78 1
0
APP_10_Inner_Layer_0:3 0.13333333333333333 0.13333333333333333 0.5 2.46 31 27 1.46 1
0
APP_10_Inner_Layer_1:0 0.5333333333333333 0.5333333333333333 2.0 2.62 8 27 1.53 1
2 1 4
APP_10_Inner_Layer_1:1 0.6 0.6 2.25 2.65 49 3 3.31 1
1 3
APP_10_Inner_Layer_1:2 0.4666666666666667 0.4666666666666667 1.75 3.26 11 16 1.0 1
1 2 4
APP_10_Inner_Layer_2:0 0.06666666666666667 0.06666666666666667 0.25 3.9 8 28 3.75 1
6 7
APP_10_Inner_Layer_2:1 0.13333333333333333 0.13333333333333333 0.5 1.21 19 37 1.09 1
7
APP_10_Inner_Layer_2:2 0.3333333333333333 0.3333333333333333 1.25 1.31 21 11 1.25 1
5 6
APP_10_Inner_Layer_3:0 0.4666666666666667 0.4666666666666667 1.75 2.76 16 11 3.99 1
8 9 10
APP_10_Output_Layer_0 0.4666666666666667 0.4666666666666667 1.75 2.57 27 47 1.68 1
11
12
5.774620955657586
APP_11_Input_Layer_0 0.3333333333333333 0.3333333333333333 1.25 3.23 17 42 3.35 1

APP_11_Inner_Layer_0:0 0.4 0.4 1.5 1.72 1 14 3.05 1
0
APP_11_Inner_Layer_0:1 0.6 0.6 2.25 1.43 27 40 1.02 1
0
APP_11_Inner_Layer_0:2 0.2 0.2 0.75 2.99 36 26 1.4 1
0
APP_11_Inner_Layer_1:0 0.26666666666666666 0.26666666666666666 1.0 3.11 3 35 2.91 1
2 3
APP_11_Inner_Layer_1:1 0.2 0.2 0.75 3.8 8 18 1.68 1
1
APP_11_Inner_Layer_2:0 0.4 0.4 1.5 1.13 11 40 1.94 1
5
APP_11_Inner_Layer_2:1 0.3333333333333333 0.3333333333333333 1.25 3.64 22 38 1.96 1
4
APP_11_Inner_Layer_2:2 0.2 0.2 0.75 2.54 12 13 1.53 1
4 5
APP_11_Inner_Layer_3:0 0.4 0.4 1.5 3.48 37 17 2.52 1
8
APP_11_Inner_Layer_3:1 0.4 0.4 1.5 2.98 30 24 3.93 1
6 7
APP_11_Output_Layer_0 0.4666666666666667 0.4666666666666667 1.75 2.84 9 33 1.78 1
9 10
8
6.1010566179556704
APP_12_Input_Layer_0 0.4 0.4 1.5 2.24 18 23 3.91 1

APP_12_Inner_Layer_0:0 0.5333333333333333 0.5333333333333333 2.0 1.57 8 4 2.21 1
0
APP_12_Inner_Layer_0:1 0.13333333333333333 0.13333333333333333 0.5 3.67 38 22 3.34 1
0
APP_12_Inner_Layer_0:2 0.2 0.2 0.75 2.6 11 27 1.24 1
0
APP_12_Inner_Layer_0:3 0.4666666666666667 0.4666666666666667 1.75 2.77 35 44 2.95 1
0
APP_12_Inner_Layer_1:0 0.4666666666666667 0.4666666666666667 1.75 1.44 1 14 2.95 1
1 2
APP_12_Inner_Layer_1:1 0.6 0.6 2.25 1.44 32 31 1.7 1
3 4
APP_12_Output_Layer_0 0.3333333333333333 0.3333333333333333 1.25 1.49 32 40 2.95 1
5 6
