10
13
7
0
APP_0_Input_Layer_0 0.2 0.2 0.75 3.93 19 26 2.16 1

APP_0_Inner_Layer_0:0 0.4 0.4 1.5 2.51 33 1 2.14 1
0
APP_0_Inner_Layer_1:0 0.13333333333333333 0.13333333333333333 0.5 2.07 28 35 1.25 1
1
APP_0_Inner_Layer_1:1 0.3333333333333333 0.3333333333333333 1.25 3.33 36 31 2.34 1
1
APP_0_Inner_Layer_2:0 0.06666666666666667 0.06666666666666667 0.25 2.79 26 26 2.02 1
2
APP_0_Inner_Layer_2:1 0.4666666666666667 0.4666666666666667 1.75 1.54 35 37 2.05 1
3
APP_0_Output_Layer_0 0.06666666666666667 0.06666666666666667 0.25 3.1 45 34 3.31 1
4 5
4
0.6458644397525258
APP_1_Input_Layer_0 0.13333333333333333 0.13333333333333333 0.5 3.04 31 25 1.15 1

APP_1_Inner_Layer_0:0 0.26666666666666666 0.26666666666666666 1.0 3.44 40 49 2.21 1
0
APP_1_Inner_Layer_0:1 0.13333333333333333 0.13333333333333333 0.5 1.4 28 46 3.01 1
0
APP_1_Output_Layer_0 0.5333333333333333 0.5333333333333333 2.0 1.81 1 15 2.52 1
1 2
6
0.9601588800941987
APP_2_Input_Layer_0 0.13333333333333333 0.13333333333333333 0.5 2.09 40 9 1.35 1

APP_2_Inner_Layer_0:0 0.4666666666666667 0.4666666666666667 1.75 1.66 12 32 2.97 0
0
APP_2_Inner_Layer_0:1 0.2 0.2 0.75 3.92 30 49 3.72 1
0
APP_2_Inner_Layer_0:2 0.4666666666666667 0.4666666666666667 1.75 2.39 27 6 3.93 1
0
APP_2_Inner_Layer_0:3 0.5333333333333333 0.5333333333333333 2.0 1.53 29 46 3.52 1
0
APP_2_Output_Layer_0 0.4 0.4 1.5 1.5 6 23 3.23 1
1 2 3 4
7
1.667799384336769
APP_3_Input_Layer_0 0.13333333333333333 0.13333333333333333 0.5 1.22 34 30 3.73 1

APP_3_Inner_Layer_0:0 0.06666666666666667 0.06666666666666667 0.25 2.15 39 40 3.41 1
0
APP_3_Inner_Layer_0:1 0.26666666666666666 0.26666666666666666 1.0 1.04 35 43 2.31 1
0
APP_3_Inner_Layer_1:0 0.3333333333333333 0.3333333333333333 1.25 1.5 34 10 3.95 1
1
APP_3_Inner_Layer_1:1 0.6 0.6 2.25 3.94 23 47 3.1 1
2
APP_3_Inner_Layer_2:0 0.6 0.6 2.25 3.11 41 4 1.97 1
3 4
APP_3_Output_Layer_0 0.2 0.2 0.75 2.21 47 13 3.46 1
5
12
1.9593292198498835
APP_4_Input_Layer_0 0.3333333333333333 0.3333333333333333 1.25 1.06 30 13 3.02 1

APP_4_Inner_Layer_0:0 0.5333333333333333 0.5333333333333333 2.0 2.24 29 40 2.29 1
0
APP_4_Inner_Layer_0:1 0.26666666666666666 0.26666666666666666 1.0 1.9 16 42 2.33 1
0
APP_4_Inner_Layer_0:2 0.26666666666666666 0.26666666666666666 1.0 1.14 48 13 4.0 1
0
APP_4_Inner_Layer_1:0 0.13333333333333333 0.13333333333333333 0.5 2.79 29 28 3.29 1
1 2
APP_4_Inner_Layer_1:1 0.26666666666666666 0.26666666666666666 1.0 2.77 13 30 3.25 1
3
APP_4_Inner_Layer_1:2 0.4666666666666667 0.4666666666666667 1.75 2.5 3 25 2.51 0
2
APP_4_Inner_Layer_1:3 0.4 0.4 1.5 2.58 25 44 2.93 1
2
APP_4_Inner_Layer_2:0 0.5333333333333333 0.5333333333333333 2.0 3.06 48 1 1.18 1
4 5 6 7
APP_4_Inner_Layer_3:0 0.4 0.4 1.5 1.08 38 23 3.21 1
8
APP_4_Inner_Layer_3:1 0.4666666666666667 0.4666666666666667 1.75 3.14 8 37 3.21 1
8
APP_4_Output_Layer_0 0.4 0.4 1.5 2.79 37 8 2.95 1
9 10
6
2.543763254726648
APP_5_Input_Layer_0 0.13333333333333333 0.13333333333333333 0.5 2.09 12 24 3.21 1

APP_5_Inner_Layer_0:0 0.6 0.6 2.25 2.58 19 13 1.19 1
0
APP_5_Inner_Layer_0:1 0.4 0.4 1.5 2.35 3 3 3.45 1
0
APP_5_Inner_Layer_0:2 0.26666666666666666 0.26666666666666666 1.0 3.37 31 22 3.66 1
0
APP_5_Inner_Layer_0:3 0.4666666666666667 0.4666666666666667 1.75 3.59 41 43 1.94 0
0
APP_5_Output_Layer_0 0.06666666666666667 0.06666666666666667 0.25 1.54 32 2 3.2 1
1 2 3 4
7
3.016344640134095
APP_6_Input_Layer_0 0.13333333333333333 0.13333333333333333 0.5 1.77 26 9 3.36 1

APP_6_Inner_Layer_0:0 0.6 0.6 2.25 1.86 30 30 3.2 1
0
APP_6_Inner_Layer_0:1 0.6 0.6 2.25 1.79 32 11 3.02 0
0
APP_6_Inner_Layer_0:2 0.3333333333333333 0.3333333333333333 1.25 1.03 43 26 3.49 0
0
APP_6_Inner_Layer_1:0 0.5333333333333333 0.5333333333333333 2.0 3.62 15 22 2.34 1
1 3
APP_6_Inner_Layer_1:1 0.3333333333333333 0.3333333333333333 1.25 3.85 16 14 2.11 1
1 2 3
APP_6_Output_Layer_0 0.13333333333333333 0.13333333333333333 0.5 3.97 11 24 3.73 1
4 5
5
3.640326264215553
APP_7_Input_Layer_0 0.2 0.2 0.75 3.12 16 37 1.57 1

APP_7_Inner_Layer_0:0 0.6 0.6 2.25 2.97 25 12 2.65 1
0
APP_7_Inner_Layer_0:1 0.26666666666666666 0.26666666666666666 1.0 1.33 48 37 2.12 1
0
APP_7_Inner_Layer_0:2 0.5333333333333333 0.5333333333333333 2.0 1.64 49 23 2.22 1
0
APP_7_Output_Layer_0 0.26666666666666666 0.26666666666666666 1.0 3.68 42 8 1.53 1
1 2 3
6
4.036974855707906
APP_8_Input_Layer_0 0.4666666666666667 0.4666666666666667 1.75 3.77 27 5 2.42 1

APP_8_Inner_Layer_0:0 0.4666666666666667 0.4666666666666667 1.75 1.17 32 31 1.14 1
0
APP_8_Inner_Layer_0:1 0.6 0.6 2.25 2.85 17 42 3.69 1
0
APP_8_Inner_Layer_0:2 0.4 0.4 1.5 2.62 24 12 2.64 1
0
APP_8_Inner_Layer_0:3 0.5333333333333333 0.5333333333333333 2.0 3.76 6 43 2.73 1
0
APP_8_Output_Layer_0 0.26666666666666666 0.26666666666666666 1.0 1.07 35 22 2.58 1
1 2 3 4
14
4.677033000494108
APP_9_Input_Layer_0 0.6 0.6 2.25 3.81 31 8 2.03 1

APP_9_Inner_Layer_0:0 0.13333333333333333 0.13333333333333333 0.5 1.14 48 40 2.61 1
0
APP_9_Inner_Layer_0:1 0.06666666666666667 0.06666666666666667 0.25 2.96 3 6 1.87 0
0
APP_9_Inner_Layer_1:0 0.5333333333333333 0.5333333333333333 2.0 1.64 25 41 1.98 1
1
APP_9_Inner_Layer_1:1 0.5333333333333333 0.5333333333333333 2.0 2.36 9 37 2.02 1
2
APP_9_Inner_Layer_1:2 0.5333333333333333 0.5333333333333333 2.0 2.38 12 18 1.04 1
1 2
APP_9_Inner_Layer_1:3 0.3333333333333333 0.3333333333333333 1.25 3.58 43 30 3.51 1
1
APP_9_Inner_Layer_2:0 0.6 0.6 2.25 3.55 5 42 3.05 1
3 4 5
APP_9_Inner_Layer_2:1 0.26666666666666666 0.26666666666666666 1.0 3.39 7 21 1.92 1
3 5
APP_9_Inner_Layer_2:2 0.4666666666666667 0.4666666666666667 1.75 2.35 1 7 2.42 1
4
APP_9_Inner_Layer_2:3 0.3333333333333333 0.3333333333333333 1.25 1.46 46 27 2.64 1
4 5 6
APP_9_Inner_Layer_3:0 0.3333333333333333 0.3333333333333333 1.25 3.63 26 18 1.36 1
8 9 10
APP_9_Inner_Layer_3:1 0.26666666666666666 0.26666666666666666 1.0 2.77 32 8 2.89 1
7
APP_9_Output_Layer_0 0.4 0.4 1.5 3.37 35 34 3.11 1
11 12
9
5.321068112623018
APP_10_Input_Layer_0 0.4 0.4 1.5 1.85 36 27 3.65 1

APP_10_Inner_Layer_0:0 0.06666666666666667 0.06666666666666667 0.25 2.33 13 6 2.12 1
0
APP_10_Inner_Layer_1:0 0.4 0.4 1.5 3.32 8 11 2.59 1
1
APP_10_Inner_Layer_2:0 0.06666666666666667 0.06666666666666667 0.25 1.94 17 45 2.02 1
2
APP_10_Inner_Layer_2:1 0.4 0.4 1.5 3.82 17 36 3.01 1
2
APP_10_Inner_Layer_3:0 0.4 0.4 1.5 2.47 7 19 3.38 1
4
APP_10_Inner_Layer_3:1 0.5333333333333333 0.5333333333333333 2.0 1.35 18 44 1.71 1
3
APP_10_Inner_Layer_3:2 0.2 0.2 0.75 3.27 42 12 1.31 1
3
APP_10_Output_Layer_0 0.4666666666666667 0.4666666666666667 1.75 3.64 24 21 3.27 1
5 6 7
12
5.82525603851576
APP_11_Input_Layer_0 0.3333333333333333 0.3333333333333333 1.25 2.59 23 26 1.7 1

APP_11_Inner_Layer_0:0 0.3333333333333333 0.3333333333333333 1.25 1.14 33 23 3.99 1
0
APP_11_Inner_Layer_0:1 0.3333333333333333 0.3333333333333333 1.25 2.92 17 15 2.3 1
0
APP_11_Inner_Layer_0:2 0.26666666666666666 0.26666666666666666 1.0 1.45 29 43 3.76 1
0
APP_11_Inner_Layer_0:3 0.26666666666666666 0.26666666666666666 1.0 2.29 47 40 2.34 1
0
APP_11_Inner_Layer_1:0 0.3333333333333333 0.3333333333333333 1.25 3.06 15 44 3.47 0
1 2 3 4
APP_11_Inner_Layer_1:1 0.4666666666666667 0.4666666666666667 1.75 1.34 33 28 3.42 1
2
APP_11_Inner_Layer_1:2 0.26666666666666666 0.26666666666666666 1.0 3.15 12 32 1.01 0
1 3
APP_11_Inner_Layer_1:3 0.5333333333333333 0.5333333333333333 2.0 1.43 5 40 2.74 1
1 2 4
APP_11_Inner_Layer_2:0 0.4666666666666667 0.4666666666666667 1.75 2.61 34 27 1.69 1
8
APP_11_Inner_Layer_2:1 0.2 0.2 0.75 3.32 12 46 2.12 1
5 6 7
APP_11_Output_Layer_0 0.4666666666666667 0.4666666666666667 1.75 3.75 18 40 2.48 1
9 10
12
6.243316720974136
APP_12_Input_Layer_0 0.4 0.4 1.5 1.14 18 14 3.31 1

APP_12_Inner_Layer_0:0 0.4666666666666667 0.4666666666666667 1.75 3.82 45 44 2.69 1
0
APP_12_Inner_Layer_0:1 0.5333333333333333 0.5333333333333333 2.0 1.65 26 12 1.9 1
0
APP_12_Inner_Layer_0:2 0.4666666666666667 0.4666666666666667 1.75 1.39 29 29 1.94 1
0
APP_12_Inner_Layer_0:3 0.5333333333333333 0.5333333333333333 2.0 3.67 15 9 3.88 1
0
APP_12_Inner_Layer_1:0 0.26666666666666666 0.26666666666666666 1.0 2.72 20 19 1.14 1
1 3 4
APP_12_Inner_Layer_1:1 0.26666666666666666 0.26666666666666666 1.0 1.53 39 36 2.24 1
2
APP_12_Inner_Layer_1:2 0.5333333333333333 0.5333333333333333 2.0 3.23 16 12 1.17 1
1 3
APP_12_Inner_Layer_2:0 0.26666666666666666 0.26666666666666666 1.0 2.58 45 24 3.72 1
6
APP_12_Inner_Layer_2:1 0.4 0.4 1.5 1.09 19 11 3.48 1
5 6 7
APP_12_Inner_Layer_2:2 0.5333333333333333 0.5333333333333333 2.0 2.17 34 35 3.32 1
6 7
APP_12_Output_Layer_0 0.4 0.4 1.5 1.5 18 5 2.74 1
8 9 10
