10
13
10
0
APP_0_Input_Layer_0 0.5333333333333333 0.5333333333333333 2.0 3.27 16 11 3.54 1

APP_0_Inner_Layer_0:0 0.4666666666666667 0.4666666666666667 1.75 3.81 8 31 2.03 1
0
APP_0_Inner_Layer_0:1 0.4666666666666667 0.4666666666666667 1.75 1.21 30 33 2.67 1
0
APP_0_Inner_Layer_1:0 0.5333333333333333 0.5333333333333333 2.0 2.39 2 33 3.63 0
1 2
APP_0_Inner_Layer_1:1 0.3333333333333333 0.3333333333333333 1.25 3.47 17 19 3.93 1
2
APP_0_Inner_Layer_1:2 0.4 0.4 1.5 1.69 8 23 3.98 1
1 2
APP_0_Inner_Layer_1:3 0.26666666666666666 0.26666666666666666 1.0 1.97 46 9 3.45 1
1
APP_0_Inner_Layer_2:0 0.4666666666666667 0.4666666666666667 1.75 1.95 31 48 3.35 1
3 6
APP_0_Inner_Layer_2:1 0.26666666666666666 0.26666666666666666 1.0 1.76 12 36 2.88 1
4 5
APP_0_Output_Layer_0 0.6 0.6 2.25 1.77 20 2 3.83 1
7 8
13
0.4818003773816523
APP_1_Input_Layer_0 0.4 0.4 1.5 1.05 3 31 1.61 1

APP_1_Inner_Layer_0:0 0.3333333333333333 0.3333333333333333 1.25 3.33 48 18 2.72 1
0
APP_1_Inner_Layer_0:1 0.6 0.6 2.25 2.38 33 24 3.96 1
0
APP_1_Inner_Layer_0:2 0.26666666666666666 0.26666666666666666 1.0 1.45 10 7 2.08 0
0
APP_1_Inner_Layer_1:0 0.6 0.6 2.25 2.8 32 32 3.1 1
3
APP_1_Inner_Layer_1:1 0.5333333333333333 0.5333333333333333 2.0 2.38 17 23 1.2 1
1 2
APP_1_Inner_Layer_2:0 0.06666666666666667 0.06666666666666667 0.25 1.35 8 38 2.22 1
5
APP_1_Inner_Layer_2:1 0.6 0.6 2.25 3.89 3 3 3.65 1
4
APP_1_Inner_Layer_2:2 0.4666666666666667 0.4666666666666667 1.75 1.79 38 32 2.94 1
4 5
APP_1_Inner_Layer_2:3 0.4 0.4 1.5 3.51 43 40 3.13 1
5
APP_1_Inner_Layer_3:0 0.06666666666666667 0.06666666666666667 0.25 1.32 21 48 1.59 1
7 8 9
APP_1_Inner_Layer_3:1 0.26666666666666666 0.26666666666666666 1.0 1.5 24 48 3.23 1
6
APP_1_Output_Layer_0 0.5333333333333333 0.5333333333333333 2.0 3.95 5 1 3.67 1
10 11
6
1.1883675220864467
APP_2_Input_Layer_0 0.2 0.2 0.75 2.11 31 11 3.81 1

APP_2_Inner_Layer_0:0 0.4666666666666667 0.4666666666666667 1.75 1.91 1 21 2.97 0
0
APP_2_Inner_Layer_0:1 0.6 0.6 2.25 2.81 27 3 2.01 1
0
APP_2_Inner_Layer_0:2 0.4666666666666667 0.4666666666666667 1.75 1.03 30 31 3.59 0
0
APP_2_Inner_Layer_0:3 0.4 0.4 1.5 2.99 10 46 2.31 1
0
APP_2_Output_Layer_0 0.26666666666666666 0.26666666666666666 1.0 1.77 41 21 3.24 1
1 2 3 4
6
1.8793027471764387
APP_3_Input_Layer_0 0.26666666666666666 0.26666666666666666 1.0 1.72 4 45 3.61 0

APP_3_Inner_Layer_0:0 0.3333333333333333 0.3333333333333333 1.25 2.57 36 2 1.89 1
0
APP_3_Inner_Layer_0:1 0.4666666666666667 0.4666666666666667 1.75 3.05 1 3 1.99 1
0
APP_3_Inner_Layer_1:0 0.6 0.6 2.25 2.18 24 17 2.27 1
1 2
APP_3_Inner_Layer_2:0 0.2 0.2 0.75 1.05 19 40 2.19 1
3
APP_3_Output_Layer_0 0.6 0.6 2.25 3.82 41 16 1.3 1
4
11
2.210271810512296
APP_4_Input_Layer_0 0.26666666666666666 0.26666666666666666 1.0 3.42 22 42 3.35 1

APP_4_Inner_Layer_0:0 0.3333333333333333 0.3333333333333333 1.25 1.59 13 26 2.65 1
0
APP_4_Inner_Layer_1:0 0.5333333333333333 0.5333333333333333 2.0 1.63 41 47 1.5 1
1
APP_4_Inner_Layer_1:1 0.4666666666666667 0.4666666666666667 1.75 1.31 7 8 1.14 1
1
APP_4_Inner_Layer_2:0 0.4666666666666667 0.4666666666666667 1.75 3.15 30 37 3.29 1
2 3
APP_4_Inner_Layer_2:1 0.5333333333333333 0.5333333333333333 2.0 3.98 7 11 3.43 1
2
APP_4_Inner_Layer_2:2 0.26666666666666666 0.26666666666666666 1.0 1.83 36 9 1.33 1
3
APP_4_Inner_Layer_3:0 0.13333333333333333 0.13333333333333333 0.5 3.48 40 23 1.15 1
5
APP_4_Inner_Layer_3:1 0.5333333333333333 0.5333333333333333 2.0 1.68 17 15 3.21 1
6
APP_4_Inner_Layer_3:2 0.3333333333333333 0.3333333333333333 1.25 3.9 47 15 2.82 1
4 6
APP_4_Output_Layer_0 0.13333333333333333 0.13333333333333333 0.5 3.57 9 19 1.33 1
7 8 9
4
2.9443912632008775
APP_5_Input_Layer_0 0.26666666666666666 0.26666666666666666 1.0 3.24 10 6 3.93 1

APP_5_Inner_Layer_0:0 0.4666666666666667 0.4666666666666667 1.75 2.09 19 34 1.92 1
0
APP_5_Inner_Layer_0:1 0.4666666666666667 0.4666666666666667 1.75 1.29 14 28 2.21 1
0
APP_5_Output_Layer_0 0.26666666666666666 0.26666666666666666 1.0 3.12 31 10 1.82 1
1 2
5
3.2572942292689793
APP_6_Input_Layer_0 0.26666666666666666 0.26666666666666666 1.0 1.22 42 30 2.07 1

APP_6_Inner_Layer_0:0 0.4 0.4 1.5 2.86 11 47 2.46 0
0
APP_6_Inner_Layer_0:1 0.13333333333333333 0.13333333333333333 0.5 2.21 1 47 3.09 1
0
APP_6_Inner_Layer_0:2 0.5333333333333333 0.5333333333333333 2.0 1.89 46 9 2.24 1
0
APP_6_Output_Layer_0 0.26666666666666666 0.26666666666666666 1.0 3.61 21 28 2.96 1
1 2 3
10
3.845764498849319
APP_7_Input_Layer_0 0.4 0.4 1.5 2.87 45 13 3.79 1

APP_7_Inner_Layer_0:0 0.26666666666666666 0.26666666666666666 1.0 1.82 10 14 2.17 1
0
APP_7_Inner_Layer_1:0 0.26666666666666666 0.26666666666666666 1.0 3.45 15 38 3.14 1
1
APP_7_Inner_Layer_1:1 0.13333333333333333 0.13333333333333333 0.5 2.59 40 31 2.49 1
1
APP_7_Inner_Layer_1:2 0.6 0.6 2.25 2.27 16 6 3.42 1
1
APP_7_Inner_Layer_1:3 0.26666666666666666 0.26666666666666666 1.0 2.68 45 1 1.36 1
1
APP_7_Inner_Layer_2:0 0.4 0.4 1.5 1.63 3 40 2.31 1
2 3 4
APP_7_Inner_Layer_2:1 0.2 0.2 0.75 2.98 15 37 3.4 1
2 3 5
APP_7_Inner_Layer_2:2 0.3333333333333333 0.3333333333333333 1.25 3.07 6 42 2.12 1
5
APP_7_Output_Layer_0 0.2 0.2 0.75 1.54 47 27 3.07 1
6 7 8
8
4.243521345763247
APP_8_Input_Layer_0 0.06666666666666667 0.06666666666666667 0.25 2.69 10 22 3.15 1

APP_8_Inner_Layer_0:0 0.06666666666666667 0.06666666666666667 0.25 3.37 46 17 2.23 1
0
APP_8_Inner_Layer_0:1 0.13333333333333333 0.13333333333333333 0.5 1.49 10 45 2.01 1
0
APP_8_Inner_Layer_0:2 0.13333333333333333 0.13333333333333333 0.5 2.78 32 3 2.46 1
0
APP_8_Inner_Layer_0:3 0.5333333333333333 0.5333333333333333 2.0 1.14 40 30 1.29 1
0
APP_8_Inner_Layer_1:0 0.5333333333333333 0.5333333333333333 2.0 3.21 25 6 2.05 1
1 2 3 4
APP_8_Inner_Layer_1:1 0.3333333333333333 0.3333333333333333 1.25 3.45 1 40 2.49 1
4
APP_8_Output_Layer_0 0.3333333333333333 0.3333333333333333 1.25 3.4 12 43 2.22 0
5 6
10
4.637640900951302
APP_9_Input_Layer_0 0.6 0.6 2.25 2.24 12 48 1.3 1

APP_9_Inner_Layer_0:0 0.5333333333333333 0.5333333333333333 2.0 3.83 29 47 2.08 1
0
APP_9_Inner_Layer_1:0 0.4 0.4 1.5 1.5 14 17 1.63 1
1
APP_9_Inner_Layer_2:0 0.6 0.6 2.25 2.51 24 10 2.53 1
2
APP_9_Inner_Layer_2:1 0.5333333333333333 0.5333333333333333 2.0 2.06 33 2 2.09 1
2
APP_9_Inner_Layer_2:2 0.4666666666666667 0.4666666666666667 1.75 3.36 24 44 2.08 1
2
APP_9_Inner_Layer_3:0 0.26666666666666666 0.26666666666666666 1.0 2.17 49 7 3.68 1
4
APP_9_Inner_Layer_3:1 0.13333333333333333 0.13333333333333333 0.5 1.67 6 32 3.72 1
3 4
APP_9_Inner_Layer_3:2 0.5333333333333333 0.5333333333333333 2.0 1.59 34 15 1.06 1
3 5
APP_9_Output_Layer_0 0.26666666666666666 0.26666666666666666 1.0 3.48 33 43 3.39 1
6 7 8
3
5.009713064968363
APP_10_Input_Layer_0 0.6 0.6 2.25 3.33 3 47 2.29 1

APP_10_Inner_Layer_0:0 0.06666666666666667 0.06666666666666667 0.25 3.76 8 25 3.1 1
0
APP_10_Output_Layer_0 0.6 0.6 2.25 3.71 44 42 2.75 1
1
6
5.408883417039188
APP_11_Input_Layer_0 0.5333333333333333 0.5333333333333333 2.0 1.69 1 49 2.4 1

APP_11_Inner_Layer_0:0 0.06666666666666667 0.06666666666666667 0.25 3.92 35 18 3.2 1
0
APP_11_Inner_Layer_0:1 0.6 0.6 2.25 1.18 9 10 3.9 1
0
APP_11_Inner_Layer_1:0 0.5333333333333333 0.5333333333333333 2.0 3.31 23 1 1.34 1
2
APP_11_Inner_Layer_1:1 0.3333333333333333 0.3333333333333333 1.25 3.94 35 37 1.39 1
1
APP_11_Output_Layer_0 0.5333333333333333 0.5333333333333333 2.0 3.13 14 46 3.18 1
3 4
9
5.803618301470128
APP_12_Input_Layer_0 0.5333333333333333 0.5333333333333333 2.0 3.56 8 2 3.04 1

APP_12_Inner_Layer_0:0 0.6 0.6 2.25 3.03 13 10 2.31 1
0
APP_12_Inner_Layer_0:1 0.06666666666666667 0.06666666666666667 0.25 2.46 9 8 2.52 1
0
APP_12_Inner_Layer_1:0 0.5333333333333333 0.5333333333333333 2.0 2.39 42 36 3.96 1
1 2
APP_12_Inner_Layer_2:0 0.26666666666666666 0.26666666666666666 1.0 1.24 17 13 1.16 1
3
APP_12_Inner_Layer_2:1 0.06666666666666667 0.06666666666666667 0.25 3.5 8 44 3.25 1
3
APP_12_Inner_Layer_3:0 0.6 0.6 2.25 3.55 26 28 2.98 1
4
APP_12_Inner_Layer_3:1 0.5333333333333333 0.5333333333333333 2.0 3.83 24 23 3.72 1
5
APP_12_Output_Layer_0 0.06666666666666667 0.06666666666666667 0.25 2.69 1 35 1.43 1
6 7
