10
13
8
0
APP_0_Input_Layer_0 0.26666666666666666 0.26666666666666666 1.0 3.2 33 36 1.5 1

APP_0_Inner_Layer_0:0 0.06666666666666667 0.06666666666666667 0.25 3.65 17 7 2.39 1
0
APP_0_Inner_Layer_0:1 0.26666666666666666 0.26666666666666666 1.0 2.97 29 29 1.7 1
0
APP_0_Inner_Layer_0:2 0.5333333333333333 0.5333333333333333 2.0 2.72 26 1 2.37 0
0
APP_0_Inner_Layer_0:3 0.4 0.4 1.5 1.67 28 16 2.83 0
0
APP_0_Inner_Layer_1:0 0.5333333333333333 0.5333333333333333 2.0 2.08 20 42 2.08 1
1 2 3 4
APP_0_Inner_Layer_2:0 0.3333333333333333 0.3333333333333333 1.25 2.97 46 19 2.14 1
5
APP_0_Output_Layer_0 0.5333333333333333 0.5333333333333333 2.0 3.92 34 47 2.65 0
6
12
0.6034103158536921
APP_1_Input_Layer_0 0.5333333333333333 0.5333333333333333 2.0 3.58 19 41 3.67 1

APP_1_Inner_Layer_0:0 0.26666666666666666 0.26666666666666666 1.0 2.41 34 29 1.43 1
0
APP_1_Inner_Layer_0:1 0.4666666666666667 0.4666666666666667 1.75 1.52 3 13 1.32 1
0
APP_1_Inner_Layer_0:2 0.3333333333333333 0.3333333333333333 1.25 3.16 15 30 3.91 1
0
APP_1_Inner_Layer_0:3 0.06666666666666667 0.06666666666666667 0.25 3.8 49 41 2.47 1
0
APP_1_Inner_Layer_1:0 0.3333333333333333 0.3333333333333333 1.25 2.56 13 25 3.18 1
1 3
APP_1_Inner_Layer_1:1 0.2 0.2 0.75 1.97 29 44 1.54 1
2 3 4
APP_1_Inner_Layer_1:2 0.06666666666666667 0.06666666666666667 0.25 3.04 19 23 2.73 1
2 3 4
APP_1_Inner_Layer_1:3 0.4 0.4 1.5 3.44 22 3 2.47 0
1
APP_1_Inner_Layer_2:0 0.3333333333333333 0.3333333333333333 1.25 1.69 34 19 2.81 1
5 6 7 8
APP_1_Inner_Layer_3:0 0.26666666666666666 0.26666666666666666 1.0 1.92 37 35 3.35 1
9
APP_1_Output_Layer_0 0.26666666666666666 0.26666666666666666 1.0 1.61 43 38 3.77 1
10
11
1.1770604792290207
APP_2_Input_Layer_0 0.4666666666666667 0.4666666666666667 1.75 3.95 32 4 3.55 1

APP_2_Inner_Layer_0:0 0.4 0.4 1.5 3.87 31 32 1.24 0
0
APP_2_Inner_Layer_0:1 0.26666666666666666 0.26666666666666666 1.0 1.41 39 38 1.79 1
0
APP_2_Inner_Layer_0:2 0.3333333333333333 0.3333333333333333 1.25 3.38 46 17 1.39 0
0
APP_2_Inner_Layer_0:3 0.5333333333333333 0.5333333333333333 2.0 1.1 3 27 1.04 1
0
APP_2_Inner_Layer_1:0 0.26666666666666666 0.26666666666666666 1.0 2.51 48 34 3.96 1
3 4
APP_2_Inner_Layer_1:1 0.06666666666666667 0.06666666666666667 0.25 1.25 9 28 1.96 1
2 3
APP_2_Inner_Layer_1:2 0.5333333333333333 0.5333333333333333 2.0 1.62 5 10 2.07 1
1 4
APP_2_Inner_Layer_1:3 0.4 0.4 1.5 1.76 6 22 2.47 1
2 4
APP_2_Inner_Layer_2:0 0.3333333333333333 0.3333333333333333 1.25 1.81 1 19 3.84 1
5 6 7 8
APP_2_Output_Layer_0 0.5333333333333333 0.5333333333333333 2.0 1.7 19 19 1.53 0
9
11
1.5943894906381315
APP_3_Input_Layer_0 0.4666666666666667 0.4666666666666667 1.75 1.55 14 40 1.06 1

APP_3_Inner_Layer_0:0 0.4 0.4 1.5 2.75 37 22 2.9 1
0
APP_3_Inner_Layer_0:1 0.3333333333333333 0.3333333333333333 1.25 2.02 1 34 3.7 1
0
APP_3_Inner_Layer_0:2 0.6 0.6 2.25 2.11 16 44 1.81 1
0
APP_3_Inner_Layer_1:0 0.3333333333333333 0.3333333333333333 1.25 3.15 27 1 2.52 1
2 3
APP_3_Inner_Layer_1:1 0.26666666666666666 0.26666666666666666 1.0 2.73 11 15 2.49 1
1
APP_3_Inner_Layer_2:0 0.4 0.4 1.5 2.88 48 46 2.64 0
4 5
APP_3_Inner_Layer_2:1 0.4666666666666667 0.4666666666666667 1.75 2.81 32 5 3.93 1
5
APP_3_Inner_Layer_2:2 0.06666666666666667 0.06666666666666667 0.25 2.04 49 29 3.52 1
4
APP_3_Inner_Layer_2:3 0.2 0.2 0.75 1.68 28 43 2.13 0
4
APP_3_Output_Layer_0 0.06666666666666667 0.06666666666666667 0.25 3.92 26 29 3.73 1
6 7 8 9
8
1.8988616000865324
APP_4_Input_Layer_0 0.5333333333333333 0.5333333333333333 2.0 3.32 48 29 2.93 1

APP_4_Inner_Layer_0:0 0.3333333333333333 0.3333333333333333 1.25 2.32 20 43 1.06 1
0
APP_4_Inner_Layer_0:1 0.2 0.2 0.75 1.31 14 33 1.49 1
0
APP_4_Inner_Layer_0:2 0.2 0.2 0.75 2.18 33 29 2.59 1
0
APP_4_Inner_Layer_0:3 0.26666666666666666 0.26666666666666666 1.0 3.89 44 14 2.69 1
0
APP_4_Inner_Layer_1:0 0.6 0.6 2.25 1.41 2 7 3.21 1
2 3 4
APP_4_Inner_Layer_1:1 0.26666666666666666 0.26666666666666666 1.0 2.68 2 6 1.72 1
1
APP_4_Output_Layer_0 0.13333333333333333 0.13333333333333333 0.5 1.31 37 30 2.45 1
5 6
6
2.261412865648537
APP_5_Input_Layer_0 0.5333333333333333 0.5333333333333333 2.0 2.22 45 47 1.05 1

APP_5_Inner_Layer_0:0 0.3333333333333333 0.3333333333333333 1.25 2.43 14 11 3.5 1
0
APP_5_Inner_Layer_0:1 0.26666666666666666 0.26666666666666666 1.0 3.48 7 13 2.04 1
0
APP_5_Inner_Layer_0:2 0.4666666666666667 0.4666666666666667 1.75 3.01 30 35 1.87 1
0
APP_5_Inner_Layer_0:3 0.4 0.4 1.5 2.99 22 34 1.27 1
0
APP_5_Output_Layer_0 0.2 0.2 0.75 1.83 36 39 2.35 1
1 2 3 4
6
2.5513262292741605
APP_6_Input_Layer_0 0.26666666666666666 0.26666666666666666 1.0 3.42 19 36 2.98 1

APP_6_Inner_Layer_0:0 0.26666666666666666 0.26666666666666666 1.0 1.98 25 25 3.38 1
0
APP_6_Inner_Layer_0:1 0.6 0.6 2.25 1.19 10 10 1.46 1
0
APP_6_Inner_Layer_0:2 0.4666666666666667 0.4666666666666667 1.75 2.09 20 31 1.54 1
0
APP_6_Inner_Layer_0:3 0.13333333333333333 0.13333333333333333 0.5 1.14 49 38 1.6 0
0
APP_6_Output_Layer_0 0.13333333333333333 0.13333333333333333 0.5 1.72 4 20 2.15 1
1 2 3 4
6
3.142992679339118
APP_7_Input_Layer_0 0.5333333333333333 0.5333333333333333 2.0 2.35 12 12 2.53 1

APP_7_Inner_Layer_0:0 0.06666666666666667 0.06666666666666667 0.25 3.61 47 34 3.56 1
0
APP_7_Inner_Layer_0:1 0.26666666666666666 0.26666666666666666 1.0 3.75 34 9 3.46 1
0
APP_7_Inner_Layer_0:2 0.4666666666666667 0.4666666666666667 1.75 2.42 7 42 3.38 1
0
APP_7_Inner_Layer_0:3 0.5333333333333333 0.5333333333333333 2.0 3.43 43 22 2.56 1
0
APP_7_Output_Layer_0 0.13333333333333333 0.13333333333333333 0.5 1.86 34 20 1.14 0
1 2 3 4
12
3.5415885369003686
APP_8_Input_Layer_0 0.3333333333333333 0.3333333333333333 1.25 3.66 12 29 1.31 1

APP_8_Inner_Layer_0:0 0.26666666666666666 0.26666666666666666 1.0 1.48 47 37 2.4 1
0
APP_8_Inner_Layer_1:0 0.13333333333333333 0.13333333333333333 0.5 1.7 27 42 3.97 1
1
APP_8_Inner_Layer_1:1 0.6 0.6 2.25 2.46 14 35 1.48 0
1
APP_8_Inner_Layer_1:2 0.5333333333333333 0.5333333333333333 2.0 2.33 45 15 1.01 0
1
APP_8_Inner_Layer_2:0 0.6 0.6 2.25 3.09 5 8 1.28 1
3
APP_8_Inner_Layer_2:1 0.2 0.2 0.75 2.29 24 31 2.11 1
2
APP_8_Inner_Layer_2:2 0.5333333333333333 0.5333333333333333 2.0 2.21 17 25 3.66 1
3 4
APP_8_Inner_Layer_3:0 0.5333333333333333 0.5333333333333333 2.0 3.96 25 25 2.85 1
5 6
APP_8_Inner_Layer_3:1 0.5333333333333333 0.5333333333333333 2.0 1.28 30 23 3.93 1
5 7
APP_8_Inner_Layer_3:2 0.3333333333333333 0.3333333333333333 1.25 1.24 22 37 2.9 1
6
APP_8_Output_Layer_0 0.4 0.4 1.5 2.89 11 1 3.66 1
8 9 10
13
4.292329563873015
APP_9_Input_Layer_0 0.4666666666666667 0.4666666666666667 1.75 3.22 44 32 2.08 1

APP_9_Inner_Layer_0:0 0.06666666666666667 0.06666666666666667 0.25 2.19 18 39 2.13 1
0
APP_9_Inner_Layer_0:1 0.26666666666666666 0.26666666666666666 1.0 1.7 14 47 3.13 1
0
APP_9_Inner_Layer_0:2 0.4 0.4 1.5 3.73 11 31 3.24 1
0
APP_9_Inner_Layer_0:3 0.5333333333333333 0.5333333333333333 2.0 2.2 10 43 1.42 1
0
APP_9_Inner_Layer_1:0 0.2 0.2 0.75 3.28 32 40 3.57 1
1 4
APP_9_Inner_Layer_1:1 0.4 0.4 1.5 2.35 46 34 2.62 0
2 3
APP_9_Inner_Layer_1:2 0.6 0.6 2.25 2.27 7 46 3.62 1
1
APP_9_Inner_Layer_1:3 0.06666666666666667 0.06666666666666667 0.25 2.12 29 8 3.64 1
1 2 4
APP_9_Inner_Layer_2:0 0.6 0.6 2.25 1.3 15 37 3.81 1
8
APP_9_Inner_Layer_2:1 0.3333333333333333 0.3333333333333333 1.25 1.8 45 15 2.37 1
6 7
APP_9_Inner_Layer_2:2 0.6 0.6 2.25 1.18 3 18 3.13 1
5 8
APP_9_Output_Layer_0 0.5333333333333333 0.5333333333333333 2.0 2.26 8 49 3.34 1
9 10 11
9
4.957220065615006
APP_10_Input_Layer_0 0.13333333333333333 0.13333333333333333 0.5 1.35 41 2 3.76 1

APP_10_Inner_Layer_0:0 0.4 0.4 1.5 1.75 17 19 3.19 1
0
APP_10_Inner_Layer_0:1 0.13333333333333333 0.13333333333333333 0.5 2.01 21 47 1.44 1
0
APP_10_Inner_Layer_0:2 0.4666666666666667 0.4666666666666667 1.75 2.78 27 10 3.72 1
0
APP_10_Inner_Layer_0:3 0.4666666666666667 0.4666666666666667 1.75 2.93 39 48 1.47 1
0
APP_10_Inner_Layer_1:0 0.5333333333333333 0.5333333333333333 2.0 3.76 12 12 2.66 1
2
APP_10_Inner_Layer_1:1 0.13333333333333333 0.13333333333333333 0.5 1.03 35 32 2.79 0
1 4
APP_10_Inner_Layer_1:2 0.4666666666666667 0.4666666666666667 1.75 2.05 20 13 2.37 1
1 3 4
APP_10_Output_Layer_0 0.3333333333333333 0.3333333333333333 1.25 2.5 20 46 3.87 1
5 6 7
7
5.334597560372042
APP_11_Input_Layer_0 0.26666666666666666 0.26666666666666666 1.0 1.96 5 12 3.53 1

APP_11_Inner_Layer_0:0 0.4666666666666667 0.4666666666666667 1.75 2.52 7 46 1.87 1
0
APP_11_Inner_Layer_0:1 0.3333333333333333 0.3333333333333333 1.25 2.85 23 3 3.09 1
0
APP_11_Inner_Layer_0:2 0.4 0.4 1.5 3.4 45 45 3.95 1
0
APP_11_Inner_Layer_1:0 0.4 0.4 1.5 2.65 29 25 2.09 1
3
APP_11_Inner_Layer_1:1 0.3333333333333333 0.3333333333333333 1.25 3.1 32 21 1.74 1
1 2
APP_11_Output_Layer_0 0.26666666666666666 0.26666666666666666 1.0 2.54 22 45 2.45 1
4 5
6
5.742566526565569
APP_12_Input_Layer_0 0.06666666666666667 0.06666666666666667 0.25 3.55 48 38 1.19 1

APP_12_Inner_Layer_0:0 0.13333333333333333 0.13333333333333333 0.5 3.45 20 35 3.0 1
0
APP_12_Inner_Layer_0:1 0.13333333333333333 0.13333333333333333 0.5 2.85 23 1 3.84 1
0
APP_12_Inner_Layer_0:2 0.6 0.6 2.25 1.66 8 48 1.79 1
0
APP_12_Inner_Layer_1:0 0.3333333333333333 0.3333333333333333 1.25 2.41 25 35 2.09 1
1 2 3
APP_12_Output_Layer_0 0.6 0.6 2.25 3.3 39 44 1.69 1
4
