10
13
9
0
APP_0_Input_Layer_0 0.06666666666666667 0.06666666666666667 0.25 3.6 4 40 2.07 1

APP_0_Inner_Layer_0:0 0.06666666666666667 0.06666666666666667 0.25 3.15 18 49 1.53 1
0
APP_0_Inner_Layer_0:1 0.5333333333333333 0.5333333333333333 2.0 3.15 16 38 3.19 1
0
APP_0_Inner_Layer_0:2 0.5333333333333333 0.5333333333333333 2.0 1.99 20 23 2.37 1
0
APP_0_Inner_Layer_1:0 0.13333333333333333 0.13333333333333333 0.5 2.34 32 22 2.56 1
2
APP_0_Inner_Layer_1:1 0.6 0.6 2.25 3.48 45 4 3.11 1
1 3
APP_0_Inner_Layer_2:0 0.5333333333333333 0.5333333333333333 2.0 1.99 35 2 3.92 1
4 5
APP_0_Inner_Layer_3:0 0.3333333333333333 0.3333333333333333 1.25 3.4 34 7 1.97 1
6
APP_0_Output_Layer_0 0.4666666666666667 0.4666666666666667 1.75 2.25 37 25 1.38 1
7
8
0.4670230621010071
APP_1_Input_Layer_0 0.3333333333333333 0.3333333333333333 1.25 3.89 48 30 1.89 1

APP_1_Inner_Layer_0:0 0.26666666666666666 0.26666666666666666 1.0 3.46 31 36 2.74 1
0
APP_1_Inner_Layer_0:1 0.4666666666666667 0.4666666666666667 1.75 1.95 48 14 2.84 1
0
APP_1_Inner_Layer_0:2 0.06666666666666667 0.06666666666666667 0.25 3.67 46 7 2.73 1
0
APP_1_Inner_Layer_1:0 0.13333333333333333 0.13333333333333333 0.5 1.73 35 30 3.95 1
1 2 3
APP_1_Inner_Layer_2:0 0.2 0.2 0.75 2.08 33 19 1.41 1
4
APP_1_Inner_Layer_2:1 0.4666666666666667 0.4666666666666667 1.75 2.58 38 16 1.13 1
4
APP_1_Output_Layer_0 0.2 0.2 0.75 1.13 15 9 2.93 1
5 6
11
0.9336466271016832
APP_2_Input_Layer_0 0.5333333333333333 0.5333333333333333 2.0 1.52 11 27 2.29 1

APP_2_Inner_Layer_0:0 0.4 0.4 1.5 1.34 32 26 1.47 1
0
APP_2_Inner_Layer_0:1 0.13333333333333333 0.13333333333333333 0.5 3.88 30 30 1.82 1
0
APP_2_Inner_Layer_0:2 0.3333333333333333 0.3333333333333333 1.25 3.19 17 41 2.63 0
0
APP_2_Inner_Layer_1:0 0.3333333333333333 0.3333333333333333 1.25 2.78 1 20 1.12 0
3
APP_2_Inner_Layer_1:1 0.4666666666666667 0.4666666666666667 1.75 3.95 26 23 1.79 1
1 2
APP_2_Inner_Layer_2:0 0.4666666666666667 0.4666666666666667 1.75 2.42 13 30 3.53 1
4 5
APP_2_Inner_Layer_2:1 0.4666666666666667 0.4666666666666667 1.75 1.58 35 32 2.43 1
4
APP_2_Inner_Layer_2:2 0.4666666666666667 0.4666666666666667 1.75 2.36 20 7 2.65 1
5
APP_2_Inner_Layer_2:3 0.2 0.2 0.75 3.64 32 23 1.61 1
5
APP_2_Output_Layer_0 0.6 0.6 2.25 1.56 28 9 2.11 1
6 7 8 9
11
1.2194833956233384
APP_3_Input_Layer_0 0.4 0.4 1.5 3.86 23 35 3.92 1

APP_3_Inner_Layer_0:0 0.26666666666666666 0.26666666666666666 1.0 1.27 43 16 3.17 1
0
APP_3_Inner_Layer_0:1 0.4666666666666667 0.4666666666666667 1.75 1.42 28 15 3.19 1
0
APP_3_Inner_Layer_0:2 0.26666666666666666 0.26666666666666666 1.0 3.96 36 2 3.38 1
0
APP_3_Inner_Layer_0:3 0.2 0.2 0.75 3.37 12 25 2.17 1
0
APP_3_Inner_Layer_1:0 0.3333333333333333 0.3333333333333333 1.25 2.49 22 24 1.5 1
1 2 3 4
APP_3_Inner_Layer_2:0 0.13333333333333333 0.13333333333333333 0.5 3.37 29 42 1.54 1
5
APP_3_Inner_Layer_2:1 0.5333333333333333 0.5333333333333333 2.0 1.87 11 18 2.84 1
5
APP_3_Inner_Layer_3:0 0.6 0.6 2.25 2.03 13 46 1.48 1
7
APP_3_Inner_Layer_3:1 0.4 0.4 1.5 2.84 40 21 1.74 1
6
APP_3_Output_Layer_0 0.4666666666666667 0.4666666666666667 1.75 2.64 34 28 2.27 1
8 9
5
1.7429018445036637
APP_4_Input_Layer_0 0.2 0.2 0.75 3.36 32 29 3.48 1

APP_4_Inner_Layer_0:0 0.6 0.6 2.25 3.71 17 22 2.18 1
0
APP_4_Inner_Layer_0:1 0.26666666666666666 0.26666666666666666 1.0 2.0 2 42 3.97 1
0
APP_4_Inner_Layer_0:2 0.3333333333333333 0.3333333333333333 1.25 3.46 21 35 3.79 1
0
APP_4_Output_Layer_0 0.4666666666666667 0.4666666666666667 1.75 1.96 12 22 2.37 1
1 2 3
5
2.352282725649001
APP_5_Input_Layer_0 0.3333333333333333 0.3333333333333333 1.25 1.18 16 17 1.56 1

APP_5_Inner_Layer_0:0 0.5333333333333333 0.5333333333333333 2.0 2.46 27 33 2.99 1
0
APP_5_Inner_Layer_0:1 0.3333333333333333 0.3333333333333333 1.25 1.36 4 25 1.67 1
0
APP_5_Inner_Layer_0:2 0.3333333333333333 0.3333333333333333 1.25 3.32 16 17 1.78 1
0
APP_5_Output_Layer_0 0.2 0.2 0.75 3.71 19 41 1.72 0
1 2 3
4
2.7858901160817475
APP_6_Input_Layer_0 0.3333333333333333 0.3333333333333333 1.25 2.1 15 3 2.2 1

APP_6_Inner_Layer_0:0 0.4666666666666667 0.4666666666666667 1.75 2.36 18 36 1.7 1
0
APP_6_Inner_Layer_0:1 0.5333333333333333 0.5333333333333333 2.0 1.29 18 28 1.16 1
0
APP_6_Output_Layer_0 0.6 0.6 2.25 1.7 22 3 2.23 1
1 2
15
3.0753007744339445
APP_7_Input_Layer_0 0.3333333333333333 0.3333333333333333 1.25 1.59 33 24 3.58 1

APP_7_Inner_Layer_0:0 0.4 0.4 1.5 2.24 15 26 3.91 1
0
APP_7_Inner_Layer_0:1 0.3333333333333333 0.3333333333333333 1.25 1.33 47 17 2.31 1
0
APP_7_Inner_Layer_0:2 0.06666666666666667 0.06666666666666667 0.25 1.3 42 38 1.62 0
0
APP_7_Inner_Layer_0:3 0.3333333333333333 0.3333333333333333 1.25 3.86 49 49 1.61 1
0
APP_7_Inner_Layer_1:0 0.6 0.6 2.25 2.2 3 8 3.1 1
2
APP_7_Inner_Layer_1:1 0.06666666666666667 0.06666666666666667 0.25 1.91 39 32 3.2 1
2 4
APP_7_Inner_Layer_1:2 0.4666666666666667 0.4666666666666667 1.75 2.96 49 8 1.32 1
2 3
APP_7_Inner_Layer_1:3 0.3333333333333333 0.3333333333333333 1.25 3.04 28 17 3.07 0
1 3
APP_7_Inner_Layer_2:0 0.5333333333333333 0.5333333333333333 2.0 1.78 46 16 1.76 1
5 6 7 8
APP_7_Inner_Layer_3:0 0.4666666666666667 0.4666666666666667 1.75 2.1 14 1 2.42 1
9
APP_7_Inner_Layer_3:1 0.4 0.4 1.5 1.98 8 7 2.03 1
9
APP_7_Inner_Layer_3:2 0.4666666666666667 0.4666666666666667 1.75 1.28 4 19 3.65 0
9
APP_7_Inner_Layer_3:3 0.26666666666666666 0.26666666666666666 1.0 3.15 39 47 1.13 1
9
APP_7_Output_Layer_0 0.26666666666666666 0.26666666666666666 1.0 1.79 8 26 1.37 1
10 11 12 13
15
3.568430956261212
APP_8_Input_Layer_0 0.6 0.6 2.25 3.52 37 34 3.52 1

APP_8_Inner_Layer_0:0 0.5333333333333333 0.5333333333333333 2.0 2.65 39 19 2.33 1
0
APP_8_Inner_Layer_0:1 0.13333333333333333 0.13333333333333333 0.5 3.49 42 29 2.15 1
0
APP_8_Inner_Layer_0:2 0.5333333333333333 0.5333333333333333 2.0 3.82 10 14 3.15 1
0
APP_8_Inner_Layer_0:3 0.3333333333333333 0.3333333333333333 1.25 1.57 34 10 1.94 1
0
APP_8_Inner_Layer_1:0 0.4666666666666667 0.4666666666666667 1.75 2.48 37 46 1.45 1
1 2 3
APP_8_Inner_Layer_1:1 0.6 0.6 2.25 2.29 28 34 2.2 1
4
APP_8_Inner_Layer_1:2 0.26666666666666666 0.26666666666666666 1.0 2.74 35 42 2.07 1
1 2 3 4
APP_8_Inner_Layer_2:0 0.13333333333333333 0.13333333333333333 0.5 1.79 37 21 2.45 1
6 7
APP_8_Inner_Layer_2:1 0.5333333333333333 0.5333333333333333 2.0 2.79 1 48 1.22 1
7
APP_8_Inner_Layer_2:2 0.3333333333333333 0.3333333333333333 1.25 3.12 47 48 3.09 1
5 6
APP_8_Inner_Layer_2:3 0.3333333333333333 0.3333333333333333 1.25 2.05 19 25 2.39 1
5 7
APP_8_Inner_Layer_3:0 0.2 0.2 0.75 1.78 10 16 2.19 1
9
APP_8_Inner_Layer_3:1 0.5333333333333333 0.5333333333333333 2.0 1.79 48 29 1.45 1
8 10 11
APP_8_Output_Layer_0 0.6 0.6 2.25 1.25 39 23 1.86 1
12 13
5
4.052835142880407
APP_9_Input_Layer_0 0.2 0.2 0.75 3.5 30 47 2.47 1

APP_9_Inner_Layer_0:0 0.13333333333333333 0.13333333333333333 0.5 3.17 47 11 3.39 1
0
APP_9_Inner_Layer_0:1 0.26666666666666666 0.26666666666666666 1.0 1.07 38 44 3.19 1
0
APP_9_Inner_Layer_1:0 0.4 0.4 1.5 3.74 27 46 2.98 1
1 2
APP_9_Output_Layer_0 0.2 0.2 0.75 2.81 19 22 1.84 1
3
8
4.733339422932139
APP_10_Input_Layer_0 0.26666666666666666 0.26666666666666666 1.0 3.08 38 7 3.38 1

APP_10_Inner_Layer_0:0 0.4666666666666667 0.4666666666666667 1.75 3.55 16 11 1.25 1
0
APP_10_Inner_Layer_0:1 0.06666666666666667 0.06666666666666667 0.25 1.34 6 32 3.9 1
0
APP_10_Inner_Layer_0:2 0.4666666666666667 0.4666666666666667 1.75 2.44 40 27 1.87 1
0
APP_10_Inner_Layer_1:0 0.13333333333333333 0.13333333333333333 0.5 1.31 42 29 3.46 1
2 1
APP_10_Inner_Layer_1:1 0.3333333333333333 0.3333333333333333 1.25 2.94 28 24 3.92 1
1 2 3
APP_10_Inner_Layer_2:0 0.4666666666666667 0.4666666666666667 1.75 3.92 48 11 2.89 1
4 5
APP_10_Output_Layer_0 0.5333333333333333 0.5333333333333333 2.0 2.95 23 46 1.53 1
6
6
5.098283295754269
APP_11_Input_Layer_0 0.4 0.4 1.5 2.54 49 33 2.34 1

APP_11_Inner_Layer_0:0 0.3333333333333333 0.3333333333333333 1.25 2.34 19 8 3.54 1
0
APP_11_Inner_Layer_0:1 0.6 0.6 2.25 3.12 11 46 3.06 1
0
APP_11_Inner_Layer_0:2 0.6 0.6 2.25 3.97 43 24 2.11 1
0
APP_11_Inner_Layer_0:3 0.5333333333333333 0.5333333333333333 2.0 2.72 46 36 2.51 1
0
APP_11_Output_Layer_0 0.06666666666666667 0.06666666666666667 0.25 3.76 38 38 3.21 1
1 2 3 4
6
5.471844329042062
APP_12_Input_Layer_0 0.26666666666666666 0.26666666666666666 1.0 1.11 31 23 2.07 1

APP_12_Inner_Layer_0:0 0.2 0.2 0.75 2.68 5 11 1.8 1
0
APP_12_Inner_Layer_0:1 0.5333333333333333 0.5333333333333333 2.0 1.88 10 23 1.28 1
0
APP_12_Inner_Layer_0:2 0.4 0.4 1.5 3.14 38 43 2.69 1
0
APP_12_Inner_Layer_0:3 0.4 0.4 1.5 1.06 32 42 1.84 1
0
APP_12_Output_Layer_0 0.26666666666666666 0.26666666666666666 1.0 3.37 9 41 2.64 1
1 2 3 4
