10
3
10
0
APP_0_Input_Layer_0 0.4666666666666667 0.4666666666666667 1.75 2.58 40 18 1.56 1

APP_0_Inner_Layer_0:0 0.4666666666666667 0.4666666666666667 1.75 1.1 23 32 2.94 1
0
APP_0_Inner_Layer_0:1 0.4666666666666667 0.4666666666666667 1.75 3.5 26 7 1.84 1
0
APP_0_Inner_Layer_0:2 0.6 0.6 2.25 1.76 13 26 1.49 1
0
APP_0_Inner_Layer_0:3 0.2 0.2 0.75 1.2 36 11 2.71 1
0
APP_0_Inner_Layer_1:0 0.6 0.6 2.25 1.52 3 14 2.81 1
1 3
APP_0_Inner_Layer_1:1 0.4 0.4 1.5 2.08 17 41 1.12 1
1 3
APP_0_Inner_Layer_1:2 0.13333333333333333 0.13333333333333333 0.5 3.36 10 2 2.04 1
2 3
APP_0_Inner_Layer_1:3 0.06666666666666667 0.06666666666666667 0.25 1.14 7 17 2.28 1
4
APP_0_Output_Layer_0 0.06666666666666667 0.06666666666666667 0.25 1.71 2 35 1.08 1
5 6 7 8
7
1.9406971727167275
APP_1_Input_Layer_0 0.2 0.2 0.75 1.01 17 36 1.17 1

APP_1_Inner_Layer_0:0 0.3333333333333333 0.3333333333333333 1.25 2.16 19 23 3.56 1
0
APP_1_Inner_Layer_0:1 0.06666666666666667 0.06666666666666667 0.25 1.55 37 41 3.35 1
0
APP_1_Inner_Layer_1:0 0.5333333333333333 0.5333333333333333 2.0 3.89 7 34 2.89 1
1 2
APP_1_Inner_Layer_2:0 0.2 0.2 0.75 3.33 2 41 3.85 1
3
APP_1_Inner_Layer_2:1 0.6 0.6 2.25 1.72 10 44 1.77 1
3
APP_1_Output_Layer_0 0.06666666666666667 0.06666666666666667 0.25 2.63 38 6 2.23 1
4 5
3
3.4111918329187456
APP_2_Input_Layer_0 0.3333333333333333 0.3333333333333333 1.25 2.53 21 48 3.98 0

APP_2_Inner_Layer_0:0 0.4666666666666667 0.4666666666666667 1.75 2.58 49 43 2.61 1
0
APP_2_Output_Layer_0 0.5333333333333333 0.5333333333333333 2.0 2.37 18 46 2.43 1
1
