10
3
13
0
APP_0_Input_Layer_0 0.2 0.2 0.75 3.48 43 34 2.66 1

APP_0_Inner_Layer_0:0 0.2 0.2 0.75 1.5 21 18 3.53 1
0
APP_0_Inner_Layer_0:1 0.4666666666666667 0.4666666666666667 1.75 1.44 8 39 3.56 1
0
APP_0_Inner_Layer_0:2 0.13333333333333333 0.13333333333333333 0.5 2.42 27 22 2.37 1
0
APP_0_Inner_Layer_1:0 0.4666666666666667 0.4666666666666667 1.75 3.19 17 10 3.21 1
2 3
APP_0_Inner_Layer_1:1 0.6 0.6 2.25 3.99 30 14 4.0 1
2 3
APP_0_Inner_Layer_1:2 0.26666666666666666 0.26666666666666666 1.0 2.8 40 18 1.23 1
1 3
APP_0_Inner_Layer_1:3 0.4 0.4 1.5 3.95 38 45 1.3 1
1 2
APP_0_Inner_Layer_2:0 0.2 0.2 0.75 2.08 39 43 3.44 1
5
APP_0_Inner_Layer_2:1 0.4 0.4 1.5 3.06 44 31 3.57 1
4 5 6 7
APP_0_Inner_Layer_2:2 0.4666666666666667 0.4666666666666667 1.75 1.97 4 14 3.85 1
5 6
APP_0_Inner_Layer_3:0 0.4 0.4 1.5 2.16 22 12 1.7 1
8 9 10
APP_0_Output_Layer_0 0.4 0.4 1.5 2.53 28 16 1.89 0
11
10
1.7008023026953534
APP_1_Input_Layer_0 0.2 0.2 0.75 3.17 32 7 1.64 1

APP_1_Inner_Layer_0:0 0.6 0.6 2.25 2.73 25 3 2.19 1
0
APP_1_Inner_Layer_0:1 0.4666666666666667 0.4666666666666667 1.75 3.77 28 25 2.94 1
0
APP_1_Inner_Layer_0:2 0.06666666666666667 0.06666666666666667 0.25 3.56 49 8 2.63 1
0
APP_1_Inner_Layer_0:3 0.3333333333333333 0.3333333333333333 1.25 2.97 48 9 2.17 1
0
APP_1_Inner_Layer_1:0 0.26666666666666666 0.26666666666666666 1.0 3.54 36 31 1.58 1
2
APP_1_Inner_Layer_1:1 0.4 0.4 1.5 1.97 15 15 3.48 1
1 3 4
APP_1_Inner_Layer_2:0 0.3333333333333333 0.3333333333333333 1.25 2.87 32 37 1.57 1
5 6
APP_1_Inner_Layer_3:0 0.3333333333333333 0.3333333333333333 1.25 3.46 49 30 2.83 1
7
APP_1_Output_Layer_0 0.5333333333333333 0.5333333333333333 2.0 1.55 29 31 1.15 1
8
6
4.302922004098507
APP_2_Input_Layer_0 0.3333333333333333 0.3333333333333333 1.25 2.24 12 6 1.43 1

APP_2_Inner_Layer_0:0 0.06666666666666667 0.06666666666666667 0.25 2.5 44 43 1.36 1
0
APP_2_Inner_Layer_0:1 0.26666666666666666 0.26666666666666666 1.0 3.8 4 38 3.19 1
0
APP_2_Inner_Layer_0:2 0.13333333333333333 0.13333333333333333 0.5 2.58 49 3 3.48 1
0
APP_2_Inner_Layer_0:3 0.4 0.4 1.5 3.42 3 15 1.08 1
0
APP_2_Output_Layer_0 0.3333333333333333 0.3333333333333333 1.25 1.64 5 38 2.08 1
1 2 3 4
