10
3
9
0
APP_0_Input_Layer_0 0.13333333333333333 0.13333333333333333 0.5 2.8 46 17 2.96 1

APP_0_Inner_Layer_0:0 0.13333333333333333 0.13333333333333333 0.5 1.87 12 41 2.86 1
0
APP_0_Inner_Layer_0:1 0.5333333333333333 0.5333333333333333 2.0 1.66 37 29 1.57 1
0
APP_0_Inner_Layer_0:2 0.6 0.6 2.25 3.59 13 4 3.36 1
0
APP_0_Inner_Layer_0:3 0.6 0.6 2.25 2.0 10 48 2.53 1
0
APP_0_Inner_Layer_1:0 0.4 0.4 1.5 1.46 41 43 1.13 1
2 3
APP_0_Inner_Layer_1:1 0.4666666666666667 0.4666666666666667 1.75 3.68 3 34 2.86 1
2
APP_0_Inner_Layer_1:2 0.06666666666666667 0.06666666666666667 0.25 1.6 33 23 2.44 1
1 3 4
APP_0_Output_Layer_0 0.2 0.2 0.75 1.92 10 45 1.43 1
5 6 7
9
2.989775271035214
APP_1_Input_Layer_0 0.26666666666666666 0.26666666666666666 1.0 1.55 5 1 1.95 1

APP_1_Inner_Layer_0:0 0.13333333333333333 0.13333333333333333 0.5 3.01 49 29 2.82 1
0
APP_1_Inner_Layer_0:1 0.4666666666666667 0.4666666666666667 1.75 1.97 38 18 1.26 1
0
APP_1_Inner_Layer_1:0 0.4 0.4 1.5 2.41 24 34 1.92 1
1 2
APP_1_Inner_Layer_2:0 0.4 0.4 1.5 1.96 32 18 1.13 1
3
APP_1_Inner_Layer_2:1 0.3333333333333333 0.3333333333333333 1.25 2.17 26 22 1.43 1
3
APP_1_Inner_Layer_2:2 0.3333333333333333 0.3333333333333333 1.25 2.17 48 17 3.71 0
3
APP_1_Inner_Layer_2:3 0.6 0.6 2.25 2.46 26 39 1.3 1
3
APP_1_Output_Layer_0 0.06666666666666667 0.06666666666666667 0.25 3.63 9 27 3.88 1
4 5 6 7
8
5.573091574523316
APP_2_Input_Layer_0 0.13333333333333333 0.13333333333333333 0.5 2.8 22 27 2.84 1

APP_2_Inner_Layer_0:0 0.6 0.6 2.25 1.19 4 2 2.76 1
0
APP_2_Inner_Layer_0:1 0.06666666666666667 0.06666666666666667 0.25 1.56 48 11 2.05 1
0
APP_2_Inner_Layer_1:0 0.26666666666666666 0.26666666666666666 1.0 3.35 19 45 3.48 1
1
APP_2_Inner_Layer_1:1 0.26666666666666666 0.26666666666666666 1.0 1.42 14 24 3.07 1
2
APP_2_Inner_Layer_1:2 0.4666666666666667 0.4666666666666667 1.75 2.63 25 26 3.52 1
1 2
APP_2_Inner_Layer_1:3 0.6 0.6 2.25 2.99 26 45 2.12 1
2
APP_2_Output_Layer_0 0.26666666666666666 0.26666666666666666 1.0 1.08 9 27 2.94 1
3 4 5 6
