10
3
15
0
APP_0_Input_Layer_0 0.3333333333333333 0.3333333333333333 1.25 1.24 13 33 2.38 0

APP_0_Inner_Layer_0:0 0.13333333333333333 0.13333333333333333 0.5 2.97 46 27 1.05 1
0
APP_0_Inner_Layer_0:1 0.2 0.2 0.75 2.83 40 24 2.93 0
0
APP_0_Inner_Layer_0:2 0.4666666666666667 0.4666666666666667 1.75 1.17 32 39 1.35 1
0
APP_0_Inner_Layer_0:3 0.6 0.6 2.25 2.62 26 16 1.86 1
0
APP_0_Inner_Layer_1:0 0.4666666666666667 0.4666666666666667 1.75 1.06 38 7 2.6 1
1
APP_0_Inner_Layer_1:1 0.13333333333333333 0.13333333333333333 0.5 1.12 40 7 3.62 1
2 3 4
APP_0_Inner_Layer_2:0 0.13333333333333333 0.13333333333333333 0.5 2.72 9 31 3.76 1
5
APP_0_Inner_Layer_2:1 0.4 0.4 1.5 2.11 46 30 2.08 1
5
APP_0_Inner_Layer_2:2 0.06666666666666667 0.06666666666666667 0.25 2.87 16 9 2.35 1
6
APP_0_Inner_Layer_3:0 0.3333333333333333 0.3333333333333333 1.25 3.61 45 20 3.01 1
7 8 9
APP_0_Inner_Layer_3:1 0.3333333333333333 0.3333333333333333 1.25 1.31 19 6 3.57 1
7 9
APP_0_Inner_Layer_3:2 0.3333333333333333 0.3333333333333333 1.25 2.72 25 46 3.26 1
9 7
APP_0_Inner_Layer_3:3 0.13333333333333333 0.13333333333333333 0.5 1.6 1 4 1.97 1
7 8 9
APP_0_Output_Layer_0 0.2 0.2 0.75 1.59 39 23 2.9 1
10 11 12 13
14
1.2446708330362846
APP_1_Input_Layer_0 0.2 0.2 0.75 2.76 10 20 1.0 1

APP_1_Inner_Layer_0:0 0.3333333333333333 0.3333333333333333 1.25 2.57 49 9 3.75 1
0
APP_1_Inner_Layer_0:1 0.3333333333333333 0.3333333333333333 1.25 3.12 12 14 3.63 1
0
APP_1_Inner_Layer_0:2 0.4 0.4 1.5 1.2 15 23 2.59 1
0
APP_1_Inner_Layer_1:0 0.4 0.4 1.5 3.98 8 46 3.34 1
3
APP_1_Inner_Layer_1:1 0.06666666666666667 0.06666666666666667 0.25 2.7 38 33 2.29 1
1 3
APP_1_Inner_Layer_1:2 0.26666666666666666 0.26666666666666666 1.0 2.12 1 22 3.92 0
1 2 3
APP_1_Inner_Layer_1:3 0.26666666666666666 0.26666666666666666 1.0 1.66 11 17 2.25 1
1 2
APP_1_Inner_Layer_2:0 0.06666666666666667 0.06666666666666667 0.25 1.37 22 48 3.23 0
4 5 6
APP_1_Inner_Layer_2:1 0.26666666666666666 0.26666666666666666 1.0 3.97 4 49 2.18 1
7
APP_1_Inner_Layer_3:0 0.4666666666666667 0.4666666666666667 1.75 3.41 18 11 3.95 1
8
APP_1_Inner_Layer_3:1 0.06666666666666667 0.06666666666666667 0.25 2.3 2 47 2.01 1
8 9
APP_1_Inner_Layer_3:2 0.3333333333333333 0.3333333333333333 1.25 3.89 6 14 2.83 0
9
APP_1_Output_Layer_0 0.2 0.2 0.75 1.72 31 13 2.54 1
10 11 12
9
2.7812124344961844
APP_2_Input_Layer_0 0.5333333333333333 0.5333333333333333 2.0 1.68 33 10 1.46 1

APP_2_Inner_Layer_0:0 0.4666666666666667 0.4666666666666667 1.75 2.62 18 43 3.59 1
0
APP_2_Inner_Layer_1:0 0.6 0.6 2.25 1.46 45 41 2.61 1
1
APP_2_Inner_Layer_1:1 0.2 0.2 0.75 2.26 38 45 1.5 1
1
APP_2_Inner_Layer_1:2 0.06666666666666667 0.06666666666666667 0.25 1.81 4 44 2.71 1
1
APP_2_Inner_Layer_2:0 0.6 0.6 2.25 2.49 42 34 3.41 1
2 3 4
APP_2_Inner_Layer_2:1 0.4 0.4 1.5 3.05 43 15 1.89 1
2
APP_2_Inner_Layer_2:2 0.13333333333333333 0.13333333333333333 0.5 3.26 31 20 2.92 1
3
APP_2_Output_Layer_0 0.3333333333333333 0.3333333333333333 1.25 2.05 22 41 2.23 1
5 6 7
