10
3
5
0
APP_0_Input_Layer_0 0.4666666666666667 0.4666666666666667 1.75 1.03 5 12 2.54 1

APP_0_Inner_Layer_0:0 0.26666666666666666 0.26666666666666666 1.0 3.94 27 43 3.23 1
0
APP_0_Inner_Layer_1:0 0.13333333333333333 0.13333333333333333 0.5 1.05 29 35 1.75 1
1
APP_0_Inner_Layer_1:1 0.3333333333333333 0.3333333333333333 1.25 3.24 27 36 1.14 1
1
APP_0_Output_Layer_0 0.4 0.4 1.5 2.03 30 27 3.38 1
2 3
8
1.6443168815084128
APP_1_Input_Layer_0 0.5333333333333333 0.5333333333333333 2.0 1.24 7 15 3.13 1

APP_1_Inner_Layer_0:0 0.26666666666666666 0.26666666666666666 1.0 1.95 47 5 1.56 1
0
APP_1_Inner_Layer_0:1 0.3333333333333333 0.3333333333333333 1.25 2.4 32 27 1.42 1
0
APP_1_Inner_Layer_0:2 0.06666666666666667 0.06666666666666667 0.25 1.81 29 29 2.95 1
0
APP_1_Inner_Layer_1:0 0.26666666666666666 0.26666666666666666 1.0 3.18 26 44 1.66 1
1 2
APP_1_Inner_Layer_1:1 0.13333333333333333 0.13333333333333333 0.5 3.86 4 47 2.51 1
1 2
APP_1_Inner_Layer_1:2 0.13333333333333333 0.13333333333333333 0.5 2.65 31 34 2.71 1
2 3
APP_1_Output_Layer_0 0.06666666666666667 0.06666666666666667 0.25 1.23 4 35 2.47 1
4 5 6
4
3.7577593195180916
APP_2_Input_Layer_0 0.26666666666666666 0.26666666666666666 1.0 2.3 24 5 2.1 1

APP_2_Inner_Layer_0:0 0.4 0.4 1.5 3.25 6 15 3.66 1
0
APP_2_Inner_Layer_0:1 0.4666666666666667 0.4666666666666667 1.75 3.19 21 17 3.34 1
0
APP_2_Output_Layer_0 0.06666666666666667 0.06666666666666667 0.25 1.36 21 14 3.72 0
1 2
