10
3
7
0
APP_0_Input_Layer_0 0.06666666666666667 0.06666666666666667 0.25 3.73 44 45 1.06 1

APP_0_Inner_Layer_0:0 0.06666666666666667 0.06666666666666667 0.25 3.32 47 14 1.97 1
0
APP_0_Inner_Layer_1:0 0.4666666666666667 0.4666666666666667 1.75 1.51 12 11 1.05 1
1
APP_0_Inner_Layer_2:0 0.4666666666666667 0.4666666666666667 1.75 3.93 27 45 1.73 1
2
APP_0_Inner_Layer_2:1 0.4 0.4 1.5 1.46 8 20 1.05 1
2
APP_0_Inner_Layer_3:0 0.6 0.6 2.25 1.53 46 44 3.74 1
3 4
APP_0_Output_Layer_0 0.2 0.2 0.75 1.37 20 19 2.52 0
5
8
2.2796219211278976
APP_1_Input_Layer_0 0.5333333333333333 0.5333333333333333 2.0 2.36 39 33 3.23 1

APP_1_Inner_Layer_0:0 0.6 0.6 2.25 3.14 33 34 1.27 1
0
APP_1_Inner_Layer_1:0 0.4 0.4 1.5 1.59 30 36 1.95 1
1
APP_1_Inner_Layer_1:1 0.3333333333333333 0.3333333333333333 1.25 2.47 21 35 1.14 1
1
APP_1_Inner_Layer_2:0 0.06666666666666667 0.06666666666666667 0.25 3.41 42 46 2.72 1
2 3
APP_1_Inner_Layer_3:0 0.6 0.6 2.25 3.16 35 4 2.33 1
4
APP_1_Inner_Layer_3:1 0.26666666666666666 0.26666666666666666 1.0 2.84 21 33 3.94 1
4
APP_1_Output_Layer_0 0.4666666666666667 0.4666666666666667 1.75 3.68 33 23 2.92 1
5 6
11
4.999295458024767
APP_2_Input_Layer_0 0.06666666666666667 0.06666666666666667 0.25 1.63 41 47 3.48 1

APP_2_Inner_Layer_0:0 0.4 0.4 1.5 1.62 37 4 1.72 1
0
APP_2_Inner_Layer_0:1 0.26666666666666666 0.26666666666666666 1.0 3.02 3 12 2.76 1
0
APP_2_Inner_Layer_1:0 0.4 0.4 1.5 3.83 3 36 1.37 1
1 2
APP_2_Inner_Layer_1:1 0.13333333333333333 0.13333333333333333 0.5 2.38 27 39 3.83 1
1
APP_2_Inner_Layer_1:2 0.5333333333333333 0.5333333333333333 2.0 1.44 9 16 2.89 1
2
APP_2_Inner_Layer_2:0 0.6 0.6 2.25 3.49 17 27 3.69 1
4
APP_2_Inner_Layer_2:1 0.13333333333333333 0.13333333333333333 0.5 1.6 7 25 1.13 1
3 5
APP_2_Inner_Layer_3:0 0.5333333333333333 0.5333333333333333 2.0 3.14 21 49 1.22 1
6
APP_2_Inner_Layer_3:1 0.6 0.6 2.25 3.0 28 49 3.07 1
6 7
APP_2_Output_Layer_0 0.5333333333333333 0.5333333333333333 2.0 2.96 6 26 1.73 1
8 9
