10
3
3
0
APP_0_Input_Layer_0 0.2 0.2 0.75 3.54 27 42 3.98 1

APP_0_Inner_Layer_0:0 0.4 0.4 1.5 1.64 17 14 2.61 1
0
APP_0_Output_Layer_0 0.4666666666666667 0.4666666666666667 1.75 3.25 4 41 3.34 1
1
10
3.317344386860579
APP_1_Input_Layer_0 0.6 0.6 2.25 3.68 27 8 2.28 1

APP_1_Inner_Layer_0:0 0.3333333333333333 0.3333333333333333 1.25 2.07 3 8 2.42 1
0
APP_1_Inner_Layer_0:1 0.6 0.6 2.25 3.5 32 15 3.47 1
0
APP_1_Inner_Layer_0:2 0.26666666666666666 0.26666666666666666 1.0 1.39 17 3 1.2 1
0
APP_1_Inner_Layer_1:0 0.3333333333333333 0.3333333333333333 1.25 2.51 37 28 1.73 1
2 3
APP_1_Inner_Layer_1:1 0.4666666666666667 0.4666666666666667 1.75 3.9 5 14 3.32 1
1
APP_1_Inner_Layer_2:0 0.13333333333333333 0.13333333333333333 0.5 1.71 36 46 1.02 1
4 5
APP_1_Inner_Layer_3:0 0.26666666666666666 0.26666666666666666 1.0 1.76 13 14 3.99 1
6
APP_1_Inner_Layer_3:1 0.2 0.2 0.75 3.23 34 37 3.97 1
6
APP_1_Output_Layer_0 0.6 0.6 2.25 1.58 40 4 1.64 1
7 8
8
6.185500811121635
APP_2_Input_Layer_0 0.2 0.2 0.75 2.11 19 39 3.88 1

APP_2_Inner_Layer_0:0 0.2 0.2 0.75 1.82 43 19 1.05 1
0
APP_2_Inner_Layer_1:0 0.6 0.6 2.25 3.08 48 34 2.37 1
1
APP_2_Inner_Layer_2:0 0.5333333333333333 0.5333333333333333 2.0 2.32 42 15 3.38 1
2
APP_2_Inner_Layer_2:1 0.5333333333333333 0.5333333333333333 2.0 1.78 6 28 3.59 1
2
APP_2_Inner_Layer_2:2 0.6 0.6 2.25 2.88 7 17 3.54 1
2
APP_2_Inner_Layer_2:3 0.4 0.4 1.5 1.87 22 5 3.55 1
2
APP_2_Output_Layer_0 0.2 0.2 0.75 3.83 36 14 2.76 1
3 4 5 6
