10
3
12
0
APP_0_Input_Layer_0 0.4 0.4 1.5 2.3 7 2 3.74 1

APP_0_Inner_Layer_0:0 0.13333333333333333 0.13333333333333333 0.5 2.98 38 21 2.97 1
0
APP_0_Inner_Layer_0:1 0.26666666666666666 0.26666666666666666 1.0 2.7 39 7 3.42 1
0
APP_0_Inner_Layer_0:2 0.4666666666666667 0.4666666666666667 1.75 3.69 48 41 2.42 0
0
APP_0_Inner_Layer_0:3 0.26666666666666666 0.26666666666666666 1.0 3.54 7 36 2.63 1
0
APP_0_Inner_Layer_1:0 0.4666666666666667 0.4666666666666667 1.75 3.24 8 46 3.68 1
4
APP_0_Inner_Layer_1:1 0.4 0.4 1.5 1.63 37 14 3.91 1
1 2 3 4
APP_0_Inner_Layer_1:2 0.6 0.6 2.25 2.18 14 44 2.75 1
1 3
APP_0_Inner_Layer_2:0 0.5333333333333333 0.5333333333333333 2.0 3.48 28 33 1.87 1
5 6
APP_0_Inner_Layer_2:1 0.26666666666666666 0.26666666666666666 1.0 2.32 29 49 1.99 1
6
APP_0_Inner_Layer_2:2 0.5333333333333333 0.5333333333333333 2.0 1.4 25 13 1.23 1
5 7
APP_0_Output_Layer_0 0.4 0.4 1.5 2.28 41 27 1.12 1
8 9 10
4
2.7671688875141056
APP_1_Input_Layer_0 0.4666666666666667 0.4666666666666667 1.75 3.57 7 25 2.52 1

APP_1_Inner_Layer_0:0 0.6 0.6 2.25 1.01 47 38 1.25 1
0
APP_1_Inner_Layer_1:0 0.06666666666666667 0.06666666666666667 0.25 3.39 4 2 3.79 1
1
APP_1_Output_Layer_0 0.06666666666666667 0.06666666666666667 0.25 1.68 38 21 3.93 1
2
10
4.8203923538728235
APP_2_Input_Layer_0 0.4666666666666667 0.4666666666666667 1.75 1.62 19 10 1.07 0

APP_2_Inner_Layer_0:0 0.4666666666666667 0.4666666666666667 1.75 1.9 49 9 2.84 1
0
APP_2_Inner_Layer_0:1 0.06666666666666667 0.06666666666666667 0.25 1.74 42 18 1.36 1
0
APP_2_Inner_Layer_1:0 0.5333333333333333 0.5333333333333333 2.0 1.2 16 43 2.67 0
2
APP_2_Inner_Layer_1:1 0.4 0.4 1.5 3.75 38 8 3.96 1
1
APP_2_Inner_Layer_2:0 0.26666666666666666 0.26666666666666666 1.0 3.92 43 11 3.14 1
3 4
APP_2_Inner_Layer_2:1 0.4666666666666667 0.4666666666666667 1.75 3.06 21 49 1.77 1
4
APP_2_Inner_Layer_2:2 0.26666666666666666 0.26666666666666666 1.0 2.05 3 20 3.88 1
4
APP_2_Inner_Layer_2:3 0.13333333333333333 0.13333333333333333 0.5 1.44 1 43 1.88 1
3 4
APP_2_Output_Layer_0 0.06666666666666667 0.06666666666666667 0.25 1.06 4 31 2.93 1
5 6 7 8
