10
3
10
0
APP_0_Input_Layer_0 0.4 0.4 1.5 1.75 31 9 3.03 1

APP_0_Inner_Layer_0:0 0.13333333333333333 0.13333333333333333 0.5 1.75 45 24 3.88 1
0
APP_0_Inner_Layer_0:1 0.2 0.2 0.75 3.72 8 21 1.74 1
0
APP_0_Inner_Layer_1:0 0.13333333333333333 0.13333333333333333 0.5 3.44 11 37 3.49 1
2
APP_0_Inner_Layer_1:1 0.5333333333333333 0.5333333333333333 2.0 3.55 26 43 1.51 1
1
APP_0_Inner_Layer_1:2 0.2 0.2 0.75 3.3 11 15 2.33 0
1
APP_0_Inner_Layer_2:0 0.2 0.2 0.75 1.28 10 22 3.87 1
3 4
APP_0_Inner_Layer_2:1 0.13333333333333333 0.13333333333333333 0.5 1.07 26 3 2.84 1
5
APP_0_Inner_Layer_2:2 0.13333333333333333 0.13333333333333333 0.5 2.69 13 30 2.21 1
5
APP_0_Output_Layer_0 0.26666666666666666 0.26666666666666666 1.0 2.64 22 27 2.07 1
6 7 8
6
1.7137527120770566
APP_1_Input_Layer_0 0.2 0.2 0.75 1.12 25 48 2.11 1

APP_1_Inner_Layer_0:0 0.2 0.2 0.75 2.5 44 45 2.25 1
0
APP_1_Inner_Layer_0:1 0.4666666666666667 0.4666666666666667 1.75 1.91 49 49 2.43 1
0
APP_1_Inner_Layer_0:2 0.06666666666666667 0.06666666666666667 0.25 2.58 38 15 2.98 1
0
APP_1_Inner_Layer_0:3 0.2 0.2 0.75 1.51 31 10 3.54 0
0
APP_1_Output_Layer_0 0.4 0.4 1.5 1.64 22 17 1.41 1
1 2 3 4
5
3.3953624249032766
APP_2_Input_Layer_0 0.5333333333333333 0.5333333333333333 2.0 2.43 49 32 3.13 1

APP_2_Inner_Layer_0:0 0.06666666666666667 0.06666666666666667 0.25 2.35 28 4 1.58 1
0
APP_2_Inner_Layer_0:1 0.6 0.6 2.25 2.42 7 25 1.6 1
0
APP_2_Inner_Layer_0:2 0.4 0.4 1.5 3.76 8 42 1.89 0
0
APP_2_Output_Layer_0 0.5333333333333333 0.5333333333333333 2.0 3.44 27 27 3.98 1
1 2 3
