10
16
6
0
APP_0_Input_Layer_0 0.5333333333333333 0.5333333333333333 2.0 2.07 4 20 1.59 1

APP_0_Inner_Layer_0:0 0.5333333333333333 0.5333333333333333 2.0 2.11 7 10 3.41 1
0
APP_0_Inner_Layer_0:1 0.5333333333333333 0.5333333333333333 2.0 2.82 32 33 2.92 1
0
APP_0_Inner_Layer_0:2 0.3333333333333333 0.3333333333333333 1.25 2.02 3 21 1.46 1
0
APP_0_Inner_Layer_0:3 0.13333333333333333 0.13333333333333333 0.5 2.47 7 47 2.42 1
0
APP_0_Output_Layer_0 0.06666666666666667 0.06666666666666667 0.25 1.81 39 24 2.44 1
1 2 3 4
9
0.4015122278517109
APP_1_Input_Layer_0 0.06666666666666667 0.06666666666666667 0.25 3.03 42 28 3.01 1

APP_1_Inner_Layer_0:0 0.13333333333333333 0.13333333333333333 0.5 1.28 21 3 2.24 1
0
APP_1_Inner_Layer_1:0 0.3333333333333333 0.3333333333333333 1.25 2.9 35 37 2.6 0
1
APP_1_Inner_Layer_1:1 0.4666666666666667 0.4666666666666667 1.75 1.78 41 30 2.26 0
1
APP_1_Inner_Layer_1:2 0.13333333333333333 0.13333333333333333 0.5 1.66 2 47 1.86 1
1
APP_1_Inner_Layer_2:0 0.3333333333333333 0.3333333333333333 1.25 2.48 42 29 2.59 1
2 3 4
APP_1_Inner_Layer_3:0 0.06666666666666667 0.06666666666666667 0.25 3.76 40 21 1.57 1
5
APP_1_Inner_Layer_3:1 0.06666666666666667 0.06666666666666667 0.25 3.88 32 6 2.03 1
5
APP_1_Output_Layer_0 0.5333333333333333 0.5333333333333333 2.0 3.22 14 42 2.12 1
6 7
3
0.6635213067381424
APP_2_Input_Layer_0 0.5333333333333333 0.5333333333333333 2.0 2.6 17 20 1.51 1

APP_2_Inner_Layer_0:0 0.06666666666666667 0.06666666666666667 0.25 3.88 26 48 2.69 1
0
APP_2_Output_Layer_0 0.3333333333333333 0.3333333333333333 1.25 2.61 32 5 3.87 1
1
5
0.9352802324718961
APP_3_Input_Layer_0 0.26666666666666666 0.26666666666666666 1.0 2.45 43 32 1.73 1

APP_3_Inner_Layer_0:0 0.2 0.2 0.75 3.82 34 13 1.83 1
0
APP_3_Inner_Layer_0:1 0.26666666666666666 0.26666666666666666 1.0 1.79 12 43 3.28 1
0
APP_3_Inner_Layer_0:2 0.06666666666666667 0.06666666666666667 0.25 1.1 43 48 2.53 1
0
APP_3_Output_Layer_0 0.3333333333333333 0.3333333333333333 1.25 3.55 14 49 1.43 1
1 2 3
10
1.2098689226115813
APP_4_Input_Layer_0 0.26666666666666666 0.26666666666666666 1.0 1.96 7 33 2.87 1

APP_4_Inner_Layer_0:0 0.6 0.6 2.25 3.43 15 8 1.98 0
0
APP_4_Inner_Layer_0:1 0.26666666666666666 0.26666666666666666 1.0 1.53 19 32 3.47 0
0
APP_4_Inner_Layer_0:2 0.4666666666666667 0.4666666666666667 1.75 2.67 12 15 2.71 1
0
APP_4_Inner_Layer_1:0 0.06666666666666667 0.06666666666666667 0.25 3.34 27 8 3.17 1
1 3
APP_4_Inner_Layer_1:1 0.4 0.4 1.5 3.39 10 7 1.9 0
3
APP_4_Inner_Layer_1:2 0.06666666666666667 0.06666666666666667 0.25 2.02 4 28 2.14 0
1 2
APP_4_Inner_Layer_1:3 0.13333333333333333 0.13333333333333333 0.5 3.27 26 7 1.89 1
1 3
APP_4_Inner_Layer_2:0 0.13333333333333333 0.13333333333333333 0.5 2.86 36 42 2.52 1
4 5 6 7
APP_4_Output_Layer_0 0.2 0.2 0.75 2.73 3 39 1.35 1
8
3
1.7209865119067957
APP_5_Input_Layer_0 0.4 0.4 1.5 1.27 35 29 1.02 1

APP_5_Inner_Layer_0:0 0.13333333333333333 0.13333333333333333 0.5 1.25 23 39 3.59 0
0
APP_5_Output_Layer_0 0.4666666666666667 0.4666666666666667 1.75 1.24 14 5 3.25 1
1
7
1.9956397128459962
APP_6_Input_Layer_0 0.4 0.4 1.5 1.99 32 40 3.15 0

APP_6_Inner_Layer_0:0 0.13333333333333333 0.13333333333333333 0.5 2.42 14 31 3.51 0
0
APP_6_Inner_Layer_0:1 0.2 0.2 0.75 1.27 28 34 2.61 1
0
APP_6_Inner_Layer_0:2 0.6 0.6 2.25 2.33 35 43 1.66 0
0
APP_6_Inner_Layer_0:3 0.4666666666666667 0.4666666666666667 1.75 2.22 1 38 3.14 1
0
APP_6_Inner_Layer_1:0 0.4 0.4 1.5 2.78 18 5 1.4 1
1 2 3 4
APP_6_Output_Layer_0 0.5333333333333333 0.5333333333333333 2.0 1.49 21 12 2.17 0
5
7
2.414668628435642
APP_7_Input_Layer_0 0.4 0.4 1.5 2.31 13 36 1.71 1

APP_7_Inner_Layer_0:0 0.4 0.4 1.5 1.73 19 29 1.29 1
0
APP_7_Inner_Layer_0:1 0.4 0.4 1.5 1.29 36 43 2.31 0
0
APP_7_Inner_Layer_1:0 0.4666666666666667 0.4666666666666667 1.75 2.61 27 49 1.74 0
2
APP_7_Inner_Layer_1:1 0.4 0.4 1.5 2.04 14 33 1.36 1
1
APP_7_Inner_Layer_2:0 0.26666666666666666 0.26666666666666666 1.0 2.33 44 10 2.61 0
3 4
APP_7_Output_Layer_0 0.4 0.4 1.5 1.73 15 17 2.18 1
5
9
2.9569289838969084
APP_8_Input_Layer_0 0.6 0.6 2.25 2.98 46 17 3.6 1

APP_8_Inner_Layer_0:0 0.4666666666666667 0.4666666666666667 1.75 1.17 14 3 2.98 1
0
APP_8_Inner_Layer_0:1 0.06666666666666667 0.06666666666666667 0.25 3.45 21 34 3.8 1
0
APP_8_Inner_Layer_1:0 0.3333333333333333 0.3333333333333333 1.25 3.5 8 34 2.09 0
1
APP_8_Inner_Layer_1:1 0.4 0.4 1.5 1.12 49 7 3.31 1
2
APP_8_Inner_Layer_2:0 0.13333333333333333 0.13333333333333333 0.5 2.82 3 18 2.99 1
3 4
APP_8_Inner_Layer_3:0 0.06666666666666667 0.06666666666666667 0.25 1.79 33 17 2.42 0
5
APP_8_Inner_Layer_3:1 0.13333333333333333 0.13333333333333333 0.5 3.22 37 13 1.0 1
5
APP_8_Output_Layer_0 0.13333333333333333 0.13333333333333333 0.5 1.77 21 47 1.15 1
6 7
7
3.4434013652766247
APP_9_Input_Layer_0 0.4 0.4 1.5 1.4 42 2 2.05 1

APP_9_Inner_Layer_0:0 0.4 0.4 1.5 3.0 49 42 3.76 1
0
APP_9_Inner_Layer_0:1 0.5333333333333333 0.5333333333333333 2.0 3.42 46 18 1.89 1
0
APP_9_Inner_Layer_0:2 0.4666666666666667 0.4666666666666667 1.75 3.06 36 7 2.18 0
0
APP_9_Inner_Layer_0:3 0.2 0.2 0.75 2.72 3 34 3.83 0
0
APP_9_Inner_Layer_1:0 0.13333333333333333 0.13333333333333333 0.5 3.56 32 20 3.9 1
1 2 3 4
APP_9_Output_Layer_0 0.3333333333333333 0.3333333333333333 1.25 4.0 24 46 1.2 1
5
10
3.70424057773064
APP_10_Input_Layer_0 0.06666666666666667 0.06666666666666667 0.25 2.04 11 26 2.66 1

APP_10_Inner_Layer_0:0 0.13333333333333333 0.13333333333333333 0.5 1.35 18 29 1.62 1
0
APP_10_Inner_Layer_0:1 0.4666666666666667 0.4666666666666667 1.75 1.31 36 4 1.29 0
0
APP_10_Inner_Layer_0:2 0.4 0.4 1.5 1.99 45 42 3.9 1
0
APP_10_Inner_Layer_1:0 0.26666666666666666 0.26666666666666666 1.0 3.4 28 12 2.79 1
3 2
APP_10_Inner_Layer_1:1 0.2 0.2 0.75 1.43 37 7 2.51 1
1 2 3
APP_10_Inner_Layer_2:0 0.13333333333333333 0.13333333333333333 0.5 3.36 36 2 2.1 1
5
APP_10_Inner_Layer_2:1 0.06666666666666667 0.06666666666666667 0.25 2.16 31 18 2.83 1
4 5
APP_10_Inner_Layer_2:2 0.26666666666666666 0.26666666666666666 1.0 2.5 21 37 2.26 1
4
APP_10_Output_Layer_0 0.2 0.2 0.75 2.76 42 39 3.65 1
6 7 8
6
4.048099737571034
APP_11_Input_Layer_0 0.2 0.2 0.75 1.12 31 20 1.35 1

APP_11_Inner_Layer_0:0 0.5333333333333333 0.5333333333333333 2.0 1.17 49 16 2.14 1
0
APP_11_Inner_Layer_0:1 0.4 0.4 1.5 3.16 44 12 3.79 1
0
APP_11_Inner_Layer_1:0 0.4666666666666667 0.4666666666666667 1.75 1.94 9 31 1.87 1
1 2
APP_11_Inner_Layer_2:0 0.4 0.4 1.5 1.87 18 30 3.72 1
3
APP_11_Output_Layer_0 0.2 0.2 0.75 2.9 33 29 1.2 1
4
7
4.528506307899991
APP_12_Input_Layer_0 0.2 0.2 0.75 3.11 5 43 1.73 1

APP_12_Inner_Layer_0:0 0.13333333333333333 0.13333333333333333 0.5 3.35 19 18 2.93 1
0
APP_12_Inner_Layer_1:0 0.4666666666666667 0.4666666666666667 1.75 3.21 11 41 3.57 1
1
APP_12_Inner_Layer_2:0 0.3333333333333333 0.3333333333333333 1.25 3.84 1 14 2.8 1
2
APP_12_Inner_Layer_2:1 0.3333333333333333 0.3333333333333333 1.25 2.62 1 42 2.47 0
2
APP_12_Inner_Layer_2:2 0.13333333333333333 0.13333333333333333 0.5 2.03 1 49 2.03 1
2
APP_12_Output_Layer_0 0.5333333333333333 0.5333333333333333 2.0 1.98 31 5 3.04 1
3 4 5
8
4.9993810769063085
APP_13_Input_Layer_0 0.6 0.6 2.25 1.84 25 36 3.37 1

APP_13_Inner_Layer_0:0 0.5333333333333333 0.5333333333333333 2.0 1.34 35 35 3.89 1
0
APP_13_Inner_Layer_0:1 0.5333333333333333 0.5333333333333333 2.0 2.44 13 38 2.99 1
0
APP_13_Inner_Layer_1:0 0.4666666666666667 0.4666666666666667 1.75 1.03 45 12 2.04 1
1 2
APP_13_Inner_Layer_2:0 0.4 0.4 1.5 1.78 13 12 2.36 1
3
APP_13_Inner_Layer_2:1 0.06666666666666667 0.06666666666666667 0.25 2.94 33 3 1.58 1
3
APP_13_Inner_Layer_2:2 0.4666666666666667 0.4666666666666667 1.75 2.28 18 42 3.27 1
3
APP_13_Output_Layer_0 0.06666666666666667 0.06666666666666667 0.25 3.58 25 36 2.28 1
4 5 6
7
5.417823589107807
APP_14_Input_Layer_0 0.13333333333333333 0.13333333333333333 0.5 1.37 37 44 4.0 1

APP_14_Inner_Layer_0:0 0.2 0.2 0.75 2.57 6 38 3.6 0
0
APP_14_Inner_Layer_0:1 0.6 0.6 2.25 2.77 2 30 2.67 1
0
APP_14_Inner_Layer_1:0 0.5333333333333333 0.5333333333333333 2.0 3.85 11 46 1.52 0
1 2
APP_14_Inner_Layer_1:1 0.13333333333333333 0.13333333333333333 0.5 3.71 11 49 1.57 1
2
APP_14_Inner_Layer_2:0 0.13333333333333333 0.13333333333333333 0.5 2.68 43 43 3.27 1
3 4
APP_14_Output_Layer_0 0.26666666666666666 0.26666666666666666 1.0 1.32 9 48 1.58 0
5
9
5.935143392342271
APP_15_Input_Layer_0 0.6 0.6 2.25 1.34 11 43 3.8 1

APP_15_Inner_Layer_0:0 0.2 0.2 0.75 1.94 37 32 2.56 0
0
APP_15_Inner_Layer_1:0 0.4666666666666667 0.4666666666666667 1.75 3.42 22 29 2.82 1
1
APP_15_Inner_Layer_1:1 0.26666666666666666 0.26666666666666666 1.0 3.27 46 45 3.93 0
1
APP_15_Inner_Layer_1:2 0.4666666666666667 0.4666666666666667 1.75 2.13 30 8 1.84 0
1
APP_15_Inner_Layer_2:0 0.3333333333333333 0.3333333333333333 1.25 3.28 28 12 3.68 1
2
APP_15_Inner_Layer_2:1 0.4 0.4 1.5 1.65 2 4 1.2 1
2 3 4
APP_15_Inner_Layer_2:2 0.6 0.6 2.25 2.46 18 15 3.94 1
3 4
APP_15_Output_Layer_0 0.4 0.4 1.5 3.14 15 34 2.43 1
5 6 7
