10
16
12
0
APP_0_Input_Layer_0 0.4 0.4 1.5 1.12 38 38 2.58 1

APP_0_Inner_Layer_0:0 0.2 0.2 0.75 3.66 5 46 3.03 1
0
APP_0_Inner_Layer_0:1 0.6 0.6 2.25 3.01 1 11 3.04 0
0
APP_0_Inner_Layer_1:0 0.06666666666666667 0.06666666666666667 0.25 1.31 31 47 2.96 0
1 2
APP_0_Inner_Layer_2:0 0.2 0.2 0.75 1.89 12 47 3.89 1
3
APP_0_Inner_Layer_2:1 0.3333333333333333 0.3333333333333333 1.25 3.35 7 11 3.18 1
3
APP_0_Inner_Layer_2:2 0.2 0.2 0.75 1.84 32 31 1.97 1
3
APP_0_Inner_Layer_2:3 0.3333333333333333 0.3333333333333333 1.25 2.96 37 18 3.65 0
3
APP_0_Inner_Layer_3:0 0.2 0.2 0.75 2.58 19 40 1.05 1
5 6 7
APP_0_Inner_Layer_3:1 0.5333333333333333 0.5333333333333333 2.0 2.43 28 27 2.01 0
5 6 7
APP_0_Inner_Layer_3:2 0.06666666666666667 0.06666666666666667 0.25 1.36 16 5 3.08 1
4
APP_0_Output_Layer_0 0.6 0.6 2.25 3.18 15 13 1.11 1
8 9 10
12
0.5310494423307186
APP_1_Input_Layer_0 0.2 0.2 0.75 1.7 18 25 3.27 1

APP_1_Inner_Layer_0:0 0.4666666666666667 0.4666666666666667 1.75 3.1 48 14 1.26 1
0
APP_1_Inner_Layer_0:1 0.06666666666666667 0.06666666666666667 0.25 3.59 26 34 1.59 1
0
APP_1_Inner_Layer_1:0 0.6 0.6 2.25 1.08 15 27 3.77 1
1 2
APP_1_Inner_Layer_1:1 0.5333333333333333 0.5333333333333333 2.0 3.32 27 19 3.68 1
1 2
APP_1_Inner_Layer_1:2 0.5333333333333333 0.5333333333333333 2.0 1.9 21 29 2.05 0
1
APP_1_Inner_Layer_2:0 0.4 0.4 1.5 3.98 40 27 3.45 1
3 4 5
APP_1_Inner_Layer_3:0 0.26666666666666666 0.26666666666666666 1.0 3.41 48 10 3.88 1
6
APP_1_Inner_Layer_3:1 0.4 0.4 1.5 2.67 16 30 3.76 1
6
APP_1_Inner_Layer_3:2 0.2 0.2 0.75 1.23 36 32 3.01 0
6
APP_1_Inner_Layer_3:3 0.3333333333333333 0.3333333333333333 1.25 3.14 48 23 3.49 1
6
APP_1_Output_Layer_0 0.26666666666666666 0.26666666666666666 1.0 1.16 8 17 3.72 1
7 8 9 10
8
0.7892937095522103
APP_2_Input_Layer_0 0.3333333333333333 0.3333333333333333 1.25 1.04 27 45 3.03 1

APP_2_Inner_Layer_0:0 0.13333333333333333 0.13333333333333333 0.5 3.77 7 18 1.85 1
0
APP_2_Inner_Layer_1:0 0.4 0.4 1.5 2.38 39 30 2.76 1
1
APP_2_Inner_Layer_1:1 0.06666666666666667 0.06666666666666667 0.25 1.92 46 28 3.55 1
1
APP_2_Inner_Layer_2:0 0.6 0.6 2.25 3.23 20 44 3.81 1
2 3
APP_2_Inner_Layer_2:1 0.2 0.2 0.75 3.92 11 15 2.14 0
3
APP_2_Inner_Layer_2:2 0.4 0.4 1.5 3.34 9 49 3.91 1
2
APP_2_Output_Layer_0 0.26666666666666666 0.26666666666666666 1.0 3.06 37 35 1.8 1
4 5 6
5
1.1668505541003693
APP_3_Input_Layer_0 0.26666666666666666 0.26666666666666666 1.0 1.68 10 22 1.04 1

APP_3_Inner_Layer_0:0 0.26666666666666666 0.26666666666666666 1.0 1.79 11 42 2.24 0
0
APP_3_Inner_Layer_1:0 0.3333333333333333 0.3333333333333333 1.25 2.47 17 43 3.74 1
1
APP_3_Inner_Layer_1:1 0.4 0.4 1.5 3.83 33 16 1.71 1
1
APP_3_Output_Layer_0 0.26666666666666666 0.26666666666666666 1.0 3.39 6 11 2.15 1
2 3
4
1.530977385337677
APP_4_Input_Layer_0 0.26666666666666666 0.26666666666666666 1.0 1.56 42 47 3.76 1

APP_4_Inner_Layer_0:0 0.6 0.6 2.25 3.87 5 35 2.16 1
0
APP_4_Inner_Layer_0:1 0.2 0.2 0.75 1.41 28 46 2.67 1
0
APP_4_Output_Layer_0 0.06666666666666667 0.06666666666666667 0.25 1.59 38 25 3.5 1
1 2
10
1.9780070559164824
APP_5_Input_Layer_0 0.5333333333333333 0.5333333333333333 2.0 2.73 42 24 2.82 1

APP_5_Inner_Layer_0:0 0.3333333333333333 0.3333333333333333 1.25 1.2 31 44 1.03 1
0
APP_5_Inner_Layer_0:1 0.06666666666666667 0.06666666666666667 0.25 1.6 44 33 3.49 1
0
APP_5_Inner_Layer_1:0 0.3333333333333333 0.3333333333333333 1.25 1.3 38 5 2.83 0
1 2
APP_5_Inner_Layer_1:1 0.3333333333333333 0.3333333333333333 1.25 2.23 20 1 2.74 1
2
APP_5_Inner_Layer_2:0 0.6 0.6 2.25 3.5 4 4 3.86 1
3 4
APP_5_Inner_Layer_2:1 0.13333333333333333 0.13333333333333333 0.5 1.78 22 13 2.85 0
3
APP_5_Inner_Layer_2:2 0.6 0.6 2.25 2.67 2 26 3.24 1
4
APP_5_Inner_Layer_2:3 0.06666666666666667 0.06666666666666667 0.25 2.08 29 29 1.77 1
4
APP_5_Output_Layer_0 0.13333333333333333 0.13333333333333333 0.5 1.32 42 42 3.03 1
5 6 7 8
9
2.543520984291717
APP_6_Input_Layer_0 0.4666666666666667 0.4666666666666667 1.75 1.21 9 29 2.78 1

APP_6_Inner_Layer_0:0 0.06666666666666667 0.06666666666666667 0.25 1.5 27 22 2.97 1
0
APP_6_Inner_Layer_1:0 0.6 0.6 2.25 1.68 17 4 1.42 1
1
APP_6_Inner_Layer_1:1 0.26666666666666666 0.26666666666666666 1.0 2.13 19 2 3.51 1
1
APP_6_Inner_Layer_2:0 0.6 0.6 2.25 3.66 43 35 2.35 1
3
APP_6_Inner_Layer_2:1 0.5333333333333333 0.5333333333333333 2.0 2.54 23 19 1.87 1
3
APP_6_Inner_Layer_2:2 0.06666666666666667 0.06666666666666667 0.25 2.78 45 15 1.79 1
2 3
APP_6_Inner_Layer_2:3 0.2 0.2 0.75 2.82 2 9 2.04 1
3
APP_6_Output_Layer_0 0.4666666666666667 0.4666666666666667 1.75 1.6 37 6 2.96 1
4 5 6 7
3
2.9561862748283465
APP_7_Input_Layer_0 0.26666666666666666 0.26666666666666666 1.0 1.88 16 39 3.69 1

APP_7_Inner_Layer_0:0 0.4 0.4 1.5 2.02 39 41 1.39 0
0
APP_7_Output_Layer_0 0.4 0.4 1.5 3.38 31 18 3.73 1
1
12
3.4519727491128926
APP_8_Input_Layer_0 0.3333333333333333 0.3333333333333333 1.25 1.5 5 41 1.73 1

APP_8_Inner_Layer_0:0 0.4 0.4 1.5 1.55 19 32 2.29 1
0
APP_8_Inner_Layer_0:1 0.26666666666666666 0.26666666666666666 1.0 2.93 31 12 2.04 0
0
APP_8_Inner_Layer_1:0 0.3333333333333333 0.3333333333333333 1.25 2.12 42 6 3.89 1
1 2
APP_8_Inner_Layer_1:1 0.4 0.4 1.5 2.61 19 35 2.44 0
1
APP_8_Inner_Layer_2:0 0.4 0.4 1.5 3.35 17 31 3.26 1
4
APP_8_Inner_Layer_2:1 0.13333333333333333 0.13333333333333333 0.5 2.89 33 12 3.49 1
4
APP_8_Inner_Layer_2:2 0.13333333333333333 0.13333333333333333 0.5 3.87 47 21 3.11 1
3 4
APP_8_Inner_Layer_3:0 0.26666666666666666 0.26666666666666666 1.0 2.67 43 22 3.74 1
5 6
APP_8_Inner_Layer_3:1 0.13333333333333333 0.13333333333333333 0.5 3.72 18 2 1.05 1
6
APP_8_Inner_Layer_3:2 0.26666666666666666 0.26666666666666666 1.0 2.51 30 31 1.78 1
7
APP_8_Output_Layer_0 0.6 0.6 2.25 3.67 26 36 1.8 1
8 9 10
7
4.038470543834011
APP_9_Input_Layer_0 0.4666666666666667 0.4666666666666667 1.75 3.6 28 20 2.16 1

APP_9_Inner_Layer_0:0 0.4 0.4 1.5 2.71 29 28 1.49 1
0
APP_9_Inner_Layer_0:1 0.13333333333333333 0.13333333333333333 0.5 1.17 30 32 3.38 1
0
APP_9_Inner_Layer_0:2 0.6 0.6 2.25 1.91 21 23 3.31 0
0
APP_9_Inner_Layer_1:0 0.13333333333333333 0.13333333333333333 0.5 3.39 20 35 1.39 1
3
APP_9_Inner_Layer_1:1 0.13333333333333333 0.13333333333333333 0.5 3.62 31 12 3.63 0
1 2 3
APP_9_Output_Layer_0 0.2 0.2 0.75 1.63 29 49 1.16 1
4 5
12
4.612471574011319
APP_10_Input_Layer_0 0.4666666666666667 0.4666666666666667 1.75 2.99 45 15 1.44 1

APP_10_Inner_Layer_0:0 0.06666666666666667 0.06666666666666667 0.25 1.99 16 44 3.7 1
0
APP_10_Inner_Layer_0:1 0.6 0.6 2.25 3.68 14 21 1.57 1
0
APP_10_Inner_Layer_0:2 0.13333333333333333 0.13333333333333333 0.5 2.16 29 42 2.36 1
0
APP_10_Inner_Layer_1:0 0.2 0.2 0.75 1.73 14 13 3.91 0
1 2
APP_10_Inner_Layer_1:1 0.4666666666666667 0.4666666666666667 1.75 2.18 9 22 3.87 1
3
APP_10_Inner_Layer_1:2 0.5333333333333333 0.5333333333333333 2.0 1.73 16 40 2.92 0
1 2
APP_10_Inner_Layer_1:3 0.2 0.2 0.75 3.09 40 15 2.26 0
3
APP_10_Inner_Layer_2:0 0.3333333333333333 0.3333333333333333 1.25 2.1 13 45 2.38 1
4
APP_10_Inner_Layer_2:1 0.6 0.6 2.25 3.34 48 42 3.51 1
5
APP_10_Inner_Layer_2:2 0.4666666666666667 0.4666666666666667 1.75 2.97 7 32 3.34 1
4 5 6 7
APP_10_Output_Layer_0 0.06666666666666667 0.06666666666666667 0.25 3.25 34 19 3.89 1
8 9 10
9
5.061740232712891
APP_11_Input_Layer_0 0.26666666666666666 0.26666666666666666 1.0 3.28 46 30 3.46 1

APP_11_Inner_Layer_0:0 0.13333333333333333 0.13333333333333333 0.5 2.82 18 29 1.49 1
0
APP_11_Inner_Layer_0:1 0.5333333333333333 0.5333333333333333 2.0 1.58 5 41 2.16 0
0
APP_11_Inner_Layer_0:2 0.26666666666666666 0.26666666666666666 1.0 3.73 29 1 3.47 1
0
APP_11_Inner_Layer_1:0 0.06666666666666667 0.06666666666666667 0.25 3.39 39 35 3.3 1
1 2 3
APP_11_Inner_Layer_1:1 0.2 0.2 0.75 3.74 23 38 3.69 1
3
APP_11_Inner_Layer_1:2 0.13333333333333333 0.13333333333333333 0.5 2.67 18 2 1.14 0
1 2
APP_11_Inner_Layer_1:3 0.13333333333333333 0.13333333333333333 0.5 3.94 1 15 3.74 1
1 2 3
APP_11_Output_Layer_0 0.26666666666666666 0.26666666666666666 1.0 1.03 21 5 2.12 1
4 5 6 7
12
5.608553462210765
APP_12_Input_Layer_0 0.4666666666666667 0.4666666666666667 1.75 3.92 42 3 2.78 1

APP_12_Inner_Layer_0:0 0.5333333333333333 0.5333333333333333 2.0 3.94 21 9 2.4 1
0
APP_12_Inner_Layer_0:1 0.2 0.2 0.75 2.47 48 42 2.41 1
0
APP_12_Inner_Layer_0:2 0.26666666666666666 0.26666666666666666 1.0 1.47 33 25 1.53 0
0
APP_12_Inner_Layer_1:0 0.6 0.6 2.25 1.64 17 38 3.93 1
1
APP_12_Inner_Layer_1:1 0.6 0.6 2.25 3.48 24 8 2.72 1
2 3
APP_12_Inner_Layer_1:2 0.5333333333333333 0.5333333333333333 2.0 2.03 6 27 1.9 0
1 3
APP_12_Inner_Layer_1:3 0.5333333333333333 0.5333333333333333 2.0 1.82 45 41 3.33 1
1 2
APP_12_Inner_Layer_2:0 0.2 0.2 0.75 2.72 9 3 3.23 0
6
APP_12_Inner_Layer_2:1 0.13333333333333333 0.13333333333333333 0.5 2.12 35 31 3.29 0
4
APP_12_Inner_Layer_2:2 0.3333333333333333 0.3333333333333333 1.25 2.16 45 5 1.57 0
5 6 7
APP_12_Output_Layer_0 0.4 0.4 1.5 3.22 42 42 2.93 1
8 9 10
12
6.208986183773899
APP_13_Input_Layer_0 0.26666666666666666 0.26666666666666666 1.0 3.92 16 6 1.06 1

APP_13_Inner_Layer_0:0 0.3333333333333333 0.3333333333333333 1.25 2.55 36 27 3.83 0
0
APP_13_Inner_Layer_0:1 0.26666666666666666 0.26666666666666666 1.0 3.83 35 4 3.49 1
0
APP_13_Inner_Layer_1:0 0.3333333333333333 0.3333333333333333 1.25 2.95 43 39 3.11 1
1 2
APP_13_Inner_Layer_2:0 0.3333333333333333 0.3333333333333333 1.25 1.02 23 25 1.87 0
3
APP_13_Inner_Layer_2:1 0.2 0.2 0.75 2.3 11 22 3.75 1
3
APP_13_Inner_Layer_2:2 0.4666666666666667 0.4666666666666667 1.75 2.99 8 34 3.87 0
3
APP_13_Inner_Layer_2:3 0.26666666666666666 0.26666666666666666 1.0 2.69 5 26 2.11 0
3
APP_13_Inner_Layer_3:0 0.2 0.2 0.75 3.55 39 1 2.79 1
7
APP_13_Inner_Layer_3:1 0.5333333333333333 0.5333333333333333 2.0 2.5 48 1 1.8 1
5
APP_13_Inner_Layer_3:2 0.3333333333333333 0.3333333333333333 1.25 1.26 32 7 3.15 1
4 6
APP_13_Output_Layer_0 0.5333333333333333 0.5333333333333333 2.0 1.89 14 40 1.32 1
8 9 10
10
6.528138022302835
APP_14_Input_Layer_0 0.06666666666666667 0.06666666666666667 0.25 1.41 14 40 2.42 1

APP_14_Inner_Layer_0:0 0.26666666666666666 0.26666666666666666 1.0 2.2 32 37 1.69 0
0
APP_14_Inner_Layer_0:1 0.4666666666666667 0.4666666666666667 1.75 2.67 20 43 2.5 1
0
APP_14_Inner_Layer_0:2 0.3333333333333333 0.3333333333333333 1.25 3.51 31 18 2.37 0
0
APP_14_Inner_Layer_1:0 0.3333333333333333 0.3333333333333333 1.25 3.74 31 1 1.72 1
1 2 3
APP_14_Inner_Layer_1:1 0.13333333333333333 0.13333333333333333 0.5 3.45 25 3 3.59 1
2
APP_14_Inner_Layer_1:2 0.06666666666666667 0.06666666666666667 0.25 1.32 18 44 1.89 1
3
APP_14_Inner_Layer_2:0 0.2 0.2 0.75 2.09 23 33 1.07 1
5 6
APP_14_Inner_Layer_2:1 0.2 0.2 0.75 2.02 10 34 2.01 1
4
APP_14_Output_Layer_0 0.26666666666666666 0.26666666666666666 1.0 2.76 12 36 3.43 1
7 8
7
7.093882058933718
APP_15_Input_Layer_0 0.2 0.2 0.75 3.63 9 45 1.82 1

APP_15_Inner_Layer_0:0 0.26666666666666666 0.26666666666666666 1.0 3.08 1 28 3.88 1
0
APP_15_Inner_Layer_1:0 0.4 0.4 1.5 1.4 9 27 1.93 1
1
APP_15_Inner_Layer_1:1 0.4 0.4 1.5 2.81 43 14 2.65 1
1
APP_15_Inner_Layer_1:2 0.4 0.4 1.5 3.41 7 3 2.61 1
1
APP_15_Inner_Layer_2:0 0.06666666666666667 0.06666666666666667 0.25 3.1 37 7 1.07 0
2 3 4
APP_15_Output_Layer_0 0.5333333333333333 0.5333333333333333 2.0 2.36 44 17 2.78 0
5
