10
16
3
0
APP_0_Input_Layer_0 0.06666666666666667 0.06666666666666667 0.25 2.21 30 20 1.77 0

APP_0_Inner_Layer_0:0 0.3333333333333333 0.3333333333333333 1.25 1.97 12 48 3.07 0
0
APP_0_Output_Layer_0 0.6 0.6 2.25 1.64 45 45 2.02 1
1
6
0.32487713240998695
APP_1_Input_Layer_0 0.13333333333333333 0.13333333333333333 0.5 2.84 14 14 2.93 1

APP_1_Inner_Layer_0:0 0.13333333333333333 0.13333333333333333 0.5 2.0 16 22 2.03 1
0
APP_1_Inner_Layer_0:1 0.26666666666666666 0.26666666666666666 1.0 3.96 20 5 1.43 1
0
APP_1_Inner_Layer_0:2 0.26666666666666666 0.26666666666666666 1.0 3.06 12 38 2.34 1
0
APP_1_Inner_Layer_1:0 0.6 0.6 2.25 3.05 4 11 2.21 1
1 2 3
APP_1_Output_Layer_0 0.3333333333333333 0.3333333333333333 1.25 3.52 12 46 3.93 1
4
5
0.7560697008949526
APP_2_Input_Layer_0 0.4666666666666667 0.4666666666666667 1.75 3.88 45 45 1.94 1

APP_2_Inner_Layer_0:0 0.6 0.6 2.25 3.4 41 21 3.02 0
0
APP_2_Inner_Layer_0:1 0.4666666666666667 0.4666666666666667 1.75 1.59 28 25 3.42 1
0
APP_2_Inner_Layer_1:0 0.13333333333333333 0.13333333333333333 0.5 3.49 23 37 3.26 0
1 2
APP_2_Output_Layer_0 0.6 0.6 2.25 2.5 30 40 3.54 1
3
10
1.2187274700276514
APP_3_Input_Layer_0 0.26666666666666666 0.26666666666666666 1.0 3.21 3 36 3.38 1

APP_3_Inner_Layer_0:0 0.5333333333333333 0.5333333333333333 2.0 1.71 8 18 1.93 0
0
APP_3_Inner_Layer_0:1 0.13333333333333333 0.13333333333333333 0.5 2.1 4 49 3.8 1
0
APP_3_Inner_Layer_1:0 0.4 0.4 1.5 3.52 34 34 3.5 1
1 2
APP_3_Inner_Layer_1:1 0.06666666666666667 0.06666666666666667 0.25 1.91 47 37 1.34 1
1
APP_3_Inner_Layer_1:2 0.2 0.2 0.75 2.75 8 42 3.91 1
1
APP_3_Inner_Layer_1:3 0.4666666666666667 0.4666666666666667 1.75 3.9 33 35 3.04 0
2
APP_3_Inner_Layer_2:0 0.2 0.2 0.75 3.82 7 28 3.16 0
4 5
APP_3_Inner_Layer_2:1 0.4 0.4 1.5 2.92 31 39 1.45 0
3 6
APP_3_Output_Layer_0 0.06666666666666667 0.06666666666666667 0.25 2.93 33 31 2.58 1
7 8
4
1.4512834720866898
APP_4_Input_Layer_0 0.2 0.2 0.75 1.17 20 27 2.72 1

APP_4_Inner_Layer_0:0 0.4666666666666667 0.4666666666666667 1.75 2.96 3 23 1.71 0
0
APP_4_Inner_Layer_0:1 0.4666666666666667 0.4666666666666667 1.75 1.73 32 45 1.81 1
0
APP_4_Output_Layer_0 0.4 0.4 1.5 3.81 37 18 3.7 1
1 2
9
1.7011289643897698
APP_5_Input_Layer_0 0.06666666666666667 0.06666666666666667 0.25 2.87 29 16 2.5 0

APP_5_Inner_Layer_0:0 0.06666666666666667 0.06666666666666667 0.25 1.87 1 40 2.19 0
0
APP_5_Inner_Layer_0:1 0.4666666666666667 0.4666666666666667 1.75 1.61 33 14 2.78 0
0
APP_5_Inner_Layer_0:2 0.6 0.6 2.25 1.92 24 25 2.16 1
0
APP_5_Inner_Layer_1:0 0.3333333333333333 0.3333333333333333 1.25 1.7 21 38 2.53 0
1 2 3
APP_5_Inner_Layer_2:0 0.13333333333333333 0.13333333333333333 0.5 2.77 31 20 3.03 0
4
APP_5_Inner_Layer_3:0 0.3333333333333333 0.3333333333333333 1.25 3.26 33 32 3.09 1
5
APP_5_Inner_Layer_3:1 0.26666666666666666 0.26666666666666666 1.0 1.68 29 32 2.58 1
5
APP_5_Output_Layer_0 0.4666666666666667 0.4666666666666667 1.75 3.1 22 40 2.51 1
6 7
9
2.2348839814749715
APP_6_Input_Layer_0 0.3333333333333333 0.3333333333333333 1.25 3.34 46 20 3.77 1

APP_6_Inner_Layer_0:0 0.5333333333333333 0.5333333333333333 2.0 2.16 10 25 3.15 1
0
APP_6_Inner_Layer_0:1 0.26666666666666666 0.26666666666666666 1.0 1.88 15 3 1.48 1
0
APP_6_Inner_Layer_0:2 0.5333333333333333 0.5333333333333333 2.0 1.87 44 43 2.18 1
0
APP_6_Inner_Layer_0:3 0.26666666666666666 0.26666666666666666 1.0 1.09 8 49 1.55 1
0
APP_6_Inner_Layer_1:0 0.6 0.6 2.25 1.51 36 5 1.74 1
3
APP_6_Inner_Layer_1:1 0.3333333333333333 0.3333333333333333 1.25 1.43 47 48 3.35 1
1 2 3 4
APP_6_Inner_Layer_1:2 0.4666666666666667 0.4666666666666667 1.75 3.97 9 8 3.58 1
2 4
APP_6_Output_Layer_0 0.3333333333333333 0.3333333333333333 1.25 1.47 13 45 1.54 1
5 6 7
3
2.6502582160449806
APP_7_Input_Layer_0 0.06666666666666667 0.06666666666666667 0.25 2.28 49 31 1.25 1

APP_7_Inner_Layer_0:0 0.4 0.4 1.5 3.11 28 46 3.41 1
0
APP_7_Output_Layer_0 0.2 0.2 0.75 3.98 28 19 3.12 1
1
14
3.1902122647201443
APP_8_Input_Layer_0 0.5333333333333333 0.5333333333333333 2.0 2.03 22 7 1.28 1

APP_8_Inner_Layer_0:0 0.2 0.2 0.75 2.5 23 35 2.25 1
0
APP_8_Inner_Layer_0:1 0.4 0.4 1.5 3.1 39 31 3.62 0
0
APP_8_Inner_Layer_0:2 0.2 0.2 0.75 2.32 12 25 2.05 1
0
APP_8_Inner_Layer_0:3 0.4 0.4 1.5 1.59 29 20 2.54 1
0
APP_8_Inner_Layer_1:0 0.4 0.4 1.5 3.13 14 46 2.42 1
3
APP_8_Inner_Layer_1:1 0.5333333333333333 0.5333333333333333 2.0 1.36 18 42 3.99 0
2 4
APP_8_Inner_Layer_1:2 0.3333333333333333 0.3333333333333333 1.25 3.84 4 36 1.01 1
1 2
APP_8_Inner_Layer_2:0 0.2 0.2 0.75 2.9 7 32 1.04 0
5
APP_8_Inner_Layer_2:1 0.4666666666666667 0.4666666666666667 1.75 2.54 22 48 1.73 0
6 7
APP_8_Inner_Layer_3:0 0.06666666666666667 0.06666666666666667 0.25 1.5 15 44 3.45 0
9
APP_8_Inner_Layer_3:1 0.2 0.2 0.75 1.79 40 49 2.59 0
8 9
APP_8_Inner_Layer_3:2 0.6 0.6 2.25 2.95 20 10 3.69 1
9
APP_8_Output_Layer_0 0.06666666666666667 0.06666666666666667 0.25 3.5 38 10 1.85 1
10 11 12
9
3.7230250204466073
APP_9_Input_Layer_0 0.4 0.4 1.5 2.73 31 27 2.61 1

APP_9_Inner_Layer_0:0 0.3333333333333333 0.3333333333333333 1.25 3.25 16 33 2.72 0
0
APP_9_Inner_Layer_0:1 0.4 0.4 1.5 1.53 34 17 1.12 1
0
APP_9_Inner_Layer_0:2 0.4666666666666667 0.4666666666666667 1.75 1.81 38 49 1.46 1
0
APP_9_Inner_Layer_0:3 0.13333333333333333 0.13333333333333333 0.5 3.14 25 11 2.53 0
0
APP_9_Inner_Layer_1:0 0.4 0.4 1.5 3.92 22 39 1.64 1
1 2 3 4
APP_9_Inner_Layer_2:0 0.2 0.2 0.75 1.68 34 7 2.05 1
5
APP_9_Inner_Layer_2:1 0.5333333333333333 0.5333333333333333 2.0 1.54 47 8 3.18 1
5
APP_9_Output_Layer_0 0.3333333333333333 0.3333333333333333 1.25 2.44 13 21 1.94 1
6 7
8
4.037141233910156
APP_10_Input_Layer_0 0.4 0.4 1.5 3.82 47 44 3.64 0

APP_10_Inner_Layer_0:0 0.06666666666666667 0.06666666666666667 0.25 1.07 37 36 2.82 1
0
APP_10_Inner_Layer_0:1 0.26666666666666666 0.26666666666666666 1.0 1.56 16 16 2.97 0
0
APP_10_Inner_Layer_1:0 0.5333333333333333 0.5333333333333333 2.0 3.68 31 3 2.77 0
1
APP_10_Inner_Layer_1:1 0.2 0.2 0.75 3.98 5 2 1.32 0
1 2
APP_10_Inner_Layer_1:2 0.06666666666666667 0.06666666666666667 0.25 3.26 6 14 1.42 0
1 2
APP_10_Inner_Layer_1:3 0.5333333333333333 0.5333333333333333 2.0 1.37 1 44 2.49 0
2
APP_10_Output_Layer_0 0.26666666666666666 0.26666666666666666 1.0 2.73 40 17 1.72 1
3 4 5 6
4
4.296681010612824
APP_11_Input_Layer_0 0.4 0.4 1.5 2.14 20 49 1.55 1

APP_11_Inner_Layer_0:0 0.5333333333333333 0.5333333333333333 2.0 2.61 29 23 2.45 1
0
APP_11_Inner_Layer_0:1 0.6 0.6 2.25 1.98 8 8 2.83 1
0
APP_11_Output_Layer_0 0.13333333333333333 0.13333333333333333 0.5 1.29 21 29 1.4 1
1 2
3
4.577384973340366
APP_12_Input_Layer_0 0.26666666666666666 0.26666666666666666 1.0 1.57 34 6 1.07 1

APP_12_Inner_Layer_0:0 0.26666666666666666 0.26666666666666666 1.0 2.96 37 35 1.11 0
0
APP_12_Output_Layer_0 0.26666666666666666 0.26666666666666666 1.0 2.49 37 9 1.65 1
1
7
4.820818839140935
APP_13_Input_Layer_0 0.4 0.4 1.5 3.85 11 23 3.13 1

APP_13_Inner_Layer_0:0 0.26666666666666666 0.26666666666666666 1.0 2.48 43 39 2.85 1
0
APP_13_Inner_Layer_0:1 0.6 0.6 2.25 1.63 43 17 3.69 1
0
APP_13_Inner_Layer_0:2 0.06666666666666667 0.06666666666666667 0.25 1.12 23 13 2.89 1
0
APP_13_Inner_Layer_0:3 0.13333333333333333 0.13333333333333333 0.5 2.67 34 9 1.73 1
0
APP_13_Inner_Layer_1:0 0.4666666666666667 0.4666666666666667 1.75 2.33 18 41 3.14 1
1 2 3 4
APP_13_Output_Layer_0 0.13333333333333333 0.13333333333333333 0.5 3.61 2 22 2.69 1
5
13
5.1287068482175675
APP_14_Input_Layer_0 0.26666666666666666 0.26666666666666666 1.0 3.05 46 20 3.0 1

APP_14_Inner_Layer_0:0 0.3333333333333333 0.3333333333333333 1.25 2.88 43 8 2.29 1
0
APP_14_Inner_Layer_1:0 0.3333333333333333 0.3333333333333333 1.25 1.16 6 33 1.8 1
1
APP_14_Inner_Layer_1:1 0.13333333333333333 0.13333333333333333 0.5 1.7 36 13 2.53 1
1
APP_14_Inner_Layer_1:2 0.26666666666666666 0.26666666666666666 1.0 3.23 25 43 2.58 0
1
APP_14_Inner_Layer_1:3 0.4666666666666667 0.4666666666666667 1.75 3.36 41 30 2.67 1
1
APP_14_Inner_Layer_2:0 0.4666666666666667 0.4666666666666667 1.75 1.64 39 24 2.57 1
2
APP_14_Inner_Layer_2:1 0.5333333333333333 0.5333333333333333 2.0 3.11 16 16 2.62 1
3 4 5
APP_14_Inner_Layer_3:0 0.13333333333333333 0.13333333333333333 0.5 2.43 4 27 3.43 1
7
APP_14_Inner_Layer_3:1 0.2 0.2 0.75 2.94 28 4 1.77 1
6
APP_14_Inner_Layer_3:2 0.13333333333333333 0.13333333333333333 0.5 3.21 2 24 2.81 0
7
APP_14_Inner_Layer_3:3 0.26666666666666666 0.26666666666666666 1.0 1.88 17 18 1.29 1
6
APP_14_Output_Layer_0 0.4666666666666667 0.4666666666666667 1.75 2.18 40 14 3.68 1
8 9 10 11
8
5.46407490420434
APP_15_Input_Layer_0 0.26666666666666666 0.26666666666666666 1.0 2.74 7 13 3.71 1

APP_15_Inner_Layer_0:0 0.3333333333333333 0.3333333333333333 1.25 1.3 32 39 3.22 1
0
APP_15_Inner_Layer_0:1 0.3333333333333333 0.3333333333333333 1.25 2.96 43 6 2.96 1
0
APP_15_Inner_Layer_0:2 0.4666666666666667 0.4666666666666667 1.75 3.04 12 22 1.28 1
0
APP_15_Inner_Layer_0:3 0.26666666666666666 0.26666666666666666 1.0 3.62 37 27 2.01 1
0
APP_15_Inner_Layer_1:0 0.26666666666666666 0.26666666666666666 1.0 1.92 34 16 3.0 1
1 4
APP_15_Inner_Layer_1:1 0.26666666666666666 0.26666666666666666 1.0 1.73 35 15 3.23 1
2 3
APP_15_Output_Layer_0 0.6 0.6 2.25 1.11 20 16 3.89 1
5 6
