10
8
4
0
APP_0_Input_Layer_0 0.5333333333333333 0.5333333333333333 2.0 1.11 25 22 3.01 1

APP_0_Inner_Layer_0:0 0.3333333333333333 0.3333333333333333 1.25 1.11 19 32 2.08 1
0
APP_0_Inner_Layer_0:1 0.4666666666666667 0.4666666666666667 1.75 3.5 6 22 1.51 1
0
APP_0_Output_Layer_0 0.3333333333333333 0.3333333333333333 1.25 2.85 27 39 3.11 1
1 2
8
0.5807558450527995
APP_1_Input_Layer_0 0.4666666666666667 0.4666666666666667 1.75 1.82 7 11 2.91 1

APP_1_Inner_Layer_0:0 0.13333333333333333 0.13333333333333333 0.5 1.71 42 18 3.33 1
0
APP_1_Inner_Layer_1:0 0.5333333333333333 0.5333333333333333 2.0 2.4 18 6 3.63 1
1
APP_1_Inner_Layer_1:1 0.06666666666666667 0.06666666666666667 0.25 2.86 44 29 2.0 1
1
APP_1_Inner_Layer_2:0 0.26666666666666666 0.26666666666666666 1.0 2.45 36 3 1.33 1
2 3
APP_1_Inner_Layer_2:1 0.6 0.6 2.25 2.27 22 34 2.21 1
2 3
APP_1_Inner_Layer_2:2 0.06666666666666667 0.06666666666666667 0.25 2.34 23 2 1.4 1
2
APP_1_Output_Layer_0 0.4 0.4 1.5 1.94 25 7 3.35 1
4 5 6
10
1.8169413016392375
APP_2_Input_Layer_0 0.06666666666666667 0.06666666666666667 0.25 1.96 12 19 3.24 1

APP_2_Inner_Layer_0:0 0.26666666666666666 0.26666666666666666 1.0 3.56 8 18 2.25 1
0
APP_2_Inner_Layer_0:1 0.6 0.6 2.25 2.06 30 10 3.71 1
0
APP_2_Inner_Layer_0:2 0.4 0.4 1.5 1.5 40 47 1.05 0
0
APP_2_Inner_Layer_1:0 0.6 0.6 2.25 2.24 35 26 3.95 1
2 3
APP_2_Inner_Layer_1:1 0.2 0.2 0.75 3.64 38 12 3.08 1
1
APP_2_Inner_Layer_1:2 0.4 0.4 1.5 1.76 7 22 2.85 1
2
APP_2_Inner_Layer_2:0 0.06666666666666667 0.06666666666666667 0.25 1.41 6 45 2.57 1
5 6
APP_2_Inner_Layer_2:1 0.4666666666666667 0.4666666666666667 1.75 1.6 32 45 2.53 1
4
APP_2_Output_Layer_0 0.4 0.4 1.5 1.5 20 3 3.69 1
7 8
6
3.0156932473566553
APP_3_Input_Layer_0 0.3333333333333333 0.3333333333333333 1.25 3.67 23 45 2.4 1

APP_3_Inner_Layer_0:0 0.26666666666666666 0.26666666666666666 1.0 1.96 4 11 1.05 1
0
APP_3_Inner_Layer_1:0 0.6 0.6 2.25 1.54 36 6 1.01 1
1
APP_3_Inner_Layer_1:1 0.3333333333333333 0.3333333333333333 1.25 1.85 33 31 3.79 0
1
APP_3_Inner_Layer_1:2 0.4 0.4 1.5 1.46 45 36 1.1 1
1
APP_3_Output_Layer_0 0.2 0.2 0.75 1.03 49 31 2.66 1
2 3 4
8
3.6290272584670413
APP_4_Input_Layer_0 0.5333333333333333 0.5333333333333333 2.0 2.27 49 21 2.96 1

APP_4_Inner_Layer_0:0 0.4666666666666667 0.4666666666666667 1.75 3.73 28 10 1.4 1
0
APP_4_Inner_Layer_0:1 0.3333333333333333 0.3333333333333333 1.25 2.03 32 9 1.25 1
0
APP_4_Inner_Layer_1:0 0.4 0.4 1.5 3.2 47 31 1.95 0
1 2
APP_4_Inner_Layer_1:1 0.13333333333333333 0.13333333333333333 0.5 1.41 5 12 2.22 0
1
APP_4_Inner_Layer_2:0 0.06666666666666667 0.06666666666666667 0.25 1.33 20 47 1.8 1
4
APP_4_Inner_Layer_2:1 0.26666666666666666 0.26666666666666666 1.0 1.02 34 11 3.71 0
3 4
APP_4_Output_Layer_0 0.06666666666666667 0.06666666666666667 0.25 1.73 20 49 1.54 1
5 6
8
4.629446115187911
APP_5_Input_Layer_0 0.2 0.2 0.75 3.23 28 7 2.63 1

APP_5_Inner_Layer_0:0 0.4 0.4 1.5 2.1 5 38 2.17 0
0
APP_5_Inner_Layer_0:1 0.4 0.4 1.5 2.48 49 22 2.68 1
0
APP_5_Inner_Layer_0:2 0.4 0.4 1.5 3.91 46 41 2.39 1
0
APP_5_Inner_Layer_1:0 0.4666666666666667 0.4666666666666667 1.75 2.15 38 35 2.32 1
2
APP_5_Inner_Layer_1:1 0.5333333333333333 0.5333333333333333 2.0 1.3 49 8 1.3 0
2
APP_5_Inner_Layer_1:2 0.6 0.6 2.25 3.17 25 34 3.78 1
1 2 3
APP_5_Output_Layer_0 0.06666666666666667 0.06666666666666667 0.25 2.9 17 17 1.91 1
4 5 6
10
5.10048070316938
APP_6_Input_Layer_0 0.3333333333333333 0.3333333333333333 1.25 3.25 5 27 2.41 1

APP_6_Inner_Layer_0:0 0.3333333333333333 0.3333333333333333 1.25 2.9 36 42 2.61 1
0
APP_6_Inner_Layer_0:1 0.06666666666666667 0.06666666666666667 0.25 1.01 34 22 1.86 0
0
APP_6_Inner_Layer_0:2 0.3333333333333333 0.3333333333333333 1.25 3.67 45 18 2.82 1
0
APP_6_Inner_Layer_0:3 0.26666666666666666 0.26666666666666666 1.0 1.62 3 45 1.39 0
0
APP_6_Inner_Layer_1:0 0.3333333333333333 0.3333333333333333 1.25 3.25 48 42 2.39 0
1 2
APP_6_Inner_Layer_1:1 0.5333333333333333 0.5333333333333333 2.0 3.93 10 14 2.81 0
2
APP_6_Inner_Layer_1:2 0.6 0.6 2.25 3.29 10 22 1.67 1
1
APP_6_Inner_Layer_1:3 0.5333333333333333 0.5333333333333333 2.0 1.42 27 47 2.17 1
1 3 4
APP_6_Output_Layer_0 0.2 0.2 0.75 1.04 47 11 2.43 1
5 6 7 8
15
5.909972527075886
APP_7_Input_Layer_0 0.6 0.6 2.25 1.04 16 9 3.11 1

APP_7_Inner_Layer_0:0 0.4666666666666667 0.4666666666666667 1.75 3.3 31 39 3.52 1
0
APP_7_Inner_Layer_0:1 0.5333333333333333 0.5333333333333333 2.0 1.04 40 28 2.93 1
0
APP_7_Inner_Layer_1:0 0.2 0.2 0.75 3.72 13 17 1.85 1
1 2
APP_7_Inner_Layer_1:1 0.26666666666666666 0.26666666666666666 1.0 3.98 37 11 3.91 1
2
APP_7_Inner_Layer_1:2 0.2 0.2 0.75 3.87 24 25 3.86 1
1
APP_7_Inner_Layer_2:0 0.2 0.2 0.75 3.97 48 4 3.87 0
4
APP_7_Inner_Layer_2:1 0.2 0.2 0.75 1.91 20 18 3.21 0
4 5
APP_7_Inner_Layer_2:2 0.26666666666666666 0.26666666666666666 1.0 2.87 47 43 3.05 1
5
APP_7_Inner_Layer_2:3 0.06666666666666667 0.06666666666666667 0.25 3.64 48 33 2.83 1
3 4 5
APP_7_Inner_Layer_3:0 0.4666666666666667 0.4666666666666667 1.75 1.55 27 40 1.95 1
7 8
APP_7_Inner_Layer_3:1 0.3333333333333333 0.3333333333333333 1.25 3.43 18 24 1.57 1
6 7 9
APP_7_Inner_Layer_3:2 0.6 0.6 2.25 2.76 7 34 2.96 1
6 7 9
APP_7_Inner_Layer_3:3 0.4 0.4 1.5 2.98 21 11 2.88 1
6
APP_7_Output_Layer_0 0.4666666666666667 0.4666666666666667 1.75 2.39 48 12 1.23 1
10 11 12 13
