10
8
10
0
APP_0_Input_Layer_0 0.6 0.6 2.25 2.72 24 48 1.65 1

APP_0_Inner_Layer_0:0 0.3333333333333333 0.3333333333333333 1.25 1.18 32 13 1.34 1
0
APP_0_Inner_Layer_0:1 0.3333333333333333 0.3333333333333333 1.25 1.56 34 47 3.47 1
0
APP_0_Inner_Layer_0:2 0.2 0.2 0.75 2.17 28 25 1.14 1
0
APP_0_Inner_Layer_0:3 0.06666666666666667 0.06666666666666667 0.25 3.22 32 12 3.91 1
0
APP_0_Inner_Layer_1:0 0.4 0.4 1.5 3.38 5 33 1.65 0
2 3 4
APP_0_Inner_Layer_1:1 0.5333333333333333 0.5333333333333333 2.0 3.5 15 34 3.95 0
1 2 4
APP_0_Inner_Layer_1:2 0.6 0.6 2.25 3.6 27 15 2.37 0
1
APP_0_Inner_Layer_1:3 0.06666666666666667 0.06666666666666667 0.25 1.1 30 16 1.76 1
2 4
APP_0_Output_Layer_0 0.3333333333333333 0.3333333333333333 1.25 2.86 43 31 2.27 1
5 6 7 8
12
0.8523976737769586
APP_1_Input_Layer_0 0.26666666666666666 0.26666666666666666 1.0 2.05 44 16 3.84 1

APP_1_Inner_Layer_0:0 0.6 0.6 2.25 3.36 12 34 1.85 1
0
APP_1_Inner_Layer_0:1 0.3333333333333333 0.3333333333333333 1.25 2.08 23 32 1.68 0
0
APP_1_Inner_Layer_0:2 0.4666666666666667 0.4666666666666667 1.75 3.74 7 30 1.26 1
0
APP_1_Inner_Layer_1:0 0.3333333333333333 0.3333333333333333 1.25 2.99 38 1 2.05 1
1 2
APP_1_Inner_Layer_1:1 0.26666666666666666 0.26666666666666666 1.0 3.91 36 33 3.54 0
1 2 3
APP_1_Inner_Layer_2:0 0.5333333333333333 0.5333333333333333 2.0 1.9 19 39 3.31 1
5
APP_1_Inner_Layer_2:1 0.06666666666666667 0.06666666666666667 0.25 1.02 16 41 3.31 1
4 5
APP_1_Inner_Layer_3:0 0.2 0.2 0.75 3.92 27 48 2.4 1
7
APP_1_Inner_Layer_3:1 0.13333333333333333 0.13333333333333333 0.5 1.25 37 1 3.87 0
6
APP_1_Inner_Layer_3:2 0.26666666666666666 0.26666666666666666 1.0 1.97 15 36 1.15 1
6 7
APP_1_Output_Layer_0 0.26666666666666666 0.26666666666666666 1.0 3.7 49 11 2.52 1
8 9 10
11
1.9420771089540985
APP_2_Input_Layer_0 0.3333333333333333 0.3333333333333333 1.25 2.39 19 15 2.23 0

APP_2_Inner_Layer_0:0 0.6 0.6 2.25 3.14 6 9 1.71 1
0
APP_2_Inner_Layer_1:0 0.2 0.2 0.75 1.12 5 16 3.54 1
1
APP_2_Inner_Layer_1:1 0.2 0.2 0.75 1.42 45 27 3.48 1
1
APP_2_Inner_Layer_1:2 0.4666666666666667 0.4666666666666667 1.75 2.74 3 9 1.39 0
1
APP_2_Inner_Layer_2:0 0.3333333333333333 0.3333333333333333 1.25 1.62 4 20 1.12 1
2 4
APP_2_Inner_Layer_2:1 0.3333333333333333 0.3333333333333333 1.25 1.71 28 26 2.36 1
3
APP_2_Inner_Layer_3:0 0.06666666666666667 0.06666666666666667 0.25 1.31 34 42 1.71 1
6
APP_2_Inner_Layer_3:1 0.6 0.6 2.25 1.89 41 8 2.78 1
6
APP_2_Inner_Layer_3:2 0.3333333333333333 0.3333333333333333 1.25 2.6 45 25 3.53 1
5
APP_2_Output_Layer_0 0.6 0.6 2.25 1.03 12 19 3.78 1
7 8 9
8
2.840853035442963
APP_3_Input_Layer_0 0.6 0.6 2.25 1.73 14 15 2.27 1

APP_3_Inner_Layer_0:0 0.4 0.4 1.5 2.01 22 27 1.29 1
0
APP_3_Inner_Layer_0:1 0.3333333333333333 0.3333333333333333 1.25 3.91 45 31 3.78 1
0
APP_3_Inner_Layer_0:2 0.06666666666666667 0.06666666666666667 0.25 1.37 25 16 3.2 1
0
APP_3_Inner_Layer_0:3 0.26666666666666666 0.26666666666666666 1.0 1.92 34 41 3.66 1
0
APP_3_Inner_Layer_1:0 0.5333333333333333 0.5333333333333333 2.0 2.64 15 24 2.28 0
1 2 3 4
APP_3_Inner_Layer_2:0 0.5333333333333333 0.5333333333333333 2.0 3.76 12 5 3.42 0
5
APP_3_Output_Layer_0 0.4666666666666667 0.4666666666666667 1.75 1.47 24 17 3.41 1
6
5
3.331595017879361
APP_4_Input_Layer_0 0.3333333333333333 0.3333333333333333 1.25 2.79 2 49 2.51 1

APP_4_Inner_Layer_0:0 0.06666666666666667 0.06666666666666667 0.25 2.87 13 49 3.23 0
0
APP_4_Inner_Layer_0:1 0.3333333333333333 0.3333333333333333 1.25 2.53 33 26 3.08 1
0
APP_4_Inner_Layer_0:2 0.13333333333333333 0.13333333333333333 0.5 2.57 15 27 2.57 0
0
APP_4_Output_Layer_0 0.06666666666666667 0.06666666666666667 0.25 1.79 31 45 2.03 1
1 2 3
6
3.833728130766678
APP_5_Input_Layer_0 0.06666666666666667 0.06666666666666667 0.25 1.74 26 5 3.81 1

APP_5_Inner_Layer_0:0 0.26666666666666666 0.26666666666666666 1.0 1.8 2 47 2.78 1
0
APP_5_Inner_Layer_0:1 0.6 0.6 2.25 3.21 14 29 3.38 0
0
APP_5_Inner_Layer_0:2 0.3333333333333333 0.3333333333333333 1.25 1.28 13 27 1.2 0
0
APP_5_Inner_Layer_1:0 0.6 0.6 2.25 3.82 20 24 2.34 0
1 2 3
APP_5_Output_Layer_0 0.13333333333333333 0.13333333333333333 0.5 2.19 38 35 3.13 1
4
13
4.384164811460176
APP_6_Input_Layer_0 0.4 0.4 1.5 1.03 42 25 2.17 1

APP_6_Inner_Layer_0:0 0.2 0.2 0.75 1.68 36 40 2.87 0
0
APP_6_Inner_Layer_0:1 0.06666666666666667 0.06666666666666667 0.25 2.92 45 23 3.09 1
0
APP_6_Inner_Layer_0:2 0.6 0.6 2.25 2.53 13 15 3.93 1
0
APP_6_Inner_Layer_0:3 0.06666666666666667 0.06666666666666667 0.25 2.02 26 15 2.0 0
0
APP_6_Inner_Layer_1:0 0.6 0.6 2.25 2.47 25 14 1.45 1
2 3
APP_6_Inner_Layer_1:1 0.4666666666666667 0.4666666666666667 1.75 3.91 7 39 2.81 1
4
APP_6_Inner_Layer_1:2 0.4666666666666667 0.4666666666666667 1.75 1.46 38 15 1.86 1
1 2 4
APP_6_Inner_Layer_2:0 0.2 0.2 0.75 2.91 30 13 3.8 1
5 6
APP_6_Inner_Layer_2:1 0.5333333333333333 0.5333333333333333 2.0 2.25 9 10 2.45 1
7
APP_6_Inner_Layer_2:2 0.06666666666666667 0.06666666666666667 0.25 2.42 49 39 2.13 1
7
APP_6_Inner_Layer_3:0 0.26666666666666666 0.26666666666666666 1.0 2.7 6 5 2.71 0
8 9 10
APP_6_Output_Layer_0 0.4666666666666667 0.4666666666666667 1.75 2.51 2 31 2.78 1
11
12
4.987575764085836
APP_7_Input_Layer_0 0.6 0.6 2.25 1.27 15 28 3.19 1

APP_7_Inner_Layer_0:0 0.4666666666666667 0.4666666666666667 1.75 3.94 39 22 2.77 1
0
APP_7_Inner_Layer_0:1 0.2 0.2 0.75 1.88 25 11 3.35 1
0
APP_7_Inner_Layer_0:2 0.26666666666666666 0.26666666666666666 1.0 2.83 44 29 1.28 0
0
APP_7_Inner_Layer_1:0 0.3333333333333333 0.3333333333333333 1.25 2.96 47 44 1.45 1
2
APP_7_Inner_Layer_1:1 0.3333333333333333 0.3333333333333333 1.25 3.31 20 9 1.94 0
3
APP_7_Inner_Layer_1:2 0.06666666666666667 0.06666666666666667 0.25 2.96 2 30 1.16 1
1 3
APP_7_Inner_Layer_1:3 0.13333333333333333 0.13333333333333333 0.5 3.97 36 23 3.77 1
3
APP_7_Inner_Layer_2:0 0.2 0.2 0.75 3.75 43 9 3.18 1
4 5 6
APP_7_Inner_Layer_2:1 0.06666666666666667 0.06666666666666667 0.25 1.81 39 16 2.37 1
7
APP_7_Inner_Layer_3:0 0.4 0.4 1.5 3.4 12 24 1.16 1
8 9
APP_7_Output_Layer_0 0.4666666666666667 0.4666666666666667 1.75 1.01 34 47 3.01 1
10
