10
8
10
0
APP_0_Input_Layer_0 0.3333333333333333 0.3333333333333333 1.25 1.08 40 27 1.21 1

APP_0_Inner_Layer_0:0 0.6 0.6 2.25 1.87 42 9 1.32 1
0
APP_0_Inner_Layer_0:1 0.13333333333333333 0.13333333333333333 0.5 2.95 44 33 3.95 0
0
APP_0_Inner_Layer_1:0 0.4 0.4 1.5 3.7 37 4 3.74 1
1
APP_0_Inner_Layer_1:1 0.3333333333333333 0.3333333333333333 1.25 3.22 16 40 1.23 1
2
APP_0_Inner_Layer_2:0 0.26666666666666666 0.26666666666666666 1.0 2.68 14 29 2.96 1
4
APP_0_Inner_Layer_2:1 0.13333333333333333 0.13333333333333333 0.5 1.18 46 20 2.52 1
4
APP_0_Inner_Layer_2:2 0.26666666666666666 0.26666666666666666 1.0 3.73 21 2 1.86 1
3
APP_0_Inner_Layer_2:3 0.6 0.6 2.25 3.91 21 37 3.86 1
3
APP_0_Output_Layer_0 0.13333333333333333 0.13333333333333333 0.5 1.67 33 13 1.43 1
5 6 7 8
13
0.4926854728776617
APP_1_Input_Layer_0 0.4666666666666667 0.4666666666666667 1.75 1.68 29 34 3.74 1

APP_1_Inner_Layer_0:0 0.6 0.6 2.25 2.95 49 6 3.33 0
0
APP_1_Inner_Layer_1:0 0.3333333333333333 0.3333333333333333 1.25 2.27 10 47 3.84 1
1
APP_1_Inner_Layer_1:1 0.13333333333333333 0.13333333333333333 0.5 2.22 33 18 3.13 1
1
APP_1_Inner_Layer_1:2 0.06666666666666667 0.06666666666666667 0.25 1.99 5 3 1.53 1
1
APP_1_Inner_Layer_1:3 0.6 0.6 2.25 3.47 45 29 2.32 1
1
APP_1_Inner_Layer_2:0 0.13333333333333333 0.13333333333333333 0.5 3.67 9 6 2.42 0
2 4
APP_1_Inner_Layer_2:1 0.5333333333333333 0.5333333333333333 2.0 1.43 4 8 2.97 1
2 3
APP_1_Inner_Layer_2:2 0.4666666666666667 0.4666666666666667 1.75 2.78 21 41 1.95 1
3 5
APP_1_Inner_Layer_2:3 0.2 0.2 0.75 1.13 43 4 3.12 0
3 5
APP_1_Inner_Layer_3:0 0.4 0.4 1.5 1.17 10 32 1.91 1
9 6
APP_1_Inner_Layer_3:1 0.6 0.6 2.25 1.41 25 23 3.02 1
6 7 8 9
APP_1_Output_Layer_0 0.3333333333333333 0.3333333333333333 1.25 1.48 18 42 1.07 1
10 11
5
1.4659700386422745
APP_2_Input_Layer_0 0.2 0.2 0.75 3.65 2 16 1.73 1

APP_2_Inner_Layer_0:0 0.6 0.6 2.25 1.7 39 31 2.37 1
0
APP_2_Inner_Layer_1:0 0.6 0.6 2.25 2.61 29 23 3.46 1
1
APP_2_Inner_Layer_1:1 0.4666666666666667 0.4666666666666667 1.75 3.25 33 35 2.86 0
1
APP_2_Output_Layer_0 0.3333333333333333 0.3333333333333333 1.25 1.82 2 16 1.35 1
2 3
8
2.6058034383437323
APP_3_Input_Layer_0 0.06666666666666667 0.06666666666666667 0.25 2.94 30 42 2.56 1

APP_3_Inner_Layer_0:0 0.06666666666666667 0.06666666666666667 0.25 1.61 20 27 1.26 1
0
APP_3_Inner_Layer_0:1 0.13333333333333333 0.13333333333333333 0.5 2.4 48 5 3.95 0
0
APP_3_Inner_Layer_0:2 0.06666666666666667 0.06666666666666667 0.25 1.82 47 17 1.8 1
0
APP_3_Inner_Layer_0:3 0.2 0.2 0.75 2.79 47 37 3.08 1
0
APP_3_Inner_Layer_1:0 0.3333333333333333 0.3333333333333333 1.25 1.94 18 25 3.96 1
1 2 3 4
APP_3_Inner_Layer_2:0 0.6 0.6 2.25 2.69 37 9 3.72 1
5
APP_3_Output_Layer_0 0.4 0.4 1.5 3.54 15 10 2.01 0
6
3
3.2719574717240616
APP_4_Input_Layer_0 0.26666666666666666 0.26666666666666666 1.0 3.91 40 32 1.78 0

APP_4_Inner_Layer_0:0 0.13333333333333333 0.13333333333333333 0.5 1.8 11 30 3.62 1
0
APP_4_Output_Layer_0 0.4666666666666667 0.4666666666666667 1.75 1.63 5 2 2.12 1
1
9
4.170764179387848
APP_5_Input_Layer_0 0.6 0.6 2.25 3.57 25 3 2.68 1

APP_5_Inner_Layer_0:0 0.2 0.2 0.75 1.37 11 41 1.96 1
0
APP_5_Inner_Layer_0:1 0.26666666666666666 0.26666666666666666 1.0 1.06 41 34 2.84 0
0
APP_5_Inner_Layer_1:0 0.2 0.2 0.75 1.92 43 18 3.65 1
2
APP_5_Inner_Layer_1:1 0.4666666666666667 0.4666666666666667 1.75 1.39 5 24 1.32 1
1 2
APP_5_Inner_Layer_2:0 0.3333333333333333 0.3333333333333333 1.25 1.2 3 29 2.33 0
3 4
APP_5_Inner_Layer_2:1 0.4 0.4 1.5 1.28 37 41 3.47 1
4
APP_5_Inner_Layer_3:0 0.3333333333333333 0.3333333333333333 1.25 2.16 20 23 2.73 0
5 6
APP_5_Output_Layer_0 0.3333333333333333 0.3333333333333333 1.25 3.61 34 6 2.28 1
7
6
4.9023715868351365
APP_6_Input_Layer_0 0.13333333333333333 0.13333333333333333 0.5 1.22 10 48 2.23 1

APP_6_Inner_Layer_0:0 0.6 0.6 2.25 3.43 32 2 2.23 1
0
APP_6_Inner_Layer_1:0 0.4666666666666667 0.4666666666666667 1.75 2.03 7 4 3.34 0
1
APP_6_Inner_Layer_1:1 0.5333333333333333 0.5333333333333333 2.0 3.03 34 42 2.48 0
1
APP_6_Inner_Layer_1:2 0.6 0.6 2.25 2.13 43 23 2.88 1
1
APP_6_Output_Layer_0 0.4666666666666667 0.4666666666666667 1.75 2.85 20 40 3.66 1
2 3 4
11
5.705230229744301
APP_7_Input_Layer_0 0.06666666666666667 0.06666666666666667 0.25 3.66 17 25 3.66 1

APP_7_Inner_Layer_0:0 0.06666666666666667 0.06666666666666667 0.25 3.01 4 2 1.16 0
0
APP_7_Inner_Layer_0:1 0.4 0.4 1.5 1.6 21 29 1.11 1
0
APP_7_Inner_Layer_1:0 0.4666666666666667 0.4666666666666667 1.75 3.8 29 42 1.43 0
1
APP_7_Inner_Layer_1:1 0.13333333333333333 0.13333333333333333 0.5 3.32 30 10 2.23 0
1 2
APP_7_Inner_Layer_1:2 0.4666666666666667 0.4666666666666667 1.75 3.0 32 36 1.35 1
1 2
APP_7_Inner_Layer_2:0 0.6 0.6 2.25 3.96 13 6 3.14 0
3 4
APP_7_Inner_Layer_2:1 0.6 0.6 2.25 1.4 28 17 1.85 0
5
APP_7_Inner_Layer_2:2 0.4666666666666667 0.4666666666666667 1.75 3.7 44 29 2.03 0
3 5
APP_7_Inner_Layer_2:3 0.06666666666666667 0.06666666666666667 0.25 2.47 10 43 3.22 1
4
APP_7_Output_Layer_0 0.6 0.6 2.25 1.27 15 40 3.44 1
6 7 8 9
