10
8
6
0
APP_0_Input_Layer_0 0.06666666666666667 0.06666666666666667 0.25 1.35 10 22 2.82 1

APP_0_Inner_Layer_0:0 0.13333333333333333 0.13333333333333333 0.5 2.44 37 30 1.23 1
0
APP_0_Inner_Layer_0:1 0.3333333333333333 0.3333333333333333 1.25 3.86 24 21 2.23 1
0
APP_0_Inner_Layer_1:0 0.4 0.4 1.5 2.1 34 47 2.05 1
2
APP_0_Inner_Layer_1:1 0.26666666666666666 0.26666666666666666 1.0 2.57 38 35 2.12 1
1
APP_0_Output_Layer_0 0.5333333333333333 0.5333333333333333 2.0 3.87 40 29 3.97 1
3 4
10
1.0469952430338554
APP_1_Input_Layer_0 0.5333333333333333 0.5333333333333333 2.0 3.89 33 28 2.34 1

APP_1_Inner_Layer_0:0 0.4666666666666667 0.4666666666666667 1.75 2.56 18 29 3.37 1
0
APP_1_Inner_Layer_0:1 0.5333333333333333 0.5333333333333333 2.0 3.81 25 38 3.43 0
0
APP_1_Inner_Layer_0:2 0.06666666666666667 0.06666666666666667 0.25 2.31 40 45 1.24 1
0
APP_1_Inner_Layer_1:0 0.4 0.4 1.5 3.27 41 36 3.31 1
1 2 3
APP_1_Inner_Layer_2:0 0.3333333333333333 0.3333333333333333 1.25 1.15 39 27 1.43 1
4
APP_1_Inner_Layer_2:1 0.6 0.6 2.25 2.79 44 24 3.99 0
4
APP_1_Inner_Layer_2:2 0.2 0.2 0.75 3.95 24 3 2.58 1
4
APP_1_Inner_Layer_2:3 0.6 0.6 2.25 2.0 22 10 2.85 1
4
APP_1_Output_Layer_0 0.5333333333333333 0.5333333333333333 2.0 3.24 29 26 2.77 1
5 6 7 8
5
1.528935222050845
APP_2_Input_Layer_0 0.4 0.4 1.5 1.3 6 25 3.63 1

APP_2_Inner_Layer_0:0 0.2 0.2 0.75 3.78 3 11 1.11 1
0
APP_2_Inner_Layer_0:1 0.26666666666666666 0.26666666666666666 1.0 1.37 13 26 2.46 0
0
APP_2_Inner_Layer_1:0 0.2 0.2 0.75 3.74 38 14 3.1 1
1 2
APP_2_Output_Layer_0 0.3333333333333333 0.3333333333333333 1.25 3.07 12 45 1.43 1
3
7
2.4374703204345463
APP_3_Input_Layer_0 0.4666666666666667 0.4666666666666667 1.75 3.93 12 2 3.77 1

APP_3_Inner_Layer_0:0 0.06666666666666667 0.06666666666666667 0.25 2.11 14 39 1.38 1
0
APP_3_Inner_Layer_0:1 0.4666666666666667 0.4666666666666667 1.75 3.88 28 27 3.07 1
0
APP_3_Inner_Layer_1:0 0.4666666666666667 0.4666666666666667 1.75 2.16 38 19 3.13 0
2
APP_3_Inner_Layer_1:1 0.3333333333333333 0.3333333333333333 1.25 1.6 22 28 3.59 1
1
APP_3_Inner_Layer_1:2 0.4 0.4 1.5 1.56 19 7 2.7 1
1 2
APP_3_Output_Layer_0 0.6 0.6 2.25 1.84 30 42 2.41 1
3 4 5
5
3.177336516574834
APP_4_Input_Layer_0 0.2 0.2 0.75 2.83 41 21 2.64 1

APP_4_Inner_Layer_0:0 0.26666666666666666 0.26666666666666666 1.0 3.66 31 11 3.75 1
0
APP_4_Inner_Layer_0:1 0.3333333333333333 0.3333333333333333 1.25 3.63 45 34 2.4 1
0
APP_4_Inner_Layer_0:2 0.5333333333333333 0.5333333333333333 2.0 1.9 41 8 1.31 1
0
APP_4_Output_Layer_0 0.4 0.4 1.5 3.19 16 4 3.62 1
1 2 3
4
4.057501966231349
APP_5_Input_Layer_0 0.3333333333333333 0.3333333333333333 1.25 1.76 28 33 3.02 1

APP_5_Inner_Layer_0:0 0.4666666666666667 0.4666666666666667 1.75 3.68 16 22 1.43 1
0
APP_5_Inner_Layer_1:0 0.3333333333333333 0.3333333333333333 1.25 2.7 41 45 2.17 1
1
APP_5_Output_Layer_0 0.2 0.2 0.75 3.97 10 10 3.86 1
2
11
4.89753958637107
APP_6_Input_Layer_0 0.06666666666666667 0.06666666666666667 0.25 3.92 20 2 2.78 0

APP_6_Inner_Layer_0:0 0.6 0.6 2.25 3.87 37 12 3.31 1
0
APP_6_Inner_Layer_0:1 0.2 0.2 0.75 2.36 39 21 2.47 1
0
APP_6_Inner_Layer_1:0 0.06666666666666667 0.06666666666666667 0.25 2.44 40 12 1.68 0
1
APP_6_Inner_Layer_1:1 0.13333333333333333 0.13333333333333333 0.5 2.23 5 19 1.12 0
1 2
APP_6_Inner_Layer_1:2 0.4666666666666667 0.4666666666666667 1.75 2.98 8 45 3.55 1
2
APP_6_Inner_Layer_1:3 0.3333333333333333 0.3333333333333333 1.25 1.93 9 37 2.62 1
1
APP_6_Inner_Layer_2:0 0.13333333333333333 0.13333333333333333 0.5 3.96 11 18 3.48 0
5 6
APP_6_Inner_Layer_2:1 0.06666666666666667 0.06666666666666667 0.25 3.47 30 34 2.48 1
4 6
APP_6_Inner_Layer_2:2 0.2 0.2 0.75 1.31 3 41 3.04 1
3 4
APP_6_Output_Layer_0 0.2 0.2 0.75 1.63 6 17 1.91 1
7 8 9
8
5.474969842352862
APP_7_Input_Layer_0 0.4666666666666667 0.4666666666666667 1.75 3.31 14 7 2.57 1

APP_7_Inner_Layer_0:0 0.26666666666666666 0.26666666666666666 1.0 3.82 14 18 2.06 1
0
APP_7_Inner_Layer_0:1 0.13333333333333333 0.13333333333333333 0.5 3.34 32 43 1.03 1
0
APP_7_Inner_Layer_0:2 0.4 0.4 1.5 2.69 29 29 2.12 1
0
APP_7_Inner_Layer_1:0 0.13333333333333333 0.13333333333333333 0.5 3.3 38 7 3.99 1
1 2 3
APP_7_Inner_Layer_1:1 0.5333333333333333 0.5333333333333333 2.0 1.45 48 40 3.46 1
2
APP_7_Inner_Layer_1:2 0.3333333333333333 0.3333333333333333 1.25 3.2 45 42 3.21 1
3
APP_7_Output_Layer_0 0.3333333333333333 0.3333333333333333 1.25 2.38 11 36 1.29 1
4 5 6
