10
8
5
0
APP_0_Input_Layer_0 0.06666666666666667 0.06666666666666667 0.25 1.99 12 12 2.56 1

APP_0_Inner_Layer_0:0 0.2 0.2 0.75 1.96 29 46 2.52 1
0
APP_0_Inner_Layer_0:1 0.06666666666666667 0.06666666666666667 0.25 2.14 43 22 3.12 1
0
APP_0_Inner_Layer_0:2 0.4 0.4 1.5 3.26 26 19 1.95 0
0
APP_0_Output_Layer_0 0.06666666666666667 0.06666666666666667 0.25 2.34 28 45 3.38 1
1 2 3
6
0.7745652139039451
APP_1_Input_Layer_0 0.3333333333333333 0.3333333333333333 1.25 2.69 45 41 3.25 1

APP_1_Inner_Layer_0:0 0.4 0.4 1.5 3.83 26 18 3.45 1
0
APP_1_Inner_Layer_0:1 0.4 0.4 1.5 3.32 45 2 3.12 1
0
APP_1_Inner_Layer_0:2 0.5333333333333333 0.5333333333333333 2.0 3.89 24 47 2.26 1
0
APP_1_Inner_Layer_0:3 0.4 0.4 1.5 2.65 34 19 1.01 1
0
APP_1_Output_Layer_0 0.2 0.2 0.75 3.94 5 49 3.91 1
1 2 3 4
6
1.2422687357141449
APP_2_Input_Layer_0 0.06666666666666667 0.06666666666666667 0.25 2.75 9 30 3.91 1

APP_2_Inner_Layer_0:0 0.13333333333333333 0.13333333333333333 0.5 1.49 11 23 1.9 0
0
APP_2_Inner_Layer_1:0 0.4666666666666667 0.4666666666666667 1.75 1.89 48 26 3.47 1
1
APP_2_Inner_Layer_2:0 0.6 0.6 2.25 1.0 13 23 2.53 1
2
APP_2_Inner_Layer_2:1 0.3333333333333333 0.3333333333333333 1.25 2.16 5 28 1.39 1
2
APP_2_Output_Layer_0 0.06666666666666667 0.06666666666666667 0.25 2.82 11 40 2.49 1
3 4
5
2.152375089907077
APP_3_Input_Layer_0 0.4 0.4 1.5 3.22 44 13 1.07 1

APP_3_Inner_Layer_0:0 0.06666666666666667 0.06666666666666667 0.25 3.65 13 39 3.98 1
0
APP_3_Inner_Layer_1:0 0.06666666666666667 0.06666666666666667 0.25 2.92 6 1 2.55 1
1
APP_3_Inner_Layer_1:1 0.26666666666666666 0.26666666666666666 1.0 3.83 45 11 1.23 1
1
APP_3_Output_Layer_0 0.4 0.4 1.5 2.84 25 19 1.4 1
2 3
6
3.1609433044238546
APP_4_Input_Layer_0 0.2 0.2 0.75 3.32 23 26 1.68 1

APP_4_Inner_Layer_0:0 0.3333333333333333 0.3333333333333333 1.25 1.66 38 23 3.93 0
0
APP_4_Inner_Layer_0:1 0.4 0.4 1.5 2.94 15 17 3.32 0
0
APP_4_Inner_Layer_1:0 0.6 0.6 2.25 3.5 24 24 2.1 1
1 2
APP_4_Inner_Layer_2:0 0.4666666666666667 0.4666666666666667 1.75 2.06 46 28 3.82 1
3
APP_4_Output_Layer_0 0.6 0.6 2.25 3.64 24 8 1.85 0
4
6
4.00317059696245
APP_5_Input_Layer_0 0.5333333333333333 0.5333333333333333 2.0 1.57 5 9 3.74 1

APP_5_Inner_Layer_0:0 0.3333333333333333 0.3333333333333333 1.25 2.19 31 5 1.41 1
0
APP_5_Inner_Layer_0:1 0.3333333333333333 0.3333333333333333 1.25 1.17 12 19 1.35 1
0
APP_5_Inner_Layer_0:2 0.2 0.2 0.75 1.16 34 39 1.7 0
0
APP_5_Inner_Layer_0:3 0.13333333333333333 0.13333333333333333 0.5 1.56 11 20 2.0 1
0
APP_5_Output_Layer_0 0.2 0.2 0.75 3.36 42 33 2.01 1
1 2 3 4
7
5.237880809664897
APP_6_Input_Layer_0 0.5333333333333333 0.5333333333333333 2.0 1.8 27 27 1.74 1

APP_6_Inner_Layer_0:0 0.26666666666666666 0.26666666666666666 1.0 3.52 9 4 1.31 1
0
APP_6_Inner_Layer_0:1 0.4 0.4 1.5 2.56 16 36 2.08 0
0
APP_6_Inner_Layer_1:0 0.4 0.4 1.5 1.61 25 5 1.24 1
2
APP_6_Inner_Layer_1:1 0.5333333333333333 0.5333333333333333 2.0 1.8 35 42 1.67 0
1
APP_6_Inner_Layer_2:0 0.06666666666666667 0.06666666666666667 0.25 2.76 24 30 2.68 0
3 4
APP_6_Output_Layer_0 0.4 0.4 1.5 3.56 47 9 1.24 1
5
10
5.983369130096457
APP_7_Input_Layer_0 0.5333333333333333 0.5333333333333333 2.0 3.66 36 1 3.88 1

APP_7_Inner_Layer_0:0 0.5333333333333333 0.5333333333333333 2.0 3.53 28 13 2.05 1
0
APP_7_Inner_Layer_0:1 0.2 0.2 0.75 2.33 47 28 1.42 1
0
APP_7_Inner_Layer_1:0 0.26666666666666666 0.26666666666666666 1.0 2.39 35 39 2.83 0
2
APP_7_Inner_Layer_1:1 0.5333333333333333 0.5333333333333333 2.0 1.38 49 19 2.88 1
1
APP_7_Inner_Layer_2:0 0.26666666666666666 0.26666666666666666 1.0 1.02 35 23 1.85 0
3
APP_7_Inner_Layer_2:1 0.13333333333333333 0.13333333333333333 0.5 1.58 4 40 2.43 1
4
APP_7_Inner_Layer_2:2 0.3333333333333333 0.3333333333333333 1.25 3.66 5 18 2.49 0
3 4
APP_7_Inner_Layer_2:3 0.5333333333333333 0.5333333333333333 2.0 2.66 22 7 3.34 1
4
APP_7_Output_Layer_0 0.13333333333333333 0.13333333333333333 0.5 1.65 43 30 1.84 1
5 6 7 8
