10
8
5
0
APP_0_Input_Layer_0 0.26666666666666666 0.26666666666666666 1.0 2.44 15 33 3.47 0

APP_0_Inner_Layer_0:0 0.3333333333333333 0.3333333333333333 1.25 1.71 16 16 1.71 1
0
APP_0_Inner_Layer_0:1 0.2 0.2 0.75 3.2 4 24 3.92 1
0
APP_0_Inner_Layer_1:0 0.5333333333333333 0.5333333333333333 2.0 1.58 5 39 2.76 1
1 2
APP_0_Output_Layer_0 0.4 0.4 1.5 2.27 11 38 3.03 1
3
4
0.6435050655900012
APP_1_Input_Layer_0 0.06666666666666667 0.06666666666666667 0.25 3.51 47 25 2.55 0

APP_1_Inner_Layer_0:0 0.13333333333333333 0.13333333333333333 0.5 2.78 29 11 3.51 1
0
APP_1_Inner_Layer_1:0 0.26666666666666666 0.26666666666666666 1.0 1.04 22 42 1.31 1
1
APP_1_Output_Layer_0 0.5333333333333333 0.5333333333333333 2.0 3.32 9 2 2.22 1
2
5
1.6227541558127343
APP_2_Input_Layer_0 0.2 0.2 0.75 1.99 49 40 2.96 1

APP_2_Inner_Layer_0:0 0.13333333333333333 0.13333333333333333 0.5 3.55 13 31 1.84 0
0
APP_2_Inner_Layer_0:1 0.3333333333333333 0.3333333333333333 1.25 2.53 19 16 1.34 1
0
APP_2_Inner_Layer_0:2 0.06666666666666667 0.06666666666666667 0.25 1.22 30 16 1.94 0
0
APP_2_Output_Layer_0 0.4 0.4 1.5 3.13 22 17 3.0 1
1 2 3
6
2.6941698193967336
APP_3_Input_Layer_0 0.13333333333333333 0.13333333333333333 0.5 3.28 5 36 1.33 1

APP_3_Inner_Layer_0:0 0.3333333333333333 0.3333333333333333 1.25 1.92 7 23 3.03 1
0
APP_3_Inner_Layer_0:1 0.6 0.6 2.25 1.5 48 20 2.77 0
0
APP_3_Inner_Layer_1:0 0.6 0.6 2.25 2.9 41 9 1.07 1
2
APP_3_Inner_Layer_1:1 0.6 0.6 2.25 3.92 1 1 3.64 0
1
APP_3_Output_Layer_0 0.6 0.6 2.25 1.45 44 23 3.03 1
3 4
4
3.2499331263776563
APP_4_Input_Layer_0 0.6 0.6 2.25 3.99 20 35 1.09 1

APP_4_Inner_Layer_0:0 0.06666666666666667 0.06666666666666667 0.25 3.05 15 6 2.54 1
0
APP_4_Inner_Layer_0:1 0.2 0.2 0.75 2.33 49 19 2.22 1
0
APP_4_Output_Layer_0 0.4 0.4 1.5 3.8 10 43 1.9 1
1 2
11
3.7585935008694222
APP_5_Input_Layer_0 0.06666666666666667 0.06666666666666667 0.25 2.43 48 20 1.66 1

APP_5_Inner_Layer_0:0 0.4 0.4 1.5 3.77 39 36 1.31 1
0
APP_5_Inner_Layer_0:1 0.4666666666666667 0.4666666666666667 1.75 3.44 32 32 3.08 0
0
APP_5_Inner_Layer_0:2 0.2 0.2 0.75 2.23 25 35 3.63 0
0
APP_5_Inner_Layer_0:3 0.13333333333333333 0.13333333333333333 0.5 3.36 3 13 2.64 0
0
APP_5_Inner_Layer_1:0 0.13333333333333333 0.13333333333333333 0.5 3.87 33 29 1.56 0
1 2 3
APP_5_Inner_Layer_1:1 0.13333333333333333 0.13333333333333333 0.5 1.81 11 45 1.62 1
4
APP_5_Inner_Layer_1:2 0.4666666666666667 0.4666666666666667 1.75 2.99 22 27 3.97 0
2 3
APP_5_Inner_Layer_1:3 0.4666666666666667 0.4666666666666667 1.75 2.2 46 38 3.67 1
2 4
APP_5_Inner_Layer_2:0 0.06666666666666667 0.06666666666666667 0.25 3.73 20 42 2.55 1
5 6 7 8
APP_5_Output_Layer_0 0.4666666666666667 0.4666666666666667 1.75 1.29 42 7 1.35 0
9
14
4.727903999896869
APP_6_Input_Layer_0 0.4666666666666667 0.4666666666666667 1.75 1.59 31 37 3.31 1

APP_6_Inner_Layer_0:0 0.3333333333333333 0.3333333333333333 1.25 3.5 35 13 2.89 1
0
APP_6_Inner_Layer_0:1 0.5333333333333333 0.5333333333333333 2.0 1.97 4 40 1.45 0
0
APP_6_Inner_Layer_1:0 0.26666666666666666 0.26666666666666666 1.0 2.66 42 29 1.05 1
2
APP_6_Inner_Layer_1:1 0.06666666666666667 0.06666666666666667 0.25 1.83 22 12 2.14 1
1
APP_6_Inner_Layer_1:2 0.2 0.2 0.75 3.17 45 21 1.21 1
1
APP_6_Inner_Layer_1:3 0.5333333333333333 0.5333333333333333 2.0 1.73 36 10 3.08 1
1
APP_6_Inner_Layer_2:0 0.4 0.4 1.5 3.0 26 28 1.02 1
3 4 5
APP_6_Inner_Layer_2:1 0.13333333333333333 0.13333333333333333 0.5 2.04 17 45 1.49 1
3 5 6
APP_6_Inner_Layer_2:2 0.2 0.2 0.75 2.73 18 15 1.44 1
3 6
APP_6_Inner_Layer_2:3 0.26666666666666666 0.26666666666666666 1.0 2.56 35 42 1.24 1
4
APP_6_Inner_Layer_3:0 0.2 0.2 0.75 3.3 32 43 2.42 1
9 10
APP_6_Inner_Layer_3:1 0.2 0.2 0.75 2.35 22 24 1.28 0
7 8
APP_6_Output_Layer_0 0.3333333333333333 0.3333333333333333 1.25 1.8 3 40 2.21 1
11 12
18
5.7328298374210584
APP_7_Input_Layer_0 0.3333333333333333 0.3333333333333333 1.25 1.5 43 47 3.8 1

APP_7_Inner_Layer_0:0 0.2 0.2 0.75 2.5 14 23 1.71 0
0
APP_7_Inner_Layer_0:1 0.3333333333333333 0.3333333333333333 1.25 1.61 43 12 2.34 1
0
APP_7_Inner_Layer_0:2 0.2 0.2 0.75 3.63 2 25 2.04 0
0
APP_7_Inner_Layer_0:3 0.5333333333333333 0.5333333333333333 2.0 2.31 45 20 2.35 1
0
APP_7_Inner_Layer_1:0 0.4 0.4 1.5 3.58 17 37 3.43 1
1 4
APP_7_Inner_Layer_1:1 0.6 0.6 2.25 2.54 6 44 3.35 1
2 3
APP_7_Inner_Layer_1:2 0.3333333333333333 0.3333333333333333 1.25 2.9 12 26 3.68 1
3
APP_7_Inner_Layer_1:3 0.4666666666666667 0.4666666666666667 1.75 2.25 6 1 1.51 1
1 3
APP_7_Inner_Layer_2:0 0.5333333333333333 0.5333333333333333 2.0 1.72 5 48 2.52 1
5 7 8
APP_7_Inner_Layer_2:1 0.06666666666666667 0.06666666666666667 0.25 3.18 44 7 2.13 1
5 7 8
APP_7_Inner_Layer_2:2 0.26666666666666666 0.26666666666666666 1.0 3.47 30 8 1.79 1
5 6 7
APP_7_Inner_Layer_2:3 0.4666666666666667 0.4666666666666667 1.75 2.13 40 36 3.43 0
6
APP_7_Inner_Layer_3:0 0.06666666666666667 0.06666666666666667 0.25 1.79 27 41 1.57 0
9 11
APP_7_Inner_Layer_3:1 0.3333333333333333 0.3333333333333333 1.25 2.74 3 8 1.47 1
9 10 11 12
APP_7_Inner_Layer_3:2 0.2 0.2 0.75 1.74 24 14 1.08 1
10 11 12
APP_7_Inner_Layer_3:3 0.4666666666666667 0.4666666666666667 1.75 2.34 17 42 1.39 1
12 9 10
APP_7_Output_Layer_0 0.4666666666666667 0.4666666666666667 1.75 3.05 8 49 1.75 1
13 14 15 16
