10
11
6
0
APP_0_Input_Layer_0 0.3333333333333333 0.3333333333333333 1.25 3.74 14 5 1.36 1

APP_0_Inner_Layer_0:0 0.13333333333333333 0.13333333333333333 0.5 2.31 13 18 1.73 1
0
APP_0_Inner_Layer_0:1 0.4 0.4 1.5 2.37 18 13 1.33 1
0
APP_0_Inner_Layer_0:2 0.06666666666666667 0.06666666666666667 0.25 3.4 4 19 3.41 1
0
APP_0_Inner_Layer_0:3 0.4666666666666667 0.4666666666666667 1.75 3.65 19 45 1.01 1
0
APP_0_Output_Layer_0 0.3333333333333333 0.3333333333333333 1.25 2.4 12 4 1.96 1
1 2 3 4
4
0.5683190486048653
APP_1_Input_Layer_0 0.6 0.6 2.25 1.94 46 8 2.24 1

APP_1_Inner_Layer_0:0 0.3333333333333333 0.3333333333333333 1.25 2.91 34 20 2.32 1
0
APP_1_Inner_Layer_0:1 0.06666666666666667 0.06666666666666667 0.25 1.95 1 12 2.88 1
0
APP_1_Output_Layer_0 0.2 0.2 0.75 1.37 39 42 3.79 1
1 2
6
1.3636350676135607
APP_2_Input_Layer_0 0.06666666666666667 0.06666666666666667 0.25 1.52 37 28 1.34 1

APP_2_Inner_Layer_0:0 0.3333333333333333 0.3333333333333333 1.25 1.02 49 36 1.67 0
0
APP_2_Inner_Layer_0:1 0.13333333333333333 0.13333333333333333 0.5 1.96 29 19 1.25 1
0
APP_2_Inner_Layer_0:2 0.13333333333333333 0.13333333333333333 0.5 1.52 20 14 3.42 1
0
APP_2_Inner_Layer_0:3 0.4 0.4 1.5 3.55 9 38 3.56 1
0
APP_2_Output_Layer_0 0.5333333333333333 0.5333333333333333 2.0 1.08 30 29 2.27 1
1 2 3 4
16
1.909464585982997
APP_3_Input_Layer_0 0.3333333333333333 0.3333333333333333 1.25 1.17 32 45 2.48 1

APP_3_Inner_Layer_0:0 0.6 0.6 2.25 3.16 36 24 3.63 1
0
APP_3_Inner_Layer_0:1 0.06666666666666667 0.06666666666666667 0.25 1.85 38 38 2.06 1
0
APP_3_Inner_Layer_0:2 0.4666666666666667 0.4666666666666667 1.75 3.29 41 5 1.67 1
0
APP_3_Inner_Layer_1:0 0.26666666666666666 0.26666666666666666 1.0 3.35 8 35 1.48 1
1 2 3
APP_3_Inner_Layer_1:1 0.5333333333333333 0.5333333333333333 2.0 3.43 22 12 2.58 1
3
APP_3_Inner_Layer_1:2 0.4666666666666667 0.4666666666666667 1.75 1.67 17 41 1.24 1
1 2 3
APP_3_Inner_Layer_1:3 0.6 0.6 2.25 1.76 38 5 3.24 1
1 2
APP_3_Inner_Layer_2:0 0.6 0.6 2.25 1.84 19 13 2.89 1
5
APP_3_Inner_Layer_2:1 0.13333333333333333 0.13333333333333333 0.5 3.87 45 29 2.91 0
4 6 7
APP_3_Inner_Layer_2:2 0.6 0.6 2.25 3.43 18 36 2.51 1
6
APP_3_Inner_Layer_3:0 0.06666666666666667 0.06666666666666667 0.25 3.39 18 1 1.3 1
10
APP_3_Inner_Layer_3:1 0.26666666666666666 0.26666666666666666 1.0 3.86 34 28 1.27 1
9
APP_3_Inner_Layer_3:2 0.5333333333333333 0.5333333333333333 2.0 2.62 21 34 3.2 1
8
APP_3_Inner_Layer_3:3 0.26666666666666666 0.26666666666666666 1.0 1.57 36 9 2.81 1
8 10
APP_3_Output_Layer_0 0.5333333333333333 0.5333333333333333 2.0 3.98 35 40 3.66 1
11 12 13 14
6
2.7463029233184404
APP_4_Input_Layer_0 0.4666666666666667 0.4666666666666667 1.75 1.3 17 47 1.45 1

APP_4_Inner_Layer_0:0 0.3333333333333333 0.3333333333333333 1.25 4.0 48 8 2.72 1
0
APP_4_Inner_Layer_1:0 0.2 0.2 0.75 2.21 10 2 1.44 1
1
APP_4_Inner_Layer_2:0 0.6 0.6 2.25 3.88 15 6 3.86 1
2
APP_4_Inner_Layer_2:1 0.4 0.4 1.5 2.87 36 49 3.22 1
2
APP_4_Output_Layer_0 0.5333333333333333 0.5333333333333333 2.0 3.76 16 14 1.07 1
3 4
3
3.3919533487729776
APP_5_Input_Layer_0 0.13333333333333333 0.13333333333333333 0.5 1.1 21 48 3.15 1

APP_5_Inner_Layer_0:0 0.6 0.6 2.25 3.53 43 8 3.03 1
0
APP_5_Output_Layer_0 0.3333333333333333 0.3333333333333333 1.25 1.14 13 37 3.19 1
1
12
3.87845916956962
APP_6_Input_Layer_0 0.5333333333333333 0.5333333333333333 2.0 1.54 48 6 3.25 1

APP_6_Inner_Layer_0:0 0.6 0.6 2.25 2.29 5 41 3.16 1
0
APP_6_Inner_Layer_0:1 0.6 0.6 2.25 1.41 21 16 1.33 1
0
APP_6_Inner_Layer_1:0 0.2 0.2 0.75 2.02 10 32 1.47 1
1 2
APP_6_Inner_Layer_2:0 0.06666666666666667 0.06666666666666667 0.25 3.61 11 1 3.21 1
3
APP_6_Inner_Layer_2:1 0.26666666666666666 0.26666666666666666 1.0 2.68 48 25 1.27 0
3
APP_6_Inner_Layer_2:2 0.4 0.4 1.5 2.47 8 26 3.73 1
3
APP_6_Inner_Layer_3:0 0.5333333333333333 0.5333333333333333 2.0 2.37 33 49 2.91 1
4 6
APP_6_Inner_Layer_3:1 0.3333333333333333 0.3333333333333333 1.25 1.1 14 22 3.84 1
6
APP_6_Inner_Layer_3:2 0.3333333333333333 0.3333333333333333 1.25 3.82 48 29 1.92 1
4
APP_6_Inner_Layer_3:3 0.26666666666666666 0.26666666666666666 1.0 3.94 39 16 2.73 1
4 5
APP_6_Output_Layer_0 0.6 0.6 2.25 3.12 44 2 2.93 1
7 8 9 10
4
4.478264350114495
APP_7_Input_Layer_0 0.4666666666666667 0.4666666666666667 1.75 2.4 10 18 2.0 0

APP_7_Inner_Layer_0:0 0.13333333333333333 0.13333333333333333 0.5 1.33 33 10 3.54 1
0
APP_7_Inner_Layer_1:0 0.26666666666666666 0.26666666666666666 1.0 3.75 30 19 3.8 1
1
APP_7_Output_Layer_0 0.3333333333333333 0.3333333333333333 1.25 1.03 25 13 2.23 1
2
9
4.96227727895284
APP_8_Input_Layer_0 0.6 0.6 2.25 3.26 34 5 1.75 1

APP_8_Inner_Layer_0:0 0.26666666666666666 0.26666666666666666 1.0 1.05 30 2 3.16 1
0
APP_8_Inner_Layer_0:1 0.13333333333333333 0.13333333333333333 0.5 2.16 11 27 2.02 1
0
APP_8_Inner_Layer_0:2 0.26666666666666666 0.26666666666666666 1.0 3.49 18 26 3.86 1
0
APP_8_Inner_Layer_1:0 0.13333333333333333 0.13333333333333333 0.5 2.95 16 7 2.5 1
1 2 3
APP_8_Inner_Layer_2:0 0.2 0.2 0.75 2.5 13 11 3.21 1
4
APP_8_Inner_Layer_2:1 0.13333333333333333 0.13333333333333333 0.5 3.94 2 5 1.11 1
4
APP_8_Inner_Layer_2:2 0.4 0.4 1.5 1.53 3 49 3.05 1
4
APP_8_Output_Layer_0 0.6 0.6 2.25 2.78 34 17 2.08 1
5 6 7
6
5.741739306469232
APP_9_Input_Layer_0 0.13333333333333333 0.13333333333333333 0.5 2.54 44 16 1.69 1

APP_9_Inner_Layer_0:0 0.06666666666666667 0.06666666666666667 0.25 2.97 28 5 2.56 1
0
APP_9_Inner_Layer_1:0 0.6 0.6 2.25 1.68 45 47 2.77 1
1
APP_9_Inner_Layer_1:1 0.3333333333333333 0.3333333333333333 1.25 2.55 16 35 2.92 1
1
APP_9_Inner_Layer_2:0 0.4666666666666667 0.4666666666666667 1.75 2.66 25 26 2.74 1
2 3
APP_9_Output_Layer_0 0.06666666666666667 0.06666666666666667 0.25 2.83 45 13 3.33 1
4
10
6.128566767998897
APP_10_Input_Layer_0 0.13333333333333333 0.13333333333333333 0.5 2.19 6 18 1.23 1

APP_10_Inner_Layer_0:0 0.3333333333333333 0.3333333333333333 1.25 3.62 37 5 3.77 0
0
APP_10_Inner_Layer_0:1 0.06666666666666667 0.06666666666666667 0.25 3.97 38 36 3.07 1
0
APP_10_Inner_Layer_0:2 0.4 0.4 1.5 1.02 34 40 2.21 1
0
APP_10_Inner_Layer_0:3 0.4 0.4 1.5 2.26 18 37 2.01 1
0
APP_10_Inner_Layer_1:0 0.06666666666666667 0.06666666666666667 0.25 3.48 24 9 1.03 1
1 3
APP_10_Inner_Layer_1:1 0.4666666666666667 0.4666666666666667 1.75 2.63 40 23 3.01 1
2 4
APP_10_Inner_Layer_2:0 0.06666666666666667 0.06666666666666667 0.25 1.73 26 15 3.78 1
5 6
APP_10_Inner_Layer_2:1 0.5333333333333333 0.5333333333333333 2.0 3.96 43 24 2.46 1
5
APP_10_Output_Layer_0 0.13333333333333333 0.13333333333333333 0.5 1.73 38 9 1.66 1
7 8
