10
11
8
0
APP_0_Input_Layer_0 0.6 0.6 2.25 1.6 19 28 1.57 0

APP_0_Inner_Layer_0:0 0.4 0.4 1.5 2.37 2 49 1.76 1
0
APP_0_Inner_Layer_1:0 0.6 0.6 2.25 2.53 9 17 3.0 1
1
APP_0_Inner_Layer_1:1 0.6 0.6 2.25 1.56 6 6 2.66 1
1
APP_0_Inner_Layer_1:2 0.4666666666666667 0.4666666666666667 1.75 2.38 29 9 3.23 1
1
APP_0_Inner_Layer_1:3 0.26666666666666666 0.26666666666666666 1.0 1.18 32 49 2.03 0
1
APP_0_Inner_Layer_2:0 0.3333333333333333 0.3333333333333333 1.25 2.86 24 41 1.73 1
2 3 4 5
APP_0_Output_Layer_0 0.06666666666666667 0.06666666666666667 0.25 2.46 33 27 1.88 1
6
7
0.4669871256331031
APP_1_Input_Layer_0 0.4 0.4 1.5 1.53 36 19 3.7 1

APP_1_Inner_Layer_0:0 0.3333333333333333 0.3333333333333333 1.25 1.36 38 42 3.83 1
0
APP_1_Inner_Layer_0:1 0.4666666666666667 0.4666666666666667 1.75 3.72 5 2 3.67 1
0
APP_1_Inner_Layer_1:0 0.06666666666666667 0.06666666666666667 0.25 2.87 19 36 2.57 1
1 2
APP_1_Inner_Layer_2:0 0.2 0.2 0.75 3.52 45 40 1.28 1
3
APP_1_Inner_Layer_2:1 0.26666666666666666 0.26666666666666666 1.0 2.78 20 38 3.86 1
3
APP_1_Output_Layer_0 0.06666666666666667 0.06666666666666667 0.25 3.08 20 25 3.75 1
4 5
8
1.040808004207098
APP_2_Input_Layer_0 0.26666666666666666 0.26666666666666666 1.0 2.84 42 26 3.75 0

APP_2_Inner_Layer_0:0 0.4 0.4 1.5 1.66 32 37 2.62 1
0
APP_2_Inner_Layer_0:1 0.4 0.4 1.5 1.92 12 25 1.91 1
0
APP_2_Inner_Layer_1:0 0.4 0.4 1.5 3.08 44 49 3.23 1
1 2
APP_2_Inner_Layer_1:1 0.4 0.4 1.5 1.16 21 33 1.0 1
1
APP_2_Inner_Layer_1:2 0.4 0.4 1.5 3.37 5 26 3.33 0
2
APP_2_Inner_Layer_2:0 0.13333333333333333 0.13333333333333333 0.5 3.02 22 22 3.93 1
3 4 5
APP_2_Output_Layer_0 0.2 0.2 0.75 2.57 45 29 3.32 1
6
4
1.5385494245773241
APP_3_Input_Layer_0 0.4 0.4 1.5 1.79 20 36 3.13 1

APP_3_Inner_Layer_0:0 0.5333333333333333 0.5333333333333333 2.0 2.61 17 40 3.99 0
0
APP_3_Inner_Layer_0:1 0.3333333333333333 0.3333333333333333 1.25 1.14 42 27 3.63 1
0
APP_3_Output_Layer_0 0.3333333333333333 0.3333333333333333 1.25 3.21 31 5 1.45 1
1 2
11
2.059260334507532
APP_4_Input_Layer_0 0.5333333333333333 0.5333333333333333 2.0 1.4 13 28 3.01 1

APP_4_Inner_Layer_0:0 0.3333333333333333 0.3333333333333333 1.25 3.73 24 37 2.5 1
0
APP_4_Inner_Layer_1:0 0.5333333333333333 0.5333333333333333 2.0 1.4 2 49 2.97 0
1
APP_4_Inner_Layer_1:1 0.6 0.6 2.25 2.69 39 2 2.26 1
1
APP_4_Inner_Layer_2:0 0.26666666666666666 0.26666666666666666 1.0 1.89 1 31 1.12 1
3
APP_4_Inner_Layer_2:1 0.26666666666666666 0.26666666666666666 1.0 3.83 30 38 1.11 1
2 3
APP_4_Inner_Layer_3:0 0.26666666666666666 0.26666666666666666 1.0 1.95 17 30 3.15 1
4
APP_4_Inner_Layer_3:1 0.5333333333333333 0.5333333333333333 2.0 1.19 14 32 3.38 1
5
APP_4_Inner_Layer_3:2 0.2 0.2 0.75 1.06 21 26 1.3 1
5
APP_4_Inner_Layer_3:3 0.6 0.6 2.25 2.06 26 43 3.38 1
5
APP_4_Output_Layer_0 0.13333333333333333 0.13333333333333333 0.5 1.84 6 30 3.75 1
6 7 8 9
7
2.6332979625303006
APP_5_Input_Layer_0 0.4666666666666667 0.4666666666666667 1.75 3.06 13 32 3.77 1

APP_5_Inner_Layer_0:0 0.5333333333333333 0.5333333333333333 2.0 1.04 18 2 3.93 1
0
APP_5_Inner_Layer_1:0 0.2 0.2 0.75 2.61 4 18 2.87 1
1
APP_5_Inner_Layer_1:1 0.4 0.4 1.5 3.08 40 17 2.1 1
1
APP_5_Inner_Layer_1:2 0.5333333333333333 0.5333333333333333 2.0 1.14 7 38 2.61 1
1
APP_5_Inner_Layer_1:3 0.6 0.6 2.25 2.47 12 24 2.23 1
1
APP_5_Output_Layer_0 0.2 0.2 0.75 3.1 39 1 2.55 1
2 3 4 5
7
3.081636041364934
APP_6_Input_Layer_0 0.2 0.2 0.75 1.62 42 40 3.97 1

APP_6_Inner_Layer_0:0 0.26666666666666666 0.26666666666666666 1.0 3.8 42 18 2.47 1
0
APP_6_Inner_Layer_1:0 0.6 0.6 2.25 3.68 38 11 3.51 1
1
APP_6_Inner_Layer_1:1 0.06666666666666667 0.06666666666666667 0.25 3.32 9 21 2.21 1
1
APP_6_Inner_Layer_2:0 0.5333333333333333 0.5333333333333333 2.0 3.18 33 38 1.45 1
2 3
APP_6_Inner_Layer_3:0 0.2 0.2 0.75 3.56 37 12 3.58 1
4
APP_6_Output_Layer_0 0.06666666666666667 0.06666666666666667 0.25 3.44 19 44 2.34 1
5
13
3.421758650995147
APP_7_Input_Layer_0 0.3333333333333333 0.3333333333333333 1.25 3.75 2 33 2.05 1

APP_7_Inner_Layer_0:0 0.13333333333333333 0.13333333333333333 0.5 1.95 23 21 2.3 1
0
APP_7_Inner_Layer_0:1 0.6 0.6 2.25 2.26 11 39 1.51 1
0
APP_7_Inner_Layer_0:2 0.06666666666666667 0.06666666666666667 0.25 3.9 17 23 2.31 1
0
APP_7_Inner_Layer_0:3 0.13333333333333333 0.13333333333333333 0.5 2.42 2 39 1.54 1
0
APP_7_Inner_Layer_1:0 0.2 0.2 0.75 1.39 13 9 2.46 1
3 4
APP_7_Inner_Layer_1:1 0.06666666666666667 0.06666666666666667 0.25 1.83 49 20 2.57 1
2
APP_7_Inner_Layer_1:2 0.26666666666666666 0.26666666666666666 1.0 2.29 16 41 3.29 1
1 2 4
APP_7_Inner_Layer_2:0 0.06666666666666667 0.06666666666666667 0.25 2.93 47 8 2.22 1
7
APP_7_Inner_Layer_2:1 0.4 0.4 1.5 3.3 40 11 1.81 1
6
APP_7_Inner_Layer_2:2 0.6 0.6 2.25 1.42 12 26 2.18 1
5
APP_7_Inner_Layer_2:3 0.4666666666666667 0.4666666666666667 1.75 1.21 4 13 2.57 1
6 7
APP_7_Output_Layer_0 0.6 0.6 2.25 3.53 41 36 1.18 1
8 9 10 11
12
3.9147673852490597
APP_8_Input_Layer_0 0.6 0.6 2.25 1.96 47 13 3.15 1

APP_8_Inner_Layer_0:0 0.4666666666666667 0.4666666666666667 1.75 2.67 46 1 1.72 1
0
APP_8_Inner_Layer_1:0 0.4 0.4 1.5 1.22 28 20 3.64 1
1
APP_8_Inner_Layer_1:1 0.06666666666666667 0.06666666666666667 0.25 1.82 23 2 2.79 1
1
APP_8_Inner_Layer_1:2 0.06666666666666667 0.06666666666666667 0.25 3.44 30 25 1.14 1
1
APP_8_Inner_Layer_1:3 0.2 0.2 0.75 3.61 8 32 1.09 0
1
APP_8_Inner_Layer_2:0 0.3333333333333333 0.3333333333333333 1.25 2.69 45 8 2.83 1
2 3 4 5
APP_8_Inner_Layer_3:0 0.5333333333333333 0.5333333333333333 2.0 1.15 18 24 1.28 1
6
APP_8_Inner_Layer_3:1 0.26666666666666666 0.26666666666666666 1.0 2.33 34 4 3.36 1
6
APP_8_Inner_Layer_3:2 0.6 0.6 2.25 1.52 26 32 2.35 1
6
APP_8_Inner_Layer_3:3 0.6 0.6 2.25 2.42 30 47 3.35 1
6
APP_8_Output_Layer_0 0.06666666666666667 0.06666666666666667 0.25 1.25 35 1 1.29 1
7 8 9 10
7
4.608874843535231
APP_9_Input_Layer_0 0.4 0.4 1.5 1.17 38 9 3.59 1

APP_9_Inner_Layer_0:0 0.6 0.6 2.25 2.72 39 6 3.98 1
0
APP_9_Inner_Layer_1:0 0.4 0.4 1.5 3.96 5 42 1.28 1
1
APP_9_Inner_Layer_1:1 0.2 0.2 0.75 3.37 15 26 2.24 1
1
APP_9_Inner_Layer_1:2 0.06666666666666667 0.06666666666666667 0.25 3.88 49 11 3.77 0
1
APP_9_Inner_Layer_1:3 0.13333333333333333 0.13333333333333333 0.5 2.77 29 42 2.02 1
1
APP_9_Output_Layer_0 0.5333333333333333 0.5333333333333333 2.0 1.1 32 42 2.23 1
2 3 4 5
11
5.176074882543642
APP_10_Input_Layer_0 0.6 0.6 2.25 2.0 19 14 1.57 1

APP_10_Inner_Layer_0:0 0.3333333333333333 0.3333333333333333 1.25 2.5 30 31 2.49 1
0
APP_10_Inner_Layer_0:1 0.13333333333333333 0.13333333333333333 0.5 2.22 4 6 2.63 1
0
APP_10_Inner_Layer_0:2 0.6 0.6 2.25 2.06 5 43 3.63 1
0
APP_10_Inner_Layer_0:3 0.3333333333333333 0.3333333333333333 1.25 2.65 43 34 1.03 0
0
APP_10_Inner_Layer_1:0 0.3333333333333333 0.3333333333333333 1.25 3.33 32 38 1.78 1
1 2 3 4
APP_10_Inner_Layer_2:0 0.06666666666666667 0.06666666666666667 0.25 1.84 4 48 2.38 1
5
APP_10_Inner_Layer_2:1 0.4666666666666667 0.4666666666666667 1.75 2.89 7 23 3.13 1
5
APP_10_Inner_Layer_2:2 0.3333333333333333 0.3333333333333333 1.25 1.12 21 14 2.04 1
5
APP_10_Inner_Layer_2:3 0.06666666666666667 0.06666666666666667 0.25 1.93 46 29 1.25 1
5
APP_10_Output_Layer_0 0.3333333333333333 0.3333333333333333 1.25 3.92 15 10 3.44 1
6 7 8 9
