10
11
12
0
APP_0_Input_Layer_0 0.2 0.2 0.75 3.83 42 19 2.73 0

APP_0_Inner_Layer_0:0 0.13333333333333333 0.13333333333333333 0.5 3.85 29 12 1.76 1
0
APP_0_Inner_Layer_1:0 0.6 0.6 2.25 1.18 21 21 3.18 1
1
APP_0_Inner_Layer_1:1 0.3333333333333333 0.3333333333333333 1.25 2.84 37 27 1.66 1
1
APP_0_Inner_Layer_1:2 0.26666666666666666 0.26666666666666666 1.0 3.67 6 11 2.77 1
1
APP_0_Inner_Layer_1:3 0.2 0.2 0.75 1.85 24 19 1.46 1
1
APP_0_Inner_Layer_2:0 0.2 0.2 0.75 2.15 11 44 1.98 1
2
APP_0_Inner_Layer_2:1 0.2 0.2 0.75 1.14 19 25 2.78 1
3 4 5
APP_0_Inner_Layer_3:0 0.3333333333333333 0.3333333333333333 1.25 1.47 29 10 3.6 1
6 7
APP_0_Inner_Layer_3:1 0.26666666666666666 0.26666666666666666 1.0 1.5 47 18 2.13 1
6 7
APP_0_Inner_Layer_3:2 0.4666666666666667 0.4666666666666667 1.75 1.13 27 40 3.6 1
7
APP_0_Output_Layer_0 0.3333333333333333 0.3333333333333333 1.25 2.93 26 37 2.15 1
8 9 10
5
0.37908643388334523
APP_1_Input_Layer_0 0.26666666666666666 0.26666666666666666 1.0 1.4 7 42 3.25 0

APP_1_Inner_Layer_0:0 0.3333333333333333 0.3333333333333333 1.25 3.44 28 17 3.62 1
0
APP_1_Inner_Layer_0:1 0.13333333333333333 0.13333333333333333 0.5 3.48 24 26 1.08 1
0
APP_1_Inner_Layer_0:2 0.6 0.6 2.25 1.06 7 13 3.09 1
0
APP_1_Output_Layer_0 0.13333333333333333 0.13333333333333333 0.5 3.79 14 26 2.43 1
1 2 3
3
0.8841759289773536
APP_2_Input_Layer_0 0.4 0.4 1.5 1.06 41 6 3.31 1

APP_2_Inner_Layer_0:0 0.3333333333333333 0.3333333333333333 1.25 3.94 6 20 3.62 1
0
APP_2_Output_Layer_0 0.5333333333333333 0.5333333333333333 2.0 1.69 8 17 3.68 1
1
5
1.6115334327500443
APP_3_Input_Layer_0 0.6 0.6 2.25 1.59 15 27 1.77 1

APP_3_Inner_Layer_0:0 0.26666666666666666 0.26666666666666666 1.0 3.14 16 42 1.66 1
0
APP_3_Inner_Layer_0:1 0.26666666666666666 0.26666666666666666 1.0 3.85 5 11 2.31 1
0
APP_3_Inner_Layer_0:2 0.6 0.6 2.25 1.34 19 46 3.31 1
0
APP_3_Output_Layer_0 0.13333333333333333 0.13333333333333333 0.5 3.57 10 11 3.74 1
1 2 3
12
2.1835612031965805
APP_4_Input_Layer_0 0.6 0.6 2.25 2.64 9 8 2.82 1

APP_4_Inner_Layer_0:0 0.4 0.4 1.5 3.93 40 22 3.58 1
0
APP_4_Inner_Layer_0:1 0.26666666666666666 0.26666666666666666 1.0 3.78 20 40 1.45 1
0
APP_4_Inner_Layer_0:2 0.06666666666666667 0.06666666666666667 0.25 3.02 41 6 3.76 1
0
APP_4_Inner_Layer_0:3 0.06666666666666667 0.06666666666666667 0.25 1.14 20 10 1.89 1
0
APP_4_Inner_Layer_1:0 0.4 0.4 1.5 3.3 34 38 1.9 0
1 2 3 4
APP_4_Inner_Layer_2:0 0.4 0.4 1.5 3.32 5 18 2.76 1
5
APP_4_Inner_Layer_2:1 0.26666666666666666 0.26666666666666666 1.0 2.56 25 30 2.37 1
5
APP_4_Inner_Layer_3:0 0.5333333333333333 0.5333333333333333 2.0 2.02 37 10 2.84 0
7
APP_4_Inner_Layer_3:1 0.6 0.6 2.25 1.21 6 45 2.59 1
6
APP_4_Inner_Layer_3:2 0.26666666666666666 0.26666666666666666 1.0 2.81 30 27 1.55 1
7
APP_4_Output_Layer_0 0.4666666666666667 0.4666666666666667 1.75 1.91 21 37 3.32 1
8 9 10
7
2.7442725830291335
APP_5_Input_Layer_0 0.4 0.4 1.5 2.61 11 39 1.22 1

APP_5_Inner_Layer_0:0 0.6 0.6 2.25 3.75 1 12 3.34 1
0
APP_5_Inner_Layer_0:1 0.2 0.2 0.75 2.52 25 42 1.05 1
0
APP_5_Inner_Layer_1:0 0.6 0.6 2.25 3.27 38 19 3.59 1
1 2
APP_5_Inner_Layer_2:0 0.3333333333333333 0.3333333333333333 1.25 3.21 42 30 3.68 1
3
APP_5_Inner_Layer_3:0 0.4666666666666667 0.4666666666666667 1.75 1.91 4 19 2.46 1
4
APP_5_Output_Layer_0 0.3333333333333333 0.3333333333333333 1.25 3.96 23 1 2.82 1
5
7
3.1059095528011564
APP_6_Input_Layer_0 0.6 0.6 2.25 1.55 1 22 1.25 1

APP_6_Inner_Layer_0:0 0.13333333333333333 0.13333333333333333 0.5 2.4 40 26 3.47 1
0
APP_6_Inner_Layer_1:0 0.06666666666666667 0.06666666666666667 0.25 2.89 31 26 2.76 1
1
APP_6_Inner_Layer_1:1 0.3333333333333333 0.3333333333333333 1.25 3.85 6 25 2.6 1
1
APP_6_Inner_Layer_1:2 0.2 0.2 0.75 3.5 8 40 3.16 1
1
APP_6_Inner_Layer_1:3 0.4 0.4 1.5 3.29 9 8 3.08 1
1
APP_6_Output_Layer_0 0.3333333333333333 0.3333333333333333 1.25 1.75 8 42 3.62 0
2 3 4 5
9
3.7961873379640307
APP_7_Input_Layer_0 0.13333333333333333 0.13333333333333333 0.5 1.46 49 38 2.77 1

APP_7_Inner_Layer_0:0 0.3333333333333333 0.3333333333333333 1.25 3.14 22 21 3.48 0
0
APP_7_Inner_Layer_0:1 0.6 0.6 2.25 3.48 37 20 3.53 1
0
APP_7_Inner_Layer_0:2 0.06666666666666667 0.06666666666666667 0.25 1.29 5 44 2.79 1
0
APP_7_Inner_Layer_0:3 0.6 0.6 2.25 2.99 23 2 2.91 1
0
APP_7_Inner_Layer_1:0 0.3333333333333333 0.3333333333333333 1.25 1.93 45 42 1.34 1
3 4
APP_7_Inner_Layer_1:1 0.26666666666666666 0.26666666666666666 1.0 3.74 19 37 2.78 1
1 2
APP_7_Inner_Layer_1:2 0.5333333333333333 0.5333333333333333 2.0 1.64 46 12 3.14 1
1 2 4
APP_7_Output_Layer_0 0.2 0.2 0.75 3.71 18 13 3.6 1
5 6 7
10
4.3777192146781285
APP_8_Input_Layer_0 0.5333333333333333 0.5333333333333333 2.0 2.95 28 3 3.65 1

APP_8_Inner_Layer_0:0 0.2 0.2 0.75 3.53 3 34 2.78 1
0
APP_8_Inner_Layer_0:1 0.4 0.4 1.5 3.37 7 13 2.16 1
0
APP_8_Inner_Layer_1:0 0.2 0.2 0.75 1.13 16 49 3.66 1
1
APP_8_Inner_Layer_1:1 0.4666666666666667 0.4666666666666667 1.75 1.79 42 22 1.12 1
1
APP_8_Inner_Layer_1:2 0.26666666666666666 0.26666666666666666 1.0 3.22 17 36 2.4 1
2
APP_8_Inner_Layer_2:0 0.2 0.2 0.75 3.92 9 43 3.79 1
3 4 5
APP_8_Inner_Layer_2:1 0.3333333333333333 0.3333333333333333 1.25 1.63 3 10 2.8 1
5 3
APP_8_Inner_Layer_3:0 0.2 0.2 0.75 3.82 16 42 3.25 1
6 7
APP_8_Output_Layer_0 0.3333333333333333 0.3333333333333333 1.25 1.95 41 13 3.16 1
8
11
4.938319617870238
APP_9_Input_Layer_0 0.26666666666666666 0.26666666666666666 1.0 1.72 21 12 2.67 1

APP_9_Inner_Layer_0:0 0.06666666666666667 0.06666666666666667 0.25 2.4 38 48 1.78 1
0
APP_9_Inner_Layer_0:1 0.13333333333333333 0.13333333333333333 0.5 1.64 44 35 1.32 0
0
APP_9_Inner_Layer_1:0 0.06666666666666667 0.06666666666666667 0.25 1.49 17 12 2.65 1
2
APP_9_Inner_Layer_1:1 0.5333333333333333 0.5333333333333333 2.0 2.23 42 32 2.65 1
1
APP_9_Inner_Layer_1:2 0.6 0.6 2.25 3.4 7 31 2.49 1
2
APP_9_Inner_Layer_2:0 0.06666666666666667 0.06666666666666667 0.25 1.34 1 5 2.23 1
3 4 5
APP_9_Inner_Layer_3:0 0.4666666666666667 0.4666666666666667 1.75 2.73 4 29 1.16 1
6
APP_9_Inner_Layer_3:1 0.13333333333333333 0.13333333333333333 0.5 2.06 47 27 1.17 1
6
APP_9_Inner_Layer_3:2 0.5333333333333333 0.5333333333333333 2.0 1.08 4 16 1.23 1
6
APP_9_Output_Layer_0 0.5333333333333333 0.5333333333333333 2.0 2.56 27 20 3.68 0
7 8 9
9
5.30711284545042
APP_10_Input_Layer_0 0.13333333333333333 0.13333333333333333 0.5 2.26 2 18 1.98 1

APP_10_Inner_Layer_0:0 0.5333333333333333 0.5333333333333333 2.0 1.37 28 31 3.15 1
0
APP_10_Inner_Layer_0:1 0.06666666666666667 0.06666666666666667 0.25 1.07 16 41 3.04 1
0
APP_10_Inner_Layer_1:0 0.6 0.6 2.25 3.58 12 28 1.38 1
1 2
APP_10_Inner_Layer_1:1 0.13333333333333333 0.13333333333333333 0.5 2.42 46 12 1.52 1
2
APP_10_Inner_Layer_1:2 0.4 0.4 1.5 2.67 46 41 3.98 1
1
APP_10_Inner_Layer_1:3 0.4 0.4 1.5 1.05 6 43 3.38 1
1
APP_10_Inner_Layer_2:0 0.3333333333333333 0.3333333333333333 1.25 1.84 18 33 1.79 1
3 4 5 6
APP_10_Output_Layer_0 0.6 0.6 2.25 3.38 2 32 3.01 1
7
