10
11
8
0
APP_0_Input_Layer_0 0.06666666666666667 0.06666666666666667 0.25 3.32 16 25 1.44 1

APP_0_Inner_Layer_0:0 0.6 0.6 2.25 3.61 4 42 3.84 1
0
APP_0_Inner_Layer_1:0 0.4666666666666667 0.4666666666666667 1.75 2.76 49 22 2.43 1
1
APP_0_Inner_Layer_1:1 0.4666666666666667 0.4666666666666667 1.75 3.24 4 49 3.1 1
1
APP_0_Inner_Layer_1:2 0.5333333333333333 0.5333333333333333 2.0 2.68 38 28 3.81 1
1
APP_0_Inner_Layer_1:3 0.4 0.4 1.5 2.86 45 35 3.09 1
1
APP_0_Inner_Layer_2:0 0.3333333333333333 0.3333333333333333 1.25 2.76 26 11 3.1 1
2 3 4 5
APP_0_Output_Layer_0 0.26666666666666666 0.26666666666666666 1.0 2.45 18 17 2.96 1
6
12
0.8803177699106185
APP_1_Input_Layer_0 0.26666666666666666 0.26666666666666666 1.0 3.5 14 35 3.89 1

APP_1_Inner_Layer_0:0 0.4 0.4 1.5 1.25 36 4 2.05 1
0
APP_1_Inner_Layer_0:1 0.2 0.2 0.75 3.8 47 9 3.77 0
0
APP_1_Inner_Layer_1:0 0.4 0.4 1.5 1.47 1 34 1.64 1
2
APP_1_Inner_Layer_1:1 0.06666666666666667 0.06666666666666667 0.25 3.33 43 5 2.53 1
2
APP_1_Inner_Layer_1:2 0.26666666666666666 0.26666666666666666 1.0 1.49 10 44 1.1 1
2
APP_1_Inner_Layer_1:3 0.26666666666666666 0.26666666666666666 1.0 3.36 6 6 1.38 1
1
APP_1_Inner_Layer_2:0 0.5333333333333333 0.5333333333333333 2.0 3.97 36 47 3.93 1
5 6
APP_1_Inner_Layer_2:1 0.4 0.4 1.5 2.74 4 38 3.93 1
3 4 5
APP_1_Inner_Layer_2:2 0.26666666666666666 0.26666666666666666 1.0 2.94 33 2 1.85 1
3 6
APP_1_Inner_Layer_2:3 0.4666666666666667 0.4666666666666667 1.75 1.05 40 1 1.0 1
3 4 5 6
APP_1_Output_Layer_0 0.4 0.4 1.5 1.95 49 43 3.6 1
7 8 9 10
10
1.6716435022831462
APP_2_Input_Layer_0 0.3333333333333333 0.3333333333333333 1.25 1.42 35 2 3.92 1

APP_2_Inner_Layer_0:0 0.3333333333333333 0.3333333333333333 1.25 1.73 8 38 1.82 1
0
APP_2_Inner_Layer_1:0 0.06666666666666667 0.06666666666666667 0.25 3.4 45 25 3.19 1
1
APP_2_Inner_Layer_1:1 0.3333333333333333 0.3333333333333333 1.25 1.91 35 4 3.07 1
1
APP_2_Inner_Layer_2:0 0.5333333333333333 0.5333333333333333 2.0 3.45 37 24 2.18 1
2
APP_2_Inner_Layer_2:1 0.3333333333333333 0.3333333333333333 1.25 2.92 27 33 1.39 1
3
APP_2_Inner_Layer_2:2 0.13333333333333333 0.13333333333333333 0.5 1.59 5 9 2.91 1
2 3
APP_2_Inner_Layer_3:0 0.06666666666666667 0.06666666666666667 0.25 2.99 36 34 3.83 0
6
APP_2_Inner_Layer_3:1 0.06666666666666667 0.06666666666666667 0.25 3.3 25 5 3.6 1
4 5
APP_2_Output_Layer_0 0.06666666666666667 0.06666666666666667 0.25 1.4 36 36 3.94 1
7 8
13
2.0742767272309477
APP_3_Input_Layer_0 0.13333333333333333 0.13333333333333333 0.5 3.4 17 17 2.72 1

APP_3_Inner_Layer_0:0 0.13333333333333333 0.13333333333333333 0.5 3.21 42 34 2.07 1
0
APP_3_Inner_Layer_0:1 0.3333333333333333 0.3333333333333333 1.25 1.74 29 35 3.15 1
0
APP_3_Inner_Layer_0:2 0.4 0.4 1.5 1.29 12 13 3.3 1
0
APP_3_Inner_Layer_1:0 0.13333333333333333 0.13333333333333333 0.5 2.75 38 4 1.23 1
1 2 3
APP_3_Inner_Layer_1:1 0.5333333333333333 0.5333333333333333 2.0 3.65 29 4 3.52 1
2 3
APP_3_Inner_Layer_1:2 0.6 0.6 2.25 1.26 13 6 2.43 1
2
APP_3_Inner_Layer_1:3 0.26666666666666666 0.26666666666666666 1.0 1.04 19 34 3.78 1
3 2
APP_3_Inner_Layer_2:0 0.26666666666666666 0.26666666666666666 1.0 2.23 6 4 2.27 1
7
APP_3_Inner_Layer_2:1 0.4666666666666667 0.4666666666666667 1.75 3.83 13 22 2.01 1
4 5 6
APP_3_Inner_Layer_2:2 0.13333333333333333 0.13333333333333333 0.5 3.37 31 40 3.64 1
4 5 6
APP_3_Inner_Layer_3:0 0.26666666666666666 0.26666666666666666 1.0 1.75 49 24 2.5 1
8 9 10
APP_3_Output_Layer_0 0.4 0.4 1.5 3.1 34 48 2.41 1
11
10
2.4529375600113297
APP_4_Input_Layer_0 0.3333333333333333 0.3333333333333333 1.25 2.43 19 19 1.73 1

APP_4_Inner_Layer_0:0 0.6 0.6 2.25 1.69 39 2 1.4 1
0
APP_4_Inner_Layer_1:0 0.13333333333333333 0.13333333333333333 0.5 1.6 46 49 3.88 1
1
APP_4_Inner_Layer_1:1 0.5333333333333333 0.5333333333333333 2.0 3.03 47 10 3.42 1
1
APP_4_Inner_Layer_2:0 0.26666666666666666 0.26666666666666666 1.0 3.84 36 17 1.09 1
2 3
APP_4_Inner_Layer_2:1 0.2 0.2 0.75 2.48 35 19 3.15 1
3
APP_4_Inner_Layer_2:2 0.3333333333333333 0.3333333333333333 1.25 3.65 16 44 2.19 1
3
APP_4_Inner_Layer_2:3 0.6 0.6 2.25 2.74 36 8 3.74 1
2
APP_4_Inner_Layer_3:0 0.2 0.2 0.75 3.95 49 35 1.37 1
4 5 6 7
APP_4_Output_Layer_0 0.4666666666666667 0.4666666666666667 1.75 2.48 8 18 2.16 1
8
14
2.793570114828755
APP_5_Input_Layer_0 0.3333333333333333 0.3333333333333333 1.25 3.12 38 8 1.62 1

APP_5_Inner_Layer_0:0 0.3333333333333333 0.3333333333333333 1.25 3.39 6 10 2.59 1
0
APP_5_Inner_Layer_0:1 0.4 0.4 1.5 2.09 26 18 3.46 0
0
APP_5_Inner_Layer_0:2 0.6 0.6 2.25 3.25 42 21 3.35 1
0
APP_5_Inner_Layer_0:3 0.2 0.2 0.75 3.56 21 49 1.87 1
0
APP_5_Inner_Layer_1:0 0.2 0.2 0.75 3.42 35 33 3.96 1
1 2 3 4
APP_5_Inner_Layer_2:0 0.5333333333333333 0.5333333333333333 2.0 1.01 31 47 1.35 1
5
APP_5_Inner_Layer_2:1 0.06666666666666667 0.06666666666666667 0.25 2.42 17 34 2.54 1
5
APP_5_Inner_Layer_2:2 0.2 0.2 0.75 1.29 40 46 1.17 1
5
APP_5_Inner_Layer_3:0 0.4 0.4 1.5 2.23 7 6 1.82 1
6 8
APP_5_Inner_Layer_3:1 0.4666666666666667 0.4666666666666667 1.75 1.83 39 13 2.42 1
6
APP_5_Inner_Layer_3:2 0.3333333333333333 0.3333333333333333 1.25 3.63 3 41 2.81 1
6 7
APP_5_Inner_Layer_3:3 0.06666666666666667 0.06666666666666667 0.25 3.57 2 47 2.11 1
7 8
APP_5_Output_Layer_0 0.26666666666666666 0.26666666666666666 1.0 3.5 45 23 1.05 0
9 10 11 12
6
3.539570870365316
APP_6_Input_Layer_0 0.5333333333333333 0.5333333333333333 2.0 1.45 40 9 1.64 0

APP_6_Inner_Layer_0:0 0.5333333333333333 0.5333333333333333 2.0 1.93 43 34 3.53 1
0
APP_6_Inner_Layer_1:0 0.6 0.6 2.25 1.05 39 45 2.12 1
1
APP_6_Inner_Layer_1:1 0.6 0.6 2.25 1.54 16 17 3.4 1
1
APP_6_Inner_Layer_1:2 0.5333333333333333 0.5333333333333333 2.0 2.24 41 48 1.63 1
1
APP_6_Output_Layer_0 0.5333333333333333 0.5333333333333333 2.0 1.92 42 38 1.28 1
2 3 4
3
4.343992818492573
APP_7_Input_Layer_0 0.2 0.2 0.75 1.71 29 31 3.19 1

APP_7_Inner_Layer_0:0 0.06666666666666667 0.06666666666666667 0.25 3.14 5 26 3.47 1
0
APP_7_Output_Layer_0 0.6 0.6 2.25 2.97 49 5 3.25 1
1
9
4.815216829610061
APP_8_Input_Layer_0 0.6 0.6 2.25 3.21 16 28 1.19 1

APP_8_Inner_Layer_0:0 0.06666666666666667 0.06666666666666667 0.25 1.14 33 9 2.42 1
0
APP_8_Inner_Layer_0:1 0.5333333333333333 0.5333333333333333 2.0 2.21 12 41 3.51 1
0
APP_8_Inner_Layer_0:2 0.3333333333333333 0.3333333333333333 1.25 2.31 47 47 1.52 0
0
APP_8_Inner_Layer_1:0 0.4666666666666667 0.4666666666666667 1.75 2.29 45 45 3.31 1
3
APP_8_Inner_Layer_1:1 0.26666666666666666 0.26666666666666666 1.0 2.02 38 19 1.5 1
1 2
APP_8_Inner_Layer_1:2 0.4666666666666667 0.4666666666666667 1.75 2.37 40 9 1.73 0
3
APP_8_Inner_Layer_1:3 0.4666666666666667 0.4666666666666667 1.75 1.72 12 32 1.63 1
3 1
APP_8_Output_Layer_0 0.6 0.6 2.25 1.47 38 27 2.88 1
4 5 6 7
9
5.157926462845655
APP_9_Input_Layer_0 0.26666666666666666 0.26666666666666666 1.0 3.4 36 11 3.9 1

APP_9_Inner_Layer_0:0 0.4666666666666667 0.4666666666666667 1.75 3.57 36 47 1.68 1
0
APP_9_Inner_Layer_0:1 0.2 0.2 0.75 1.93 15 46 1.9 1
0
APP_9_Inner_Layer_0:2 0.2 0.2 0.75 3.93 29 21 2.7 1
0
APP_9_Inner_Layer_1:0 0.4 0.4 1.5 3.25 45 15 1.17 1
1 2 3
APP_9_Inner_Layer_2:0 0.13333333333333333 0.13333333333333333 0.5 1.63 21 24 3.89 1
4
APP_9_Inner_Layer_3:0 0.06666666666666667 0.06666666666666667 0.25 3.63 42 5 2.79 1
5
APP_9_Inner_Layer_3:1 0.6 0.6 2.25 1.87 25 7 2.91 1
5
APP_9_Output_Layer_0 0.4666666666666667 0.4666666666666667 1.75 1.13 17 4 2.28 1
6 7
6
5.710496913034528
APP_10_Input_Layer_0 0.26666666666666666 0.26666666666666666 1.0 3.46 23 46 3.95 1

APP_10_Inner_Layer_0:0 0.06666666666666667 0.06666666666666667 0.25 2.53 4 43 2.09 1
0
APP_10_Inner_Layer_1:0 0.13333333333333333 0.13333333333333333 0.5 2.05 2 34 2.19 1
1
APP_10_Inner_Layer_2:0 0.4666666666666667 0.4666666666666667 1.75 3.7 33 6 1.89 1
2
APP_10_Inner_Layer_2:1 0.4 0.4 1.5 2.38 45 45 3.21 1
2
APP_10_Output_Layer_0 0.3333333333333333 0.3333333333333333 1.25 3.96 11 31 2.98 1
3 4
