10
11
10
0
APP_0_Input_Layer_0 0.13333333333333333 0.13333333333333333 0.5 1.9 48 16 3.36 1

APP_0_Inner_Layer_0:0 0.4666666666666667 0.4666666666666667 1.75 1.88 1 17 1.65 0
0
APP_0_Inner_Layer_0:1 0.26666666666666666 0.26666666666666666 1.0 1.49 25 49 1.51 1
0
APP_0_Inner_Layer_1:0 0.5333333333333333 0.5333333333333333 2.0 3.06 38 38 1.01 1
2
APP_0_Inner_Layer_1:1 0.4666666666666667 0.4666666666666667 1.75 2.95 21 46 2.93 1
2
APP_0_Inner_Layer_1:2 0.6 0.6 2.25 2.91 43 46 1.11 1
1 2
APP_0_Inner_Layer_2:0 0.06666666666666667 0.06666666666666667 0.25 1.97 41 9 2.39 1
3
APP_0_Inner_Layer_2:1 0.26666666666666666 0.26666666666666666 1.0 2.01 36 30 3.2 0
3 5
APP_0_Inner_Layer_2:2 0.3333333333333333 0.3333333333333333 1.25 2.31 45 43 1.42 1
4
APP_0_Output_Layer_0 0.6 0.6 2.25 1.54 17 42 2.6 1
6 7 8
10
0.5303951956304312
APP_1_Input_Layer_0 0.3333333333333333 0.3333333333333333 1.25 2.14 37 29 1.82 1

APP_1_Inner_Layer_0:0 0.2 0.2 0.75 3.57 1 13 2.53 1
0
APP_1_Inner_Layer_0:1 0.3333333333333333 0.3333333333333333 1.25 3.38 45 39 2.61 1
0
APP_1_Inner_Layer_0:2 0.4666666666666667 0.4666666666666667 1.75 3.43 35 11 1.38 1
0
APP_1_Inner_Layer_0:3 0.5333333333333333 0.5333333333333333 2.0 2.2 42 10 3.49 1
0
APP_1_Inner_Layer_1:0 0.13333333333333333 0.13333333333333333 0.5 1.74 34 46 1.6 1
1 2 3
APP_1_Inner_Layer_1:1 0.2 0.2 0.75 2.44 13 15 2.33 0
1 3
APP_1_Inner_Layer_1:2 0.4666666666666667 0.4666666666666667 1.75 2.5 5 37 2.97 1
4
APP_1_Inner_Layer_2:0 0.4666666666666667 0.4666666666666667 1.75 1.85 39 1 3.91 1
5 6 7
APP_1_Output_Layer_0 0.4 0.4 1.5 1.78 18 31 1.81 1
8
5
0.9647148522417212
APP_2_Input_Layer_0 0.06666666666666667 0.06666666666666667 0.25 2.16 43 2 2.59 1

APP_2_Inner_Layer_0:0 0.6 0.6 2.25 3.99 18 14 2.1 1
0
APP_2_Inner_Layer_0:1 0.4666666666666667 0.4666666666666667 1.75 2.31 27 27 1.67 1
0
APP_2_Inner_Layer_0:2 0.26666666666666666 0.26666666666666666 1.0 1.17 40 30 3.3 1
0
APP_2_Output_Layer_0 0.4 0.4 1.5 1.49 40 39 2.44 1
1 2 3
10
1.3954368811680218
APP_3_Input_Layer_0 0.6 0.6 2.25 1.49 19 34 1.34 1

APP_3_Inner_Layer_0:0 0.6 0.6 2.25 1.07 1 7 1.74 1
0
APP_3_Inner_Layer_1:0 0.5333333333333333 0.5333333333333333 2.0 3.4 16 32 3.77 1
1
APP_3_Inner_Layer_1:1 0.13333333333333333 0.13333333333333333 0.5 2.35 43 40 3.98 1
1
APP_3_Inner_Layer_2:0 0.2 0.2 0.75 1.02 44 25 1.83 1
2 3
APP_3_Inner_Layer_3:0 0.2 0.2 0.75 2.78 3 48 1.15 1
4
APP_3_Inner_Layer_3:1 0.06666666666666667 0.06666666666666667 0.25 1.84 9 11 2.36 1
4
APP_3_Inner_Layer_3:2 0.26666666666666666 0.26666666666666666 1.0 1.52 13 13 2.84 1
4
APP_3_Inner_Layer_3:3 0.5333333333333333 0.5333333333333333 2.0 2.83 47 33 3.29 1
4
APP_3_Output_Layer_0 0.6 0.6 2.25 1.51 29 17 1.34 1
5 6 7 8
10
1.8721839022749516
APP_4_Input_Layer_0 0.4 0.4 1.5 1.68 37 30 2.13 1

APP_4_Inner_Layer_0:0 0.06666666666666667 0.06666666666666667 0.25 2.91 3 13 3.86 1
0
APP_4_Inner_Layer_0:1 0.4666666666666667 0.4666666666666667 1.75 2.42 32 49 1.66 1
0
APP_4_Inner_Layer_0:2 0.4 0.4 1.5 3.73 26 7 1.6 0
0
APP_4_Inner_Layer_1:0 0.26666666666666666 0.26666666666666666 1.0 2.1 9 28 3.58 1
2 3
APP_4_Inner_Layer_1:1 0.26666666666666666 0.26666666666666666 1.0 1.03 34 11 2.34 1
3
APP_4_Inner_Layer_1:2 0.5333333333333333 0.5333333333333333 2.0 2.11 16 30 1.52 1
2
APP_4_Inner_Layer_1:3 0.2 0.2 0.75 1.96 23 8 1.27 1
1 3
APP_4_Inner_Layer_2:0 0.3333333333333333 0.3333333333333333 1.25 3.33 6 44 3.03 1
4 5 6 7
APP_4_Output_Layer_0 0.6 0.6 2.25 2.39 16 13 3.52 1
8
7
2.4979978376633056
APP_5_Input_Layer_0 0.4 0.4 1.5 2.67 23 33 1.18 1

APP_5_Inner_Layer_0:0 0.13333333333333333 0.13333333333333333 0.5 1.51 7 4 1.43 1
0
APP_5_Inner_Layer_0:1 0.3333333333333333 0.3333333333333333 1.25 3.26 38 48 2.35 1
0
APP_5_Inner_Layer_0:2 0.3333333333333333 0.3333333333333333 1.25 2.54 5 22 1.29 1
0
APP_5_Inner_Layer_1:0 0.4 0.4 1.5 1.09 36 16 1.14 1
2 3
APP_5_Inner_Layer_1:1 0.4 0.4 1.5 3.6 36 27 1.4 1
1
APP_5_Output_Layer_0 0.13333333333333333 0.13333333333333333 0.5 2.14 31 22 1.27 1
4 5
15
3.1345523503976627
APP_6_Input_Layer_0 0.06666666666666667 0.06666666666666667 0.25 3.78 23 5 3.74 1

APP_6_Inner_Layer_0:0 0.4 0.4 1.5 3.65 42 39 1.02 1
0
APP_6_Inner_Layer_0:1 0.4666666666666667 0.4666666666666667 1.75 1.93 43 37 3.89 1
0
APP_6_Inner_Layer_0:2 0.2 0.2 0.75 1.08 46 27 3.38 1
0
APP_6_Inner_Layer_0:3 0.4 0.4 1.5 1.82 35 39 3.17 1
0
APP_6_Inner_Layer_1:0 0.06666666666666667 0.06666666666666667 0.25 2.53 41 5 3.77 1
2
APP_6_Inner_Layer_1:1 0.06666666666666667 0.06666666666666667 0.25 2.56 22 12 2.47 1
1 3 4
APP_6_Inner_Layer_2:0 0.06666666666666667 0.06666666666666667 0.25 3.53 36 11 3.45 1
6
APP_6_Inner_Layer_2:1 0.2 0.2 0.75 2.03 9 5 2.63 1
5 6
APP_6_Inner_Layer_2:2 0.2 0.2 0.75 2.55 47 38 1.71 1
5
APP_6_Inner_Layer_3:0 0.6 0.6 2.25 1.27 3 14 2.79 1
7 8
APP_6_Inner_Layer_3:1 0.3333333333333333 0.3333333333333333 1.25 3.3 36 14 3.87 1
9 8
APP_6_Inner_Layer_3:2 0.4666666666666667 0.4666666666666667 1.75 2.32 36 13 3.17 1
8 9
APP_6_Inner_Layer_3:3 0.4 0.4 1.5 1.22 45 22 2.69 1
8
APP_6_Output_Layer_0 0.6 0.6 2.25 3.86 38 20 3.94 0
10 11 12 13
6
3.767513411241965
APP_7_Input_Layer_0 0.4 0.4 1.5 3.46 32 11 1.41 1

APP_7_Inner_Layer_0:0 0.2 0.2 0.75 2.49 38 30 2.97 1
0
APP_7_Inner_Layer_1:0 0.2 0.2 0.75 1.95 48 23 2.16 0
1
APP_7_Inner_Layer_1:1 0.4666666666666667 0.4666666666666667 1.75 3.02 21 12 2.0 0
1
APP_7_Inner_Layer_1:2 0.3333333333333333 0.3333333333333333 1.25 2.86 47 15 1.44 1
1
APP_7_Output_Layer_0 0.5333333333333333 0.5333333333333333 2.0 2.52 20 25 2.44 0
2 3 4
5
4.175282444554954
APP_8_Input_Layer_0 0.3333333333333333 0.3333333333333333 1.25 2.58 33 36 3.35 1

APP_8_Inner_Layer_0:0 0.4 0.4 1.5 3.42 28 35 3.55 1
0
APP_8_Inner_Layer_0:1 0.6 0.6 2.25 3.37 14 11 1.24 1
0
APP_8_Inner_Layer_0:2 0.26666666666666666 0.26666666666666666 1.0 1.01 2 20 2.83 1
0
APP_8_Output_Layer_0 0.13333333333333333 0.13333333333333333 0.5 2.25 40 18 3.45 1
1 2 3
3
4.925332227592308
APP_9_Input_Layer_0 0.6 0.6 2.25 2.06 36 44 1.21 1

APP_9_Inner_Layer_0:0 0.5333333333333333 0.5333333333333333 2.0 1.75 22 25 3.21 1
0
APP_9_Output_Layer_0 0.4666666666666667 0.4666666666666667 1.75 3.89 11 13 4.0 1
1
5
5.262356586995638
APP_10_Input_Layer_0 0.26666666666666666 0.26666666666666666 1.0 1.78 26 16 2.77 1

APP_10_Inner_Layer_0:0 0.13333333333333333 0.13333333333333333 0.5 2.23 46 35 3.37 1
0
APP_10_Inner_Layer_0:1 0.6 0.6 2.25 2.02 38 20 1.25 1
0
APP_10_Inner_Layer_0:2 0.3333333333333333 0.3333333333333333 1.25 1.71 40 36 3.83 1
0
APP_10_Output_Layer_0 0.3333333333333333 0.3333333333333333 1.25 2.02 24 18 2.77 1
1 2 3
