10
11
13
0
APP_0_Input_Layer_0 0.4666666666666667 0.4666666666666667 1.75 1.03 49 27 2.56 1

APP_0_Inner_Layer_0:0 0.4666666666666667 0.4666666666666667 1.75 3.25 4 38 2.45 0
0
APP_0_Inner_Layer_0:1 0.4 0.4 1.5 2.67 25 22 2.45 1
0
APP_0_Inner_Layer_0:2 0.2 0.2 0.75 3.39 40 45 2.91 0
0
APP_0_Inner_Layer_0:3 0.4 0.4 1.5 2.77 21 2 1.52 1
0
APP_0_Inner_Layer_1:0 0.6 0.6 2.25 3.82 29 47 2.41 1
3 4
APP_0_Inner_Layer_1:1 0.13333333333333333 0.13333333333333333 0.5 1.3 31 19 2.39 1
4 1
APP_0_Inner_Layer_1:2 0.6 0.6 2.25 2.05 35 27 3.74 1
2 3
APP_0_Inner_Layer_1:3 0.5333333333333333 0.5333333333333333 2.0 2.6 14 12 2.24 1
1
APP_0_Inner_Layer_2:0 0.2 0.2 0.75 3.13 31 10 1.83 1
5 8
APP_0_Inner_Layer_2:1 0.4 0.4 1.5 3.55 41 45 2.31 1
6 7
APP_0_Inner_Layer_3:0 0.2 0.2 0.75 1.54 2 18 2.42 0
9 10
APP_0_Output_Layer_0 0.2 0.2 0.75 2.83 9 33 1.76 1
11
4
0.462288853821271
APP_1_Input_Layer_0 0.4666666666666667 0.4666666666666667 1.75 2.51 11 31 1.07 1

APP_1_Inner_Layer_0:0 0.4666666666666667 0.4666666666666667 1.75 2.4 23 48 1.38 1
0
APP_1_Inner_Layer_0:1 0.4 0.4 1.5 3.51 26 28 3.62 1
0
APP_1_Output_Layer_0 0.4 0.4 1.5 3.5 37 37 3.71 1
1 2
5
1.2125158722172702
APP_2_Input_Layer_0 0.26666666666666666 0.26666666666666666 1.0 1.42 5 8 1.48 1

APP_2_Inner_Layer_0:0 0.13333333333333333 0.13333333333333333 0.5 1.7 26 16 1.19 1
0
APP_2_Inner_Layer_1:0 0.13333333333333333 0.13333333333333333 0.5 2.88 42 45 3.19 1
1
APP_2_Inner_Layer_1:1 0.06666666666666667 0.06666666666666667 0.25 2.42 43 2 2.13 1
1
APP_2_Output_Layer_0 0.2 0.2 0.75 2.29 31 49 3.29 1
2 3
6
1.5706910208914375
APP_3_Input_Layer_0 0.2 0.2 0.75 2.75 25 24 1.8 1

APP_3_Inner_Layer_0:0 0.06666666666666667 0.06666666666666667 0.25 2.33 4 7 1.66 1
0
APP_3_Inner_Layer_0:1 0.5333333333333333 0.5333333333333333 2.0 2.16 13 15 3.33 0
0
APP_3_Inner_Layer_0:2 0.4666666666666667 0.4666666666666667 1.75 1.6 27 2 1.6 0
0
APP_3_Inner_Layer_0:3 0.26666666666666666 0.26666666666666666 1.0 2.51 1 9 3.86 1
0
APP_3_Output_Layer_0 0.26666666666666666 0.26666666666666666 1.0 1.94 26 44 3.59 1
1 2 3 4
6
2.443250149579139
APP_4_Input_Layer_0 0.6 0.6 2.25 3.56 27 38 3.09 0

APP_4_Inner_Layer_0:0 0.4666666666666667 0.4666666666666667 1.75 3.32 47 35 3.83 0
0
APP_4_Inner_Layer_1:0 0.2 0.2 0.75 3.54 23 17 2.31 1
1
APP_4_Inner_Layer_1:1 0.26666666666666666 0.26666666666666666 1.0 2.7 2 8 2.53 1
1
APP_4_Inner_Layer_2:0 0.26666666666666666 0.26666666666666666 1.0 2.25 21 30 1.76 1
2 3
APP_4_Output_Layer_0 0.4 0.4 1.5 2.46 15 37 3.3 1
4
9
3.130716591041634
APP_5_Input_Layer_0 0.26666666666666666 0.26666666666666666 1.0 1.38 49 48 2.47 1

APP_5_Inner_Layer_0:0 0.6 0.6 2.25 1.3 20 39 2.11 1
0
APP_5_Inner_Layer_0:1 0.26666666666666666 0.26666666666666666 1.0 1.36 5 4 2.5 1
0
APP_5_Inner_Layer_1:0 0.6 0.6 2.25 2.93 19 49 1.53 0
2
APP_5_Inner_Layer_1:1 0.4666666666666667 0.4666666666666667 1.75 2.85 16 1 1.39 0
1
APP_5_Inner_Layer_2:0 0.6 0.6 2.25 1.38 19 25 2.94 1
3
APP_5_Inner_Layer_2:1 0.26666666666666666 0.26666666666666666 1.0 3.78 18 43 2.26 1
3 4
APP_5_Inner_Layer_3:0 0.4 0.4 1.5 1.93 15 44 1.76 1
5 6
APP_5_Output_Layer_0 0.2 0.2 0.75 2.78 28 42 2.24 1
7
3
3.6920672283481792
APP_6_Input_Layer_0 0.13333333333333333 0.13333333333333333 0.5 2.63 41 39 3.16 1

APP_6_Inner_Layer_0:0 0.26666666666666666 0.26666666666666666 1.0 2.16 12 35 3.22 1
0
APP_6_Output_Layer_0 0.2 0.2 0.75 2.64 7 23 3.51 1
1
13
4.079596015300129
APP_7_Input_Layer_0 0.4666666666666667 0.4666666666666667 1.75 3.34 35 33 2.5 1

APP_7_Inner_Layer_0:0 0.13333333333333333 0.13333333333333333 0.5 2.17 45 4 3.91 1
0
APP_7_Inner_Layer_0:1 0.5333333333333333 0.5333333333333333 2.0 3.58 25 48 3.99 1
0
APP_7_Inner_Layer_1:0 0.2 0.2 0.75 3.55 7 27 2.73 1
2
APP_7_Inner_Layer_1:1 0.6 0.6 2.25 2.0 19 2 1.56 1
1
APP_7_Inner_Layer_1:2 0.5333333333333333 0.5333333333333333 2.0 2.04 25 39 3.01 1
1 2
APP_7_Inner_Layer_2:0 0.2 0.2 0.75 1.21 33 14 1.04 1
4
APP_7_Inner_Layer_2:1 0.4666666666666667 0.4666666666666667 1.75 1.88 37 2 2.73 1
4 5
APP_7_Inner_Layer_2:2 0.4 0.4 1.5 3.14 9 20 3.13 1
4 5
APP_7_Inner_Layer_2:3 0.4 0.4 1.5 3.33 10 16 3.22 1
3 5
APP_7_Inner_Layer_3:0 0.26666666666666666 0.26666666666666666 1.0 1.48 17 48 2.37 0
9
APP_7_Inner_Layer_3:1 0.6 0.6 2.25 3.94 13 28 3.61 1
6 7 8 9
APP_7_Output_Layer_0 0.13333333333333333 0.13333333333333333 0.5 2.39 7 16 2.22 1
10 11
14
4.916393829200806
APP_8_Input_Layer_0 0.2 0.2 0.75 1.16 21 3 1.05 1

APP_8_Inner_Layer_0:0 0.5333333333333333 0.5333333333333333 2.0 1.12 3 22 3.91 1
0
APP_8_Inner_Layer_0:1 0.13333333333333333 0.13333333333333333 0.5 3.35 31 9 2.14 1
0
APP_8_Inner_Layer_0:2 0.26666666666666666 0.26666666666666666 1.0 1.87 9 21 2.2 0
0
APP_8_Inner_Layer_1:0 0.26666666666666666 0.26666666666666666 1.0 1.06 40 2 2.36 1
1 2
APP_8_Inner_Layer_1:1 0.6 0.6 2.25 3.8 11 30 3.75 1
1
APP_8_Inner_Layer_1:2 0.2 0.2 0.75 2.38 43 3 3.49 1
3
APP_8_Inner_Layer_2:0 0.2 0.2 0.75 2.56 14 43 2.46 1
6
APP_8_Inner_Layer_2:1 0.2 0.2 0.75 3.16 14 22 1.17 0
4 5
APP_8_Inner_Layer_3:0 0.26666666666666666 0.26666666666666666 1.0 3.9 49 16 2.65 1
8
APP_8_Inner_Layer_3:1 0.06666666666666667 0.06666666666666667 0.25 2.35 2 31 1.2 1
8
APP_8_Inner_Layer_3:2 0.26666666666666666 0.26666666666666666 1.0 2.56 17 48 1.82 1
7
APP_8_Inner_Layer_3:3 0.06666666666666667 0.06666666666666667 0.25 1.02 46 48 1.64 1
7
APP_8_Output_Layer_0 0.4 0.4 1.5 1.12 36 11 3.83 1
9 10 11 12
4
5.59427996973453
APP_9_Input_Layer_0 0.5333333333333333 0.5333333333333333 2.0 2.4 7 4 2.3 1

APP_9_Inner_Layer_0:0 0.4 0.4 1.5 2.07 40 46 3.23 1
0
APP_9_Inner_Layer_0:1 0.06666666666666667 0.06666666666666667 0.25 2.24 17 19 3.75 1
0
APP_9_Output_Layer_0 0.13333333333333333 0.13333333333333333 0.5 2.52 37 22 1.79 1
1 2
5
5.937169054199723
APP_10_Input_Layer_0 0.6 0.6 2.25 2.66 47 18 1.67 1

APP_10_Inner_Layer_0:0 0.6 0.6 2.25 3.38 1 33 3.99 1
0
APP_10_Inner_Layer_0:1 0.2 0.2 0.75 4.0 34 21 1.22 1
0
APP_10_Inner_Layer_0:2 0.3333333333333333 0.3333333333333333 1.25 3.88 18 47 3.78 1
0
APP_10_Output_Layer_0 0.2 0.2 0.75 3.71 3 29 2.71 1
1 2 3
