10
11
12
0
APP_0_Input_Layer_0 0.13333333333333333 0.13333333333333333 0.5 3.93 39 23 2.19 1

APP_0_Inner_Layer_0:0 0.06666666666666667 0.06666666666666667 0.25 3.16 19 24 1.77 1
0
APP_0_Inner_Layer_0:1 0.6 0.6 2.25 2.39 9 45 3.26 1
0
APP_0_Inner_Layer_0:2 0.4 0.4 1.5 3.04 16 13 3.17 1
0
APP_0_Inner_Layer_1:0 0.4 0.4 1.5 1.25 33 41 1.06 1
1 3
APP_0_Inner_Layer_1:1 0.06666666666666667 0.06666666666666667 0.25 2.43 28 9 2.84 1
1 2
APP_0_Inner_Layer_1:2 0.06666666666666667 0.06666666666666667 0.25 2.21 40 24 3.74 1
3
APP_0_Inner_Layer_2:0 0.2 0.2 0.75 3.12 17 37 1.84 1
4
APP_0_Inner_Layer_2:1 0.3333333333333333 0.3333333333333333 1.25 3.87 8 2 3.19 1
4 6
APP_0_Inner_Layer_2:2 0.26666666666666666 0.26666666666666666 1.0 1.37 35 25 1.38 1
5 6
APP_0_Inner_Layer_2:3 0.4 0.4 1.5 3.36 26 37 1.05 1
4
APP_0_Output_Layer_0 0.2 0.2 0.75 3.3 41 39 2.09 1
7 8 9 10
6
0.6463562594403542
APP_1_Input_Layer_0 0.13333333333333333 0.13333333333333333 0.5 1.34 18 15 3.08 1

APP_1_Inner_Layer_0:0 0.26666666666666666 0.26666666666666666 1.0 1.79 26 19 1.34 1
0
APP_1_Inner_Layer_0:1 0.6 0.6 2.25 3.71 7 37 3.07 1
0
APP_1_Inner_Layer_0:2 0.5333333333333333 0.5333333333333333 2.0 1.56 5 47 1.82 0
0
APP_1_Inner_Layer_0:3 0.13333333333333333 0.13333333333333333 0.5 1.42 26 16 3.39 1
0
APP_1_Output_Layer_0 0.6 0.6 2.25 1.59 49 40 1.96 1
1 2 3 4
10
1.0106753272406719
APP_2_Input_Layer_0 0.26666666666666666 0.26666666666666666 1.0 3.84 30 33 3.87 1

APP_2_Inner_Layer_0:0 0.6 0.6 2.25 3.1 24 5 2.64 1
0
APP_2_Inner_Layer_0:1 0.13333333333333333 0.13333333333333333 0.5 2.32 6 38 3.23 0
0
APP_2_Inner_Layer_1:0 0.06666666666666667 0.06666666666666667 0.25 3.34 7 14 1.78 1
1
APP_2_Inner_Layer_1:1 0.3333333333333333 0.3333333333333333 1.25 1.8 43 48 2.62 0
2
APP_2_Inner_Layer_1:2 0.4666666666666667 0.4666666666666667 1.75 3.39 48 38 3.02 1
2
APP_2_Inner_Layer_2:0 0.2 0.2 0.75 1.42 1 14 1.71 1
3 5
APP_2_Inner_Layer_2:1 0.13333333333333333 0.13333333333333333 0.5 1.05 13 13 2.85 1
4 5
APP_2_Inner_Layer_2:2 0.3333333333333333 0.3333333333333333 1.25 3.43 43 14 1.8 1
5 3
APP_2_Output_Layer_0 0.06666666666666667 0.06666666666666667 0.25 3.53 26 23 2.74 1
6 7 8
5
1.5771878069469147
APP_3_Input_Layer_0 0.4 0.4 1.5 3.83 33 44 1.81 1

APP_3_Inner_Layer_0:0 0.2 0.2 0.75 1.08 31 14 2.2 1
0
APP_3_Inner_Layer_0:1 0.3333333333333333 0.3333333333333333 1.25 1.42 25 45 3.77 1
0
APP_3_Inner_Layer_0:2 0.2 0.2 0.75 1.6 46 13 2.19 0
0
APP_3_Output_Layer_0 0.2 0.2 0.75 2.28 3 45 1.43 1
1 2 3
13
1.9844035920092982
APP_4_Input_Layer_0 0.13333333333333333 0.13333333333333333 0.5 2.35 14 42 3.24 1

APP_4_Inner_Layer_0:0 0.26666666666666666 0.26666666666666666 1.0 1.6 22 34 2.94 1
0
APP_4_Inner_Layer_0:1 0.13333333333333333 0.13333333333333333 0.5 1.06 4 2 1.58 0
0
APP_4_Inner_Layer_1:0 0.26666666666666666 0.26666666666666666 1.0 2.01 34 23 1.17 1
1 2
APP_4_Inner_Layer_1:1 0.3333333333333333 0.3333333333333333 1.25 2.03 11 17 3.74 1
2
APP_4_Inner_Layer_1:2 0.3333333333333333 0.3333333333333333 1.25 3.7 2 8 2.92 1
1
APP_4_Inner_Layer_1:3 0.5333333333333333 0.5333333333333333 2.0 3.9 13 31 3.97 1
1
APP_4_Inner_Layer_2:0 0.13333333333333333 0.13333333333333333 0.5 1.54 35 19 3.81 1
5 6
APP_4_Inner_Layer_2:1 0.4666666666666667 0.4666666666666667 1.75 3.85 27 30 3.0 1
3 4
APP_4_Inner_Layer_3:0 0.6 0.6 2.25 3.82 37 42 1.63 1
7
APP_4_Inner_Layer_3:1 0.06666666666666667 0.06666666666666667 0.25 1.85 43 37 1.64 1
7
APP_4_Inner_Layer_3:2 0.5333333333333333 0.5333333333333333 2.0 3.65 11 28 1.2 1
8
APP_4_Output_Layer_0 0.3333333333333333 0.3333333333333333 1.25 1.43 20 45 3.36 1
9 10 11
3
2.750769412835961
APP_5_Input_Layer_0 0.6 0.6 2.25 2.42 28 25 2.0 1

APP_5_Inner_Layer_0:0 0.2 0.2 0.75 3.23 22 32 2.96 1
0
APP_5_Output_Layer_0 0.26666666666666666 0.26666666666666666 1.0 3.0 13 14 3.54 1
1
5
3.2009585199349764
APP_6_Input_Layer_0 0.6 0.6 2.25 3.7 3 15 1.57 1

APP_6_Inner_Layer_0:0 0.4 0.4 1.5 3.17 7 4 1.3 1
0
APP_6_Inner_Layer_0:1 0.5333333333333333 0.5333333333333333 2.0 3.92 45 46 1.65 1
0
APP_6_Inner_Layer_0:2 0.2 0.2 0.75 2.91 9 36 2.66 1
0
APP_6_Output_Layer_0 0.06666666666666667 0.06666666666666667 0.25 3.33 37 8 1.79 1
1 2 3
10
3.807990009050002
APP_7_Input_Layer_0 0.26666666666666666 0.26666666666666666 1.0 2.85 45 34 1.55 1

APP_7_Inner_Layer_0:0 0.13333333333333333 0.13333333333333333 0.5 2.02 26 37 2.3 1
0
APP_7_Inner_Layer_0:1 0.4666666666666667 0.4666666666666667 1.75 2.98 15 40 2.04 0
0
APP_7_Inner_Layer_0:2 0.3333333333333333 0.3333333333333333 1.25 3.64 4 46 3.85 1
0
APP_7_Inner_Layer_0:3 0.6 0.6 2.25 3.98 2 30 2.02 1
0
APP_7_Inner_Layer_1:0 0.3333333333333333 0.3333333333333333 1.25 3.68 39 16 1.15 1
1 3 4
APP_7_Inner_Layer_1:1 0.13333333333333333 0.13333333333333333 0.5 1.84 17 9 1.1 1
3
APP_7_Inner_Layer_1:2 0.2 0.2 0.75 2.03 23 6 3.52 1
1 2
APP_7_Inner_Layer_1:3 0.06666666666666667 0.06666666666666667 0.25 3.89 43 46 3.19 1
2 1
APP_7_Output_Layer_0 0.5333333333333333 0.5333333333333333 2.0 3.79 20 4 3.11 1
5 6 7 8
8
4.392195991539406
APP_8_Input_Layer_0 0.06666666666666667 0.06666666666666667 0.25 2.63 19 28 1.88 1

APP_8_Inner_Layer_0:0 0.6 0.6 2.25 2.64 6 39 2.13 1
0
APP_8_Inner_Layer_1:0 0.26666666666666666 0.26666666666666666 1.0 2.13 45 12 2.17 1
1
APP_8_Inner_Layer_1:1 0.06666666666666667 0.06666666666666667 0.25 1.62 12 22 1.29 1
1
APP_8_Inner_Layer_1:2 0.5333333333333333 0.5333333333333333 2.0 1.04 44 3 1.48 1
1
APP_8_Inner_Layer_1:3 0.4666666666666667 0.4666666666666667 1.75 3.85 40 23 1.87 1
1
APP_8_Inner_Layer_2:0 0.5333333333333333 0.5333333333333333 2.0 3.78 7 10 2.0 1
2 3 4 5
APP_8_Output_Layer_0 0.5333333333333333 0.5333333333333333 2.0 3.29 4 20 3.23 1
6
12
4.985973458466806
APP_9_Input_Layer_0 0.4 0.4 1.5 2.89 15 15 2.11 1

APP_9_Inner_Layer_0:0 0.3333333333333333 0.3333333333333333 1.25 3.32 20 23 3.71 1
0
APP_9_Inner_Layer_1:0 0.6 0.6 2.25 3.15 10 49 1.08 1
1
APP_9_Inner_Layer_1:1 0.2 0.2 0.75 1.32 35 18 1.84 1
1
APP_9_Inner_Layer_1:2 0.3333333333333333 0.3333333333333333 1.25 2.73 33 15 2.19 1
1
APP_9_Inner_Layer_2:0 0.06666666666666667 0.06666666666666667 0.25 2.71 3 22 1.22 1
3 4
APP_9_Inner_Layer_2:1 0.5333333333333333 0.5333333333333333 2.0 2.93 24 23 1.52 1
2
APP_9_Inner_Layer_2:2 0.5333333333333333 0.5333333333333333 2.0 3.3 41 31 2.05 1
2 3
APP_9_Inner_Layer_2:3 0.26666666666666666 0.26666666666666666 1.0 1.58 5 30 2.83 1
2 4
APP_9_Inner_Layer_3:0 0.26666666666666666 0.26666666666666666 1.0 3.61 15 21 2.27 1
5 6 8
APP_9_Inner_Layer_3:1 0.3333333333333333 0.3333333333333333 1.25 1.66 46 19 1.95 1
7
APP_9_Output_Layer_0 0.13333333333333333 0.13333333333333333 0.5 1.14 37 37 3.42 1
9 10
4
5.72376706799586
APP_10_Input_Layer_0 0.5333333333333333 0.5333333333333333 2.0 2.36 47 28 1.85 1

APP_10_Inner_Layer_0:0 0.06666666666666667 0.06666666666666667 0.25 1.92 28 11 2.33 1
0
APP_10_Inner_Layer_0:1 0.13333333333333333 0.13333333333333333 0.5 2.14 40 12 3.08 1
0
APP_10_Output_Layer_0 0.2 0.2 0.75 3.2 4 45 1.63 1
1 2
