10
16
16
0
APP_0_Input_Layer_0 0.3333333333333333 0.3333333333333333 1.25 3.01 26 30 3.62 1

APP_0_Inner_Layer_0:0 0.3333333333333333 0.3333333333333333 1.25 2.19 28 43 1.1 1
0
APP_0_Inner_Layer_0:1 0.13333333333333333 0.13333333333333333 0.5 1.1 9 21 3.77 1
0
APP_0_Inner_Layer_0:2 0.06666666666666667 0.06666666666666667 0.25 2.22 13 49 1.28 1
0
APP_0_Inner_Layer_1:0 0.4 0.4 1.5 3.32 3 21 2.97 1
1 2
APP_0_Inner_Layer_1:1 0.5333333333333333 0.5333333333333333 2.0 3.18 24 38 3.58 1
3
APP_0_Inner_Layer_1:2 0.4666666666666667 0.4666666666666667 1.75 1.79 12 24 2.93 1
1 2
APP_0_Inner_Layer_2:0 0.2 0.2 0.75 1.22 10 2 3.75 1
5 6
APP_0_Inner_Layer_2:1 0.4666666666666667 0.4666666666666667 1.75 1.75 47 32 3.31 1
4 5
APP_0_Inner_Layer_2:2 0.2 0.2 0.75 1.65 1 34 3.95 1
5
APP_0_Inner_Layer_2:3 0.2 0.2 0.75 1.42 31 29 3.65 1
4
APP_0_Inner_Layer_3:0 0.5333333333333333 0.5333333333333333 2.0 2.89 22 46 1.83 1
8
APP_0_Inner_Layer_3:1 0.26666666666666666 0.26666666666666666 1.0 1.16 33 35 1.08 1
7 10
APP_0_Inner_Layer_3:2 0.4 0.4 1.5 1.81 48 24 1.49 1
8 9 10
APP_0_Inner_Layer_3:3 0.6 0.6 2.25 3.44 19 19 3.77 1
8 10
APP_0_Output_Layer_0 0.3333333333333333 0.3333333333333333 1.25 3.17 16 38 1.18 1
11 12 13 14
5
0.6179794440605216
APP_1_Input_Layer_0 0.3333333333333333 0.3333333333333333 1.25 1.54 41 15 1.81 1

APP_1_Inner_Layer_0:0 0.4666666666666667 0.4666666666666667 1.75 2.73 1 21 1.73 1
0
APP_1_Inner_Layer_0:1 0.5333333333333333 0.5333333333333333 2.0 3.46 21 4 2.65 1
0
APP_1_Inner_Layer_0:2 0.26666666666666666 0.26666666666666666 1.0 1.51 7 40 2.95 1
0
APP_1_Output_Layer_0 0.06666666666666667 0.06666666666666667 0.25 3.35 38 34 2.06 1
1 2 3
12
1.0608899026141037
APP_2_Input_Layer_0 0.3333333333333333 0.3333333333333333 1.25 1.92 15 45 1.66 1

APP_2_Inner_Layer_0:0 0.4666666666666667 0.4666666666666667 1.75 1.02 42 46 1.86 1
0
APP_2_Inner_Layer_0:1 0.06666666666666667 0.06666666666666667 0.25 1.96 8 12 1.24 0
0
APP_2_Inner_Layer_0:2 0.2 0.2 0.75 2.46 47 17 3.54 1
0
APP_2_Inner_Layer_0:3 0.4 0.4 1.5 3.26 15 35 1.6 1
0
APP_2_Inner_Layer_1:0 0.2 0.2 0.75 2.57 5 43 1.12 1
1
APP_2_Inner_Layer_1:1 0.4 0.4 1.5 1.76 24 34 1.36 0
3 4
APP_2_Inner_Layer_1:2 0.13333333333333333 0.13333333333333333 0.5 2.74 40 7 2.16 1
1 2 4
APP_2_Inner_Layer_1:3 0.2 0.2 0.75 2.54 13 40 3.21 1
3 2
APP_2_Inner_Layer_2:0 0.13333333333333333 0.13333333333333333 0.5 2.08 14 22 3.71 1
6 7
APP_2_Inner_Layer_2:1 0.6 0.6 2.25 3.38 37 25 3.56 0
5 8
APP_2_Output_Layer_0 0.2 0.2 0.75 1.32 8 25 2.19 1
9 10
12
1.3601260153825039
APP_3_Input_Layer_0 0.4 0.4 1.5 2.86 25 6 2.11 1

APP_3_Inner_Layer_0:0 0.13333333333333333 0.13333333333333333 0.5 2.49 32 23 2.16 1
0
APP_3_Inner_Layer_0:1 0.4 0.4 1.5 2.27 36 23 2.03 0
0
APP_3_Inner_Layer_0:2 0.6 0.6 2.25 3.34 36 22 3.26 1
0
APP_3_Inner_Layer_1:0 0.4666666666666667 0.4666666666666667 1.75 1.54 25 26 1.06 1
3
APP_3_Inner_Layer_1:1 0.13333333333333333 0.13333333333333333 0.5 1.35 42 1 2.73 1
2 3
APP_3_Inner_Layer_1:2 0.4 0.4 1.5 2.53 11 11 1.45 1
1 3
APP_3_Inner_Layer_1:3 0.13333333333333333 0.13333333333333333 0.5 2.25 20 9 2.88 1
3
APP_3_Inner_Layer_2:0 0.4 0.4 1.5 3.61 31 20 1.43 1
4 5 6 7
APP_3_Inner_Layer_2:1 0.4666666666666667 0.4666666666666667 1.75 1.95 38 49 3.27 0
4 7
APP_3_Inner_Layer_2:2 0.5333333333333333 0.5333333333333333 2.0 1.27 46 48 3.9 1
4
APP_3_Output_Layer_0 0.5333333333333333 0.5333333333333333 2.0 2.76 33 30 1.9 0
8 9 10
9
1.6076983135502176
APP_4_Input_Layer_0 0.26666666666666666 0.26666666666666666 1.0 1.2 23 44 2.92 1

APP_4_Inner_Layer_0:0 0.5333333333333333 0.5333333333333333 2.0 2.1 15 6 1.52 1
0
APP_4_Inner_Layer_1:0 0.4666666666666667 0.4666666666666667 1.75 2.57 42 43 1.57 1
1
APP_4_Inner_Layer_2:0 0.26666666666666666 0.26666666666666666 1.0 3.35 34 39 3.98 1
2
APP_4_Inner_Layer_3:0 0.3333333333333333 0.3333333333333333 1.25 3.07 12 34 1.41 1
3
APP_4_Inner_Layer_3:1 0.4666666666666667 0.4666666666666667 1.75 3.8 19 43 2.52 1
3
APP_4_Inner_Layer_3:2 0.6 0.6 2.25 3.84 19 46 2.16 1
3
APP_4_Inner_Layer_3:3 0.13333333333333333 0.13333333333333333 0.5 1.04 12 48 3.13 1
3
APP_4_Output_Layer_0 0.4 0.4 1.5 3.56 2 32 2.56 1
4 5 6 7
6
1.8573559140037714
APP_5_Input_Layer_0 0.3333333333333333 0.3333333333333333 1.25 1.24 45 24 2.62 1

APP_5_Inner_Layer_0:0 0.5333333333333333 0.5333333333333333 2.0 3.2 37 20 1.5 1
0
APP_5_Inner_Layer_0:1 0.3333333333333333 0.3333333333333333 1.25 2.47 16 49 1.85 1
0
APP_5_Inner_Layer_0:2 0.4 0.4 1.5 3.8 49 42 1.31 1
0
APP_5_Inner_Layer_0:3 0.06666666666666667 0.06666666666666667 0.25 3.03 27 48 2.0 1
0
APP_5_Output_Layer_0 0.13333333333333333 0.13333333333333333 0.5 3.02 39 43 2.03 0
1 2 3 4
10
2.425929157137033
APP_6_Input_Layer_0 0.5333333333333333 0.5333333333333333 2.0 3.18 14 34 1.25 0

APP_6_Inner_Layer_0:0 0.6 0.6 2.25 1.58 11 31 2.67 1
0
APP_6_Inner_Layer_0:1 0.5333333333333333 0.5333333333333333 2.0 3.03 27 41 2.9 1
0
APP_6_Inner_Layer_1:0 0.3333333333333333 0.3333333333333333 1.25 2.34 19 6 2.64 1
1
APP_6_Inner_Layer_1:1 0.4666666666666667 0.4666666666666667 1.75 1.54 37 16 3.66 1
2
APP_6_Inner_Layer_2:0 0.5333333333333333 0.5333333333333333 2.0 3.79 28 38 3.74 1
3
APP_6_Inner_Layer_2:1 0.4 0.4 1.5 3.83 9 32 2.99 1
4
APP_6_Inner_Layer_2:2 0.4666666666666667 0.4666666666666667 1.75 2.4 23 19 2.14 1
3
APP_6_Inner_Layer_2:3 0.4 0.4 1.5 3.3 37 18 2.08 1
4
APP_6_Output_Layer_0 0.4 0.4 1.5 1.33 7 14 1.77 1
5 6 7 8
3
2.8043394739831213
APP_7_Input_Layer_0 0.06666666666666667 0.06666666666666667 0.25 1.65 42 20 2.59 1

APP_7_Inner_Layer_0:0 0.3333333333333333 0.3333333333333333 1.25 1.41 46 7 2.89 1
0
APP_7_Output_Layer_0 0.2 0.2 0.75 1.59 27 47 3.38 1
1
8
3.2370480387649674
APP_8_Input_Layer_0 0.06666666666666667 0.06666666666666667 0.25 3.91 10 43 2.2 1

APP_8_Inner_Layer_0:0 0.26666666666666666 0.26666666666666666 1.0 1.52 13 28 3.22 1
0
APP_8_Inner_Layer_1:0 0.2 0.2 0.75 2.18 10 15 2.63 0
1
APP_8_Inner_Layer_1:1 0.13333333333333333 0.13333333333333333 0.5 3.57 2 13 1.4 1
1
APP_8_Inner_Layer_2:0 0.06666666666666667 0.06666666666666667 0.25 2.13 25 14 2.99 1
2 3
APP_8_Inner_Layer_2:1 0.5333333333333333 0.5333333333333333 2.0 1.25 23 15 1.96 1
2
APP_8_Inner_Layer_3:0 0.06666666666666667 0.06666666666666667 0.25 3.92 5 29 2.67 1
4 5
APP_8_Output_Layer_0 0.6 0.6 2.25 1.85 23 44 1.06 1
6
7
3.4765671508642866
APP_9_Input_Layer_0 0.3333333333333333 0.3333333333333333 1.25 3.19 37 38 3.44 1

APP_9_Inner_Layer_0:0 0.06666666666666667 0.06666666666666667 0.25 1.21 4 13 3.33 1
0
APP_9_Inner_Layer_1:0 0.4 0.4 1.5 1.67 26 7 3.67 1
1
APP_9_Inner_Layer_1:1 0.3333333333333333 0.3333333333333333 1.25 1.32 43 15 2.74 1
1
APP_9_Inner_Layer_1:2 0.13333333333333333 0.13333333333333333 0.5 3.07 39 40 1.73 1
1
APP_9_Inner_Layer_1:3 0.6 0.6 2.25 3.16 19 23 2.5 1
1
APP_9_Output_Layer_0 0.2 0.2 0.75 1.09 44 19 3.71 1
2 3 4 5
12
3.7488393014088746
APP_10_Input_Layer_0 0.6 0.6 2.25 2.01 22 28 3.93 1

APP_10_Inner_Layer_0:0 0.13333333333333333 0.13333333333333333 0.5 1.17 21 45 1.03 1
0
APP_10_Inner_Layer_0:1 0.5333333333333333 0.5333333333333333 2.0 2.53 22 35 2.01 1
0
APP_10_Inner_Layer_0:2 0.2 0.2 0.75 3.55 44 41 3.89 1
0
APP_10_Inner_Layer_1:0 0.06666666666666667 0.06666666666666667 0.25 3.64 36 42 1.84 0
1
APP_10_Inner_Layer_1:1 0.5333333333333333 0.5333333333333333 2.0 3.04 28 48 3.91 1
2 3
APP_10_Inner_Layer_2:0 0.26666666666666666 0.26666666666666666 1.0 3.26 39 3 2.92 1
5
APP_10_Inner_Layer_2:1 0.6 0.6 2.25 1.43 15 42 1.09 1
4
APP_10_Inner_Layer_3:0 0.6 0.6 2.25 3.82 7 33 2.43 1
6
APP_10_Inner_Layer_3:1 0.3333333333333333 0.3333333333333333 1.25 2.29 27 11 3.82 1
6 7
APP_10_Inner_Layer_3:2 0.6 0.6 2.25 3.81 17 1 3.24 1
7
APP_10_Output_Layer_0 0.5333333333333333 0.5333333333333333 2.0 2.34 21 47 3.75 1
8 9 10
5
4.201053325942291
APP_11_Input_Layer_0 0.4666666666666667 0.4666666666666667 1.75 1.56 25 30 2.85 1

APP_11_Inner_Layer_0:0 0.4666666666666667 0.4666666666666667 1.75 2.38 11 49 3.16 1
0
APP_11_Inner_Layer_0:1 0.26666666666666666 0.26666666666666666 1.0 1.97 2 49 1.46 0
0
APP_11_Inner_Layer_0:2 0.4 0.4 1.5 2.61 34 41 3.29 1
0
APP_11_Output_Layer_0 0.13333333333333333 0.13333333333333333 0.5 2.94 35 40 1.32 1
1 2 3
12
4.646212736940873
APP_12_Input_Layer_0 0.13333333333333333 0.13333333333333333 0.5 1.15 28 24 1.56 1

APP_12_Inner_Layer_0:0 0.13333333333333333 0.13333333333333333 0.5 2.57 12 23 3.15 1
0
APP_12_Inner_Layer_0:1 0.3333333333333333 0.3333333333333333 1.25 3.5 28 29 3.76 1
0
APP_12_Inner_Layer_1:0 0.26666666666666666 0.26666666666666666 1.0 1.25 12 34 3.44 1
1 2
APP_12_Inner_Layer_1:1 0.13333333333333333 0.13333333333333333 0.5 3.23 30 22 3.18 1
1
APP_12_Inner_Layer_1:2 0.4666666666666667 0.4666666666666667 1.75 2.27 38 19 3.46 1
1
APP_12_Inner_Layer_1:3 0.2 0.2 0.75 3.28 35 6 3.94 1
2
APP_12_Inner_Layer_2:0 0.4666666666666667 0.4666666666666667 1.75 2.59 24 19 3.73 1
4 5
APP_12_Inner_Layer_2:1 0.3333333333333333 0.3333333333333333 1.25 1.72 32 37 2.93 1
4 5 6
APP_12_Inner_Layer_2:2 0.6 0.6 2.25 2.01 36 26 1.67 1
3
APP_12_Inner_Layer_2:3 0.5333333333333333 0.5333333333333333 2.0 2.84 4 10 2.16 1
3 4 6
APP_12_Output_Layer_0 0.6 0.6 2.25 2.48 5 12 3.98 1
7 8 9 10
6
4.8900571071441
APP_13_Input_Layer_0 0.4666666666666667 0.4666666666666667 1.75 3.24 5 24 3.95 1

APP_13_Inner_Layer_0:0 0.2 0.2 0.75 3.27 17 6 3.61 1
0
APP_13_Inner_Layer_1:0 0.2 0.2 0.75 2.63 12 28 2.53 1
1
APP_13_Inner_Layer_1:1 0.3333333333333333 0.3333333333333333 1.25 1.84 10 30 1.44 1
1
APP_13_Inner_Layer_1:2 0.4666666666666667 0.4666666666666667 1.75 3.6 30 6 3.69 1
1
APP_13_Output_Layer_0 0.26666666666666666 0.26666666666666666 1.0 1.24 47 14 2.5 1
2 3 4
5
5.39129123231948
APP_14_Input_Layer_0 0.06666666666666667 0.06666666666666667 0.25 1.09 36 6 1.77 1

APP_14_Inner_Layer_0:0 0.6 0.6 2.25 3.15 45 5 2.27 1
0
APP_14_Inner_Layer_1:0 0.6 0.6 2.25 2.46 39 47 1.56 1
1
APP_14_Inner_Layer_1:1 0.4 0.4 1.5 3.72 44 32 1.83 1
1
APP_14_Output_Layer_0 0.06666666666666667 0.06666666666666667 0.25 3.43 29 44 3.55 1
2 3
6
5.7872054007005
APP_15_Input_Layer_0 0.5333333333333333 0.5333333333333333 2.0 2.88 30 21 3.56 1

APP_15_Inner_Layer_0:0 0.6 0.6 2.25 1.43 38 38 3.19 1
0
APP_15_Inner_Layer_1:0 0.6 0.6 2.25 2.57 36 1 2.36 1
1
APP_15_Inner_Layer_1:1 0.4 0.4 1.5 3.07 16 7 2.66 1
1
APP_15_Inner_Layer_1:2 0.5333333333333333 0.5333333333333333 2.0 1.17 35 9 2.56 1
1
APP_15_Output_Layer_0 0.4666666666666667 0.4666666666666667 1.75 1.54 19 40 2.28 1
2 3 4
