10
16
11
0
APP_0_Input_Layer_0 0.26666666666666666 0.26666666666666666 1.0 2.26 21 44 2.12 1

APP_0_Inner_Layer_0:0 0.2 0.2 0.75 2.17 41 37 1.42 1
0
APP_0_Inner_Layer_0:1 0.2 0.2 0.75 2.42 35 16 3.11 0
0
APP_0_Inner_Layer_0:2 0.06666666666666667 0.06666666666666667 0.25 2.69 43 41 3.66 1
0
APP_0_Inner_Layer_1:0 0.06666666666666667 0.06666666666666667 0.25 1.7 11 26 2.82 1
1 2 3
APP_0_Inner_Layer_1:1 0.13333333333333333 0.13333333333333333 0.5 2.83 13 5 3.53 1
3
APP_0_Inner_Layer_1:2 0.13333333333333333 0.13333333333333333 0.5 3.38 49 2 1.42 1
2
APP_0_Inner_Layer_1:3 0.2 0.2 0.75 3.44 8 44 3.39 1
2
APP_0_Inner_Layer_2:0 0.5333333333333333 0.5333333333333333 2.0 2.98 34 11 2.3 1
4 5 6 7
APP_0_Inner_Layer_2:1 0.4 0.4 1.5 2.05 21 25 2.57 1
7
APP_0_Output_Layer_0 0.5333333333333333 0.5333333333333333 2.0 3.66 17 40 2.24 0
8 9
12
0.6118944600264092
APP_1_Input_Layer_0 0.4 0.4 1.5 2.05 26 40 1.13 1

APP_1_Inner_Layer_0:0 0.5333333333333333 0.5333333333333333 2.0 2.78 23 44 1.6 1
0
APP_1_Inner_Layer_0:1 0.13333333333333333 0.13333333333333333 0.5 1.87 44 40 2.03 1
0
APP_1_Inner_Layer_0:2 0.06666666666666667 0.06666666666666667 0.25 2.87 22 11 3.74 1
0
APP_1_Inner_Layer_0:3 0.5333333333333333 0.5333333333333333 2.0 2.64 42 38 3.95 1
0
APP_1_Inner_Layer_1:0 0.3333333333333333 0.3333333333333333 1.25 1.06 12 38 3.27 1
2
APP_1_Inner_Layer_1:1 0.4666666666666667 0.4666666666666667 1.75 1.72 41 6 1.67 0
1 3 4
APP_1_Inner_Layer_2:0 0.5333333333333333 0.5333333333333333 2.0 3.86 4 10 1.27 1
6
APP_1_Inner_Layer_2:1 0.13333333333333333 0.13333333333333333 0.5 3.31 27 21 1.53 1
6
APP_1_Inner_Layer_2:2 0.4666666666666667 0.4666666666666667 1.75 1.52 10 16 2.41 0
5 6
APP_1_Inner_Layer_2:3 0.4 0.4 1.5 3.44 31 15 2.3 1
5 6
APP_1_Output_Layer_0 0.4 0.4 1.5 1.01 43 20 2.1 0
7 8 9 10
11
0.9911386736199355
APP_2_Input_Layer_0 0.5333333333333333 0.5333333333333333 2.0 2.43 36 17 1.61 1

APP_2_Inner_Layer_0:0 0.26666666666666666 0.26666666666666666 1.0 3.83 6 4 2.84 1
0
APP_2_Inner_Layer_0:1 0.06666666666666667 0.06666666666666667 0.25 1.11 28 40 1.46 1
0
APP_2_Inner_Layer_1:0 0.5333333333333333 0.5333333333333333 2.0 1.45 11 18 1.45 1
1 2
APP_2_Inner_Layer_1:1 0.13333333333333333 0.13333333333333333 0.5 3.74 13 36 1.15 1
1
APP_2_Inner_Layer_2:0 0.3333333333333333 0.3333333333333333 1.25 2.25 15 22 3.19 1
3
APP_2_Inner_Layer_2:1 0.6 0.6 2.25 2.86 24 16 1.76 1
4
APP_2_Inner_Layer_3:0 0.26666666666666666 0.26666666666666666 1.0 2.28 31 12 3.0 1
5
APP_2_Inner_Layer_3:1 0.06666666666666667 0.06666666666666667 0.25 2.92 19 24 2.27 1
6
APP_2_Inner_Layer_3:2 0.5333333333333333 0.5333333333333333 2.0 2.64 12 38 1.57 1
5
APP_2_Output_Layer_0 0.06666666666666667 0.06666666666666667 0.25 1.06 29 37 2.36 1
7 8 9
10
1.3288957364476022
APP_3_Input_Layer_0 0.4666666666666667 0.4666666666666667 1.75 2.38 28 16 3.44 1

APP_3_Inner_Layer_0:0 0.13333333333333333 0.13333333333333333 0.5 3.92 11 16 1.1 1
0
APP_3_Inner_Layer_0:1 0.5333333333333333 0.5333333333333333 2.0 3.31 12 29 3.06 1
0
APP_3_Inner_Layer_0:2 0.4666666666666667 0.4666666666666667 1.75 1.91 10 17 1.31 1
0
APP_3_Inner_Layer_1:0 0.3333333333333333 0.3333333333333333 1.25 3.3 23 5 1.49 1
2 3
APP_3_Inner_Layer_1:1 0.06666666666666667 0.06666666666666667 0.25 3.55 35 4 1.37 0
3
APP_3_Inner_Layer_1:2 0.3333333333333333 0.3333333333333333 1.25 3.74 35 20 1.33 1
1
APP_3_Inner_Layer_2:0 0.5333333333333333 0.5333333333333333 2.0 1.54 48 27 2.96 1
6
APP_3_Inner_Layer_2:1 0.2 0.2 0.75 2.49 20 27 3.63 1
4 5
APP_3_Output_Layer_0 0.5333333333333333 0.5333333333333333 2.0 3.46 13 42 2.39 1
7 8
9
1.713125738895244
APP_4_Input_Layer_0 0.26666666666666666 0.26666666666666666 1.0 3.06 41 34 1.52 1

APP_4_Inner_Layer_0:0 0.3333333333333333 0.3333333333333333 1.25 2.5 47 37 3.22 1
0
APP_4_Inner_Layer_0:1 0.13333333333333333 0.13333333333333333 0.5 1.0 28 27 2.64 1
0
APP_4_Inner_Layer_0:2 0.06666666666666667 0.06666666666666667 0.25 2.13 11 25 1.83 1
0
APP_4_Inner_Layer_1:0 0.2 0.2 0.75 1.9 46 20 1.02 1
2 3
APP_4_Inner_Layer_1:1 0.4666666666666667 0.4666666666666667 1.75 1.45 27 26 2.75 1
1
APP_4_Inner_Layer_2:0 0.6 0.6 2.25 1.49 47 46 2.32 0
4
APP_4_Inner_Layer_2:1 0.26666666666666666 0.26666666666666666 1.0 2.68 16 22 2.27 1
5
APP_4_Output_Layer_0 0.4 0.4 1.5 2.99 7 10 3.87 1
6 7
6
2.2148036662778434
APP_5_Input_Layer_0 0.13333333333333333 0.13333333333333333 0.5 2.08 23 23 1.11 1

APP_5_Inner_Layer_0:0 0.4 0.4 1.5 2.69 25 48 1.58 1
0
APP_5_Inner_Layer_0:1 0.4666666666666667 0.4666666666666667 1.75 3.58 39 8 2.01 1
0
APP_5_Inner_Layer_0:2 0.26666666666666666 0.26666666666666666 1.0 1.6 40 1 1.74 1
0
APP_5_Inner_Layer_0:3 0.6 0.6 2.25 1.65 16 10 2.73 1
0
APP_5_Output_Layer_0 0.4 0.4 1.5 3.27 2 42 2.32 0
1 2 3 4
15
2.680400832280884
APP_6_Input_Layer_0 0.5333333333333333 0.5333333333333333 2.0 3.3 5 28 2.03 1

APP_6_Inner_Layer_0:0 0.4 0.4 1.5 1.37 2 15 2.93 1
0
APP_6_Inner_Layer_0:1 0.6 0.6 2.25 3.34 6 30 3.7 1
0
APP_6_Inner_Layer_1:0 0.13333333333333333 0.13333333333333333 0.5 1.57 2 9 2.64 1
2
APP_6_Inner_Layer_1:1 0.26666666666666666 0.26666666666666666 1.0 2.27 2 47 1.99 1
2
APP_6_Inner_Layer_1:2 0.5333333333333333 0.5333333333333333 2.0 3.3 15 1 1.22 1
1
APP_6_Inner_Layer_1:3 0.4 0.4 1.5 3.34 15 6 2.37 1
1 2
APP_6_Inner_Layer_2:0 0.6 0.6 2.25 1.27 42 17 3.87 1
4 5 6
APP_6_Inner_Layer_2:1 0.6 0.6 2.25 1.79 38 23 1.99 1
5 6
APP_6_Inner_Layer_2:2 0.26666666666666666 0.26666666666666666 1.0 1.47 15 42 1.83 1
3 4
APP_6_Inner_Layer_3:0 0.4 0.4 1.5 2.3 34 22 3.33 1
7 8 9
APP_6_Inner_Layer_3:1 0.26666666666666666 0.26666666666666666 1.0 3.77 20 1 3.8 1
7 9
APP_6_Inner_Layer_3:2 0.4 0.4 1.5 3.18 9 17 1.3 1
9
APP_6_Inner_Layer_3:3 0.13333333333333333 0.13333333333333333 0.5 3.8 33 24 3.68 1
7
APP_6_Output_Layer_0 0.26666666666666666 0.26666666666666666 1.0 1.03 31 37 3.35 1
10 11 12 13
6
2.9268151849424746
APP_7_Input_Layer_0 0.4666666666666667 0.4666666666666667 1.75 1.03 4 11 2.16 1

APP_7_Inner_Layer_0:0 0.3333333333333333 0.3333333333333333 1.25 3.67 14 45 2.47 1
0
APP_7_Inner_Layer_0:1 0.3333333333333333 0.3333333333333333 1.25 1.98 5 7 1.82 1
0
APP_7_Inner_Layer_0:2 0.06666666666666667 0.06666666666666667 0.25 2.01 37 6 2.58 1
0
APP_7_Inner_Layer_0:3 0.5333333333333333 0.5333333333333333 2.0 1.8 5 15 2.2 1
0
APP_7_Output_Layer_0 0.06666666666666667 0.06666666666666667 0.25 1.32 1 43 3.99 1
1 2 3 4
11
3.3264372663460153
APP_8_Input_Layer_0 0.6 0.6 2.25 2.22 21 26 3.32 1

APP_8_Inner_Layer_0:0 0.13333333333333333 0.13333333333333333 0.5 1.54 39 17 1.96 1
0
APP_8_Inner_Layer_0:1 0.2 0.2 0.75 1.31 24 42 1.11 1
0
APP_8_Inner_Layer_0:2 0.4666666666666667 0.4666666666666667 1.75 2.3 40 49 1.57 1
0
APP_8_Inner_Layer_1:0 0.5333333333333333 0.5333333333333333 2.0 2.89 16 17 1.15 1
1 2 3
APP_8_Inner_Layer_2:0 0.4 0.4 1.5 1.58 44 21 1.76 1
4
APP_8_Inner_Layer_3:0 0.2 0.2 0.75 1.69 8 31 3.8 1
5
APP_8_Inner_Layer_3:1 0.6 0.6 2.25 1.28 21 35 3.32 1
5
APP_8_Inner_Layer_3:2 0.4666666666666667 0.4666666666666667 1.75 3.26 49 17 1.08 1
5
APP_8_Inner_Layer_3:3 0.6 0.6 2.25 3.33 21 5 2.54 0
5
APP_8_Output_Layer_0 0.2 0.2 0.75 1.43 16 45 2.04 1
6 7 8 9
16
3.5589981315788495
APP_9_Input_Layer_0 0.4666666666666667 0.4666666666666667 1.75 1.08 47 41 1.27 1

APP_9_Inner_Layer_0:0 0.3333333333333333 0.3333333333333333 1.25 2.07 31 32 2.48 1
0
APP_9_Inner_Layer_0:1 0.2 0.2 0.75 2.53 3 47 1.72 1
0
APP_9_Inner_Layer_0:2 0.26666666666666666 0.26666666666666666 1.0 3.23 26 2 1.69 1
0
APP_9_Inner_Layer_0:3 0.13333333333333333 0.13333333333333333 0.5 3.68 41 43 1.55 1
0
APP_9_Inner_Layer_1:0 0.13333333333333333 0.13333333333333333 0.5 4.0 38 38 2.49 1
1
APP_9_Inner_Layer_1:1 0.4 0.4 1.5 2.85 49 36 2.51 1
1 2 3
APP_9_Inner_Layer_1:2 0.6 0.6 2.25 1.1 41 41 1.25 1
1 2 3
APP_9_Inner_Layer_1:3 0.26666666666666666 0.26666666666666666 1.0 2.49 16 34 3.23 1
3 4
APP_9_Inner_Layer_2:0 0.26666666666666666 0.26666666666666666 1.0 2.74 8 36 2.23 1
5
APP_9_Inner_Layer_2:1 0.5333333333333333 0.5333333333333333 2.0 1.31 15 49 3.31 1
6 7 8
APP_9_Inner_Layer_2:2 0.26666666666666666 0.26666666666666666 1.0 3.57 30 49 3.24 1
5 7
APP_9_Inner_Layer_3:0 0.2 0.2 0.75 2.0 15 13 1.46 1
9 10 11
APP_9_Inner_Layer_3:1 0.06666666666666667 0.06666666666666667 0.25 3.8 48 28 3.82 1
11
APP_9_Inner_Layer_3:2 0.5333333333333333 0.5333333333333333 2.0 2.43 7 25 2.8 1
9 10
APP_9_Output_Layer_0 0.06666666666666667 0.06666666666666667 0.25 3.14 34 37 2.08 0
12 13 14
5
3.887186664526063
APP_10_Input_Layer_0 0.3333333333333333 0.3333333333333333 1.25 1.16 48 19 2.02 1

APP_10_Inner_Layer_0:0 0.26666666666666666 0.26666666666666666 1.0 1.24 26 17 2.8 1
0
APP_10_Inner_Layer_1:0 0.5333333333333333 0.5333333333333333 2.0 2.0 4 26 1.57 1
1
APP_10_Inner_Layer_1:1 0.4 0.4 1.5 2.1 24 35 1.31 1
1
APP_10_Output_Layer_0 0.26666666666666666 0.26666666666666666 1.0 2.88 26 34 2.51 1
2 3
5
4.301739563823492
APP_11_Input_Layer_0 0.06666666666666667 0.06666666666666667 0.25 3.32 6 14 3.24 1

APP_11_Inner_Layer_0:0 0.3333333333333333 0.3333333333333333 1.25 3.63 39 7 1.44 1
0
APP_11_Inner_Layer_0:1 0.2 0.2 0.75 2.34 18 44 2.07 1
0
APP_11_Inner_Layer_0:2 0.5333333333333333 0.5333333333333333 2.0 1.21 17 43 3.91 1
0
APP_11_Output_Layer_0 0.3333333333333333 0.3333333333333333 1.25 2.46 48 4 1.53 1
1 2 3
11
4.6300734485042065
APP_12_Input_Layer_0 0.6 0.6 2.25 2.82 36 18 3.91 1

APP_12_Inner_Layer_0:0 0.13333333333333333 0.13333333333333333 0.5 2.01 11 13 3.92 0
0
APP_12_Inner_Layer_1:0 0.26666666666666666 0.26666666666666666 1.0 2.89 43 34 3.86 1
1
APP_12_Inner_Layer_1:1 0.13333333333333333 0.13333333333333333 0.5 1.22 38 12 2.91 1
1
APP_12_Inner_Layer_1:2 0.26666666666666666 0.26666666666666666 1.0 1.55 6 33 2.23 1
1
APP_12_Inner_Layer_2:0 0.13333333333333333 0.13333333333333333 0.5 2.81 45 7 2.65 0
2
APP_12_Inner_Layer_2:1 0.13333333333333333 0.13333333333333333 0.5 2.41 20 19 1.39 1
2 3
APP_12_Inner_Layer_2:2 0.4 0.4 1.5 2.15 43 36 1.8 1
2
APP_12_Inner_Layer_2:3 0.5333333333333333 0.5333333333333333 2.0 2.69 13 19 1.06 1
3 4
APP_12_Inner_Layer_3:0 0.6 0.6 2.25 3.05 40 11 2.2 1
5 6 7 8
APP_12_Output_Layer_0 0.13333333333333333 0.13333333333333333 0.5 1.16 37 10 1.72 1
9
4
5.032093944522208
APP_13_Input_Layer_0 0.4666666666666667 0.4666666666666667 1.75 2.95 45 47 2.55 1

APP_13_Inner_Layer_0:0 0.5333333333333333 0.5333333333333333 2.0 1.52 49 22 1.2 1
0
APP_13_Inner_Layer_0:1 0.3333333333333333 0.3333333333333333 1.25 3.97 39 25 2.84 1
0
APP_13_Output_Layer_0 0.2 0.2 0.75 2.55 37 16 1.25 1
1 2
10
5.506910865215487
APP_14_Input_Layer_0 0.4 0.4 1.5 3.46 3 26 1.48 1

APP_14_Inner_Layer_0:0 0.06666666666666667 0.06666666666666667 0.25 1.34 9 9 2.14 1
0
APP_14_Inner_Layer_1:0 0.3333333333333333 0.3333333333333333 1.25 3.39 42 30 1.15 0
1
APP_14_Inner_Layer_2:0 0.26666666666666666 0.26666666666666666 1.0 2.53 32 24 3.67 1
2
APP_14_Inner_Layer_2:1 0.3333333333333333 0.3333333333333333 1.25 3.92 8 22 2.02 1
2
APP_14_Inner_Layer_3:0 0.26666666666666666 0.26666666666666666 1.0 1.49 27 7 1.86 1
3 4
APP_14_Inner_Layer_3:1 0.06666666666666667 0.06666666666666667 0.25 3.45 5 4 1.23 1
3
APP_14_Inner_Layer_3:2 0.26666666666666666 0.26666666666666666 1.0 1.44 37 29 3.18 1
4
APP_14_Inner_Layer_3:3 0.3333333333333333 0.3333333333333333 1.25 1.7 49 1 3.38 1
3 4
APP_14_Output_Layer_0 0.4 0.4 1.5 3.13 21 14 1.57 1
5 6 7 8
8
5.945945637904441
APP_15_Input_Layer_0 0.6 0.6 2.25 2.87 36 47 3.74 1

APP_15_Inner_Layer_0:0 0.3333333333333333 0.3333333333333333 1.25 2.23 43 26 1.86 1
0
APP_15_Inner_Layer_0:1 0.13333333333333333 0.13333333333333333 0.5 1.62 24 24 1.85 1
0
APP_15_Inner_Layer_1:0 0.3333333333333333 0.3333333333333333 1.25 1.13 30 17 2.79 1
1 2
APP_15_Inner_Layer_2:0 0.2 0.2 0.75 2.37 3 8 3.75 1
3
APP_15_Inner_Layer_2:1 0.4 0.4 1.5 1.56 36 20 1.15 1
3
APP_15_Inner_Layer_3:0 0.2 0.2 0.75 3.98 46 38 3.01 1
4 5
APP_15_Output_Layer_0 0.4 0.4 1.5 2.08 32 23 2.51 1
6
