10
16
7
0
APP_0_Input_Layer_0 0.3333333333333333 0.3333333333333333 1.25 2.93 8 30 2.58 1

APP_0_Inner_Layer_0:0 0.06666666666666667 0.06666666666666667 0.25 2.79 4 6 2.37 1
0
APP_0_Inner_Layer_0:1 0.26666666666666666 0.26666666666666666 1.0 3.05 23 1 1.41 1
0
APP_0_Inner_Layer_1:0 0.4666666666666667 0.4666666666666667 1.75 4.0 49 5 1.47 1
2
APP_0_Inner_Layer_1:1 0.2 0.2 0.75 2.02 27 48 1.37 1
1
APP_0_Inner_Layer_2:0 0.06666666666666667 0.06666666666666667 0.25 3.91 20 36 1.02 1
3 4
APP_0_Output_Layer_0 0.3333333333333333 0.3333333333333333 1.25 2.56 6 5 3.74 1
5
4
0.32373709921494925
APP_1_Input_Layer_0 0.26666666666666666 0.26666666666666666 1.0 1.05 20 3 3.5 1

APP_1_Inner_Layer_0:0 0.06666666666666667 0.06666666666666667 0.25 3.05 7 44 1.9 1
0
APP_1_Inner_Layer_1:0 0.2 0.2 0.75 1.61 27 11 3.2 1
1
APP_1_Output_Layer_0 0.5333333333333333 0.5333333333333333 2.0 1.77 29 22 2.79 1
2
9
0.932695128767548
APP_2_Input_Layer_0 0.4 0.4 1.5 2.56 22 42 2.17 1

APP_2_Inner_Layer_0:0 0.4 0.4 1.5 1.18 17 5 2.05 1
0
APP_2_Inner_Layer_0:1 0.6 0.6 2.25 1.73 1 27 3.56 1
0
APP_2_Inner_Layer_0:2 0.5333333333333333 0.5333333333333333 2.0 3.31 23 34 3.22 1
0
APP_2_Inner_Layer_1:0 0.4 0.4 1.5 1.91 6 23 2.15 1
1 2 3
APP_2_Inner_Layer_1:1 0.06666666666666667 0.06666666666666667 0.25 2.68 40 2 1.31 1
1 3
APP_2_Inner_Layer_1:2 0.5333333333333333 0.5333333333333333 2.0 2.62 1 8 3.86 1
3
APP_2_Inner_Layer_1:3 0.6 0.6 2.25 1.35 4 19 2.66 1
1
APP_2_Output_Layer_0 0.3333333333333333 0.3333333333333333 1.25 3.96 45 10 1.05 1
4 5 6 7
9
1.54838405621951
APP_3_Input_Layer_0 0.6 0.6 2.25 1.2 26 33 2.22 1

APP_3_Inner_Layer_0:0 0.13333333333333333 0.13333333333333333 0.5 3.26 48 5 2.35 1
0
APP_3_Inner_Layer_0:1 0.4666666666666667 0.4666666666666667 1.75 2.72 18 23 1.46 1
0
APP_3_Inner_Layer_0:2 0.06666666666666667 0.06666666666666667 0.25 3.45 36 22 1.45 1
0
APP_3_Inner_Layer_0:3 0.06666666666666667 0.06666666666666667 0.25 1.84 39 32 1.9 1
0
APP_3_Inner_Layer_1:0 0.2 0.2 0.75 1.4 37 29 3.89 1
2 1
APP_3_Inner_Layer_1:1 0.26666666666666666 0.26666666666666666 1.0 2.42 23 35 1.64 1
1 2 3 4
APP_3_Inner_Layer_1:2 0.4666666666666667 0.4666666666666667 1.75 2.4 1 48 2.48 0
3 4
APP_3_Output_Layer_0 0.2 0.2 0.75 3.49 34 40 3.33 1
5 6 7
9
1.806656244247929
APP_4_Input_Layer_0 0.4 0.4 1.5 3.53 32 26 2.99 1

APP_4_Inner_Layer_0:0 0.26666666666666666 0.26666666666666666 1.0 1.11 40 31 3.94 1
0
APP_4_Inner_Layer_0:1 0.6 0.6 2.25 1.87 32 27 3.09 1
0
APP_4_Inner_Layer_0:2 0.5333333333333333 0.5333333333333333 2.0 1.47 31 12 1.76 1
0
APP_4_Inner_Layer_0:3 0.5333333333333333 0.5333333333333333 2.0 1.17 42 12 1.38 1
0
APP_4_Inner_Layer_1:0 0.4666666666666667 0.4666666666666667 1.75 2.11 37 10 3.8 1
1 2
APP_4_Inner_Layer_1:1 0.3333333333333333 0.3333333333333333 1.25 1.02 38 43 1.81 1
1 3 4
APP_4_Inner_Layer_1:2 0.06666666666666667 0.06666666666666667 0.25 1.5 10 37 2.24 1
4
APP_4_Output_Layer_0 0.06666666666666667 0.06666666666666667 0.25 2.33 38 14 1.18 1
5 6 7
8
2.4139083819276346
APP_5_Input_Layer_0 0.2 0.2 0.75 1.11 2 6 1.33 1

APP_5_Inner_Layer_0:0 0.3333333333333333 0.3333333333333333 1.25 1.87 5 28 2.52 1
0
APP_5_Inner_Layer_0:1 0.06666666666666667 0.06666666666666667 0.25 3.79 7 35 1.24 1
0
APP_5_Inner_Layer_1:0 0.13333333333333333 0.13333333333333333 0.5 3.57 42 29 3.35 1
1 2
APP_5_Inner_Layer_2:0 0.2 0.2 0.75 1.77 18 4 3.05 1
3
APP_5_Inner_Layer_3:0 0.13333333333333333 0.13333333333333333 0.5 2.81 23 34 1.57 1
4
APP_5_Inner_Layer_3:1 0.6 0.6 2.25 2.58 47 36 1.99 1
4
APP_5_Output_Layer_0 0.13333333333333333 0.13333333333333333 0.5 3.51 33 5 1.01 1
5 6
10
2.6483371324307816
APP_6_Input_Layer_0 0.4666666666666667 0.4666666666666667 1.75 2.58 13 37 1.27 1

APP_6_Inner_Layer_0:0 0.2 0.2 0.75 1.79 22 28 2.72 1
0
APP_6_Inner_Layer_0:1 0.2 0.2 0.75 2.08 28 13 2.25 1
0
APP_6_Inner_Layer_0:2 0.5333333333333333 0.5333333333333333 2.0 2.43 8 30 1.73 1
0
APP_6_Inner_Layer_0:3 0.2 0.2 0.75 2.45 40 12 3.52 1
0
APP_6_Inner_Layer_1:0 0.06666666666666667 0.06666666666666667 0.25 3.0 44 7 3.52 1
2
APP_6_Inner_Layer_1:1 0.26666666666666666 0.26666666666666666 1.0 3.98 17 16 2.0 1
1 3 4
APP_6_Inner_Layer_2:0 0.2 0.2 0.75 1.81 48 23 1.08 1
5
APP_6_Inner_Layer_2:1 0.4 0.4 1.5 2.54 9 19 3.87 1
6
APP_6_Output_Layer_0 0.4666666666666667 0.4666666666666667 1.75 3.95 7 34 1.03 0
7 8
9
3.1267188504137726
APP_7_Input_Layer_0 0.5333333333333333 0.5333333333333333 2.0 3.57 29 28 2.72 0

APP_7_Inner_Layer_0:0 0.26666666666666666 0.26666666666666666 1.0 1.66 41 31 3.3 1
0
APP_7_Inner_Layer_0:1 0.2 0.2 0.75 2.81 20 31 3.77 1
0
APP_7_Inner_Layer_0:2 0.2 0.2 0.75 2.72 8 22 1.41 1
0
APP_7_Inner_Layer_0:3 0.2 0.2 0.75 1.76 47 33 1.14 1
0
APP_7_Inner_Layer_1:0 0.2 0.2 0.75 3.12 15 23 3.44 1
4 2 3
APP_7_Inner_Layer_1:1 0.4666666666666667 0.4666666666666667 1.75 1.32 5 9 3.53 1
1 2 3 4
APP_7_Inner_Layer_1:2 0.2 0.2 0.75 2.91 3 29 3.55 1
1 4
APP_7_Output_Layer_0 0.26666666666666666 0.26666666666666666 1.0 1.61 44 28 3.16 1
5 6 7
6
3.6284981644008223
APP_8_Input_Layer_0 0.26666666666666666 0.26666666666666666 1.0 3.35 22 32 2.21 1

APP_8_Inner_Layer_0:0 0.4 0.4 1.5 3.67 5 9 2.91 1
0
APP_8_Inner_Layer_0:1 0.26666666666666666 0.26666666666666666 1.0 3.05 37 21 1.93 1
0
APP_8_Inner_Layer_0:2 0.3333333333333333 0.3333333333333333 1.25 3.61 24 43 2.36 1
0
APP_8_Inner_Layer_0:3 0.06666666666666667 0.06666666666666667 0.25 3.72 9 2 1.56 1
0
APP_8_Output_Layer_0 0.3333333333333333 0.3333333333333333 1.25 1.68 28 32 2.57 1
1 2 3 4
6
3.9971376144751005
APP_9_Input_Layer_0 0.4666666666666667 0.4666666666666667 1.75 3.88 4 21 3.02 1

APP_9_Inner_Layer_0:0 0.13333333333333333 0.13333333333333333 0.5 3.13 30 33 1.09 1
0
APP_9_Inner_Layer_0:1 0.13333333333333333 0.13333333333333333 0.5 2.24 36 40 3.31 1
0
APP_9_Inner_Layer_1:0 0.5333333333333333 0.5333333333333333 2.0 2.85 21 38 2.53 1
1 2
APP_9_Inner_Layer_1:1 0.13333333333333333 0.13333333333333333 0.5 1.97 4 11 2.72 1
2
APP_9_Output_Layer_0 0.5333333333333333 0.5333333333333333 2.0 2.07 48 5 3.17 1
3 4
6
4.440930499359646
APP_10_Input_Layer_0 0.13333333333333333 0.13333333333333333 0.5 1.39 1 37 3.35 1

APP_10_Inner_Layer_0:0 0.3333333333333333 0.3333333333333333 1.25 1.47 4 10 3.41 1
0
APP_10_Inner_Layer_0:1 0.3333333333333333 0.3333333333333333 1.25 1.64 13 38 1.03 1
0
APP_10_Inner_Layer_1:0 0.13333333333333333 0.13333333333333333 0.5 3.9 42 18 3.18 1
1
APP_10_Inner_Layer_1:1 0.2 0.2 0.75 2.74 11 18 1.09 1
2
APP_10_Output_Layer_0 0.06666666666666667 0.06666666666666667 0.25 1.39 38 35 2.6 1
3 4
8
4.75825370408315
APP_11_Input_Layer_0 0.06666666666666667 0.06666666666666667 0.25 3.33 14 40 1.91 0

APP_11_Inner_Layer_0:0 0.4666666666666667 0.4666666666666667 1.75 3.55 2 6 2.82 1
0
APP_11_Inner_Layer_0:1 0.26666666666666666 0.26666666666666666 1.0 2.53 38 23 1.41 1
0
APP_11_Inner_Layer_0:2 0.4666666666666667 0.4666666666666667 1.75 1.17 24 17 2.63 1
0
APP_11_Inner_Layer_1:0 0.6 0.6 2.25 3.78 2 19 3.09 1
2 3
APP_11_Inner_Layer_1:1 0.26666666666666666 0.26666666666666666 1.0 2.83 14 21 1.69 1
1
APP_11_Inner_Layer_2:0 0.26666666666666666 0.26666666666666666 1.0 1.84 38 7 2.17 1
4 5
APP_11_Output_Layer_0 0.4 0.4 1.5 3.09 20 33 3.89 1
6
6
5.363944059017864
APP_12_Input_Layer_0 0.13333333333333333 0.13333333333333333 0.5 3.28 31 7 1.76 1

APP_12_Inner_Layer_0:0 0.6 0.6 2.25 2.5 39 20 2.83 1
0
APP_12_Inner_Layer_0:1 0.06666666666666667 0.06666666666666667 0.25 2.28 8 36 1.51 1
0
APP_12_Inner_Layer_0:2 0.4 0.4 1.5 3.68 17 35 2.22 1
0
APP_12_Inner_Layer_0:3 0.3333333333333333 0.3333333333333333 1.25 3.96 4 1 2.03 1
0
APP_12_Output_Layer_0 0.26666666666666666 0.26666666666666666 1.0 2.95 44 16 2.13 1
1 2 3 4
4
5.941165425642303
APP_13_Input_Layer_0 0.2 0.2 0.75 3.76 16 30 1.49 1

APP_13_Inner_Layer_0:0 0.13333333333333333 0.13333333333333333 0.5 3.83 13 45 2.61 1
0
APP_13_Inner_Layer_1:0 0.2 0.2 0.75 3.21 49 45 3.72 0
1
APP_13_Output_Layer_0 0.3333333333333333 0.3333333333333333 1.25 2.14 9 24 3.63 1
2
11
6.231695562716262
APP_14_Input_Layer_0 0.26666666666666666 0.26666666666666666 1.0 3.51 24 31 3.07 1

APP_14_Inner_Layer_0:0 0.3333333333333333 0.3333333333333333 1.25 1.14 29 31 1.93 1
0
APP_14_Inner_Layer_0:1 0.26666666666666666 0.26666666666666666 1.0 3.14 4 20 2.31 1
0
APP_14_Inner_Layer_0:2 0.06666666666666667 0.06666666666666667 0.25 2.23 7 43 1.9 1
0
APP_14_Inner_Layer_1:0 0.6 0.6 2.25 2.69 34 27 3.51 1
1 2 3
APP_14_Inner_Layer_1:1 0.06666666666666667 0.06666666666666667 0.25 2.67 41 37 3.42 1
1 3
APP_14_Inner_Layer_2:0 0.6 0.6 2.25 1.01 37 27 3.24 1
4 5
APP_14_Inner_Layer_2:1 0.2 0.2 0.75 1.72 47 21 3.04 1
5
APP_14_Inner_Layer_2:2 0.06666666666666667 0.06666666666666667 0.25 2.27 13 12 2.48 1
4
APP_14_Inner_Layer_2:3 0.06666666666666667 0.06666666666666667 0.25 2.74 10 1 3.46 1
4
APP_14_Output_Layer_0 0.4 0.4 1.5 2.31 24 18 2.94 1
6 7 8 9
7
6.486720372210936
APP_15_Input_Layer_0 0.13333333333333333 0.13333333333333333 0.5 2.43 43 26 3.91 1

APP_15_Inner_Layer_0:0 0.6 0.6 2.25 3.18 16 39 2.36 1
0
APP_15_Inner_Layer_0:1 0.06666666666666667 0.06666666666666667 0.25 2.22 5 14 3.04 1
0
APP_15_Inner_Layer_0:2 0.13333333333333333 0.13333333333333333 0.5 1.85 29 44 1.59 1
0
APP_15_Inner_Layer_0:3 0.13333333333333333 0.13333333333333333 0.5 2.88 34 23 3.51 1
0
APP_15_Inner_Layer_1:0 0.2 0.2 0.75 1.96 6 30 2.61 1
1 2 3 4
APP_15_Output_Layer_0 0.4666666666666667 0.4666666666666667 1.75 2.14 44 42 1.22 1
5
