10
16
9
0
APP_0_Input_Layer_0 0.06666666666666667 0.06666666666666667 0.25 2.71 47 47 2.87 1

APP_0_Inner_Layer_0:0 0.5333333333333333 0.5333333333333333 2.0 2.76 49 39 1.4 1
0
APP_0_Inner_Layer_1:0 0.06666666666666667 0.06666666666666667 0.25 1.4 10 11 1.13 1
1
APP_0_Inner_Layer_1:1 0.4 0.4 1.5 3.99 47 7 2.21 1
1
APP_0_Inner_Layer_1:2 0.5333333333333333 0.5333333333333333 2.0 2.85 25 27 3.23 1
1
APP_0_Inner_Layer_1:3 0.06666666666666667 0.06666666666666667 0.25 3.85 16 29 2.19 1
1
APP_0_Inner_Layer_2:0 0.13333333333333333 0.13333333333333333 0.5 2.65 19 14 2.72 1
3 5
APP_0_Inner_Layer_2:1 0.06666666666666667 0.06666666666666667 0.25 2.5 43 37 3.77 1
2 4
APP_0_Output_Layer_0 0.26666666666666666 0.26666666666666666 1.0 3.7 11 26 3.04 1
6 7
5
0.3246218479006542
APP_1_Input_Layer_0 0.06666666666666667 0.06666666666666667 0.25 3.63 43 21 3.89 1

APP_1_Inner_Layer_0:0 0.4666666666666667 0.4666666666666667 1.75 1.47 2 13 1.21 1
0
APP_1_Inner_Layer_0:1 0.3333333333333333 0.3333333333333333 1.25 2.04 47 17 2.63 1
0
APP_1_Inner_Layer_0:2 0.4 0.4 1.5 2.83 19 47 3.66 1
0
APP_1_Output_Layer_0 0.4 0.4 1.5 1.73 28 1 2.44 1
1 2 3
8
0.6490228594680347
APP_2_Input_Layer_0 0.2 0.2 0.75 1.38 1 11 1.72 1

APP_2_Inner_Layer_0:0 0.13333333333333333 0.13333333333333333 0.5 3.35 2 31 1.26 1
0
APP_2_Inner_Layer_0:1 0.6 0.6 2.25 3.82 49 32 2.38 0
0
APP_2_Inner_Layer_1:0 0.4666666666666667 0.4666666666666667 1.75 2.18 26 1 3.26 1
1 2
APP_2_Inner_Layer_2:0 0.2 0.2 0.75 2.31 2 37 2.37 1
3
APP_2_Inner_Layer_3:0 0.5333333333333333 0.5333333333333333 2.0 2.44 14 22 1.88 1
4
APP_2_Inner_Layer_3:1 0.26666666666666666 0.26666666666666666 1.0 1.67 10 24 1.12 1
4
APP_2_Output_Layer_0 0.5333333333333333 0.5333333333333333 2.0 1.85 30 17 2.56 1
5 6
5
1.102906195629199
APP_3_Input_Layer_0 0.5333333333333333 0.5333333333333333 2.0 1.7 2 16 2.57 1

APP_3_Inner_Layer_0:0 0.6 0.6 2.25 3.11 19 42 1.11 1
0
APP_3_Inner_Layer_0:1 0.6 0.6 2.25 3.24 34 14 1.24 1
0
APP_3_Inner_Layer_0:2 0.4 0.4 1.5 3.28 22 16 1.91 1
0
APP_3_Output_Layer_0 0.2 0.2 0.75 1.1 14 36 3.28 1
1 2 3
6
1.4383316708946325
APP_4_Input_Layer_0 0.4666666666666667 0.4666666666666667 1.75 2.46 32 22 2.24 1

APP_4_Inner_Layer_0:0 0.06666666666666667 0.06666666666666667 0.25 1.38 42 48 3.13 1
0
APP_4_Inner_Layer_0:1 0.06666666666666667 0.06666666666666667 0.25 1.25 8 42 3.41 1
0
APP_4_Inner_Layer_0:2 0.26666666666666666 0.26666666666666666 1.0 2.58 34 13 2.46 1
0
APP_4_Inner_Layer_0:3 0.06666666666666667 0.06666666666666667 0.25 2.56 45 47 3.18 1
0
APP_4_Output_Layer_0 0.4 0.4 1.5 1.78 7 18 1.18 0
1 2 3 4
10
1.8328001730072265
APP_5_Input_Layer_0 0.2 0.2 0.75 2.3 19 45 1.75 1

APP_5_Inner_Layer_0:0 0.6 0.6 2.25 2.66 43 15 3.74 1
0
APP_5_Inner_Layer_1:0 0.26666666666666666 0.26666666666666666 1.0 2.23 26 4 1.49 1
1
APP_5_Inner_Layer_2:0 0.2 0.2 0.75 1.52 46 29 2.83 1
2
APP_5_Inner_Layer_2:1 0.3333333333333333 0.3333333333333333 1.25 3.31 19 23 1.79 1
2
APP_5_Inner_Layer_2:2 0.3333333333333333 0.3333333333333333 1.25 3.62 25 9 1.7 1
2
APP_5_Inner_Layer_3:0 0.3333333333333333 0.3333333333333333 1.25 1.26 40 36 1.36 1
5
APP_5_Inner_Layer_3:1 0.5333333333333333 0.5333333333333333 2.0 2.63 39 2 2.98 1
4 5
APP_5_Inner_Layer_3:2 0.6 0.6 2.25 3.79 25 32 1.27 1
3 4
APP_5_Output_Layer_0 0.4666666666666667 0.4666666666666667 1.75 1.28 41 2 1.5 0
6 7 8
5
2.073009036673512
APP_6_Input_Layer_0 0.2 0.2 0.75 3.74 17 6 2.9 1

APP_6_Inner_Layer_0:0 0.26666666666666666 0.26666666666666666 1.0 2.01 1 34 1.78 1
0
APP_6_Inner_Layer_0:1 0.2 0.2 0.75 2.15 36 47 1.74 1
0
APP_6_Inner_Layer_1:0 0.4666666666666667 0.4666666666666667 1.75 1.91 28 7 3.59 1
1 2
APP_6_Output_Layer_0 0.06666666666666667 0.06666666666666667 0.25 2.77 4 20 1.19 1
3
6
2.4597434369299602
APP_7_Input_Layer_0 0.6 0.6 2.25 1.71 19 8 1.94 1

APP_7_Inner_Layer_0:0 0.4666666666666667 0.4666666666666667 1.75 3.17 8 28 2.31 1
0
APP_7_Inner_Layer_0:1 0.4666666666666667 0.4666666666666667 1.75 1.1 46 16 3.64 1
0
APP_7_Inner_Layer_0:2 0.3333333333333333 0.3333333333333333 1.25 3.88 32 23 3.39 1
0
APP_7_Inner_Layer_0:3 0.4666666666666667 0.4666666666666667 1.75 3.79 22 14 2.86 1
0
APP_7_Output_Layer_0 0.4666666666666667 0.4666666666666667 1.75 1.96 15 38 2.58 1
1 2 3 4
4
2.8760597513882034
APP_8_Input_Layer_0 0.3333333333333333 0.3333333333333333 1.25 2.43 11 15 3.98 1

APP_8_Inner_Layer_0:0 0.4 0.4 1.5 2.62 46 45 3.53 1
0
APP_8_Inner_Layer_0:1 0.6 0.6 2.25 3.58 49 23 1.66 0
0
APP_8_Output_Layer_0 0.4666666666666667 0.4666666666666667 1.75 2.95 36 3 1.48 1
1 2
3
3.1231816643830923
APP_9_Input_Layer_0 0.13333333333333333 0.13333333333333333 0.5 1.52 43 38 1.52 1

APP_9_Inner_Layer_0:0 0.6 0.6 2.25 2.45 41 9 1.14 1
0
APP_9_Output_Layer_0 0.4 0.4 1.5 2.8 43 18 1.47 1
1
11
3.7151373886834422
APP_10_Input_Layer_0 0.2 0.2 0.75 3.01 26 48 3.2 0

APP_10_Inner_Layer_0:0 0.2 0.2 0.75 3.7 2 34 3.45 1
0
APP_10_Inner_Layer_0:1 0.5333333333333333 0.5333333333333333 2.0 2.19 47 37 2.52 1
0
APP_10_Inner_Layer_0:2 0.3333333333333333 0.3333333333333333 1.25 1.74 9 22 2.77 1
0
APP_10_Inner_Layer_0:3 0.06666666666666667 0.06666666666666667 0.25 3.94 48 25 3.47 1
0
APP_10_Inner_Layer_1:0 0.3333333333333333 0.3333333333333333 1.25 1.08 41 19 1.67 1
1 2 3 4
APP_10_Inner_Layer_2:0 0.06666666666666667 0.06666666666666667 0.25 3.96 33 30 1.69 1
5
APP_10_Inner_Layer_2:1 0.4 0.4 1.5 2.53 28 11 2.27 1
5
APP_10_Inner_Layer_2:2 0.13333333333333333 0.13333333333333333 0.5 2.27 30 22 3.71 1
5
APP_10_Inner_Layer_2:3 0.13333333333333333 0.13333333333333333 0.5 3.85 3 23 3.55 1
5
APP_10_Output_Layer_0 0.06666666666666667 0.06666666666666667 0.25 2.91 26 46 2.85 1
6 7 8 9
8
4.2614483759333295
APP_11_Input_Layer_0 0.06666666666666667 0.06666666666666667 0.25 3.59 20 47 3.06 1

APP_11_Inner_Layer_0:0 0.13333333333333333 0.13333333333333333 0.5 3.61 28 10 2.46 1
0
APP_11_Inner_Layer_0:1 0.06666666666666667 0.06666666666666667 0.25 2.38 14 9 1.1 1
0
APP_11_Inner_Layer_0:2 0.5333333333333333 0.5333333333333333 2.0 3.49 37 37 2.36 1
0
APP_11_Inner_Layer_1:0 0.06666666666666667 0.06666666666666667 0.25 3.32 19 4 1.3 1
1 2 3
APP_11_Inner_Layer_2:0 0.6 0.6 2.25 2.57 35 7 2.37 1
4
APP_11_Inner_Layer_3:0 0.4666666666666667 0.4666666666666667 1.75 1.73 36 38 2.91 1
5
APP_11_Output_Layer_0 0.5333333333333333 0.5333333333333333 2.0 3.5 40 5 2.63 1
6
12
4.539407403136728
APP_12_Input_Layer_0 0.3333333333333333 0.3333333333333333 1.25 3.4 40 22 3.5 1

APP_12_Inner_Layer_0:0 0.13333333333333333 0.13333333333333333 0.5 3.61 19 49 2.73 1
0
APP_12_Inner_Layer_0:1 0.06666666666666667 0.06666666666666667 0.25 1.72 44 1 3.1 1
0
APP_12_Inner_Layer_0:2 0.2 0.2 0.75 1.23 41 48 2.59 1
0
APP_12_Inner_Layer_0:3 0.06666666666666667 0.06666666666666667 0.25 3.25 47 47 2.52 1
0
APP_12_Inner_Layer_1:0 0.13333333333333333 0.13333333333333333 0.5 3.77 45 20 3.68 1
1 2 3 4
APP_12_Inner_Layer_2:0 0.13333333333333333 0.13333333333333333 0.5 2.72 47 1 2.17 1
5
APP_12_Inner_Layer_2:1 0.06666666666666667 0.06666666666666667 0.25 3.56 29 49 3.91 1
5
APP_12_Inner_Layer_3:0 0.5333333333333333 0.5333333333333333 2.0 1.15 9 12 1.68 1
7
APP_12_Inner_Layer_3:1 0.4 0.4 1.5 3.43 10 27 2.64 1
6
APP_12_Inner_Layer_3:2 0.5333333333333333 0.5333333333333333 2.0 1.79 3 49 1.49 1
6
APP_12_Output_Layer_0 0.13333333333333333 0.13333333333333333 0.5 2.11 12 33 1.61 1
8 9 10
9
4.871881413524733
APP_13_Input_Layer_0 0.6 0.6 2.25 1.92 11 41 2.47 1

APP_13_Inner_Layer_0:0 0.4 0.4 1.5 1.2 7 40 3.87 1
0
APP_13_Inner_Layer_0:1 0.5333333333333333 0.5333333333333333 2.0 2.85 22 29 2.91 1
0
APP_13_Inner_Layer_0:2 0.5333333333333333 0.5333333333333333 2.0 3.79 26 36 1.58 1
0
APP_13_Inner_Layer_1:0 0.4 0.4 1.5 1.42 47 27 3.93 1
1
APP_13_Inner_Layer_1:1 0.06666666666666667 0.06666666666666667 0.25 2.21 15 44 2.64 1
3
APP_13_Inner_Layer_1:2 0.13333333333333333 0.13333333333333333 0.5 2.01 17 15 3.9 0
3
APP_13_Inner_Layer_1:3 0.4 0.4 1.5 1.29 21 28 1.66 0
1 2 3
APP_13_Output_Layer_0 0.6 0.6 2.25 1.17 38 44 3.55 1
4 5 6 7
5
5.49067636303098
APP_14_Input_Layer_0 0.06666666666666667 0.06666666666666667 0.25 3.49 37 32 1.71 0

APP_14_Inner_Layer_0:0 0.4 0.4 1.5 1.67 7 4 1.8 1
0
APP_14_Inner_Layer_0:1 0.26666666666666666 0.26666666666666666 1.0 3.34 44 21 3.31 0
0
APP_14_Inner_Layer_0:2 0.6 0.6 2.25 2.17 32 6 1.72 1
0
APP_14_Output_Layer_0 0.26666666666666666 0.26666666666666666 1.0 2.6 34 14 1.86 0
1 2 3
11
5.79570090018686
APP_15_Input_Layer_0 0.6 0.6 2.25 3.22 30 44 1.47 1

APP_15_Inner_Layer_0:0 0.06666666666666667 0.06666666666666667 0.25 3.68 17 9 2.01 1
0
APP_15_Inner_Layer_1:0 0.4 0.4 1.5 2.84 25 7 1.7 1
1
APP_15_Inner_Layer_1:1 0.13333333333333333 0.13333333333333333 0.5 1.81 9 39 2.74 1
1
APP_15_Inner_Layer_2:0 0.3333333333333333 0.3333333333333333 1.25 1.64 28 28 3.04 1
2
APP_15_Inner_Layer_2:1 0.06666666666666667 0.06666666666666667 0.25 3.04 42 1 2.12 1
3
APP_15_Inner_Layer_2:2 0.2 0.2 0.75 3.49 15 24 3.98 0
2 3
APP_15_Inner_Layer_2:3 0.26666666666666666 0.26666666666666666 1.0 2.06 46 6 1.48 0
3
APP_15_Inner_Layer_3:0 0.4666666666666667 0.4666666666666667 1.75 2.32 13 36 2.31 1
4 6 7
APP_15_Inner_Layer_3:1 0.06666666666666667 0.06666666666666667 0.25 3.44 49 10 2.83 1
5
APP_15_Output_Layer_0 0.3333333333333333 0.3333333333333333 1.25 2.93 7 34 3.22 1
8 9
