10
16
11
0
APP_0_Input_Layer_0 0.4666666666666667 0.4666666666666667 1.75 3.66 35 25 3.18 1

APP_0_Inner_Layer_0:0 0.26666666666666666 0.26666666666666666 1.0 1.3 9 9 3.58 1
0
APP_0_Inner_Layer_0:1 0.2 0.2 0.75 1.54 13 28 1.23 1
0
APP_0_Inner_Layer_0:2 0.6 0.6 2.25 2.51 19 14 2.82 0
0
APP_0_Inner_Layer_0:3 0.26666666666666666 0.26666666666666666 1.0 2.18 18 22 1.45 0
0
APP_0_Inner_Layer_1:0 0.26666666666666666 0.26666666666666666 1.0 2.32 37 12 3.87 1
4
APP_0_Inner_Layer_1:1 0.13333333333333333 0.13333333333333333 0.5 3.06 27 3 1.07 1
1 2 3
APP_0_Inner_Layer_2:0 0.13333333333333333 0.13333333333333333 0.5 1.07 37 9 3.5 1
6
APP_0_Inner_Layer_2:1 0.06666666666666667 0.06666666666666667 0.25 2.85 22 41 3.0 1
5 6
APP_0_Inner_Layer_2:2 0.4666666666666667 0.4666666666666667 1.75 2.89 18 49 1.13 0
6
APP_0_Output_Layer_0 0.3333333333333333 0.3333333333333333 1.25 1.96 4 3 2.8 1
7 8 9
14
0.3115678261862345
APP_1_Input_Layer_0 0.6 0.6 2.25 1.62 12 1 3.69 1

APP_1_Inner_Layer_0:0 0.2 0.2 0.75 1.93 37 10 1.82 1
0
APP_1_Inner_Layer_0:1 0.06666666666666667 0.06666666666666667 0.25 2.06 23 10 1.34 1
0
APP_1_Inner_Layer_0:2 0.3333333333333333 0.3333333333333333 1.25 1.02 30 7 2.77 1
0
APP_1_Inner_Layer_1:0 0.3333333333333333 0.3333333333333333 1.25 1.35 30 48 2.01 1
1 2
APP_1_Inner_Layer_1:1 0.13333333333333333 0.13333333333333333 0.5 1.36 45 36 1.84 1
1 2
APP_1_Inner_Layer_1:2 0.6 0.6 2.25 1.18 4 38 2.24 1
1 2
APP_1_Inner_Layer_1:3 0.4 0.4 1.5 2.84 48 17 3.3 1
3
APP_1_Inner_Layer_2:0 0.06666666666666667 0.06666666666666667 0.25 2.34 15 23 3.43 1
6
APP_1_Inner_Layer_2:1 0.06666666666666667 0.06666666666666667 0.25 1.66 38 43 3.11 1
4 5 6 7
APP_1_Inner_Layer_3:0 0.3333333333333333 0.3333333333333333 1.25 1.72 28 8 3.86 1
8 9
APP_1_Inner_Layer_3:1 0.26666666666666666 0.26666666666666666 1.0 1.17 21 37 2.14 1
8 9
APP_1_Inner_Layer_3:2 0.13333333333333333 0.13333333333333333 0.5 1.99 46 14 1.23 1
8
APP_1_Output_Layer_0 0.4 0.4 1.5 1.94 31 16 1.8 1
10 11 12
6
0.5933334095075387
APP_2_Input_Layer_0 0.4 0.4 1.5 1.11 37 49 2.6 1

APP_2_Inner_Layer_0:0 0.3333333333333333 0.3333333333333333 1.25 1.43 29 15 3.85 1
0
APP_2_Inner_Layer_0:1 0.13333333333333333 0.13333333333333333 0.5 1.9 10 46 2.45 1
0
APP_2_Inner_Layer_0:2 0.6 0.6 2.25 1.38 32 28 2.82 1
0
APP_2_Inner_Layer_1:0 0.3333333333333333 0.3333333333333333 1.25 3.27 2 19 1.73 0
1 2 3
APP_2_Output_Layer_0 0.6 0.6 2.25 3.83 31 13 2.2 1
4
10
0.8333457608656056
APP_3_Input_Layer_0 0.6 0.6 2.25 1.99 15 43 3.09 1

APP_3_Inner_Layer_0:0 0.6 0.6 2.25 1.99 10 9 3.02 1
0
APP_3_Inner_Layer_0:1 0.5333333333333333 0.5333333333333333 2.0 1.1 31 19 1.09 1
0
APP_3_Inner_Layer_1:0 0.06666666666666667 0.06666666666666667 0.25 2.86 18 36 3.91 1
1 2
APP_3_Inner_Layer_2:0 0.06666666666666667 0.06666666666666667 0.25 2.68 24 11 2.09 1
3
APP_3_Inner_Layer_2:1 0.3333333333333333 0.3333333333333333 1.25 3.2 1 19 3.05 1
3
APP_3_Inner_Layer_2:2 0.4 0.4 1.5 2.88 42 33 2.19 1
3
APP_3_Inner_Layer_3:0 0.13333333333333333 0.13333333333333333 0.5 2.52 3 23 1.66 1
4 5 6
APP_3_Inner_Layer_3:1 0.4666666666666667 0.4666666666666667 1.75 1.73 9 6 1.63 1
4
APP_3_Output_Layer_0 0.4 0.4 1.5 2.21 5 20 1.2 1
7 8
8
1.2872230690064572
APP_4_Input_Layer_0 0.26666666666666666 0.26666666666666666 1.0 3.12 14 46 3.85 0

APP_4_Inner_Layer_0:0 0.26666666666666666 0.26666666666666666 1.0 3.6 6 2 2.24 1
0
APP_4_Inner_Layer_0:1 0.26666666666666666 0.26666666666666666 1.0 3.41 25 7 3.37 1
0
APP_4_Inner_Layer_1:0 0.26666666666666666 0.26666666666666666 1.0 2.29 30 7 2.13 1
2
APP_4_Inner_Layer_1:1 0.06666666666666667 0.06666666666666667 0.25 2.29 32 10 1.25 1
1 2
APP_4_Inner_Layer_1:2 0.13333333333333333 0.13333333333333333 0.5 1.85 46 21 3.08 1
1 2
APP_4_Inner_Layer_1:3 0.13333333333333333 0.13333333333333333 0.5 2.92 2 25 1.43 1
1 2
APP_4_Output_Layer_0 0.06666666666666667 0.06666666666666667 0.25 1.31 16 26 1.98 0
3 4 5 6
5
1.609432100889844
APP_5_Input_Layer_0 0.2 0.2 0.75 2.03 9 29 3.89 1

APP_5_Inner_Layer_0:0 0.2 0.2 0.75 3.39 35 10 3.65 0
0
APP_5_Inner_Layer_0:1 0.4 0.4 1.5 2.59 49 26 2.08 1
0
APP_5_Inner_Layer_0:2 0.06666666666666667 0.06666666666666667 0.25 2.43 3 19 1.29 1
0
APP_5_Output_Layer_0 0.3333333333333333 0.3333333333333333 1.25 3.86 40 30 1.74 0
1 2 3
7
1.9945718075562082
APP_6_Input_Layer_0 0.4 0.4 1.5 1.01 32 45 1.53 1

APP_6_Inner_Layer_0:0 0.06666666666666667 0.06666666666666667 0.25 3.25 36 20 2.49 1
0
APP_6_Inner_Layer_0:1 0.13333333333333333 0.13333333333333333 0.5 3.29 16 26 2.81 1
0
APP_6_Inner_Layer_1:0 0.13333333333333333 0.13333333333333333 0.5 1.28 17 45 2.92 0
1 2
APP_6_Inner_Layer_1:1 0.5333333333333333 0.5333333333333333 2.0 2.24 12 20 2.03 1
2
APP_6_Inner_Layer_1:2 0.26666666666666666 0.26666666666666666 1.0 3.57 33 37 3.24 1
1
APP_6_Output_Layer_0 0.13333333333333333 0.13333333333333333 0.5 1.43 17 48 2.58 1
3 4 5
5
2.2713708442527745
APP_7_Input_Layer_0 0.2 0.2 0.75 2.81 37 34 2.44 1

APP_7_Inner_Layer_0:0 0.6 0.6 2.25 1.25 22 29 3.1 0
0
APP_7_Inner_Layer_0:1 0.06666666666666667 0.06666666666666667 0.25 3.82 20 48 3.37 0
0
APP_7_Inner_Layer_0:2 0.6 0.6 2.25 2.53 44 33 3.69 1
0
APP_7_Output_Layer_0 0.3333333333333333 0.3333333333333333 1.25 2.3 16 4 2.04 1
1 2 3
8
2.501696664502694
APP_8_Input_Layer_0 0.06666666666666667 0.06666666666666667 0.25 3.13 1 38 2.32 1

APP_8_Inner_Layer_0:0 0.13333333333333333 0.13333333333333333 0.5 3.66 34 32 1.69 1
0
APP_8_Inner_Layer_0:1 0.3333333333333333 0.3333333333333333 1.25 2.49 7 44 1.5 1
0
APP_8_Inner_Layer_0:2 0.13333333333333333 0.13333333333333333 0.5 1.73 34 20 2.8 1
0
APP_8_Inner_Layer_1:0 0.6 0.6 2.25 2.44 20 47 2.8 1
2
APP_8_Inner_Layer_1:1 0.3333333333333333 0.3333333333333333 1.25 1.71 32 15 1.68 1
1 3
APP_8_Inner_Layer_2:0 0.5333333333333333 0.5333333333333333 2.0 1.71 18 39 2.35 1
4 5
APP_8_Output_Layer_0 0.26666666666666666 0.26666666666666666 1.0 3.61 23 14 2.89 0
6
7
2.910573398481061
APP_9_Input_Layer_0 0.26666666666666666 0.26666666666666666 1.0 1.41 42 3 2.43 1

APP_9_Inner_Layer_0:0 0.6 0.6 2.25 2.24 25 17 2.2 1
0
APP_9_Inner_Layer_0:1 0.3333333333333333 0.3333333333333333 1.25 1.99 34 5 3.38 1
0
APP_9_Inner_Layer_0:2 0.6 0.6 2.25 2.74 15 15 1.6 1
0
APP_9_Inner_Layer_0:3 0.3333333333333333 0.3333333333333333 1.25 3.25 10 18 2.56 1
0
APP_9_Inner_Layer_1:0 0.26666666666666666 0.26666666666666666 1.0 3.42 47 47 1.05 1
1 2 3 4
APP_9_Output_Layer_0 0.4666666666666667 0.4666666666666667 1.75 3.0 32 48 1.05 1
5
8
3.3523957246020117
APP_10_Input_Layer_0 0.13333333333333333 0.13333333333333333 0.5 1.7 9 26 3.08 1

APP_10_Inner_Layer_0:0 0.6 0.6 2.25 2.64 29 10 3.92 1
0
APP_10_Inner_Layer_0:1 0.3333333333333333 0.3333333333333333 1.25 2.08 21 12 2.48 1
0
APP_10_Inner_Layer_1:0 0.26666666666666666 0.26666666666666666 1.0 3.98 6 1 1.86 0
2
APP_10_Inner_Layer_1:1 0.5333333333333333 0.5333333333333333 2.0 3.1 37 24 1.29 1
1
APP_10_Inner_Layer_2:0 0.5333333333333333 0.5333333333333333 2.0 2.92 35 10 2.7 1
3 4
APP_10_Inner_Layer_3:0 0.4666666666666667 0.4666666666666667 1.75 1.64 16 41 1.41 1
5
APP_10_Output_Layer_0 0.3333333333333333 0.3333333333333333 1.25 1.18 44 14 3.3 1
6
8
3.682894500914463
APP_11_Input_Layer_0 0.13333333333333333 0.13333333333333333 0.5 1.09 39 30 1.11 1

APP_11_Inner_Layer_0:0 0.3333333333333333 0.3333333333333333 1.25 1.76 27 14 3.22 1
0
APP_11_Inner_Layer_1:0 0.4 0.4 1.5 3.06 39 14 3.27 1
1
APP_11_Inner_Layer_2:0 0.3333333333333333 0.3333333333333333 1.25 2.8 5 30 3.05 1
2
APP_11_Inner_Layer_2:1 0.4 0.4 1.5 2.13 42 4 1.73 1
2
APP_11_Inner_Layer_2:2 0.6 0.6 2.25 3.54 11 8 1.63 1
2
APP_11_Inner_Layer_2:3 0.13333333333333333 0.13333333333333333 0.5 3.0 45 6 3.5 1
2
APP_11_Output_Layer_0 0.4 0.4 1.5 2.19 20 17 3.55 1
3 4 5 6
8
4.176234573347721
APP_12_Input_Layer_0 0.26666666666666666 0.26666666666666666 1.0 1.03 41 7 2.2 1

APP_12_Inner_Layer_0:0 0.4 0.4 1.5 2.21 7 6 1.85 0
0
APP_12_Inner_Layer_1:0 0.13333333333333333 0.13333333333333333 0.5 3.49 19 19 3.96 1
1
APP_12_Inner_Layer_2:0 0.2 0.2 0.75 1.52 19 32 3.5 1
2
APP_12_Inner_Layer_3:0 0.13333333333333333 0.13333333333333333 0.5 3.76 18 34 1.55 1
3
APP_12_Inner_Layer_3:1 0.26666666666666666 0.26666666666666666 1.0 2.98 1 39 2.52 1
3
APP_12_Inner_Layer_3:2 0.13333333333333333 0.13333333333333333 0.5 1.85 43 45 2.77 1
3
APP_12_Output_Layer_0 0.13333333333333333 0.13333333333333333 0.5 1.11 1 16 1.16 1
4 5 6
5
4.676338058904104
APP_13_Input_Layer_0 0.26666666666666666 0.26666666666666666 1.0 2.54 15 15 3.47 1

APP_13_Inner_Layer_0:0 0.2 0.2 0.75 3.02 28 23 2.17 1
0
APP_13_Inner_Layer_1:0 0.4 0.4 1.5 3.59 41 41 1.39 1
1
APP_13_Inner_Layer_1:1 0.4 0.4 1.5 3.31 49 43 2.93 1
1
APP_13_Output_Layer_0 0.26666666666666666 0.26666666666666666 1.0 2.86 38 33 1.36 0
2 3
6
4.9354695791106025
APP_14_Input_Layer_0 0.06666666666666667 0.06666666666666667 0.25 2.82 12 8 2.08 1

APP_14_Inner_Layer_0:0 0.6 0.6 2.25 2.2 29 32 3.75 1
0
APP_14_Inner_Layer_0:1 0.5333333333333333 0.5333333333333333 2.0 2.12 11 41 1.29 1
0
APP_14_Inner_Layer_0:2 0.26666666666666666 0.26666666666666666 1.0 3.46 4 48 3.31 0
0
APP_14_Inner_Layer_0:3 0.4 0.4 1.5 2.83 26 38 1.75 1
0
APP_14_Output_Layer_0 0.06666666666666667 0.06666666666666667 0.25 3.3 22 27 1.0 1
1 2 3 4
4
5.217544381191883
APP_15_Input_Layer_0 0.06666666666666667 0.06666666666666667 0.25 3.66 23 22 1.41 1

APP_15_Inner_Layer_0:0 0.6 0.6 2.25 3.39 17 20 1.63 1
0
APP_15_Inner_Layer_0:1 0.3333333333333333 0.3333333333333333 1.25 1.1 13 23 1.85 0
0
APP_15_Output_Layer_0 0.5333333333333333 0.5333333333333333 2.0 2.33 18 48 1.02 1
1 2
