10
16
14
0
APP_0_Input_Layer_0 0.06666666666666667 0.06666666666666667 0.25 2.59 6 5 3.06 1

APP_0_Inner_Layer_0:0 0.3333333333333333 0.3333333333333333 1.25 1.36 42 13 2.4 0
0
APP_0_Inner_Layer_0:1 0.06666666666666667 0.06666666666666667 0.25 2.39 13 42 1.62 1
0
APP_0_Inner_Layer_1:0 0.06666666666666667 0.06666666666666667 0.25 1.49 29 29 3.04 0
2
APP_0_Inner_Layer_1:1 0.3333333333333333 0.3333333333333333 1.25 1.43 18 40 3.14 1
2
APP_0_Inner_Layer_1:2 0.3333333333333333 0.3333333333333333 1.25 2.26 27 15 2.2 1
1 2
APP_0_Inner_Layer_2:0 0.13333333333333333 0.13333333333333333 0.5 2.62 6 23 1.29 1
4
APP_0_Inner_Layer_2:1 0.3333333333333333 0.3333333333333333 1.25 2.45 38 14 3.91 1
4
APP_0_Inner_Layer_2:2 0.2 0.2 0.75 1.17 49 24 3.86 1
3 5
APP_0_Inner_Layer_2:3 0.4 0.4 1.5 3.36 13 4 1.62 1
4 3
APP_0_Inner_Layer_3:0 0.13333333333333333 0.13333333333333333 0.5 1.75 32 41 1.8 1
8 9
APP_0_Inner_Layer_3:1 0.13333333333333333 0.13333333333333333 0.5 3.58 26 32 1.7 1
7
APP_0_Inner_Layer_3:2 0.13333333333333333 0.13333333333333333 0.5 3.42 19 8 2.52 1
6 7 8
APP_0_Output_Layer_0 0.4 0.4 1.5 1.76 5 24 2.46 1
10 11 12
9
0.3919711783750199
APP_1_Input_Layer_0 0.6 0.6 2.25 1.44 35 47 2.54 1

APP_1_Inner_Layer_0:0 0.5333333333333333 0.5333333333333333 2.0 3.58 25 15 3.39 1
0
APP_1_Inner_Layer_0:1 0.2 0.2 0.75 1.41 20 21 1.3 1
0
APP_1_Inner_Layer_0:2 0.13333333333333333 0.13333333333333333 0.5 3.09 10 22 2.46 1
0
APP_1_Inner_Layer_0:3 0.26666666666666666 0.26666666666666666 1.0 1.79 35 17 3.11 1
0
APP_1_Inner_Layer_1:0 0.2 0.2 0.75 2.43 33 28 1.29 1
1 2 3 4
APP_1_Inner_Layer_2:0 0.6 0.6 2.25 3.66 11 19 1.78 1
5
APP_1_Inner_Layer_2:1 0.26666666666666666 0.26666666666666666 1.0 3.52 31 39 1.78 1
5
APP_1_Output_Layer_0 0.13333333333333333 0.13333333333333333 0.5 1.79 40 27 3.29 1
6 7
8
0.6490195441322215
APP_2_Input_Layer_0 0.26666666666666666 0.26666666666666666 1.0 3.89 20 17 3.51 1

APP_2_Inner_Layer_0:0 0.2 0.2 0.75 2.82 12 25 3.98 1
0
APP_2_Inner_Layer_0:1 0.4666666666666667 0.4666666666666667 1.75 3.77 15 12 3.15 1
0
APP_2_Inner_Layer_0:2 0.5333333333333333 0.5333333333333333 2.0 2.57 7 18 3.86 1
0
APP_2_Inner_Layer_1:0 0.13333333333333333 0.13333333333333333 0.5 2.91 16 32 1.76 1
1 2 3
APP_2_Inner_Layer_2:0 0.3333333333333333 0.3333333333333333 1.25 3.23 15 17 3.86 1
4
APP_2_Inner_Layer_2:1 0.06666666666666667 0.06666666666666667 0.25 2.74 49 9 1.37 1
4
APP_2_Output_Layer_0 0.6 0.6 2.25 3.05 7 12 1.94 1
5 6
9
1.0562759739383365
APP_3_Input_Layer_0 0.6 0.6 2.25 2.04 46 33 1.67 0

APP_3_Inner_Layer_0:0 0.3333333333333333 0.3333333333333333 1.25 3.08 3 43 2.02 0
0
APP_3_Inner_Layer_0:1 0.4666666666666667 0.4666666666666667 1.75 1.01 4 12 1.1 1
0
APP_3_Inner_Layer_0:2 0.3333333333333333 0.3333333333333333 1.25 2.04 26 46 3.59 1
0
APP_3_Inner_Layer_1:0 0.26666666666666666 0.26666666666666666 1.0 2.74 34 13 3.95 0
1
APP_3_Inner_Layer_1:1 0.13333333333333333 0.13333333333333333 0.5 2.92 28 23 1.83 1
2 3
APP_3_Inner_Layer_2:0 0.5333333333333333 0.5333333333333333 2.0 2.37 8 7 3.96 1
4
APP_3_Inner_Layer_2:1 0.2 0.2 0.75 1.9 21 39 3.79 1
5
APP_3_Output_Layer_0 0.4 0.4 1.5 2.54 17 33 1.81 0
6 7
17
1.422968538164958
APP_4_Input_Layer_0 0.3333333333333333 0.3333333333333333 1.25 2.83 10 9 1.97 1

APP_4_Inner_Layer_0:0 0.4 0.4 1.5 3.58 26 9 1.86 0
0
APP_4_Inner_Layer_0:1 0.3333333333333333 0.3333333333333333 1.25 3.37 33 24 3.31 1
0
APP_4_Inner_Layer_0:2 0.4666666666666667 0.4666666666666667 1.75 2.5 10 19 1.07 1
0
APP_4_Inner_Layer_1:0 0.26666666666666666 0.26666666666666666 1.0 3.69 16 25 3.42 1
1 2
APP_4_Inner_Layer_1:1 0.4666666666666667 0.4666666666666667 1.75 1.41 33 19 2.03 1
1 3
APP_4_Inner_Layer_1:2 0.26666666666666666 0.26666666666666666 1.0 2.09 24 14 3.56 0
3
APP_4_Inner_Layer_1:3 0.4666666666666667 0.4666666666666667 1.75 2.78 11 29 2.71 0
3
APP_4_Inner_Layer_2:0 0.06666666666666667 0.06666666666666667 0.25 3.89 1 35 2.74 1
4 5 6
APP_4_Inner_Layer_2:1 0.4 0.4 1.5 1.64 35 43 2.94 1
4 5 7
APP_4_Inner_Layer_2:2 0.3333333333333333 0.3333333333333333 1.25 3.84 27 17 1.54 1
4 7
APP_4_Inner_Layer_2:3 0.4 0.4 1.5 2.53 2 28 2.64 1
4 5 6
APP_4_Inner_Layer_3:0 0.4666666666666667 0.4666666666666667 1.75 2.52 27 40 2.35 1
8
APP_4_Inner_Layer_3:1 0.4 0.4 1.5 1.6 45 47 3.54 1
8 10
APP_4_Inner_Layer_3:2 0.4666666666666667 0.4666666666666667 1.75 1.88 7 31 3.98 1
9
APP_4_Inner_Layer_3:3 0.13333333333333333 0.13333333333333333 0.5 3.61 48 44 1.61 1
8 9 11
APP_4_Output_Layer_0 0.6 0.6 2.25 1.21 12 6 1.9 1
12 13 14 15
6
1.7539058229877016
APP_5_Input_Layer_0 0.26666666666666666 0.26666666666666666 1.0 2.69 5 6 3.68 1

APP_5_Inner_Layer_0:0 0.6 0.6 2.25 2.89 23 35 2.67 1
0
APP_5_Inner_Layer_0:1 0.3333333333333333 0.3333333333333333 1.25 2.79 47 1 1.28 1
0
APP_5_Inner_Layer_0:2 0.13333333333333333 0.13333333333333333 0.5 1.86 43 22 2.11 1
0
APP_5_Inner_Layer_0:3 0.4666666666666667 0.4666666666666667 1.75 1.21 36 38 2.67 1
0
APP_5_Output_Layer_0 0.06666666666666667 0.06666666666666667 0.25 1.86 25 44 3.07 1
1 2 3 4
4
2.119259254267979
APP_6_Input_Layer_0 0.26666666666666666 0.26666666666666666 1.0 1.66 41 3 2.57 1

APP_6_Inner_Layer_0:0 0.06666666666666667 0.06666666666666667 0.25 1.48 35 14 1.16 1
0
APP_6_Inner_Layer_1:0 0.5333333333333333 0.5333333333333333 2.0 2.69 37 40 2.71 1
1
APP_6_Output_Layer_0 0.5333333333333333 0.5333333333333333 2.0 3.64 31 7 2.87 1
2
7
2.3755451614202823
APP_7_Input_Layer_0 0.06666666666666667 0.06666666666666667 0.25 1.26 41 15 3.47 1

APP_7_Inner_Layer_0:0 0.5333333333333333 0.5333333333333333 2.0 3.91 4 32 2.57 1
0
APP_7_Inner_Layer_0:1 0.4 0.4 1.5 2.4 43 48 2.41 0
0
APP_7_Inner_Layer_0:2 0.3333333333333333 0.3333333333333333 1.25 2.72 44 28 2.2 1
0
APP_7_Inner_Layer_0:3 0.2 0.2 0.75 1.89 26 19 3.77 1
0
APP_7_Inner_Layer_1:0 0.4666666666666667 0.4666666666666667 1.75 3.05 17 11 1.01 1
1 2 3 4
APP_7_Output_Layer_0 0.26666666666666666 0.26666666666666666 1.0 1.91 36 32 3.49 1
5
14
2.8483241576322413
APP_8_Input_Layer_0 0.4666666666666667 0.4666666666666667 1.75 2.36 2 25 2.78 1

APP_8_Inner_Layer_0:0 0.3333333333333333 0.3333333333333333 1.25 3.73 49 21 1.75 1
0
APP_8_Inner_Layer_0:1 0.06666666666666667 0.06666666666666667 0.25 1.09 7 34 3.26 1
0
APP_8_Inner_Layer_0:2 0.6 0.6 2.25 2.21 24 10 3.52 1
0
APP_8_Inner_Layer_0:3 0.6 0.6 2.25 3.05 17 23 1.56 1
0
APP_8_Inner_Layer_1:0 0.4 0.4 1.5 3.11 38 23 1.24 1
2 3
APP_8_Inner_Layer_1:1 0.2 0.2 0.75 1.85 45 39 1.45 1
1 4
APP_8_Inner_Layer_2:0 0.2 0.2 0.75 1.27 6 43 1.31 1
6
APP_8_Inner_Layer_2:1 0.5333333333333333 0.5333333333333333 2.0 1.01 27 27 3.75 1
6
APP_8_Inner_Layer_2:2 0.4666666666666667 0.4666666666666667 1.75 1.0 4 21 2.26 1
5
APP_8_Inner_Layer_3:0 0.13333333333333333 0.13333333333333333 0.5 1.29 10 38 2.61 0
7 8
APP_8_Inner_Layer_3:1 0.6 0.6 2.25 1.72 12 22 2.35 1
8 9
APP_8_Inner_Layer_3:2 0.13333333333333333 0.13333333333333333 0.5 3.13 44 4 2.91 1
9 8
APP_8_Output_Layer_0 0.5333333333333333 0.5333333333333333 2.0 2.82 37 15 1.31 1
10 11 12
9
3.347791624184834
APP_9_Input_Layer_0 0.26666666666666666 0.26666666666666666 1.0 2.71 13 41 2.51 1

APP_9_Inner_Layer_0:0 0.5333333333333333 0.5333333333333333 2.0 3.07 17 46 1.65 1
0
APP_9_Inner_Layer_0:1 0.5333333333333333 0.5333333333333333 2.0 3.21 22 49 3.93 1
0
APP_9_Inner_Layer_0:2 0.26666666666666666 0.26666666666666666 1.0 2.64 31 15 2.73 1
0
APP_9_Inner_Layer_0:3 0.6 0.6 2.25 2.05 29 25 2.44 1
0
APP_9_Inner_Layer_1:0 0.4 0.4 1.5 2.99 33 20 1.2 1
1 2 3 4
APP_9_Inner_Layer_1:1 0.26666666666666666 0.26666666666666666 1.0 3.16 33 9 2.53 1
1 2 3 4
APP_9_Inner_Layer_1:2 0.3333333333333333 0.3333333333333333 1.25 1.31 19 37 1.43 1
4
APP_9_Output_Layer_0 0.06666666666666667 0.06666666666666667 0.25 2.03 18 49 2.09 0
5 6 7
14
3.8532902436451955
APP_10_Input_Layer_0 0.2 0.2 0.75 1.17 46 18 1.54 1

APP_10_Inner_Layer_0:0 0.5333333333333333 0.5333333333333333 2.0 1.76 29 38 1.2 0
0
APP_10_Inner_Layer_0:1 0.3333333333333333 0.3333333333333333 1.25 1.71 38 45 2.04 1
0
APP_10_Inner_Layer_0:2 0.3333333333333333 0.3333333333333333 1.25 2.17 24 25 1.91 1
0
APP_10_Inner_Layer_0:3 0.26666666666666666 0.26666666666666666 1.0 2.2 29 46 3.53 1
0
APP_10_Inner_Layer_1:0 0.4666666666666667 0.4666666666666667 1.75 2.23 43 48 1.48 1
1 2 3
APP_10_Inner_Layer_1:1 0.6 0.6 2.25 1.34 21 22 1.46 1
3 4
APP_10_Inner_Layer_1:2 0.06666666666666667 0.06666666666666667 0.25 3.18 36 13 2.29 1
2 3 4
APP_10_Inner_Layer_1:3 0.4 0.4 1.5 2.16 33 48 2.07 1
2
APP_10_Inner_Layer_2:0 0.4666666666666667 0.4666666666666667 1.75 1.97 33 30 2.78 1
5 6 8
APP_10_Inner_Layer_2:1 0.4666666666666667 0.4666666666666667 1.75 2.75 47 17 3.27 1
5 7 8
APP_10_Inner_Layer_2:2 0.3333333333333333 0.3333333333333333 1.25 3.38 7 49 2.3 1
6 7 8
APP_10_Inner_Layer_2:3 0.26666666666666666 0.26666666666666666 1.0 1.72 2 47 3.8 1
6 7
APP_10_Output_Layer_0 0.5333333333333333 0.5333333333333333 2.0 2.0 48 3 2.34 1
9 10 11 12
8
4.107437816591423
APP_11_Input_Layer_0 0.26666666666666666 0.26666666666666666 1.0 2.1 44 17 1.06 0

APP_11_Inner_Layer_0:0 0.2 0.2 0.75 1.07 41 19 1.95 1
0
APP_11_Inner_Layer_1:0 0.5333333333333333 0.5333333333333333 2.0 3.5 45 24 3.75 1
1
APP_11_Inner_Layer_1:1 0.13333333333333333 0.13333333333333333 0.5 3.5 18 33 2.84 1
1
APP_11_Inner_Layer_1:2 0.5333333333333333 0.5333333333333333 2.0 3.09 21 17 3.17 1
1
APP_11_Inner_Layer_2:0 0.5333333333333333 0.5333333333333333 2.0 3.92 6 44 3.78 1
2 3 4
APP_11_Inner_Layer_3:0 0.6 0.6 2.25 1.64 28 12 2.53 1
5
APP_11_Output_Layer_0 0.26666666666666666 0.26666666666666666 1.0 2.86 12 10 3.69 1
6
16
4.621098442849086
APP_12_Input_Layer_0 0.2 0.2 0.75 2.36 15 1 2.14 1

APP_12_Inner_Layer_0:0 0.06666666666666667 0.06666666666666667 0.25 1.27 48 36 3.38 1
0
APP_12_Inner_Layer_0:1 0.5333333333333333 0.5333333333333333 2.0 3.75 4 20 3.34 1
0
APP_12_Inner_Layer_0:2 0.5333333333333333 0.5333333333333333 2.0 1.99 16 3 1.04 0
0
APP_12_Inner_Layer_1:0 0.26666666666666666 0.26666666666666666 1.0 1.22 18 28 3.03 1
2 3
APP_12_Inner_Layer_1:1 0.06666666666666667 0.06666666666666667 0.25 1.47 1 42 3.46 1
2 3
APP_12_Inner_Layer_1:2 0.26666666666666666 0.26666666666666666 1.0 3.66 49 21 3.83 1
3
APP_12_Inner_Layer_1:3 0.06666666666666667 0.06666666666666667 0.25 2.39 49 44 3.9 1
1 3
APP_12_Inner_Layer_2:0 0.26666666666666666 0.26666666666666666 1.0 2.17 16 47 3.6 1
4 6 7
APP_12_Inner_Layer_2:1 0.4666666666666667 0.4666666666666667 1.75 2.19 5 14 3.93 1
5 7
APP_12_Inner_Layer_2:2 0.26666666666666666 0.26666666666666666 1.0 2.39 38 14 3.79 1
5 6
APP_12_Inner_Layer_3:0 0.2 0.2 0.75 1.64 31 18 1.04 1
8 9
APP_12_Inner_Layer_3:1 0.26666666666666666 0.26666666666666666 1.0 2.33 46 7 3.28 1
8 9
APP_12_Inner_Layer_3:2 0.4 0.4 1.5 2.74 5 7 3.45 0
8 10
APP_12_Inner_Layer_3:3 0.6 0.6 2.25 2.04 46 9 1.12 0
9
APP_12_Output_Layer_0 0.4 0.4 1.5 1.34 47 23 2.48 1
11 12 13 14
11
5.03287657094777
APP_13_Input_Layer_0 0.4666666666666667 0.4666666666666667 1.75 2.44 39 44 3.53 1

APP_13_Inner_Layer_0:0 0.26666666666666666 0.26666666666666666 1.0 2.01 31 12 1.76 1
0
APP_13_Inner_Layer_1:0 0.4666666666666667 0.4666666666666667 1.75 2.51 22 23 2.98 1
1
APP_13_Inner_Layer_1:1 0.13333333333333333 0.13333333333333333 0.5 3.41 11 36 1.1 1
1
APP_13_Inner_Layer_1:2 0.4 0.4 1.5 1.13 24 22 1.49 1
1
APP_13_Inner_Layer_2:0 0.26666666666666666 0.26666666666666666 1.0 3.47 39 24 1.24 1
2
APP_13_Inner_Layer_2:1 0.4 0.4 1.5 2.91 17 43 3.25 1
3
APP_13_Inner_Layer_2:2 0.13333333333333333 0.13333333333333333 0.5 2.81 31 20 3.5 1
3 4
APP_13_Inner_Layer_2:3 0.3333333333333333 0.3333333333333333 1.25 3.82 9 8 1.15 1
3
APP_13_Inner_Layer_3:0 0.06666666666666667 0.06666666666666667 0.25 1.62 18 36 1.69 1
5 6 7 8
APP_13_Output_Layer_0 0.4 0.4 1.5 1.11 8 43 3.62 1
9
4
5.485549794657384
APP_14_Input_Layer_0 0.06666666666666667 0.06666666666666667 0.25 3.28 26 26 2.3 1

APP_14_Inner_Layer_0:0 0.6 0.6 2.25 2.31 41 7 1.95 1
0
APP_14_Inner_Layer_0:1 0.6 0.6 2.25 3.21 25 28 3.29 1
0
APP_14_Output_Layer_0 0.3333333333333333 0.3333333333333333 1.25 3.08 31 2 2.21 1
1 2
4
5.75193891863916
APP_15_Input_Layer_0 0.06666666666666667 0.06666666666666667 0.25 1.05 11 37 3.35 1

APP_15_Inner_Layer_0:0 0.2 0.2 0.75 1.52 28 24 3.32 1
0
APP_15_Inner_Layer_0:1 0.4666666666666667 0.4666666666666667 1.75 2.46 20 15 1.85 1
0
APP_15_Output_Layer_0 0.13333333333333333 0.13333333333333333 0.5 1.72 26 44 2.12 1
1 2
