10
16
11
0
APP_0_Input_Layer_0 0.2 0.2 0.75 2.44 10 17 1.67 1

APP_0_Inner_Layer_0:0 0.26666666666666666 0.26666666666666666 1.0 1.81 12 42 1.58 1
0
APP_0_Inner_Layer_0:1 0.5333333333333333 0.5333333333333333 2.0 2.32 47 24 2.17 1
0
APP_0_Inner_Layer_0:2 0.06666666666666667 0.06666666666666667 0.25 2.34 1 21 2.55 0
0
APP_0_Inner_Layer_1:0 0.4666666666666667 0.4666666666666667 1.75 2.63 38 14 2.68 1
2
APP_0_Inner_Layer_1:1 0.3333333333333333 0.3333333333333333 1.25 2.18 16 23 2.22 1
1 3
APP_0_Inner_Layer_2:0 0.6 0.6 2.25 1.64 28 38 2.64 1
4 5
APP_0_Inner_Layer_2:1 0.2 0.2 0.75 2.5 2 9 2.48 1
4
APP_0_Inner_Layer_2:2 0.2 0.2 0.75 2.04 42 1 2.6 1
5
APP_0_Inner_Layer_3:0 0.26666666666666666 0.26666666666666666 1.0 1.4 8 33 3.78 1
6 7 8
APP_0_Output_Layer_0 0.6 0.6 2.25 1.05 2 49 2.9 1
9
5
0.3933061193151564
APP_1_Input_Layer_0 0.26666666666666666 0.26666666666666666 1.0 2.6 13 10 2.82 1

APP_1_Inner_Layer_0:0 0.6 0.6 2.25 3.98 25 39 2.72 1
0
APP_1_Inner_Layer_0:1 0.5333333333333333 0.5333333333333333 2.0 1.91 6 10 1.05 1
0
APP_1_Inner_Layer_1:0 0.2 0.2 0.75 2.47 44 5 3.78 0
1 2
APP_1_Output_Layer_0 0.5333333333333333 0.5333333333333333 2.0 3.93 16 27 3.9 1
3
5
0.6386453479968732
APP_2_Input_Layer_0 0.26666666666666666 0.26666666666666666 1.0 3.63 8 24 1.8 1

APP_2_Inner_Layer_0:0 0.3333333333333333 0.3333333333333333 1.25 3.35 20 25 2.72 1
0
APP_2_Inner_Layer_1:0 0.2 0.2 0.75 3.4 20 1 1.87 1
1
APP_2_Inner_Layer_1:1 0.06666666666666667 0.06666666666666667 0.25 2.29 31 22 2.53 1
1
APP_2_Output_Layer_0 0.2 0.2 0.75 1.66 34 49 2.36 1
2 3
7
1.032731654677876
APP_3_Input_Layer_0 0.2 0.2 0.75 3.0 9 1 3.79 1

APP_3_Inner_Layer_0:0 0.3333333333333333 0.3333333333333333 1.25 1.47 22 18 3.8 1
0
APP_3_Inner_Layer_1:0 0.6 0.6 2.25 1.61 41 41 1.91 1
1
APP_3_Inner_Layer_1:1 0.4 0.4 1.5 3.71 5 17 1.61 1
1
APP_3_Inner_Layer_1:2 0.2 0.2 0.75 2.54 30 47 3.03 1
1
APP_3_Inner_Layer_1:3 0.2 0.2 0.75 3.68 27 23 1.42 1
1
APP_3_Output_Layer_0 0.4 0.4 1.5 1.21 2 9 2.38 1
2 3 4 5
9
1.381870712855287
APP_4_Input_Layer_0 0.4 0.4 1.5 2.27 28 35 2.43 1

APP_4_Inner_Layer_0:0 0.6 0.6 2.25 1.87 25 16 2.67 1
0
APP_4_Inner_Layer_0:1 0.2 0.2 0.75 3.06 49 40 3.85 1
0
APP_4_Inner_Layer_1:0 0.4666666666666667 0.4666666666666667 1.75 3.56 6 41 1.26 1
1 2
APP_4_Inner_Layer_2:0 0.06666666666666667 0.06666666666666667 0.25 3.92 26 2 3.37 1
3
APP_4_Inner_Layer_2:1 0.4666666666666667 0.4666666666666667 1.75 3.4 5 40 2.06 1
3
APP_4_Inner_Layer_2:2 0.4 0.4 1.5 1.45 28 28 3.86 0
3
APP_4_Inner_Layer_2:3 0.3333333333333333 0.3333333333333333 1.25 1.78 25 39 2.86 1
3
APP_4_Output_Layer_0 0.4666666666666667 0.4666666666666667 1.75 3.54 35 29 1.62 1
4 5 6 7
8
1.6605598279296876
APP_5_Input_Layer_0 0.4666666666666667 0.4666666666666667 1.75 1.21 16 37 2.98 1

APP_5_Inner_Layer_0:0 0.6 0.6 2.25 2.59 42 46 1.45 1
0
APP_5_Inner_Layer_1:0 0.4 0.4 1.5 3.98 2 17 3.67 1
1
APP_5_Inner_Layer_2:0 0.4 0.4 1.5 1.55 12 39 2.65 1
2
APP_5_Inner_Layer_2:1 0.6 0.6 2.25 2.5 35 11 1.22 1
2
APP_5_Inner_Layer_3:0 0.4 0.4 1.5 2.45 17 7 2.93 1
3 4
APP_5_Inner_Layer_3:1 0.3333333333333333 0.3333333333333333 1.25 2.1 24 29 3.39 1
4
APP_5_Output_Layer_0 0.6 0.6 2.25 3.14 46 36 1.31 1
5 6
12
1.927894148425994
APP_6_Input_Layer_0 0.06666666666666667 0.06666666666666667 0.25 4.0 1 21 1.92 1

APP_6_Inner_Layer_0:0 0.5333333333333333 0.5333333333333333 2.0 1.39 44 18 1.61 1
0
APP_6_Inner_Layer_0:1 0.6 0.6 2.25 2.11 39 25 2.6 1
0
APP_6_Inner_Layer_0:2 0.6 0.6 2.25 3.17 17 40 3.23 1
0
APP_6_Inner_Layer_0:3 0.3333333333333333 0.3333333333333333 1.25 3.26 41 19 1.01 1
0
APP_6_Inner_Layer_1:0 0.06666666666666667 0.06666666666666667 0.25 1.46 10 42 2.83 1
1 2 3 4
APP_6_Inner_Layer_2:0 0.5333333333333333 0.5333333333333333 2.0 1.39 41 37 1.7 1
5
APP_6_Inner_Layer_2:1 0.26666666666666666 0.26666666666666666 1.0 1.29 36 26 1.41 0
5
APP_6_Inner_Layer_2:2 0.13333333333333333 0.13333333333333333 0.5 2.43 8 18 2.64 1
5
APP_6_Inner_Layer_2:3 0.2 0.2 0.75 1.57 12 44 3.15 1
5
APP_6_Inner_Layer_3:0 0.6 0.6 2.25 3.25 19 17 2.06 1
6 7 8 9
APP_6_Output_Layer_0 0.06666666666666667 0.06666666666666667 0.25 2.44 41 13 3.85 1
10
12
2.4109059198699168
APP_7_Input_Layer_0 0.6 0.6 2.25 3.24 30 45 3.74 1

APP_7_Inner_Layer_0:0 0.13333333333333333 0.13333333333333333 0.5 1.74 14 25 2.95 1
0
APP_7_Inner_Layer_0:1 0.3333333333333333 0.3333333333333333 1.25 1.33 23 47 1.67 1
0
APP_7_Inner_Layer_0:2 0.3333333333333333 0.3333333333333333 1.25 3.9 4 34 1.34 1
0
APP_7_Inner_Layer_0:3 0.6 0.6 2.25 3.96 34 35 3.98 1
0
APP_7_Inner_Layer_1:0 0.26666666666666666 0.26666666666666666 1.0 2.4 23 41 1.6 1
1 2 3 4
APP_7_Inner_Layer_2:0 0.4 0.4 1.5 1.87 1 40 1.51 1
5
APP_7_Inner_Layer_2:1 0.4 0.4 1.5 2.31 29 12 3.93 1
5
APP_7_Inner_Layer_3:0 0.4666666666666667 0.4666666666666667 1.75 2.8 22 40 2.08 1
6
APP_7_Inner_Layer_3:1 0.06666666666666667 0.06666666666666667 0.25 3.53 28 46 1.82 1
6 7
APP_7_Inner_Layer_3:2 0.2 0.2 0.75 3.28 47 9 1.75 1
7
APP_7_Output_Layer_0 0.4666666666666667 0.4666666666666667 1.75 1.12 41 43 2.29 1
8 9 10
5
2.785755652141755
APP_8_Input_Layer_0 0.2 0.2 0.75 2.19 29 7 1.89 1

APP_8_Inner_Layer_0:0 0.26666666666666666 0.26666666666666666 1.0 1.46 19 11 2.75 0
0
APP_8_Inner_Layer_1:0 0.5333333333333333 0.5333333333333333 2.0 3.27 41 25 2.54 1
1
APP_8_Inner_Layer_1:1 0.4666666666666667 0.4666666666666667 1.75 2.95 31 17 1.54 1
1
APP_8_Output_Layer_0 0.6 0.6 2.25 1.62 9 11 3.71 1
2 3
6
3.0982262276850654
APP_9_Input_Layer_0 0.5333333333333333 0.5333333333333333 2.0 2.3 26 27 1.17 1

APP_9_Inner_Layer_0:0 0.4 0.4 1.5 1.35 4 4 1.29 1
0
APP_9_Inner_Layer_0:1 0.4 0.4 1.5 2.13 7 8 2.83 1
0
APP_9_Inner_Layer_0:2 0.5333333333333333 0.5333333333333333 2.0 2.99 15 8 1.07 1
0
APP_9_Inner_Layer_0:3 0.2 0.2 0.75 1.76 39 15 1.21 1
0
APP_9_Output_Layer_0 0.4666666666666667 0.4666666666666667 1.75 2.99 34 46 3.69 1
1 2 3 4
5
3.346716940649528
APP_10_Input_Layer_0 0.4 0.4 1.5 2.11 12 4 1.19 1

APP_10_Inner_Layer_0:0 0.06666666666666667 0.06666666666666667 0.25 2.0 7 29 2.87 1
0
APP_10_Inner_Layer_0:1 0.4 0.4 1.5 1.97 23 28 3.38 1
0
APP_10_Inner_Layer_1:0 0.4 0.4 1.5 3.98 38 25 1.87 0
1 2
APP_10_Output_Layer_0 0.26666666666666666 0.26666666666666666 1.0 2.98 20 33 1.99 1
3
10
3.9290295403130457
APP_11_Input_Layer_0 0.06666666666666667 0.06666666666666667 0.25 1.66 41 27 3.29 1

APP_11_Inner_Layer_0:0 0.26666666666666666 0.26666666666666666 1.0 3.83 16 12 2.71 1
0
APP_11_Inner_Layer_1:0 0.5333333333333333 0.5333333333333333 2.0 1.77 26 36 2.21 1
1
APP_11_Inner_Layer_1:1 0.6 0.6 2.25 2.97 7 25 3.29 1
1
APP_11_Inner_Layer_1:2 0.4666666666666667 0.4666666666666667 1.75 2.16 41 5 1.87 1
1
APP_11_Inner_Layer_1:3 0.4666666666666667 0.4666666666666667 1.75 3.18 15 47 3.67 1
1
APP_11_Inner_Layer_2:0 0.5333333333333333 0.5333333333333333 2.0 3.71 41 42 1.86 1
3
APP_11_Inner_Layer_2:1 0.2 0.2 0.75 1.57 41 37 1.61 1
2 3 4 5
APP_11_Inner_Layer_2:2 0.13333333333333333 0.13333333333333333 0.5 2.15 2 43 1.4 1
4
APP_11_Output_Layer_0 0.2 0.2 0.75 2.88 43 47 2.26 1
6 7 8
9
4.243943084239807
APP_12_Input_Layer_0 0.2 0.2 0.75 1.0 40 21 1.34 1

APP_12_Inner_Layer_0:0 0.4 0.4 1.5 3.29 34 41 3.79 1
0
APP_12_Inner_Layer_1:0 0.06666666666666667 0.06666666666666667 0.25 3.18 19 46 2.91 1
1
APP_12_Inner_Layer_1:1 0.6 0.6 2.25 2.9 24 9 3.04 1
1
APP_12_Inner_Layer_1:2 0.5333333333333333 0.5333333333333333 2.0 2.84 12 17 3.35 1
1
APP_12_Inner_Layer_2:0 0.4 0.4 1.5 3.58 21 5 1.8 1
2
APP_12_Inner_Layer_2:1 0.5333333333333333 0.5333333333333333 2.0 3.08 30 36 2.41 1
3 4
APP_12_Inner_Layer_3:0 0.6 0.6 2.25 1.99 5 49 2.68 1
5 6
APP_12_Output_Layer_0 0.3333333333333333 0.3333333333333333 1.25 1.86 47 25 3.89 1
7
10
4.638561561873193
APP_13_Input_Layer_0 0.6 0.6 2.25 2.35 39 5 2.22 1

APP_13_Inner_Layer_0:0 0.26666666666666666 0.26666666666666666 1.0 3.85 3 33 2.94 1
0
APP_13_Inner_Layer_1:0 0.6 0.6 2.25 2.99 10 35 3.06 1
1
APP_13_Inner_Layer_1:1 0.6 0.6 2.25 1.74 12 25 2.6 1
1
APP_13_Inner_Layer_2:0 0.4666666666666667 0.4666666666666667 1.75 1.21 38 38 1.58 1
2
APP_13_Inner_Layer_2:1 0.4 0.4 1.5 1.19 2 12 1.36 1
2 3
APP_13_Inner_Layer_2:2 0.13333333333333333 0.13333333333333333 0.5 2.02 4 20 2.72 1
3
APP_13_Inner_Layer_2:3 0.06666666666666667 0.06666666666666667 0.25 3.53 14 11 1.45 1
2
APP_13_Inner_Layer_3:0 0.6 0.6 2.25 1.61 19 5 2.21 1
4 5 6 7
APP_13_Output_Layer_0 0.3333333333333333 0.3333333333333333 1.25 2.75 48 25 1.15 1
8
7
5.117071325951311
APP_14_Input_Layer_0 0.13333333333333333 0.13333333333333333 0.5 3.46 10 13 3.66 1

APP_14_Inner_Layer_0:0 0.6 0.6 2.25 3.15 39 33 2.56 0
0
APP_14_Inner_Layer_0:1 0.3333333333333333 0.3333333333333333 1.25 3.42 46 46 1.03 1
0
APP_14_Inner_Layer_1:0 0.6 0.6 2.25 2.72 10 24 2.11 0
1
APP_14_Inner_Layer_1:1 0.26666666666666666 0.26666666666666666 1.0 3.37 29 45 3.08 1
2
APP_14_Inner_Layer_1:2 0.5333333333333333 0.5333333333333333 2.0 3.89 41 15 3.26 1
1
APP_14_Output_Layer_0 0.06666666666666667 0.06666666666666667 0.25 1.8 12 3 3.03 1
3 4 5
11
5.405723587621022
APP_15_Input_Layer_0 0.4 0.4 1.5 1.61 14 20 2.68 1

APP_15_Inner_Layer_0:0 0.13333333333333333 0.13333333333333333 0.5 1.43 17 24 1.55 1
0
APP_15_Inner_Layer_0:1 0.3333333333333333 0.3333333333333333 1.25 2.91 22 28 1.48 1
0
APP_15_Inner_Layer_0:2 0.4666666666666667 0.4666666666666667 1.75 1.37 47 45 1.88 1
0
APP_15_Inner_Layer_1:0 0.2 0.2 0.75 1.12 36 25 1.32 1
1 2
APP_15_Inner_Layer_1:1 0.06666666666666667 0.06666666666666667 0.25 3.05 45 10 1.45 1
3
APP_15_Inner_Layer_1:2 0.6 0.6 2.25 3.57 33 2 2.91 1
3
APP_15_Inner_Layer_2:0 0.4 0.4 1.5 2.4 44 10 1.88 1
4 5 6
APP_15_Inner_Layer_2:1 0.26666666666666666 0.26666666666666666 1.0 1.72 12 11 1.4 1
4
APP_15_Inner_Layer_2:2 0.5333333333333333 0.5333333333333333 2.0 2.04 18 3 3.32 1
4 5 6
APP_15_Output_Layer_0 0.4 0.4 1.5 2.63 27 44 2.27 1
7 8 9
