10
16
5
0
APP_0_Input_Layer_0 0.06666666666666667 0.06666666666666667 0.25 2.6 20 10 2.13 1

APP_0_Inner_Layer_0:0 0.3333333333333333 0.3333333333333333 1.25 1.02 8 9 1.94 1
0
APP_0_Inner_Layer_1:0 0.6 0.6 2.25 1.44 10 42 1.43 1
1
APP_0_Inner_Layer_1:1 0.6 0.6 2.25 1.99 3 36 2.9 1
1
APP_0_Output_Layer_0 0.5333333333333333 0.5333333333333333 2.0 3.98 5 31 2.67 1
2 3
6
0.36892789228538125
APP_1_Input_Layer_0 0.26666666666666666 0.26666666666666666 1.0 2.16 5 26 2.98 1

APP_1_Inner_Layer_0:0 0.3333333333333333 0.3333333333333333 1.25 3.28 40 34 3.48 1
0
APP_1_Inner_Layer_0:1 0.13333333333333333 0.13333333333333333 0.5 1.78 27 21 2.22 1
0
APP_1_Inner_Layer_0:2 0.2 0.2 0.75 3.62 5 28 3.0 1
0
APP_1_Inner_Layer_0:3 0.6 0.6 2.25 2.43 34 39 3.27 1
0
APP_1_Output_Layer_0 0.4666666666666667 0.4666666666666667 1.75 2.99 44 11 1.13 1
1 2 3 4
8
0.8260470373981212
APP_2_Input_Layer_0 0.4 0.4 1.5 2.67 43 36 2.29 0

APP_2_Inner_Layer_0:0 0.4666666666666667 0.4666666666666667 1.75 3.64 42 33 2.4 1
0
APP_2_Inner_Layer_0:1 0.6 0.6 2.25 2.68 34 18 1.96 1
0
APP_2_Inner_Layer_1:0 0.26666666666666666 0.26666666666666666 1.0 3.97 8 24 2.92 1
1
APP_2_Inner_Layer_1:1 0.4666666666666667 0.4666666666666667 1.75 2.82 26 22 1.41 1
1 2
APP_2_Inner_Layer_1:2 0.6 0.6 2.25 1.95 22 23 1.45 1
2
APP_2_Inner_Layer_1:3 0.4666666666666667 0.4666666666666667 1.75 2.27 48 10 1.5 0
1
APP_2_Output_Layer_0 0.6 0.6 2.25 2.64 29 7 2.35 1
3 4 5 6
13
1.1442098707857105
APP_3_Input_Layer_0 0.2 0.2 0.75 1.28 14 11 2.59 1

APP_3_Inner_Layer_0:0 0.4 0.4 1.5 1.56 29 20 1.65 1
0
APP_3_Inner_Layer_0:1 0.4666666666666667 0.4666666666666667 1.75 1.46 9 44 1.78 0
0
APP_3_Inner_Layer_1:0 0.6 0.6 2.25 1.55 48 23 3.11 1
2
APP_3_Inner_Layer_1:1 0.26666666666666666 0.26666666666666666 1.0 2.99 47 25 3.23 1
1 2
APP_3_Inner_Layer_1:2 0.26666666666666666 0.26666666666666666 1.0 2.56 18 42 1.73 1
1
APP_3_Inner_Layer_1:3 0.6 0.6 2.25 3.46 13 40 2.8 1
1 2
APP_3_Inner_Layer_2:0 0.6 0.6 2.25 2.61 31 24 1.3 1
3
APP_3_Inner_Layer_2:1 0.4666666666666667 0.4666666666666667 1.75 3.43 19 26 3.62 1
4 5 6
APP_3_Inner_Layer_2:2 0.2 0.2 0.75 1.78 17 3 1.65 1
3 4
APP_3_Inner_Layer_2:3 0.4 0.4 1.5 3.99 3 37 1.6 1
3 4
APP_3_Inner_Layer_3:0 0.06666666666666667 0.06666666666666667 0.25 3.12 34 21 3.86 1
7 8 9 10
APP_3_Output_Layer_0 0.06666666666666667 0.06666666666666667 0.25 3.33 35 2 2.55 1
11
8
1.6662019402672836
APP_4_Input_Layer_0 0.5333333333333333 0.5333333333333333 2.0 1.83 4 24 3.51 1

APP_4_Inner_Layer_0:0 0.3333333333333333 0.3333333333333333 1.25 2.58 9 3 1.54 1
0
APP_4_Inner_Layer_0:1 0.13333333333333333 0.13333333333333333 0.5 1.94 43 24 2.54 1
0
APP_4_Inner_Layer_1:0 0.26666666666666666 0.26666666666666666 1.0 2.91 26 34 1.06 1
1 2
APP_4_Inner_Layer_1:1 0.4666666666666667 0.4666666666666667 1.75 3.03 39 7 3.35 1
2
APP_4_Inner_Layer_1:2 0.5333333333333333 0.5333333333333333 2.0 2.07 4 6 1.22 1
2
APP_4_Inner_Layer_1:3 0.4 0.4 1.5 1.84 10 4 2.07 1
2
APP_4_Output_Layer_0 0.26666666666666666 0.26666666666666666 1.0 3.58 12 49 1.99 1
3 4 5 6
10
1.9093651419638187
APP_5_Input_Layer_0 0.4666666666666667 0.4666666666666667 1.75 2.05 27 14 3.87 1

APP_5_Inner_Layer_0:0 0.4 0.4 1.5 1.47 22 43 1.02 1
0
APP_5_Inner_Layer_0:1 0.6 0.6 2.25 2.24 12 34 2.31 1
0
APP_5_Inner_Layer_1:0 0.4666666666666667 0.4666666666666667 1.75 2.35 12 28 2.25 1
2
APP_5_Inner_Layer_1:1 0.6 0.6 2.25 2.42 29 4 1.41 1
1
APP_5_Inner_Layer_2:0 0.06666666666666667 0.06666666666666667 0.25 3.04 14 45 2.85 1
4
APP_5_Inner_Layer_2:1 0.4666666666666667 0.4666666666666667 1.75 3.0 23 42 3.29 1
3 4
APP_5_Inner_Layer_2:2 0.6 0.6 2.25 2.65 39 16 1.55 1
3 4
APP_5_Inner_Layer_2:3 0.5333333333333333 0.5333333333333333 2.0 1.91 22 26 1.59 1
4
APP_5_Output_Layer_0 0.13333333333333333 0.13333333333333333 0.5 2.55 32 13 3.89 1
5 6 7 8
8
2.1879862078808694
APP_6_Input_Layer_0 0.6 0.6 2.25 1.75 42 3 3.9 1

APP_6_Inner_Layer_0:0 0.4666666666666667 0.4666666666666667 1.75 2.63 23 14 3.26 1
0
APP_6_Inner_Layer_0:1 0.4666666666666667 0.4666666666666667 1.75 2.01 20 49 2.14 1
0
APP_6_Inner_Layer_1:0 0.4 0.4 1.5 2.96 5 19 1.2 1
1
APP_6_Inner_Layer_1:1 0.13333333333333333 0.13333333333333333 0.5 1.76 21 49 2.97 1
1
APP_6_Inner_Layer_1:2 0.13333333333333333 0.13333333333333333 0.5 3.84 39 43 1.04 1
2
APP_6_Inner_Layer_1:3 0.6 0.6 2.25 2.02 16 13 3.43 1
1
APP_6_Output_Layer_0 0.13333333333333333 0.13333333333333333 0.5 3.64 9 36 3.14 0
3 4 5 6
3
2.7557611965146473
APP_7_Input_Layer_0 0.6 0.6 2.25 3.23 39 3 1.83 1

APP_7_Inner_Layer_0:0 0.2 0.2 0.75 2.77 3 9 2.11 1
0
APP_7_Output_Layer_0 0.6 0.6 2.25 3.46 13 1 3.43 1
1
10
3.3062008946236987
APP_8_Input_Layer_0 0.4 0.4 1.5 2.83 22 41 2.97 1

APP_8_Inner_Layer_0:0 0.2 0.2 0.75 3.63 45 26 1.4 1
0
APP_8_Inner_Layer_0:1 0.13333333333333333 0.13333333333333333 0.5 3.13 45 37 3.73 1
0
APP_8_Inner_Layer_1:0 0.4 0.4 1.5 2.93 33 21 2.26 1
1 2
APP_8_Inner_Layer_2:0 0.5333333333333333 0.5333333333333333 2.0 1.92 22 38 3.78 1
3
APP_8_Inner_Layer_3:0 0.3333333333333333 0.3333333333333333 1.25 2.3 3 3 1.36 1
4
APP_8_Inner_Layer_3:1 0.3333333333333333 0.3333333333333333 1.25 3.39 2 39 2.7 0
4
APP_8_Inner_Layer_3:2 0.26666666666666666 0.26666666666666666 1.0 2.69 43 2 1.68 1
4
APP_8_Inner_Layer_3:3 0.3333333333333333 0.3333333333333333 1.25 3.63 37 47 3.0 1
4
APP_8_Output_Layer_0 0.13333333333333333 0.13333333333333333 0.5 2.97 28 40 3.94 1
5 6 7 8
4
3.663840333978085
APP_9_Input_Layer_0 0.6 0.6 2.25 1.72 5 13 3.63 1

APP_9_Inner_Layer_0:0 0.4666666666666667 0.4666666666666667 1.75 2.59 33 48 2.43 0
0
APP_9_Inner_Layer_0:1 0.13333333333333333 0.13333333333333333 0.5 1.27 46 14 2.58 1
0
APP_9_Output_Layer_0 0.5333333333333333 0.5333333333333333 2.0 1.91 20 48 1.66 1
1 2
11
3.9894097568163627
APP_10_Input_Layer_0 0.06666666666666667 0.06666666666666667 0.25 2.88 41 10 2.83 1

APP_10_Inner_Layer_0:0 0.26666666666666666 0.26666666666666666 1.0 2.54 44 47 2.6 1
0
APP_10_Inner_Layer_0:1 0.4 0.4 1.5 1.28 35 6 3.32 1
0
APP_10_Inner_Layer_1:0 0.06666666666666667 0.06666666666666667 0.25 2.37 30 33 1.35 1
2
APP_10_Inner_Layer_1:1 0.06666666666666667 0.06666666666666667 0.25 3.74 27 47 3.69 1
1 2
APP_10_Inner_Layer_1:2 0.4 0.4 1.5 2.48 3 22 2.39 1
2
APP_10_Inner_Layer_1:3 0.4666666666666667 0.4666666666666667 1.75 1.7 31 48 3.31 1
1
APP_10_Inner_Layer_2:0 0.26666666666666666 0.26666666666666666 1.0 2.06 10 5 3.41 1
3 6
APP_10_Inner_Layer_2:1 0.26666666666666666 0.26666666666666666 1.0 1.09 36 29 3.3 1
4 5
APP_10_Inner_Layer_3:0 0.26666666666666666 0.26666666666666666 1.0 3.44 14 14 2.82 1
7 8
APP_10_Output_Layer_0 0.26666666666666666 0.26666666666666666 1.0 2.94 15 5 2.84 1
9
13
4.230133335542017
APP_11_Input_Layer_0 0.2 0.2 0.75 1.34 16 34 1.3 1

APP_11_Inner_Layer_0:0 0.13333333333333333 0.13333333333333333 0.5 2.79 23 39 2.55 1
0
APP_11_Inner_Layer_0:1 0.3333333333333333 0.3333333333333333 1.25 1.1 28 4 2.87 1
0
APP_11_Inner_Layer_0:2 0.5333333333333333 0.5333333333333333 2.0 3.09 45 26 2.45 1
0
APP_11_Inner_Layer_1:0 0.4666666666666667 0.4666666666666667 1.75 3.88 13 26 2.05 1
1 2
APP_11_Inner_Layer_1:1 0.3333333333333333 0.3333333333333333 1.25 3.46 36 23 1.12 1
1 3
APP_11_Inner_Layer_1:2 0.4 0.4 1.5 3.55 17 35 2.96 1
2
APP_11_Inner_Layer_2:0 0.4 0.4 1.5 3.19 49 6 2.5 1
4
APP_11_Inner_Layer_2:1 0.4666666666666667 0.4666666666666667 1.75 2.73 8 30 2.11 1
6
APP_11_Inner_Layer_2:2 0.13333333333333333 0.13333333333333333 0.5 1.43 39 31 2.64 1
4 5
APP_11_Inner_Layer_2:3 0.5333333333333333 0.5333333333333333 2.0 1.21 24 49 3.52 0
5 6
APP_11_Inner_Layer_3:0 0.2 0.2 0.75 3.68 9 14 1.22 1
7 8 9 10
APP_11_Output_Layer_0 0.3333333333333333 0.3333333333333333 1.25 3.46 7 41 1.47 0
11
10
4.813141357675925
APP_12_Input_Layer_0 0.5333333333333333 0.5333333333333333 2.0 1.46 21 30 2.7 1

APP_12_Inner_Layer_0:0 0.5333333333333333 0.5333333333333333 2.0 2.95 12 15 3.79 1
0
APP_12_Inner_Layer_0:1 0.5333333333333333 0.5333333333333333 2.0 2.01 40 23 2.81 1
0
APP_12_Inner_Layer_0:2 0.2 0.2 0.75 2.37 33 48 3.22 1
0
APP_12_Inner_Layer_1:0 0.06666666666666667 0.06666666666666667 0.25 3.92 44 15 1.56 1
1 3
APP_12_Inner_Layer_1:1 0.26666666666666666 0.26666666666666666 1.0 1.14 20 5 1.73 1
2
APP_12_Inner_Layer_2:0 0.3333333333333333 0.3333333333333333 1.25 3.24 29 36 3.04 1
4 5
APP_12_Inner_Layer_3:0 0.13333333333333333 0.13333333333333333 0.5 2.99 47 43 3.82 1
6
APP_12_Inner_Layer_3:1 0.3333333333333333 0.3333333333333333 1.25 2.42 44 47 3.38 1
6
APP_12_Output_Layer_0 0.06666666666666667 0.06666666666666667 0.25 2.74 24 2 2.33 0
7 8
15
5.193817562833819
APP_13_Input_Layer_0 0.26666666666666666 0.26666666666666666 1.0 2.71 7 48 2.3 1

APP_13_Inner_Layer_0:0 0.06666666666666667 0.06666666666666667 0.25 3.87 10 43 2.43 1
0
APP_13_Inner_Layer_0:1 0.26666666666666666 0.26666666666666666 1.0 3.97 32 31 2.71 1
0
APP_13_Inner_Layer_0:2 0.6 0.6 2.25 1.76 31 13 2.67 1
0
APP_13_Inner_Layer_0:3 0.2 0.2 0.75 3.25 28 30 1.91 1
0
APP_13_Inner_Layer_1:0 0.06666666666666667 0.06666666666666667 0.25 2.57 14 24 1.46 1
4
APP_13_Inner_Layer_1:1 0.4 0.4 1.5 3.35 41 22 3.84 1
4
APP_13_Inner_Layer_1:2 0.4 0.4 1.5 3.27 35 7 3.45 0
1 2 3 4
APP_13_Inner_Layer_1:3 0.6 0.6 2.25 2.96 44 29 1.58 0
4
APP_13_Inner_Layer_2:0 0.06666666666666667 0.06666666666666667 0.25 2.34 25 28 1.62 0
5 6 7 8
APP_13_Inner_Layer_3:0 0.4 0.4 1.5 2.08 20 27 1.45 1
9
APP_13_Inner_Layer_3:1 0.06666666666666667 0.06666666666666667 0.25 3.81 2 49 3.31 1
9
APP_13_Inner_Layer_3:2 0.6 0.6 2.25 1.71 38 44 3.31 1
9
APP_13_Inner_Layer_3:3 0.26666666666666666 0.26666666666666666 1.0 3.3 9 1 2.94 1
9
APP_13_Output_Layer_0 0.4666666666666667 0.4666666666666667 1.75 2.99 6 35 2.44 1
10 11 12 13
12
5.61408090081036
APP_14_Input_Layer_0 0.6 0.6 2.25 3.84 33 8 3.54 1

APP_14_Inner_Layer_0:0 0.06666666666666667 0.06666666666666667 0.25 1.52 12 10 2.89 1
0
APP_14_Inner_Layer_0:1 0.5333333333333333 0.5333333333333333 2.0 2.28 15 48 3.92 1
0
APP_14_Inner_Layer_0:2 0.06666666666666667 0.06666666666666667 0.25 2.82 43 35 3.23 1
0
APP_14_Inner_Layer_1:0 0.13333333333333333 0.13333333333333333 0.5 2.83 28 30 2.01 1
1
APP_14_Inner_Layer_1:1 0.2 0.2 0.75 4.0 24 43 2.57 1
2 3
APP_14_Inner_Layer_2:0 0.06666666666666667 0.06666666666666667 0.25 3.07 37 24 1.53 1
4
APP_14_Inner_Layer_2:1 0.6 0.6 2.25 2.06 2 16 3.48 1
4
APP_14_Inner_Layer_2:2 0.4 0.4 1.5 1.87 30 21 2.35 0
4 5
APP_14_Inner_Layer_2:3 0.4666666666666667 0.4666666666666667 1.75 2.69 12 30 1.16 1
5
APP_14_Inner_Layer_3:0 0.4666666666666667 0.4666666666666667 1.75 3.84 19 15 3.14 1
6 7 8 9
APP_14_Output_Layer_0 0.2 0.2 0.75 1.05 42 33 3.43 1
10
3
6.150757805567213
APP_15_Input_Layer_0 0.6 0.6 2.25 2.07 4 32 1.95 1

APP_15_Inner_Layer_0:0 0.06666666666666667 0.06666666666666667 0.25 1.96 40 15 3.98 0
0
APP_15_Output_Layer_0 0.3333333333333333 0.3333333333333333 1.25 3.25 7 23 2.07 1
1
