10
14
5
0
APP_0_Input_Layer_0 0.6 0.6 2.25 3.04 19 22 2.16 1

APP_0_Inner_Layer_0:0 0.2 0.2 0.75 2.8 16 23 3.33 1
0
APP_0_Inner_Layer_0:1 0.4 0.4 1.5 2.69 48 47 2.17 1
0
APP_0_Inner_Layer_0:2 0.6 0.6 2.25 3.83 19 38 1.44 1
0
APP_0_Output_Layer_0 0.4666666666666667 0.4666666666666667 1.75 2.25 33 6 2.49 1
1 2 3
9
0.2935125311036346
APP_1_Input_Layer_0 0.06666666666666667 0.06666666666666667 0.25 3.33 40 24 2.11 1

APP_1_Inner_Layer_0:0 0.26666666666666666 0.26666666666666666 1.0 2.44 11 48 3.34 1
0
APP_1_Inner_Layer_0:1 0.4666666666666667 0.4666666666666667 1.75 2.99 26 37 1.56 1
0
APP_1_Inner_Layer_1:0 0.06666666666666667 0.06666666666666667 0.25 1.59 13 28 2.14 1
1 2
APP_1_Inner_Layer_1:1 0.13333333333333333 0.13333333333333333 0.5 2.14 15 35 3.52 1
2
APP_1_Inner_Layer_2:0 0.2 0.2 0.75 3.27 37 40 1.28 1
3 4
APP_1_Inner_Layer_3:0 0.4 0.4 1.5 2.02 16 19 1.05 1
5
APP_1_Inner_Layer_3:1 0.26666666666666666 0.26666666666666666 1.0 2.96 2 4 3.0 1
5
APP_1_Output_Layer_0 0.13333333333333333 0.13333333333333333 0.5 2.29 20 20 2.78 1
6 7
3
0.6232652514038817
APP_2_Input_Layer_0 0.2 0.2 0.75 1.6 43 41 3.33 1

APP_2_Inner_Layer_0:0 0.6 0.6 2.25 3.07 26 27 2.23 1
0
APP_2_Output_Layer_0 0.26666666666666666 0.26666666666666666 1.0 2.14 46 45 1.87 1
1
4
1.1379499931453512
APP_3_Input_Layer_0 0.13333333333333333 0.13333333333333333 0.5 2.06 7 35 3.59 1

APP_3_Inner_Layer_0:0 0.13333333333333333 0.13333333333333333 0.5 3.56 2 25 2.44 1
0
APP_3_Inner_Layer_1:0 0.13333333333333333 0.13333333333333333 0.5 1.4 29 36 2.36 1
1
APP_3_Output_Layer_0 0.4 0.4 1.5 1.56 14 46 3.6 1
2
5
1.5739048956930934
APP_4_Input_Layer_0 0.26666666666666666 0.26666666666666666 1.0 3.53 3 1 4.0 1

APP_4_Inner_Layer_0:0 0.2 0.2 0.75 2.28 7 34 2.47 1
0
APP_4_Inner_Layer_0:1 0.26666666666666666 0.26666666666666666 1.0 1.67 5 13 1.58 1
0
APP_4_Inner_Layer_0:2 0.4 0.4 1.5 1.72 46 34 2.22 1
0
APP_4_Output_Layer_0 0.2 0.2 0.75 1.55 49 16 2.75 1
1 2 3
3
1.8855585273438968
APP_5_Input_Layer_0 0.4666666666666667 0.4666666666666667 1.75 2.65 42 29 1.47 0

APP_5_Inner_Layer_0:0 0.06666666666666667 0.06666666666666667 0.25 3.1 30 1 2.5 1
0
APP_5_Output_Layer_0 0.3333333333333333 0.3333333333333333 1.25 3.73 14 20 3.39 1
1
14
2.1978714046063814
APP_6_Input_Layer_0 0.26666666666666666 0.26666666666666666 1.0 1.75 5 31 3.18 1

APP_6_Inner_Layer_0:0 0.3333333333333333 0.3333333333333333 1.25 1.44 27 10 3.82 1
0
APP_6_Inner_Layer_0:1 0.6 0.6 2.25 2.31 38 14 3.73 1
0
APP_6_Inner_Layer_0:2 0.5333333333333333 0.5333333333333333 2.0 2.3 6 30 2.04 1
0
APP_6_Inner_Layer_0:3 0.4 0.4 1.5 1.48 21 23 3.01 1
0
APP_6_Inner_Layer_1:0 0.5333333333333333 0.5333333333333333 2.0 1.34 13 40 2.8 1
1 3 4
APP_6_Inner_Layer_1:1 0.26666666666666666 0.26666666666666666 1.0 2.06 7 24 1.93 1
2
APP_6_Inner_Layer_2:0 0.6 0.6 2.25 2.3 34 20 3.43 1
6
APP_6_Inner_Layer_2:1 0.4 0.4 1.5 2.23 40 15 3.73 1
5 6
APP_6_Inner_Layer_2:2 0.4 0.4 1.5 3.11 19 8 1.08 1
5 6
APP_6_Inner_Layer_2:3 0.26666666666666666 0.26666666666666666 1.0 3.01 30 12 2.22 1
5
APP_6_Inner_Layer_3:0 0.2 0.2 0.75 1.72 11 31 3.01 1
10
APP_6_Inner_Layer_3:1 0.2 0.2 0.75 1.52 36 43 2.91 1
7 8 9
APP_6_Output_Layer_0 0.26666666666666666 0.26666666666666666 1.0 1.89 33 11 3.4 1
11 12
11
2.6122768612210825
APP_7_Input_Layer_0 0.06666666666666667 0.06666666666666667 0.25 3.07 41 32 2.37 1

APP_7_Inner_Layer_0:0 0.4 0.4 1.5 2.76 23 5 1.02 1
0
APP_7_Inner_Layer_0:1 0.5333333333333333 0.5333333333333333 2.0 1.37 13 19 1.05 1
0
APP_7_Inner_Layer_0:2 0.3333333333333333 0.3333333333333333 1.25 2.65 6 35 3.51 1
0
APP_7_Inner_Layer_0:3 0.2 0.2 0.75 2.08 24 10 3.02 1
0
APP_7_Inner_Layer_1:0 0.26666666666666666 0.26666666666666666 1.0 3.26 27 29 3.4 1
1 3
APP_7_Inner_Layer_1:1 0.13333333333333333 0.13333333333333333 0.5 1.71 7 32 1.03 1
2 3 4
APP_7_Inner_Layer_1:2 0.2 0.2 0.75 2.59 13 7 3.98 1
3 4
APP_7_Inner_Layer_2:0 0.26666666666666666 0.26666666666666666 1.0 2.58 12 24 1.43 1
5 6 7
APP_7_Inner_Layer_2:1 0.5333333333333333 0.5333333333333333 2.0 3.93 10 17 2.91 1
6
APP_7_Output_Layer_0 0.2 0.2 0.75 2.12 6 23 1.64 1
8 9
8
3.0260328011851922
APP_8_Input_Layer_0 0.06666666666666667 0.06666666666666667 0.25 2.07 49 21 3.63 1

APP_8_Inner_Layer_0:0 0.3333333333333333 0.3333333333333333 1.25 1.42 33 15 2.52 1
0
APP_8_Inner_Layer_1:0 0.5333333333333333 0.5333333333333333 2.0 1.97 26 2 3.55 1
1
APP_8_Inner_Layer_1:1 0.6 0.6 2.25 2.13 7 33 3.89 1
1
APP_8_Inner_Layer_1:2 0.13333333333333333 0.13333333333333333 0.5 3.73 25 47 2.51 1
1
APP_8_Inner_Layer_1:3 0.6 0.6 2.25 2.88 9 21 1.22 1
1
APP_8_Inner_Layer_2:0 0.06666666666666667 0.06666666666666667 0.25 1.79 31 26 2.86 1
2 3 4 5
APP_8_Output_Layer_0 0.13333333333333333 0.13333333333333333 0.5 2.73 37 4 1.88 1
6
12
3.388108007796597
APP_9_Input_Layer_0 0.6 0.6 2.25 3.6 17 41 2.3 1

APP_9_Inner_Layer_0:0 0.26666666666666666 0.26666666666666666 1.0 2.53 44 49 2.52 1
0
APP_9_Inner_Layer_0:1 0.5333333333333333 0.5333333333333333 2.0 1.58 20 28 3.64 1
0
APP_9_Inner_Layer_0:2 0.5333333333333333 0.5333333333333333 2.0 1.56 34 49 3.16 1
0
APP_9_Inner_Layer_1:0 0.13333333333333333 0.13333333333333333 0.5 2.01 46 49 2.91 1
1 3
APP_9_Inner_Layer_1:1 0.5333333333333333 0.5333333333333333 2.0 1.39 36 41 2.77 1
1
APP_9_Inner_Layer_1:2 0.06666666666666667 0.06666666666666667 0.25 3.71 30 1 3.97 1
1 3
APP_9_Inner_Layer_1:3 0.2 0.2 0.75 1.37 44 11 1.11 1
2
APP_9_Inner_Layer_2:0 0.4 0.4 1.5 3.78 26 16 3.17 1
4 5 7
APP_9_Inner_Layer_2:1 0.2 0.2 0.75 3.08 26 27 2.5 1
6 7
APP_9_Inner_Layer_2:2 0.06666666666666667 0.06666666666666667 0.25 2.5 20 26 1.74 1
4 5 6
APP_9_Output_Layer_0 0.6 0.6 2.25 3.63 12 10 2.79 1
8 9 10
5
4.07278700422346
APP_10_Input_Layer_0 0.26666666666666666 0.26666666666666666 1.0 1.16 37 29 2.76 0

APP_10_Inner_Layer_0:0 0.26666666666666666 0.26666666666666666 1.0 2.06 2 6 2.24 1
0
APP_10_Inner_Layer_0:1 0.4666666666666667 0.4666666666666667 1.75 2.18 23 8 2.87 1
0
APP_10_Inner_Layer_0:2 0.2 0.2 0.75 1.48 38 43 3.55 1
0
APP_10_Output_Layer_0 0.13333333333333333 0.13333333333333333 0.5 3.91 4 36 2.61 0
1 2 3
3
4.580603206397993
APP_11_Input_Layer_0 0.5333333333333333 0.5333333333333333 2.0 1.12 13 17 3.81 1

APP_11_Inner_Layer_0:0 0.06666666666666667 0.06666666666666667 0.25 2.0 9 5 2.45 1
0
APP_11_Output_Layer_0 0.06666666666666667 0.06666666666666667 0.25 3.65 12 47 3.9 1
1
13
5.136262922489506
APP_12_Input_Layer_0 0.26666666666666666 0.26666666666666666 1.0 3.2 34 2 1.22 1

APP_12_Inner_Layer_0:0 0.4 0.4 1.5 2.52 4 49 3.65 1
0
APP_12_Inner_Layer_0:1 0.13333333333333333 0.13333333333333333 0.5 1.06 10 5 1.72 1
0
APP_12_Inner_Layer_0:2 0.4666666666666667 0.4666666666666667 1.75 1.92 39 7 2.43 1
0
APP_12_Inner_Layer_0:3 0.2 0.2 0.75 1.09 4 3 2.04 1
0
APP_12_Inner_Layer_1:0 0.2 0.2 0.75 3.75 33 18 3.78 1
1 2 3
APP_12_Inner_Layer_1:1 0.26666666666666666 0.26666666666666666 1.0 3.56 7 48 2.94 1
1 4
APP_12_Inner_Layer_1:2 0.06666666666666667 0.06666666666666667 0.25 3.85 30 3 2.68 1
1
APP_12_Inner_Layer_2:0 0.3333333333333333 0.3333333333333333 1.25 3.12 11 7 3.6 1
6
APP_12_Inner_Layer_2:1 0.6 0.6 2.25 3.35 25 7 2.11 1
6 7
APP_12_Inner_Layer_2:2 0.4 0.4 1.5 3.41 6 11 2.11 1
7
APP_12_Inner_Layer_2:3 0.6 0.6 2.25 3.37 3 9 1.28 1
5 7
APP_12_Output_Layer_0 0.5333333333333333 0.5333333333333333 2.0 1.35 32 18 3.51 0
8 9 10 11
10
5.5410864690182855
APP_13_Input_Layer_0 0.6 0.6 2.25 3.27 36 35 3.53 1

APP_13_Inner_Layer_0:0 0.2 0.2 0.75 2.6 36 31 1.95 1
0
APP_13_Inner_Layer_1:0 0.06666666666666667 0.06666666666666667 0.25 1.04 43 11 1.86 1
1
APP_13_Inner_Layer_1:1 0.3333333333333333 0.3333333333333333 1.25 1.95 46 42 3.1 1
1
APP_13_Inner_Layer_1:2 0.5333333333333333 0.5333333333333333 2.0 1.04 33 17 2.7 1
1
APP_13_Inner_Layer_1:3 0.6 0.6 2.25 3.44 2 39 2.8 1
1
APP_13_Inner_Layer_2:0 0.06666666666666667 0.06666666666666667 0.25 3.03 28 38 1.57 1
5 2
APP_13_Inner_Layer_2:1 0.6 0.6 2.25 3.03 22 13 2.0 1
2 3 4 5
APP_13_Inner_Layer_2:2 0.2 0.2 0.75 3.74 19 47 1.59 1
3 5
APP_13_Output_Layer_0 0.06666666666666667 0.06666666666666667 0.25 2.71 21 30 2.03 0
6 7 8
