10
14
8
0
APP_0_Input_Layer_0 0.6 0.6 2.25 1.36 27 27 2.04 1

APP_0_Inner_Layer_0:0 0.4666666666666667 0.4666666666666667 1.75 1.44 43 4 1.56 1
0
APP_0_Inner_Layer_0:1 0.26666666666666666 0.26666666666666666 1.0 1.04 48 35 3.02 1
0
APP_0_Inner_Layer_1:0 0.26666666666666666 0.26666666666666666 1.0 2.75 13 9 1.2 1
1 2
APP_0_Inner_Layer_1:1 0.5333333333333333 0.5333333333333333 2.0 1.87 45 3 2.27 1
2
APP_0_Inner_Layer_1:2 0.3333333333333333 0.3333333333333333 1.25 2.23 46 1 2.9 1
2
APP_0_Inner_Layer_1:3 0.4 0.4 1.5 2.83 18 20 3.95 1
2
APP_0_Output_Layer_0 0.26666666666666666 0.26666666666666666 1.0 1.99 34 18 1.5 1
3 4 5 6
7
0.31129685050276446
APP_1_Input_Layer_0 0.4666666666666667 0.4666666666666667 1.75 3.78 33 15 1.77 1

APP_1_Inner_Layer_0:0 0.26666666666666666 0.26666666666666666 1.0 2.04 21 38 3.84 1
0
APP_1_Inner_Layer_0:1 0.3333333333333333 0.3333333333333333 1.25 3.47 19 35 3.85 1
0
APP_1_Inner_Layer_1:0 0.3333333333333333 0.3333333333333333 1.25 2.61 19 35 2.96 1
2
APP_1_Inner_Layer_1:1 0.2 0.2 0.75 3.77 24 4 2.35 1
1 2
APP_1_Inner_Layer_2:0 0.4666666666666667 0.4666666666666667 1.75 2.71 40 5 2.49 1
3 4
APP_1_Output_Layer_0 0.2 0.2 0.75 3.66 19 34 3.12 1
5
8
0.6514701273789667
APP_2_Input_Layer_0 0.6 0.6 2.25 1.53 42 37 3.52 1

APP_2_Inner_Layer_0:0 0.13333333333333333 0.13333333333333333 0.5 3.18 32 13 3.03 1
0
APP_2_Inner_Layer_0:1 0.6 0.6 2.25 1.78 20 37 1.05 1
0
APP_2_Inner_Layer_0:2 0.13333333333333333 0.13333333333333333 0.5 2.22 13 14 3.77 1
0
APP_2_Inner_Layer_1:0 0.06666666666666667 0.06666666666666667 0.25 2.56 37 29 1.16 1
1 2 3
APP_2_Inner_Layer_1:1 0.13333333333333333 0.13333333333333333 0.5 2.52 22 22 1.19 1
3 1
APP_2_Inner_Layer_1:2 0.5333333333333333 0.5333333333333333 2.0 3.94 34 7 2.24 1
2 3
APP_2_Output_Layer_0 0.3333333333333333 0.3333333333333333 1.25 3.01 3 38 3.85 1
4 5 6
12
1.0804194681686097
APP_3_Input_Layer_0 0.6 0.6 2.25 3.48 39 44 1.2 1

APP_3_Inner_Layer_0:0 0.6 0.6 2.25 1.41 24 44 3.25 1
0
APP_3_Inner_Layer_1:0 0.3333333333333333 0.3333333333333333 1.25 3.5 7 21 2.05 1
1
APP_3_Inner_Layer_2:0 0.26666666666666666 0.26666666666666666 1.0 3.12 46 19 2.57 1
2
APP_3_Inner_Layer_2:1 0.2 0.2 0.75 1.9 48 21 3.94 1
2
APP_3_Inner_Layer_2:2 0.4666666666666667 0.4666666666666667 1.75 1.04 28 19 2.67 1
2
APP_3_Inner_Layer_2:3 0.4666666666666667 0.4666666666666667 1.75 1.56 27 28 3.8 1
2
APP_3_Inner_Layer_3:0 0.4 0.4 1.5 2.04 20 3 3.92 1
3 4
APP_3_Inner_Layer_3:1 0.13333333333333333 0.13333333333333333 0.5 2.91 23 43 1.84 1
5
APP_3_Inner_Layer_3:2 0.4 0.4 1.5 2.89 22 3 2.99 1
3 4
APP_3_Inner_Layer_3:3 0.06666666666666667 0.06666666666666667 0.25 1.62 21 46 1.04 1
3 6
APP_3_Output_Layer_0 0.5333333333333333 0.5333333333333333 2.0 3.56 31 15 2.06 1
7 8 9 10
11
1.3671844662139574
APP_4_Input_Layer_0 0.4666666666666667 0.4666666666666667 1.75 3.07 31 28 2.41 1

APP_4_Inner_Layer_0:0 0.6 0.6 2.25 2.87 16 8 1.79 1
0
APP_4_Inner_Layer_0:1 0.2 0.2 0.75 1.38 36 22 1.22 1
0
APP_4_Inner_Layer_1:0 0.06666666666666667 0.06666666666666667 0.25 1.08 7 23 1.81 1
1
APP_4_Inner_Layer_1:1 0.4666666666666667 0.4666666666666667 1.75 1.53 14 10 1.96 1
2
APP_4_Inner_Layer_2:0 0.5333333333333333 0.5333333333333333 2.0 1.36 40 44 2.5 1
3
APP_4_Inner_Layer_2:1 0.4 0.4 1.5 3.38 23 41 2.07 1
3
APP_4_Inner_Layer_2:2 0.5333333333333333 0.5333333333333333 2.0 1.19 43 32 2.35 1
4
APP_4_Inner_Layer_2:3 0.2 0.2 0.75 2.32 34 35 3.59 1
4
APP_4_Inner_Layer_3:0 0.2 0.2 0.75 2.55 27 21 3.67 1
5 6 7 8
APP_4_Output_Layer_0 0.13333333333333333 0.13333333333333333 0.5 1.25 46 21 3.59 1
9
7
1.8437763722522384
APP_5_Input_Layer_0 0.26666666666666666 0.26666666666666666 1.0 3.59 18 9 3.36 1

APP_5_Inner_Layer_0:0 0.4 0.4 1.5 1.52 33 9 3.24 1
0
APP_5_Inner_Layer_0:1 0.06666666666666667 0.06666666666666667 0.25 1.29 6 36 3.67 1
0
APP_5_Inner_Layer_1:0 0.3333333333333333 0.3333333333333333 1.25 3.88 24 21 1.82 1
1 2
APP_5_Inner_Layer_1:1 0.3333333333333333 0.3333333333333333 1.25 3.4 46 6 3.56 1
1
APP_5_Inner_Layer_1:2 0.06666666666666667 0.06666666666666667 0.25 3.41 40 26 2.54 1
1
APP_5_Output_Layer_0 0.13333333333333333 0.13333333333333333 0.5 2.44 20 36 3.01 1
3 4 5
7
2.325602754833044
APP_6_Input_Layer_0 0.26666666666666666 0.26666666666666666 1.0 1.74 22 27 3.18 1

APP_6_Inner_Layer_0:0 0.3333333333333333 0.3333333333333333 1.25 1.79 12 21 1.75 1
0
APP_6_Inner_Layer_0:1 0.26666666666666666 0.26666666666666666 1.0 3.08 37 30 3.33 1
0
APP_6_Inner_Layer_1:0 0.3333333333333333 0.3333333333333333 1.25 2.41 26 37 3.86 1
1 2
APP_6_Inner_Layer_2:0 0.4 0.4 1.5 2.71 9 35 1.49 1
3
APP_6_Inner_Layer_3:0 0.4 0.4 1.5 3.83 29 24 2.99 1
4
APP_6_Output_Layer_0 0.4 0.4 1.5 2.16 19 36 2.69 1
5
11
2.6219578602677998
APP_7_Input_Layer_0 0.2 0.2 0.75 3.33 6 22 2.43 1

APP_7_Inner_Layer_0:0 0.4 0.4 1.5 2.94 42 7 1.88 1
0
APP_7_Inner_Layer_1:0 0.3333333333333333 0.3333333333333333 1.25 3.46 19 9 1.26 1
1
APP_7_Inner_Layer_1:1 0.3333333333333333 0.3333333333333333 1.25 2.66 5 30 2.81 1
1
APP_7_Inner_Layer_1:2 0.6 0.6 2.25 3.73 16 9 2.06 1
1
APP_7_Inner_Layer_1:3 0.06666666666666667 0.06666666666666667 0.25 1.92 48 9 1.01 1
1
APP_7_Inner_Layer_2:0 0.4 0.4 1.5 1.21 31 43 1.0 1
2 3
APP_7_Inner_Layer_2:1 0.6 0.6 2.25 3.64 42 3 3.43 1
2 4 5
APP_7_Inner_Layer_2:2 0.3333333333333333 0.3333333333333333 1.25 1.93 10 15 2.52 1
5
APP_7_Inner_Layer_2:3 0.3333333333333333 0.3333333333333333 1.25 1.04 7 28 1.29 1
2 5
APP_7_Output_Layer_0 0.4 0.4 1.5 2.26 12 24 2.84 1
6 7 8 9
13
2.901361145266587
APP_8_Input_Layer_0 0.6 0.6 2.25 1.85 22 32 2.07 1

APP_8_Inner_Layer_0:0 0.3333333333333333 0.3333333333333333 1.25 1.75 13 14 1.27 1
0
APP_8_Inner_Layer_0:1 0.5333333333333333 0.5333333333333333 2.0 2.34 40 17 1.8 1
0
APP_8_Inner_Layer_0:2 0.13333333333333333 0.13333333333333333 0.5 2.82 44 41 3.32 1
0
APP_8_Inner_Layer_1:0 0.5333333333333333 0.5333333333333333 2.0 3.83 10 43 3.37 1
1 2 3
APP_8_Inner_Layer_2:0 0.5333333333333333 0.5333333333333333 2.0 2.41 26 16 1.1 1
4
APP_8_Inner_Layer_2:1 0.13333333333333333 0.13333333333333333 0.5 3.11 9 10 3.37 1
4
APP_8_Inner_Layer_2:2 0.26666666666666666 0.26666666666666666 1.0 1.06 28 30 2.33 1
4
APP_8_Inner_Layer_2:3 0.5333333333333333 0.5333333333333333 2.0 2.6 25 46 1.73 1
4
APP_8_Inner_Layer_3:0 0.13333333333333333 0.13333333333333333 0.5 3.64 3 34 1.66 1
7 8
APP_8_Inner_Layer_3:1 0.3333333333333333 0.3333333333333333 1.25 1.6 46 25 2.73 1
5 8
APP_8_Inner_Layer_3:2 0.13333333333333333 0.13333333333333333 0.5 1.41 17 40 2.66 1
5 6 7
APP_8_Output_Layer_0 0.4 0.4 1.5 3.28 20 5 2.7 1
9 10 11
4
3.268203020038675
APP_9_Input_Layer_0 0.13333333333333333 0.13333333333333333 0.5 3.69 13 48 2.71 1

APP_9_Inner_Layer_0:0 0.6 0.6 2.25 2.38 32 37 1.34 1
0
APP_9_Inner_Layer_0:1 0.4 0.4 1.5 3.14 20 29 2.87 1
0
APP_9_Output_Layer_0 0.3333333333333333 0.3333333333333333 1.25 3.56 16 11 1.05 1
1 2
13
3.911543357920909
APP_10_Input_Layer_0 0.13333333333333333 0.13333333333333333 0.5 3.68 43 22 1.71 1

APP_10_Inner_Layer_0:0 0.4666666666666667 0.4666666666666667 1.75 1.54 22 31 3.53 1
0
APP_10_Inner_Layer_0:1 0.4666666666666667 0.4666666666666667 1.75 2.05 45 6 1.96 1
0
APP_10_Inner_Layer_0:2 0.6 0.6 2.25 2.29 41 44 2.13 1
0
APP_10_Inner_Layer_1:0 0.3333333333333333 0.3333333333333333 1.25 3.78 49 14 1.54 1
2
APP_10_Inner_Layer_1:1 0.26666666666666666 0.26666666666666666 1.0 1.09 45 4 2.76 1
1 3
APP_10_Inner_Layer_1:2 0.2 0.2 0.75 1.63 49 38 2.6 1
2
APP_10_Inner_Layer_2:0 0.3333333333333333 0.3333333333333333 1.25 3.78 29 5 2.12 1
4 5 6
APP_10_Inner_Layer_3:0 0.4666666666666667 0.4666666666666667 1.75 2.86 18 41 2.66 1
7
APP_10_Inner_Layer_3:1 0.3333333333333333 0.3333333333333333 1.25 1.34 28 42 3.53 1
7
APP_10_Inner_Layer_3:2 0.06666666666666667 0.06666666666666667 0.25 2.17 26 43 2.22 1
7
APP_10_Inner_Layer_3:3 0.13333333333333333 0.13333333333333333 0.5 1.4 20 38 1.48 1
7
APP_10_Output_Layer_0 0.26666666666666666 0.26666666666666666 1.0 3.48 45 29 3.01 1
8 9 10 11
10
4.185788382557195
APP_11_Input_Layer_0 0.4 0.4 1.5 3.96 42 8 2.09 1

APP_11_Inner_Layer_0:0 0.4666666666666667 0.4666666666666667 1.75 2.57 4 43 1.38 1
0
APP_11_Inner_Layer_0:1 0.6 0.6 2.25 2.73 15 6 3.62 1
0
APP_11_Inner_Layer_0:2 0.26666666666666666 0.26666666666666666 1.0 3.66 6 5 2.52 1
0
APP_11_Inner_Layer_1:0 0.4666666666666667 0.4666666666666667 1.75 3.75 9 33 1.52 1
3
APP_11_Inner_Layer_1:1 0.26666666666666666 0.26666666666666666 1.0 1.64 31 13 2.83 1
1 2
APP_11_Inner_Layer_2:0 0.3333333333333333 0.3333333333333333 1.25 1.8 43 36 3.7 1
4 5
APP_11_Inner_Layer_3:0 0.4666666666666667 0.4666666666666667 1.75 1.67 25 29 1.06 1
6
APP_11_Inner_Layer_3:1 0.2 0.2 0.75 1.23 18 27 1.24 1
6
APP_11_Output_Layer_0 0.4 0.4 1.5 2.36 32 26 2.07 1
7 8
9
4.449724701279785
APP_12_Input_Layer_0 0.13333333333333333 0.13333333333333333 0.5 3.27 8 36 2.26 1

APP_12_Inner_Layer_0:0 0.13333333333333333 0.13333333333333333 0.5 2.17 36 11 2.24 1
0
APP_12_Inner_Layer_0:1 0.06666666666666667 0.06666666666666667 0.25 2.72 9 29 2.06 1
0
APP_12_Inner_Layer_0:2 0.4666666666666667 0.4666666666666667 1.75 2.07 17 21 2.3 1
0
APP_12_Inner_Layer_1:0 0.5333333333333333 0.5333333333333333 2.0 1.05 11 14 2.96 1
1 2 3
APP_12_Inner_Layer_2:0 0.6 0.6 2.25 3.87 36 7 2.05 1
4
APP_12_Inner_Layer_2:1 0.26666666666666666 0.26666666666666666 1.0 1.87 22 43 3.27 1
4
APP_12_Inner_Layer_2:2 0.6 0.6 2.25 3.07 41 19 2.1 1
4
APP_12_Output_Layer_0 0.13333333333333333 0.13333333333333333 0.5 2.88 42 35 3.1 1
5 6 7
6
4.788706396518609
APP_13_Input_Layer_0 0.26666666666666666 0.26666666666666666 1.0 1.64 40 5 2.87 1

APP_13_Inner_Layer_0:0 0.13333333333333333 0.13333333333333333 0.5 2.34 4 28 2.44 1
0
APP_13_Inner_Layer_1:0 0.2 0.2 0.75 3.13 22 30 2.13 1
1
APP_13_Inner_Layer_2:0 0.06666666666666667 0.06666666666666667 0.25 1.1 5 8 3.46 1
2
APP_13_Inner_Layer_2:1 0.26666666666666666 0.26666666666666666 1.0 1.6 12 37 3.31 1
2
APP_13_Output_Layer_0 0.6 0.6 2.25 3.15 12 45 1.74 1
3 4
