10
14
4
0
APP_0_Input_Layer_0 0.4666666666666667 0.4666666666666667 1.75 1.95 7 28 1.37 1

APP_0_Inner_Layer_0:0 0.4 0.4 1.5 3.5 26 26 2.05 1
0
APP_0_Inner_Layer_0:1 0.6 0.6 2.25 2.99 17 30 2.93 1
0
APP_0_Output_Layer_0 0.2 0.2 0.75 3.83 29 46 3.38 0
1 2
9
0.4052185928069479
APP_1_Input_Layer_0 0.2 0.2 0.75 1.57 33 10 2.28 1

APP_1_Inner_Layer_0:0 0.13333333333333333 0.13333333333333333 0.5 1.19 17 31 2.64 1
0
APP_1_Inner_Layer_0:1 0.4 0.4 1.5 1.3 18 35 3.63 1
0
APP_1_Inner_Layer_0:2 0.06666666666666667 0.06666666666666667 0.25 3.99 16 4 3.61 1
0
APP_1_Inner_Layer_1:0 0.6 0.6 2.25 3.24 1 17 1.6 1
1 2 3
APP_1_Inner_Layer_1:1 0.06666666666666667 0.06666666666666667 0.25 1.15 10 17 3.5 1
3
APP_1_Inner_Layer_1:2 0.5333333333333333 0.5333333333333333 2.0 2.11 49 23 1.77 1
3
APP_1_Inner_Layer_1:3 0.4666666666666667 0.4666666666666667 1.75 2.4 35 8 1.1 1
1 2
APP_1_Output_Layer_0 0.13333333333333333 0.13333333333333333 0.5 3.47 35 21 2.58 1
4 5 6 7
7
0.6789476878984362
APP_2_Input_Layer_0 0.2 0.2 0.75 1.9 39 48 1.18 1

APP_2_Inner_Layer_0:0 0.4666666666666667 0.4666666666666667 1.75 2.8 44 35 3.88 1
0
APP_2_Inner_Layer_1:0 0.13333333333333333 0.13333333333333333 0.5 1.79 6 11 3.15 1
1
APP_2_Inner_Layer_1:1 0.4666666666666667 0.4666666666666667 1.75 1.85 24 42 3.23 1
1
APP_2_Inner_Layer_1:2 0.13333333333333333 0.13333333333333333 0.5 1.4 46 47 2.25 1
1
APP_2_Inner_Layer_1:3 0.06666666666666667 0.06666666666666667 0.25 3.16 28 14 2.27 1
1
APP_2_Output_Layer_0 0.6 0.6 2.25 3.1 23 5 2.97 1
2 3 4 5
5
1.015095475838541
APP_3_Input_Layer_0 0.26666666666666666 0.26666666666666666 1.0 1.24 45 12 1.27 1

APP_3_Inner_Layer_0:0 0.2 0.2 0.75 2.84 18 12 3.38 1
0
APP_3_Inner_Layer_0:1 0.6 0.6 2.25 3.49 33 44 3.1 1
0
APP_3_Inner_Layer_0:2 0.5333333333333333 0.5333333333333333 2.0 3.84 41 35 3.11 1
0
APP_3_Output_Layer_0 0.4 0.4 1.5 3.06 29 37 1.62 1
1 2 3
15
1.3688642416375587
APP_4_Input_Layer_0 0.4666666666666667 0.4666666666666667 1.75 2.88 40 27 2.04 1

APP_4_Inner_Layer_0:0 0.4666666666666667 0.4666666666666667 1.75 3.71 14 36 2.06 1
0
APP_4_Inner_Layer_0:1 0.26666666666666666 0.26666666666666666 1.0 1.7 38 4 2.13 1
0
APP_4_Inner_Layer_0:2 0.5333333333333333 0.5333333333333333 2.0 1.77 27 7 2.64 1
0
APP_4_Inner_Layer_0:3 0.06666666666666667 0.06666666666666667 0.25 1.57 16 37 1.33 1
0
APP_4_Inner_Layer_1:0 0.26666666666666666 0.26666666666666666 1.0 3.63 26 15 3.25 1
4
APP_4_Inner_Layer_1:1 0.06666666666666667 0.06666666666666667 0.25 2.18 35 4 3.86 1
3 2 4
APP_4_Inner_Layer_1:2 0.2 0.2 0.75 2.89 27 29 2.39 1
1 2 3 4
APP_4_Inner_Layer_2:0 0.26666666666666666 0.26666666666666666 1.0 3.86 31 38 1.95 1
6
APP_4_Inner_Layer_2:1 0.26666666666666666 0.26666666666666666 1.0 3.88 13 28 3.08 1
5 6 7
APP_4_Inner_Layer_2:2 0.13333333333333333 0.13333333333333333 0.5 2.57 22 47 1.76 1
7
APP_4_Inner_Layer_3:0 0.2 0.2 0.75 1.57 28 17 3.88 1
10
APP_4_Inner_Layer_3:1 0.13333333333333333 0.13333333333333333 0.5 1.42 30 48 2.9 1
8 9
APP_4_Inner_Layer_3:2 0.26666666666666666 0.26666666666666666 1.0 1.64 33 25 3.53 1
8 9 10
APP_4_Output_Layer_0 0.06666666666666667 0.06666666666666667 0.25 3.66 29 26 3.23 1
11 12 13
5
1.9575374425925247
APP_5_Input_Layer_0 0.6 0.6 2.25 3.07 48 40 3.31 0

APP_5_Inner_Layer_0:0 0.5333333333333333 0.5333333333333333 2.0 2.59 3 32 1.47 1
0
APP_5_Inner_Layer_0:1 0.2 0.2 0.75 2.64 47 33 1.85 1
0
APP_5_Inner_Layer_0:2 0.3333333333333333 0.3333333333333333 1.25 2.18 24 44 4.0 1
0
APP_5_Output_Layer_0 0.5333333333333333 0.5333333333333333 2.0 3.01 15 32 1.39 1
1 2 3
10
2.6317166972895314
APP_6_Input_Layer_0 0.3333333333333333 0.3333333333333333 1.25 1.39 18 38 3.64 1

APP_6_Inner_Layer_0:0 0.3333333333333333 0.3333333333333333 1.25 1.46 5 31 3.79 1
0
APP_6_Inner_Layer_0:1 0.2 0.2 0.75 2.12 1 13 3.67 1
0
APP_6_Inner_Layer_0:2 0.4666666666666667 0.4666666666666667 1.75 1.58 3 2 3.39 1
0
APP_6_Inner_Layer_0:3 0.3333333333333333 0.3333333333333333 1.25 1.18 34 39 2.94 1
0
APP_6_Inner_Layer_1:0 0.5333333333333333 0.5333333333333333 2.0 1.89 11 43 3.57 1
1 3 4
APP_6_Inner_Layer_1:1 0.06666666666666667 0.06666666666666667 0.25 1.35 22 47 3.02 1
3
APP_6_Inner_Layer_1:2 0.4666666666666667 0.4666666666666667 1.75 3.43 2 8 1.77 1
1 2 4
APP_6_Inner_Layer_1:3 0.26666666666666666 0.26666666666666666 1.0 3.28 6 15 2.83 1
1 4
APP_6_Output_Layer_0 0.06666666666666667 0.06666666666666667 0.25 2.7 13 21 2.05 1
5 6 7 8
5
3.1308616889440994
APP_7_Input_Layer_0 0.06666666666666667 0.06666666666666667 0.25 3.92 19 47 2.46 1

APP_7_Inner_Layer_0:0 0.5333333333333333 0.5333333333333333 2.0 3.79 44 22 2.33 1
0
APP_7_Inner_Layer_1:0 0.3333333333333333 0.3333333333333333 1.25 2.1 26 31 3.95 1
1
APP_7_Inner_Layer_1:1 0.3333333333333333 0.3333333333333333 1.25 2.5 37 20 1.53 1
1
APP_7_Output_Layer_0 0.4 0.4 1.5 3.37 10 5 1.48 1
2 3
3
3.4596226970377444
APP_8_Input_Layer_0 0.6 0.6 2.25 1.68 9 15 3.11 1

APP_8_Inner_Layer_0:0 0.06666666666666667 0.06666666666666667 0.25 3.85 13 29 3.83 1
0
APP_8_Output_Layer_0 0.4666666666666667 0.4666666666666667 1.75 3.33 5 39 2.97 1
1
12
3.8124522431003083
APP_9_Input_Layer_0 0.4666666666666667 0.4666666666666667 1.75 2.99 20 44 1.39 1

APP_9_Inner_Layer_0:0 0.4666666666666667 0.4666666666666667 1.75 1.59 35 28 1.48 1
0
APP_9_Inner_Layer_0:1 0.6 0.6 2.25 1.76 5 7 1.28 1
0
APP_9_Inner_Layer_0:2 0.5333333333333333 0.5333333333333333 2.0 1.64 40 27 3.05 1
0
APP_9_Inner_Layer_0:3 0.26666666666666666 0.26666666666666666 1.0 1.23 4 34 2.87 1
0
APP_9_Inner_Layer_1:0 0.5333333333333333 0.5333333333333333 2.0 3.91 27 26 1.65 1
1
APP_9_Inner_Layer_1:1 0.5333333333333333 0.5333333333333333 2.0 3.19 13 2 3.11 1
3 4
APP_9_Inner_Layer_1:2 0.26666666666666666 0.26666666666666666 1.0 3.79 6 11 1.89 1
2
APP_9_Inner_Layer_1:3 0.2 0.2 0.75 2.1 47 11 1.19 1
1 2 3 4
APP_9_Inner_Layer_2:0 0.5333333333333333 0.5333333333333333 2.0 1.4 11 42 2.77 1
5 8
APP_9_Inner_Layer_2:1 0.26666666666666666 0.26666666666666666 1.0 3.95 36 4 3.37 1
6 7
APP_9_Output_Layer_0 0.5333333333333333 0.5333333333333333 2.0 2.6 42 19 3.35 1
9 10
6
4.137381200452802
APP_10_Input_Layer_0 0.6 0.6 2.25 3.27 17 22 1.83 1

APP_10_Inner_Layer_0:0 0.6 0.6 2.25 2.44 38 9 1.21 1
0
APP_10_Inner_Layer_0:1 0.4666666666666667 0.4666666666666667 1.75 3.52 45 48 1.1 1
0
APP_10_Inner_Layer_0:2 0.13333333333333333 0.13333333333333333 0.5 1.65 48 18 3.32 1
0
APP_10_Inner_Layer_0:3 0.4 0.4 1.5 1.06 27 4 2.19 1
0
APP_10_Output_Layer_0 0.2 0.2 0.75 1.87 15 29 3.76 1
1 2 3 4
12
4.664429330089585
APP_11_Input_Layer_0 0.2 0.2 0.75 3.27 22 28 3.11 1

APP_11_Inner_Layer_0:0 0.5333333333333333 0.5333333333333333 2.0 3.91 46 48 3.39 1
0
APP_11_Inner_Layer_0:1 0.2 0.2 0.75 2.04 36 18 2.96 1
0
APP_11_Inner_Layer_0:2 0.6 0.6 2.25 2.06 28 3 3.2 1
0
APP_11_Inner_Layer_0:3 0.4 0.4 1.5 1.73 34 32 1.97 1
0
APP_11_Inner_Layer_1:0 0.5333333333333333 0.5333333333333333 2.0 3.93 29 21 3.19 1
1 2 3
APP_11_Inner_Layer_1:1 0.2 0.2 0.75 3.02 42 40 1.11 1
1 4
APP_11_Inner_Layer_1:2 0.5333333333333333 0.5333333333333333 2.0 3.14 41 21 2.01 1
1 2 3
APP_11_Inner_Layer_1:3 0.5333333333333333 0.5333333333333333 2.0 3.09 8 12 2.95 1
2 3 4
APP_11_Inner_Layer_2:0 0.2 0.2 0.75 2.57 34 9 3.19 1
5 6 7
APP_11_Inner_Layer_2:1 0.3333333333333333 0.3333333333333333 1.25 3.82 38 33 1.31 1
8
APP_11_Output_Layer_0 0.5333333333333333 0.5333333333333333 2.0 1.46 30 47 1.43 1
9 10
13
4.936035909584092
APP_12_Input_Layer_0 0.06666666666666667 0.06666666666666667 0.25 2.99 36 18 3.77 0

APP_12_Inner_Layer_0:0 0.3333333333333333 0.3333333333333333 1.25 2.19 24 16 2.75 1
0
APP_12_Inner_Layer_0:1 0.13333333333333333 0.13333333333333333 0.5 2.04 8 25 1.74 1
0
APP_12_Inner_Layer_1:0 0.06666666666666667 0.06666666666666667 0.25 3.06 4 32 2.57 1
2
APP_12_Inner_Layer_1:1 0.06666666666666667 0.06666666666666667 0.25 3.58 43 9 1.84 1
1 2
APP_12_Inner_Layer_1:2 0.4 0.4 1.5 2.61 26 43 1.8 1
1
APP_12_Inner_Layer_1:3 0.13333333333333333 0.13333333333333333 0.5 3.49 7 32 2.25 1
2
APP_12_Inner_Layer_2:0 0.5333333333333333 0.5333333333333333 2.0 3.08 34 23 2.13 1
3 4 5 6
APP_12_Inner_Layer_3:0 0.26666666666666666 0.26666666666666666 1.0 3.41 3 2 1.11 1
7
APP_12_Inner_Layer_3:1 0.6 0.6 2.25 2.15 43 28 3.41 1
7
APP_12_Inner_Layer_3:2 0.4666666666666667 0.4666666666666667 1.75 2.11 15 41 3.78 1
7
APP_12_Inner_Layer_3:3 0.2 0.2 0.75 1.79 6 26 2.62 1
7
APP_12_Output_Layer_0 0.26666666666666666 0.26666666666666666 1.0 2.16 4 35 3.28 1
8 9 10 11
8
5.282375595254621
APP_13_Input_Layer_0 0.3333333333333333 0.3333333333333333 1.25 1.97 3 24 1.18 1

APP_13_Inner_Layer_0:0 0.06666666666666667 0.06666666666666667 0.25 1.97 30 5 3.93 1
0
APP_13_Inner_Layer_0:1 0.13333333333333333 0.13333333333333333 0.5 1.31 43 48 2.92 1
0
APP_13_Inner_Layer_0:2 0.2 0.2 0.75 1.45 34 1 3.0 1
0
APP_13_Inner_Layer_0:3 0.2 0.2 0.75 2.64 43 4 3.83 1
0
APP_13_Inner_Layer_1:0 0.3333333333333333 0.3333333333333333 1.25 3.66 21 11 3.94 1
1 2 4
APP_13_Inner_Layer_1:1 0.4666666666666667 0.4666666666666667 1.75 3.34 15 31 2.06 1
3
APP_13_Output_Layer_0 0.06666666666666667 0.06666666666666667 0.25 3.97 49 41 3.42 1
5 6
