10
14
12
0
APP_0_Input_Layer_0 0.6 0.6 2.25 2.83 34 12 2.22 1

APP_0_Inner_Layer_0:0 0.13333333333333333 0.13333333333333333 0.5 2.68 34 44 1.4 1
0
APP_0_Inner_Layer_0:1 0.6 0.6 2.25 3.8 19 30 3.85 1
0
APP_0_Inner_Layer_1:0 0.6 0.6 2.25 3.76 4 39 3.06 1
1
APP_0_Inner_Layer_1:1 0.6 0.6 2.25 3.05 48 33 2.25 1
2
APP_0_Inner_Layer_1:2 0.06666666666666667 0.06666666666666667 0.25 2.56 37 30 1.57 1
2
APP_0_Inner_Layer_1:3 0.2 0.2 0.75 1.52 37 25 3.13 1
1
APP_0_Inner_Layer_2:0 0.4 0.4 1.5 1.75 26 28 3.6 1
4
APP_0_Inner_Layer_2:1 0.3333333333333333 0.3333333333333333 1.25 1.51 15 9 1.93 1
3
APP_0_Inner_Layer_2:2 0.4 0.4 1.5 3.63 29 22 3.05 1
3 4
APP_0_Inner_Layer_2:3 0.3333333333333333 0.3333333333333333 1.25 2.8 24 10 3.28 1
3 4 5 6
APP_0_Output_Layer_0 0.4 0.4 1.5 3.31 21 33 2.38 1
7 8 9 10
12
0.2899859591714711
APP_1_Input_Layer_0 0.3333333333333333 0.3333333333333333 1.25 3.7 37 16 2.34 1

APP_1_Inner_Layer_0:0 0.5333333333333333 0.5333333333333333 2.0 2.78 14 42 2.15 1
0
APP_1_Inner_Layer_0:1 0.06666666666666667 0.06666666666666667 0.25 2.93 12 36 1.48 1
0
APP_1_Inner_Layer_0:2 0.06666666666666667 0.06666666666666667 0.25 2.16 19 42 3.99 1
0
APP_1_Inner_Layer_1:0 0.26666666666666666 0.26666666666666666 1.0 2.61 13 9 1.41 1
1
APP_1_Inner_Layer_1:1 0.26666666666666666 0.26666666666666666 1.0 1.47 38 28 2.58 1
3
APP_1_Inner_Layer_1:2 0.5333333333333333 0.5333333333333333 2.0 2.3 37 16 2.67 1
1 3
APP_1_Inner_Layer_1:3 0.6 0.6 2.25 1.38 9 40 1.85 1
1 2
APP_1_Inner_Layer_2:0 0.2 0.2 0.75 3.85 4 27 3.78 1
4 5 6 7
APP_1_Inner_Layer_3:0 0.13333333333333333 0.13333333333333333 0.5 2.37 49 48 2.77 1
8
APP_1_Inner_Layer_3:1 0.3333333333333333 0.3333333333333333 1.25 2.24 40 32 3.04 1
8
APP_1_Output_Layer_0 0.2 0.2 0.75 3.49 28 21 2.99 1
9 10
3
0.7350806753976987
APP_2_Input_Layer_0 0.3333333333333333 0.3333333333333333 1.25 1.67 2 13 2.13 0

APP_2_Inner_Layer_0:0 0.13333333333333333 0.13333333333333333 0.5 3.25 18 22 1.15 1
0
APP_2_Output_Layer_0 0.5333333333333333 0.5333333333333333 2.0 3.38 23 7 1.14 1
1
7
1.1571763817891418
APP_3_Input_Layer_0 0.26666666666666666 0.26666666666666666 1.0 2.58 16 44 1.56 1

APP_3_Inner_Layer_0:0 0.06666666666666667 0.06666666666666667 0.25 3.79 10 10 3.79 1
0
APP_3_Inner_Layer_0:1 0.3333333333333333 0.3333333333333333 1.25 3.25 43 10 2.13 1
0
APP_3_Inner_Layer_0:2 0.5333333333333333 0.5333333333333333 2.0 3.21 18 45 3.57 1
0
APP_3_Inner_Layer_1:0 0.2 0.2 0.75 2.76 46 24 2.88 1
2 3
APP_3_Inner_Layer_1:1 0.4666666666666667 0.4666666666666667 1.75 2.03 43 14 2.95 1
1
APP_3_Output_Layer_0 0.4 0.4 1.5 2.54 24 20 1.24 1
4 5
12
1.7624870176885656
APP_4_Input_Layer_0 0.2 0.2 0.75 2.14 48 31 3.45 1

APP_4_Inner_Layer_0:0 0.26666666666666666 0.26666666666666666 1.0 3.52 29 22 2.38 1
0
APP_4_Inner_Layer_0:1 0.4666666666666667 0.4666666666666667 1.75 3.7 13 12 1.44 1
0
APP_4_Inner_Layer_1:0 0.6 0.6 2.25 2.57 29 43 2.69 1
1 2
APP_4_Inner_Layer_1:1 0.4666666666666667 0.4666666666666667 1.75 3.39 32 13 1.3 1
2
APP_4_Inner_Layer_1:2 0.26666666666666666 0.26666666666666666 1.0 1.21 3 39 3.09 1
1 2
APP_4_Inner_Layer_1:3 0.4 0.4 1.5 2.01 46 34 2.4 1
1
APP_4_Inner_Layer_2:0 0.3333333333333333 0.3333333333333333 1.25 1.57 23 32 2.78 1
3 4 5 6
APP_4_Inner_Layer_3:0 0.4 0.4 1.5 1.19 26 38 3.99 1
7
APP_4_Inner_Layer_3:1 0.6 0.6 2.25 2.38 43 19 1.97 1
7
APP_4_Inner_Layer_3:2 0.26666666666666666 0.26666666666666666 1.0 1.72 16 7 3.33 1
7
APP_4_Output_Layer_0 0.4666666666666667 0.4666666666666667 1.75 1.85 21 26 2.81 1
8 9 10
10
2.2974878486986685
APP_5_Input_Layer_0 0.06666666666666667 0.06666666666666667 0.25 1.65 49 18 3.65 1

APP_5_Inner_Layer_0:0 0.6 0.6 2.25 2.83 9 33 1.11 1
0
APP_5_Inner_Layer_0:1 0.2 0.2 0.75 2.15 45 4 2.78 1
0
APP_5_Inner_Layer_1:0 0.4 0.4 1.5 1.96 34 30 3.49 1
1 2
APP_5_Inner_Layer_1:1 0.6 0.6 2.25 1.42 5 6 2.59 1
2
APP_5_Inner_Layer_1:2 0.3333333333333333 0.3333333333333333 1.25 1.42 36 23 3.44 1
1
APP_5_Inner_Layer_1:3 0.3333333333333333 0.3333333333333333 1.25 1.84 46 23 1.82 1
2
APP_5_Inner_Layer_2:0 0.4 0.4 1.5 3.92 29 17 1.93 1
3 4 5
APP_5_Inner_Layer_2:1 0.26666666666666666 0.26666666666666666 1.0 3.32 26 9 1.62 1
6
APP_5_Output_Layer_0 0.06666666666666667 0.06666666666666667 0.25 3.47 43 32 1.02 1
7 8
9
2.7834982850760137
APP_6_Input_Layer_0 0.5333333333333333 0.5333333333333333 2.0 1.59 25 19 2.02 1

APP_6_Inner_Layer_0:0 0.5333333333333333 0.5333333333333333 2.0 2.37 36 4 3.92 1
0
APP_6_Inner_Layer_1:0 0.4666666666666667 0.4666666666666667 1.75 1.94 24 27 1.87 1
1
APP_6_Inner_Layer_1:1 0.4 0.4 1.5 2.62 11 32 2.96 1
1
APP_6_Inner_Layer_1:2 0.4666666666666667 0.4666666666666667 1.75 2.15 47 41 1.56 1
1
APP_6_Inner_Layer_1:3 0.4666666666666667 0.4666666666666667 1.75 3.9 48 22 2.45 1
1
APP_6_Inner_Layer_2:0 0.3333333333333333 0.3333333333333333 1.25 2.93 47 42 1.26 1
3 4 5
APP_6_Inner_Layer_2:1 0.4 0.4 1.5 1.99 47 3 3.77 1
2
APP_6_Output_Layer_0 0.6 0.6 2.25 1.72 38 18 3.68 1
6 7
7
3.132488443388054
APP_7_Input_Layer_0 0.4666666666666667 0.4666666666666667 1.75 1.7 29 21 2.49 1

APP_7_Inner_Layer_0:0 0.5333333333333333 0.5333333333333333 2.0 2.93 42 26 3.74 1
0
APP_7_Inner_Layer_0:1 0.2 0.2 0.75 1.5 26 21 2.03 1
0
APP_7_Inner_Layer_0:2 0.6 0.6 2.25 1.82 47 39 1.74 1
0
APP_7_Inner_Layer_0:3 0.2 0.2 0.75 3.64 2 4 2.88 1
0
APP_7_Inner_Layer_1:0 0.13333333333333333 0.13333333333333333 0.5 3.46 21 17 2.14 1
1 2 3 4
APP_7_Output_Layer_0 0.3333333333333333 0.3333333333333333 1.25 1.47 34 35 2.68 1
5
10
3.689882160833532
APP_8_Input_Layer_0 0.06666666666666667 0.06666666666666667 0.25 1.98 47 2 3.62 1

APP_8_Inner_Layer_0:0 0.2 0.2 0.75 1.62 37 7 2.24 1
0
APP_8_Inner_Layer_1:0 0.5333333333333333 0.5333333333333333 2.0 3.51 36 33 1.93 1
1
APP_8_Inner_Layer_1:1 0.13333333333333333 0.13333333333333333 0.5 1.75 4 41 2.18 1
1
APP_8_Inner_Layer_1:2 0.4666666666666667 0.4666666666666667 1.75 3.57 33 31 3.11 1
1
APP_8_Inner_Layer_1:3 0.06666666666666667 0.06666666666666667 0.25 2.09 13 8 1.18 1
1
APP_8_Inner_Layer_2:0 0.26666666666666666 0.26666666666666666 1.0 1.76 15 47 1.42 1
2 3 4 5
APP_8_Inner_Layer_2:1 0.13333333333333333 0.13333333333333333 0.5 2.75 18 48 2.42 1
5
APP_8_Inner_Layer_2:2 0.26666666666666666 0.26666666666666666 1.0 2.76 24 25 2.62 1
4
APP_8_Output_Layer_0 0.13333333333333333 0.13333333333333333 0.5 2.27 26 3 3.51 1
6 7 8
9
3.9853398395077884
APP_9_Input_Layer_0 0.06666666666666667 0.06666666666666667 0.25 2.49 33 9 2.94 1

APP_9_Inner_Layer_0:0 0.4666666666666667 0.4666666666666667 1.75 2.52 14 18 2.46 1
0
APP_9_Inner_Layer_1:0 0.4666666666666667 0.4666666666666667 1.75 1.12 48 24 1.6 1
1
APP_9_Inner_Layer_1:1 0.26666666666666666 0.26666666666666666 1.0 2.46 12 1 2.76 1
1
APP_9_Inner_Layer_1:2 0.4666666666666667 0.4666666666666667 1.75 3.49 16 2 1.07 1
1
APP_9_Inner_Layer_2:0 0.4 0.4 1.5 3.19 19 49 2.43 1
3 4
APP_9_Inner_Layer_2:1 0.2 0.2 0.75 2.15 32 38 1.32 1
2
APP_9_Inner_Layer_2:2 0.06666666666666667 0.06666666666666667 0.25 2.33 17 1 3.37 1
2 3 4
APP_9_Output_Layer_0 0.26666666666666666 0.26666666666666666 1.0 3.31 19 45 1.21 1
5 6 7
3
4.689147451654172
APP_10_Input_Layer_0 0.4 0.4 1.5 1.6 26 15 2.16 1

APP_10_Inner_Layer_0:0 0.2 0.2 0.75 3.04 35 35 1.21 1
0
APP_10_Output_Layer_0 0.2 0.2 0.75 2.53 12 45 2.94 1
1
8
5.0692964199316695
APP_11_Input_Layer_0 0.2 0.2 0.75 1.25 30 2 3.93 1

APP_11_Inner_Layer_0:0 0.4666666666666667 0.4666666666666667 1.75 3.17 29 47 3.91 1
0
APP_11_Inner_Layer_1:0 0.2 0.2 0.75 3.52 1 37 3.88 1
1
APP_11_Inner_Layer_1:1 0.2 0.2 0.75 2.8 20 22 3.01 1
1
APP_11_Inner_Layer_1:2 0.3333333333333333 0.3333333333333333 1.25 2.0 34 47 1.4 1
1
APP_11_Inner_Layer_2:0 0.06666666666666667 0.06666666666666667 0.25 2.5 6 10 3.73 1
2
APP_11_Inner_Layer_2:1 0.06666666666666667 0.06666666666666667 0.25 2.84 23 13 3.28 1
3 4
APP_11_Output_Layer_0 0.2 0.2 0.75 3.06 43 23 1.58 1
5 6
8
5.573510400467119
APP_12_Input_Layer_0 0.6 0.6 2.25 2.69 39 10 2.27 1

APP_12_Inner_Layer_0:0 0.2 0.2 0.75 1.93 31 8 2.53 1
0
APP_12_Inner_Layer_0:1 0.26666666666666666 0.26666666666666666 1.0 1.73 19 34 3.77 1
0
APP_12_Inner_Layer_0:2 0.26666666666666666 0.26666666666666666 1.0 2.47 36 23 2.07 1
0
APP_12_Inner_Layer_1:0 0.26666666666666666 0.26666666666666666 1.0 1.99 25 25 1.28 1
1 3
APP_12_Inner_Layer_1:1 0.26666666666666666 0.26666666666666666 1.0 1.43 46 46 3.69 1
2
APP_12_Inner_Layer_2:0 0.26666666666666666 0.26666666666666666 1.0 3.46 39 37 3.97 1
4 5
APP_12_Output_Layer_0 0.4 0.4 1.5 2.98 12 18 3.9 1
6
6
6.1873539421404145
APP_13_Input_Layer_0 0.4666666666666667 0.4666666666666667 1.75 1.76 37 15 3.02 0

APP_13_Inner_Layer_0:0 0.5333333333333333 0.5333333333333333 2.0 2.08 2 18 1.59 1
0
APP_13_Inner_Layer_0:1 0.06666666666666667 0.06666666666666667 0.25 3.41 34 28 3.67 1
0
APP_13_Inner_Layer_0:2 0.2 0.2 0.75 3.22 23 13 3.93 1
0
APP_13_Inner_Layer_1:0 0.06666666666666667 0.06666666666666667 0.25 1.99 45 22 3.02 1
1 2 3
APP_13_Output_Layer_0 0.13333333333333333 0.13333333333333333 0.5 3.25 28 39 3.31 1
4
