10
14
3
0
APP_0_Input_Layer_0 0.26666666666666666 0.26666666666666666 1.0 1.69 6 3 3.01 1

APP_0_Inner_Layer_0:0 0.4 0.4 1.5 3.48 38 34 3.32 1
0
APP_0_Output_Layer_0 0.13333333333333333 0.13333333333333333 0.5 1.51 47 22 2.94 1
1
10
0.3100012298985243
APP_1_Input_Layer_0 0.4 0.4 1.5 1.22 49 41 1.16 0

APP_1_Inner_Layer_0:0 0.06666666666666667 0.06666666666666667 0.25 3.47 13 46 2.26 1
0
APP_1_Inner_Layer_0:1 0.06666666666666667 0.06666666666666667 0.25 2.1 28 19 1.23 1
0
APP_1_Inner_Layer_0:2 0.6 0.6 2.25 1.18 9 10 2.35 1
0
APP_1_Inner_Layer_1:0 0.4 0.4 1.5 3.75 49 29 3.1 1
2
APP_1_Inner_Layer_1:1 0.2 0.2 0.75 1.4 12 21 3.47 1
1 3
APP_1_Inner_Layer_2:0 0.4666666666666667 0.4666666666666667 1.75 3.17 38 27 1.17 1
5
APP_1_Inner_Layer_2:1 0.26666666666666666 0.26666666666666666 1.0 1.48 21 31 2.88 1
4 5
APP_1_Inner_Layer_2:2 0.4 0.4 1.5 2.22 21 15 2.22 1
5
APP_1_Output_Layer_0 0.26666666666666666 0.26666666666666666 1.0 3.68 29 34 2.91 1
6 7 8
3
0.8136695615741103
APP_2_Input_Layer_0 0.3333333333333333 0.3333333333333333 1.25 1.57 3 24 2.17 1

APP_2_Inner_Layer_0:0 0.26666666666666666 0.26666666666666666 1.0 1.85 47 34 3.28 1
0
APP_2_Output_Layer_0 0.3333333333333333 0.3333333333333333 1.25 3.77 34 46 2.89 1
1
10
1.3161267019714558
APP_3_Input_Layer_0 0.3333333333333333 0.3333333333333333 1.25 2.57 46 45 2.86 1

APP_3_Inner_Layer_0:0 0.6 0.6 2.25 3.53 41 7 2.01 1
0
APP_3_Inner_Layer_0:1 0.6 0.6 2.25 3.97 21 39 3.12 1
0
APP_3_Inner_Layer_0:2 0.3333333333333333 0.3333333333333333 1.25 1.6 14 26 2.02 1
0
APP_3_Inner_Layer_0:3 0.3333333333333333 0.3333333333333333 1.25 2.1 12 38 3.39 1
0
APP_3_Inner_Layer_1:0 0.26666666666666666 0.26666666666666666 1.0 2.96 22 2 1.26 1
1 2
APP_3_Inner_Layer_1:1 0.4 0.4 1.5 2.35 16 28 3.64 1
3 4
APP_3_Inner_Layer_2:0 0.5333333333333333 0.5333333333333333 2.0 1.47 43 24 2.86 1
5
APP_3_Inner_Layer_2:1 0.2 0.2 0.75 2.74 11 37 1.37 1
5 6
APP_3_Output_Layer_0 0.4 0.4 1.5 3.52 37 25 1.38 0
7 8
3
1.7966642637066415
APP_4_Input_Layer_0 0.5333333333333333 0.5333333333333333 2.0 2.25 27 18 3.95 1

APP_4_Inner_Layer_0:0 0.5333333333333333 0.5333333333333333 2.0 1.44 8 12 3.04 1
0
APP_4_Output_Layer_0 0.06666666666666667 0.06666666666666667 0.25 3.04 18 24 1.6 1
1
11
2.2183004398186843
APP_5_Input_Layer_0 0.06666666666666667 0.06666666666666667 0.25 1.45 4 17 3.39 1

APP_5_Inner_Layer_0:0 0.4666666666666667 0.4666666666666667 1.75 3.06 3 14 1.8 1
0
APP_5_Inner_Layer_0:1 0.26666666666666666 0.26666666666666666 1.0 2.29 42 5 2.38 1
0
APP_5_Inner_Layer_1:0 0.4 0.4 1.5 1.52 5 14 1.85 1
1 2
APP_5_Inner_Layer_2:0 0.06666666666666667 0.06666666666666667 0.25 2.91 24 17 2.86 1
3
APP_5_Inner_Layer_2:1 0.4666666666666667 0.4666666666666667 1.75 3.31 15 37 2.4 1
3
APP_5_Inner_Layer_2:2 0.6 0.6 2.25 3.4 31 15 1.53 1
3
APP_5_Inner_Layer_3:0 0.5333333333333333 0.5333333333333333 2.0 3.89 7 39 2.9 1
5 6
APP_5_Inner_Layer_3:1 0.26666666666666666 0.26666666666666666 1.0 2.02 40 37 1.54 1
4 5
APP_5_Inner_Layer_3:2 0.4 0.4 1.5 1.03 21 2 2.25 1
4 6
APP_5_Output_Layer_0 0.4666666666666667 0.4666666666666667 1.75 3.3 15 39 1.89 0
7 8 9
5
2.6143341091444343
APP_6_Input_Layer_0 0.6 0.6 2.25 1.17 8 24 3.09 1

APP_6_Inner_Layer_0:0 0.5333333333333333 0.5333333333333333 2.0 2.05 12 9 2.01 1
0
APP_6_Inner_Layer_0:1 0.26666666666666666 0.26666666666666666 1.0 2.65 48 49 1.76 1
0
APP_6_Inner_Layer_0:2 0.4 0.4 1.5 2.47 46 10 2.33 1
0
APP_6_Output_Layer_0 0.2 0.2 0.75 3.01 15 2 1.26 1
1 2 3
9
2.974988306364003
APP_7_Input_Layer_0 0.4666666666666667 0.4666666666666667 1.75 1.48 42 31 3.37 1

APP_7_Inner_Layer_0:0 0.4666666666666667 0.4666666666666667 1.75 3.04 23 38 2.82 1
0
APP_7_Inner_Layer_0:1 0.6 0.6 2.25 2.27 5 11 2.3 1
0
APP_7_Inner_Layer_0:2 0.2 0.2 0.75 1.61 1 41 1.38 1
0
APP_7_Inner_Layer_1:0 0.6 0.6 2.25 3.81 12 25 3.27 1
1 2 3
APP_7_Inner_Layer_2:0 0.5333333333333333 0.5333333333333333 2.0 2.54 3 24 3.41 1
4
APP_7_Inner_Layer_3:0 0.4 0.4 1.5 3.69 6 37 1.95 1
5
APP_7_Inner_Layer_3:1 0.26666666666666666 0.26666666666666666 1.0 2.41 6 8 2.83 1
5
APP_7_Output_Layer_0 0.06666666666666667 0.06666666666666667 0.25 2.05 35 29 2.36 1
6 7
12
3.2919144230398785
APP_8_Input_Layer_0 0.6 0.6 2.25 2.67 43 45 3.42 1

APP_8_Inner_Layer_0:0 0.06666666666666667 0.06666666666666667 0.25 1.61 23 3 1.37 1
0
APP_8_Inner_Layer_0:1 0.26666666666666666 0.26666666666666666 1.0 1.75 19 42 2.43 1
0
APP_8_Inner_Layer_1:0 0.4666666666666667 0.4666666666666667 1.75 1.6 17 26 2.53 1
1
APP_8_Inner_Layer_1:1 0.3333333333333333 0.3333333333333333 1.25 2.54 41 7 2.79 1
2
APP_8_Inner_Layer_1:2 0.4 0.4 1.5 2.06 19 40 1.14 1
1 2
APP_8_Inner_Layer_1:3 0.5333333333333333 0.5333333333333333 2.0 3.19 36 15 2.9 1
1
APP_8_Inner_Layer_2:0 0.2 0.2 0.75 1.62 15 34 2.82 1
6
APP_8_Inner_Layer_2:1 0.5333333333333333 0.5333333333333333 2.0 3.72 33 19 2.97 1
3 4 5
APP_8_Inner_Layer_2:2 0.26666666666666666 0.26666666666666666 1.0 2.79 15 39 2.74 1
4 6
APP_8_Inner_Layer_3:0 0.13333333333333333 0.13333333333333333 0.5 2.83 21 26 2.67 1
7 8 9
APP_8_Output_Layer_0 0.13333333333333333 0.13333333333333333 0.5 1.85 36 13 3.99 1
10
6
3.7082567248290506
APP_9_Input_Layer_0 0.4666666666666667 0.4666666666666667 1.75 2.35 12 48 1.3 1

APP_9_Inner_Layer_0:0 0.26666666666666666 0.26666666666666666 1.0 1.86 19 28 3.09 1
0
APP_9_Inner_Layer_0:1 0.4666666666666667 0.4666666666666667 1.75 1.27 48 45 3.34 1
0
APP_9_Inner_Layer_0:2 0.26666666666666666 0.26666666666666666 1.0 3.17 7 34 3.83 1
0
APP_9_Inner_Layer_0:3 0.4 0.4 1.5 2.38 48 21 1.13 1
0
APP_9_Output_Layer_0 0.4666666666666667 0.4666666666666667 1.75 3.53 23 11 2.65 1
1 2 3 4
7
4.104431550101996
APP_10_Input_Layer_0 0.4 0.4 1.5 1.76 36 16 2.2 0

APP_10_Inner_Layer_0:0 0.26666666666666666 0.26666666666666666 1.0 3.63 21 36 3.42 1
0
APP_10_Inner_Layer_0:1 0.5333333333333333 0.5333333333333333 2.0 3.69 24 44 1.15 1
0
APP_10_Inner_Layer_0:2 0.6 0.6 2.25 3.46 37 47 2.44 1
0
APP_10_Inner_Layer_0:3 0.06666666666666667 0.06666666666666667 0.25 1.48 25 36 3.47 1
0
APP_10_Inner_Layer_1:0 0.13333333333333333 0.13333333333333333 0.5 1.87 30 7 3.83 1
1 2 3 4
APP_10_Output_Layer_0 0.26666666666666666 0.26666666666666666 1.0 1.63 36 24 1.16 1
5
8
4.465777054850984
APP_11_Input_Layer_0 0.13333333333333333 0.13333333333333333 0.5 2.34 42 36 2.38 0

APP_11_Inner_Layer_0:0 0.4 0.4 1.5 2.32 10 42 2.69 1
0
APP_11_Inner_Layer_0:1 0.26666666666666666 0.26666666666666666 1.0 2.89 9 49 1.05 1
0
APP_11_Inner_Layer_1:0 0.4 0.4 1.5 1.47 27 15 1.09 1
1 2
APP_11_Inner_Layer_1:1 0.2 0.2 0.75 3.27 49 11 2.4 1
2
APP_11_Inner_Layer_2:0 0.26666666666666666 0.26666666666666666 1.0 2.12 17 45 1.36 1
3 4
APP_11_Inner_Layer_2:1 0.06666666666666667 0.06666666666666667 0.25 1.4 27 12 3.64 1
4
APP_11_Output_Layer_0 0.6 0.6 2.25 2.2 9 25 2.99 1
5 6
4
4.79188919576584
APP_12_Input_Layer_0 0.3333333333333333 0.3333333333333333 1.25 2.08 30 39 2.31 0

APP_12_Inner_Layer_0:0 0.26666666666666666 0.26666666666666666 1.0 2.93 6 19 3.64 1
0
APP_12_Inner_Layer_0:1 0.2 0.2 0.75 1.1 5 32 2.26 1
0
APP_12_Output_Layer_0 0.6 0.6 2.25 1.56 15 34 2.24 1
1 2
9
5.47764912511696
APP_13_Input_Layer_0 0.2 0.2 0.75 2.5 43 25 1.43 1

APP_13_Inner_Layer_0:0 0.26666666666666666 0.26666666666666666 1.0 1.02 7 44 2.1 1
0
APP_13_Inner_Layer_1:0 0.4 0.4 1.5 1.51 34 6 3.37 1
1
APP_13_Inner_Layer_2:0 0.06666666666666667 0.06666666666666667 0.25 3.76 1 36 2.71 1
2
APP_13_Inner_Layer_3:0 0.13333333333333333 0.13333333333333333 0.5 2.72 26 6 3.3 1
3
APP_13_Inner_Layer_3:1 0.3333333333333333 0.3333333333333333 1.25 2.64 18 19 3.81 1
3
APP_13_Inner_Layer_3:2 0.6 0.6 2.25 3.14 15 16 3.66 1
3
APP_13_Inner_Layer_3:3 0.3333333333333333 0.3333333333333333 1.25 3.79 40 48 3.41 1
3
APP_13_Output_Layer_0 0.4 0.4 1.5 2.9 20 1 3.81 1
4 5 6 7
