10
14
12
0
APP_0_Input_Layer_0 0.2 0.2 0.75 3.83 31 27 2.62 1

APP_0_Inner_Layer_0:0 0.26666666666666666 0.26666666666666666 1.0 3.68 16 34 3.71 1
0
APP_0_Inner_Layer_0:1 0.6 0.6 2.25 1.56 41 1 2.45 1
0
APP_0_Inner_Layer_0:2 0.4 0.4 1.5 3.52 34 20 1.85 1
0
APP_0_Inner_Layer_0:3 0.13333333333333333 0.13333333333333333 0.5 2.49 23 28 1.11 1
0
APP_0_Inner_Layer_1:0 0.6 0.6 2.25 1.52 34 15 2.06 1
3 4
APP_0_Inner_Layer_1:1 0.6 0.6 2.25 3.92 24 11 1.57 1
1 2
APP_0_Inner_Layer_1:2 0.5333333333333333 0.5333333333333333 2.0 3.96 40 40 3.87 1
1 2
APP_0_Inner_Layer_2:0 0.3333333333333333 0.3333333333333333 1.25 1.6 33 29 1.78 1
5
APP_0_Inner_Layer_2:1 0.13333333333333333 0.13333333333333333 0.5 2.43 40 20 2.62 1
6 7
APP_0_Inner_Layer_3:0 0.3333333333333333 0.3333333333333333 1.25 1.48 20 10 2.88 1
8 9
APP_0_Output_Layer_0 0.2 0.2 0.75 2.49 30 28 1.03 1
10
5
0.5577390080643607
APP_1_Input_Layer_0 0.6 0.6 2.25 3.6 18 46 2.0 1

APP_1_Inner_Layer_0:0 0.4 0.4 1.5 3.32 15 42 3.64 1
0
APP_1_Inner_Layer_0:1 0.6 0.6 2.25 1.48 8 41 3.98 1
0
APP_1_Inner_Layer_0:2 0.6 0.6 2.25 2.05 36 40 3.86 1
0
APP_1_Output_Layer_0 0.2 0.2 0.75 2.42 31 20 1.35 1
1 2 3
10
0.9800875207376331
APP_2_Input_Layer_0 0.13333333333333333 0.13333333333333333 0.5 2.44 39 2 3.3 1

APP_2_Inner_Layer_0:0 0.6 0.6 2.25 2.61 40 17 2.92 1
0
APP_2_Inner_Layer_0:1 0.26666666666666666 0.26666666666666666 1.0 3.31 47 9 1.08 1
0
APP_2_Inner_Layer_0:2 0.4 0.4 1.5 3.1 37 43 1.69 1
0
APP_2_Inner_Layer_0:3 0.2 0.2 0.75 1.17 15 10 1.77 1
0
APP_2_Inner_Layer_1:0 0.26666666666666666 0.26666666666666666 1.0 2.96 43 43 3.0 1
3
APP_2_Inner_Layer_1:1 0.06666666666666667 0.06666666666666667 0.25 1.08 47 49 3.48 1
4
APP_2_Inner_Layer_1:2 0.6 0.6 2.25 2.22 15 23 1.51 1
1 2
APP_2_Inner_Layer_1:3 0.26666666666666666 0.26666666666666666 1.0 4.0 34 46 2.41 1
3
APP_2_Output_Layer_0 0.06666666666666667 0.06666666666666667 0.25 3.08 20 8 2.56 1
5 6 7 8
6
1.3600232054153463
APP_3_Input_Layer_0 0.2 0.2 0.75 1.43 42 19 3.78 1

APP_3_Inner_Layer_0:0 0.4 0.4 1.5 3.9 23 39 3.69 1
0
APP_3_Inner_Layer_1:0 0.13333333333333333 0.13333333333333333 0.5 3.82 22 23 2.82 1
1
APP_3_Inner_Layer_2:0 0.5333333333333333 0.5333333333333333 2.0 3.0 14 40 2.58 1
2
APP_3_Inner_Layer_2:1 0.26666666666666666 0.26666666666666666 1.0 2.46 5 12 1.24 1
2
APP_3_Output_Layer_0 0.3333333333333333 0.3333333333333333 1.25 1.96 25 1 3.31 0
3 4
12
1.6474360429187953
APP_4_Input_Layer_0 0.06666666666666667 0.06666666666666667 0.25 3.4 22 27 3.49 1

APP_4_Inner_Layer_0:0 0.6 0.6 2.25 2.77 49 28 3.41 1
0
APP_4_Inner_Layer_0:1 0.26666666666666666 0.26666666666666666 1.0 1.76 31 5 1.81 1
0
APP_4_Inner_Layer_0:2 0.26666666666666666 0.26666666666666666 1.0 3.95 35 13 2.64 1
0
APP_4_Inner_Layer_1:0 0.13333333333333333 0.13333333333333333 0.5 1.18 18 20 3.54 1
1 3
APP_4_Inner_Layer_1:1 0.6 0.6 2.25 2.37 13 12 2.26 1
2
APP_4_Inner_Layer_1:2 0.13333333333333333 0.13333333333333333 0.5 1.61 6 5 3.45 1
1
APP_4_Inner_Layer_2:0 0.4666666666666667 0.4666666666666667 1.75 2.37 41 31 3.43 1
4 6
APP_4_Inner_Layer_2:1 0.5333333333333333 0.5333333333333333 2.0 3.22 42 28 1.79 1
4 5
APP_4_Inner_Layer_2:2 0.4 0.4 1.5 1.95 38 9 1.38 1
5 6
APP_4_Inner_Layer_3:0 0.6 0.6 2.25 2.89 49 38 3.06 1
7 8 9
APP_4_Output_Layer_0 0.26666666666666666 0.26666666666666666 1.0 1.87 11 22 2.72 1
10
6
2.2715207579072696
APP_5_Input_Layer_0 0.4666666666666667 0.4666666666666667 1.75 2.83 45 20 1.98 1

APP_5_Inner_Layer_0:0 0.06666666666666667 0.06666666666666667 0.25 1.68 46 13 3.84 1
0
APP_5_Inner_Layer_0:1 0.6 0.6 2.25 3.54 34 17 3.06 1
0
APP_5_Inner_Layer_0:2 0.06666666666666667 0.06666666666666667 0.25 1.78 22 3 1.52 1
0
APP_5_Inner_Layer_0:3 0.4 0.4 1.5 1.57 3 5 3.72 1
0
APP_5_Output_Layer_0 0.6 0.6 2.25 1.14 21 45 3.18 1
1 2 3 4
5
2.585326356346606
APP_6_Input_Layer_0 0.06666666666666667 0.06666666666666667 0.25 2.13 42 44 2.29 1

APP_6_Inner_Layer_0:0 0.06666666666666667 0.06666666666666667 0.25 1.85 30 36 1.66 1
0
APP_6_Inner_Layer_0:1 0.5333333333333333 0.5333333333333333 2.0 2.31 41 22 2.83 1
0
APP_6_Inner_Layer_0:2 0.13333333333333333 0.13333333333333333 0.5 3.46 6 40 1.97 1
0
APP_6_Output_Layer_0 0.4666666666666667 0.4666666666666667 1.75 3.62 1 8 1.91 1
1 2 3
7
2.9901011602161334
APP_7_Input_Layer_0 0.3333333333333333 0.3333333333333333 1.25 3.25 17 4 4.0 1

APP_7_Inner_Layer_0:0 0.4666666666666667 0.4666666666666667 1.75 3.04 5 22 2.52 1
0
APP_7_Inner_Layer_0:1 0.6 0.6 2.25 2.08 31 39 2.95 1
0
APP_7_Inner_Layer_1:0 0.2 0.2 0.75 1.46 22 18 1.27 1
2
APP_7_Inner_Layer_1:1 0.3333333333333333 0.3333333333333333 1.25 2.53 46 4 3.38 1
2
APP_7_Inner_Layer_1:2 0.26666666666666666 0.26666666666666666 1.0 3.22 28 9 1.76 1
1 2
APP_7_Output_Layer_0 0.6 0.6 2.25 1.78 27 47 3.96 1
3 4 5
10
3.2864995138226316
APP_8_Input_Layer_0 0.2 0.2 0.75 3.96 8 39 1.42 0

APP_8_Inner_Layer_0:0 0.13333333333333333 0.13333333333333333 0.5 1.24 3 7 2.67 1
0
APP_8_Inner_Layer_0:1 0.2 0.2 0.75 3.47 29 33 2.18 1
0
APP_8_Inner_Layer_1:0 0.4666666666666667 0.4666666666666667 1.75 2.68 23 49 2.16 1
1 2
APP_8_Inner_Layer_1:1 0.5333333333333333 0.5333333333333333 2.0 2.04 30 2 1.11 1
1
APP_8_Inner_Layer_1:2 0.26666666666666666 0.26666666666666666 1.0 1.64 1 28 1.65 1
2
APP_8_Inner_Layer_2:0 0.13333333333333333 0.13333333333333333 0.5 3.98 35 11 3.53 1
3
APP_8_Inner_Layer_2:1 0.2 0.2 0.75 2.97 40 6 3.29 1
4 5
APP_8_Inner_Layer_3:0 0.26666666666666666 0.26666666666666666 1.0 3.19 11 34 1.44 1
6 7
APP_8_Output_Layer_0 0.2 0.2 0.75 3.82 25 48 1.38 1
8
7
3.823523523568183
APP_9_Input_Layer_0 0.13333333333333333 0.13333333333333333 0.5 2.86 14 24 1.24 1

APP_9_Inner_Layer_0:0 0.2 0.2 0.75 2.15 17 35 3.01 1
0
APP_9_Inner_Layer_0:1 0.2 0.2 0.75 1.6 15 49 2.76 1
0
APP_9_Inner_Layer_0:2 0.06666666666666667 0.06666666666666667 0.25 2.26 3 35 1.81 1
0
APP_9_Inner_Layer_0:3 0.5333333333333333 0.5333333333333333 2.0 1.79 40 20 1.44 1
0
APP_9_Inner_Layer_1:0 0.26666666666666666 0.26666666666666666 1.0 2.25 43 34 2.54 1
1 2 3 4
APP_9_Output_Layer_0 0.5333333333333333 0.5333333333333333 2.0 2.68 10 31 3.36 1
5
12
4.0911129609113885
APP_10_Input_Layer_0 0.6 0.6 2.25 3.3 18 8 2.2 1

APP_10_Inner_Layer_0:0 0.2 0.2 0.75 1.03 35 25 2.73 1
0
APP_10_Inner_Layer_0:1 0.13333333333333333 0.13333333333333333 0.5 1.5 7 32 3.87 1
0
APP_10_Inner_Layer_0:2 0.13333333333333333 0.13333333333333333 0.5 3.31 25 41 2.17 1
0
APP_10_Inner_Layer_0:3 0.4666666666666667 0.4666666666666667 1.75 2.18 12 32 3.67 1
0
APP_10_Inner_Layer_1:0 0.6 0.6 2.25 2.01 31 14 3.0 1
2 3 4
APP_10_Inner_Layer_1:1 0.6 0.6 2.25 2.19 23 48 1.95 1
1
APP_10_Inner_Layer_2:0 0.6 0.6 2.25 3.28 18 39 3.37 1
5 6
APP_10_Inner_Layer_3:0 0.13333333333333333 0.13333333333333333 0.5 2.39 10 16 2.45 1
7
APP_10_Inner_Layer_3:1 0.4 0.4 1.5 2.45 9 18 3.6 1
7
APP_10_Inner_Layer_3:2 0.26666666666666666 0.26666666666666666 1.0 1.33 7 41 2.7 1
7
APP_10_Output_Layer_0 0.26666666666666666 0.26666666666666666 1.0 1.2 4 48 2.54 1
8 9 10
10
4.629379951024992
APP_11_Input_Layer_0 0.2 0.2 0.75 2.03 13 49 2.25 0

APP_11_Inner_Layer_0:0 0.6 0.6 2.25 3.68 18 16 2.98 1
0
APP_11_Inner_Layer_0:1 0.5333333333333333 0.5333333333333333 2.0 3.85 14 2 2.63 1
0
APP_11_Inner_Layer_0:2 0.06666666666666667 0.06666666666666667 0.25 3.78 8 31 1.26 1
0
APP_11_Inner_Layer_0:3 0.26666666666666666 0.26666666666666666 1.0 2.24 23 14 2.03 1
0
APP_11_Inner_Layer_1:0 0.13333333333333333 0.13333333333333333 0.5 2.22 17 27 3.51 1
1 2 3 4
APP_11_Inner_Layer_2:0 0.4 0.4 1.5 2.42 46 20 1.09 1
5
APP_11_Inner_Layer_2:1 0.26666666666666666 0.26666666666666666 1.0 1.88 42 4 2.48 1
5
APP_11_Inner_Layer_2:2 0.2 0.2 0.75 3.76 37 38 2.34 1
5
APP_11_Output_Layer_0 0.06666666666666667 0.06666666666666667 0.25 2.12 34 15 3.04 1
6 7 8
12
5.02403506905187
APP_12_Input_Layer_0 0.3333333333333333 0.3333333333333333 1.25 2.12 9 31 1.39 1

APP_12_Inner_Layer_0:0 0.2 0.2 0.75 3.4 49 12 1.48 1
0
APP_12_Inner_Layer_0:1 0.06666666666666667 0.06666666666666667 0.25 1.71 25 43 3.15 1
0
APP_12_Inner_Layer_1:0 0.06666666666666667 0.06666666666666667 0.25 1.06 14 26 1.59 1
1 2
APP_12_Inner_Layer_2:0 0.4666666666666667 0.4666666666666667 1.75 1.77 4 26 3.87 1
3
APP_12_Inner_Layer_2:1 0.3333333333333333 0.3333333333333333 1.25 3.91 38 3 2.81 1
3
APP_12_Inner_Layer_2:2 0.4666666666666667 0.4666666666666667 1.75 3.68 23 21 3.58 1
3
APP_12_Inner_Layer_3:0 0.2 0.2 0.75 3.23 48 48 3.19 1
4 5
APP_12_Inner_Layer_3:1 0.5333333333333333 0.5333333333333333 2.0 1.72 11 37 3.26 1
6
APP_12_Inner_Layer_3:2 0.3333333333333333 0.3333333333333333 1.25 3.18 31 37 3.75 1
4
APP_12_Inner_Layer_3:3 0.2 0.2 0.75 1.11 30 19 3.98 1
6
APP_12_Output_Layer_0 0.13333333333333333 0.13333333333333333 0.5 3.21 21 1 3.33 1
7 8 9 10
6
5.598245317205034
APP_13_Input_Layer_0 0.5333333333333333 0.5333333333333333 2.0 2.55 10 8 1.3 1

APP_13_Inner_Layer_0:0 0.13333333333333333 0.13333333333333333 0.5 1.21 10 8 1.71 1
0
APP_13_Inner_Layer_0:1 0.5333333333333333 0.5333333333333333 2.0 1.53 33 18 1.73 1
0
APP_13_Inner_Layer_1:0 0.6 0.6 2.25 1.29 14 15 3.02 1
2
APP_13_Inner_Layer_1:1 0.2 0.2 0.75 1.66 17 45 3.7 1
1
APP_13_Output_Layer_0 0.13333333333333333 0.13333333333333333 0.5 1.54 46 7 2.74 1
3 4
