10
14
6
0
APP_0_Input_Layer_0 0.5333333333333333 0.5333333333333333 2.0 2.2 22 35 3.38 1

APP_0_Inner_Layer_0:0 0.13333333333333333 0.13333333333333333 0.5 3.43 25 45 1.93 1
0
APP_0_Inner_Layer_0:1 0.13333333333333333 0.13333333333333333 0.5 1.87 42 30 1.12 1
0
APP_0_Inner_Layer_0:2 0.2 0.2 0.75 3.29 46 19 1.81 1
0
APP_0_Inner_Layer_1:0 0.26666666666666666 0.26666666666666666 1.0 2.98 12 28 2.75 1
1 2 3
APP_0_Output_Layer_0 0.5333333333333333 0.5333333333333333 2.0 3.76 17 49 2.02 1
4
8
0.3445248990219051
APP_1_Input_Layer_0 0.4666666666666667 0.4666666666666667 1.75 1.58 25 49 2.74 0

APP_1_Inner_Layer_0:0 0.3333333333333333 0.3333333333333333 1.25 2.54 9 29 2.26 1
0
APP_1_Inner_Layer_0:1 0.2 0.2 0.75 1.22 32 26 2.32 1
0
APP_1_Inner_Layer_1:0 0.2 0.2 0.75 1.5 48 45 3.2 1
1 2
APP_1_Inner_Layer_1:1 0.6 0.6 2.25 2.56 38 48 3.41 1
2
APP_1_Inner_Layer_1:2 0.2 0.2 0.75 1.18 2 40 1.75 1
1
APP_1_Inner_Layer_1:3 0.4 0.4 1.5 1.73 15 24 2.52 1
1 2
APP_1_Output_Layer_0 0.4666666666666667 0.4666666666666667 1.75 1.16 41 47 1.22 1
3 4 5 6
9
0.6732161866477824
APP_2_Input_Layer_0 0.6 0.6 2.25 1.63 29 24 1.34 1

APP_2_Inner_Layer_0:0 0.2 0.2 0.75 3.05 21 24 2.38 1
0
APP_2_Inner_Layer_0:1 0.4 0.4 1.5 2.42 3 32 3.53 1
0
APP_2_Inner_Layer_0:2 0.5333333333333333 0.5333333333333333 2.0 3.01 18 45 3.56 1
0
APP_2_Inner_Layer_0:3 0.06666666666666667 0.06666666666666667 0.25 1.62 48 47 2.86 1
0
APP_2_Inner_Layer_1:0 0.26666666666666666 0.26666666666666666 1.0 2.21 32 37 3.25 1
3
APP_2_Inner_Layer_1:1 0.26666666666666666 0.26666666666666666 1.0 3.63 27 22 1.59 1
1 2 4
APP_2_Inner_Layer_2:0 0.3333333333333333 0.3333333333333333 1.25 1.41 42 2 1.6 1
5 6
APP_2_Output_Layer_0 0.06666666666666667 0.06666666666666667 0.25 3.06 10 42 1.26 1
7
11
1.0294666974142015
APP_3_Input_Layer_0 0.6 0.6 2.25 3.36 8 34 2.46 1

APP_3_Inner_Layer_0:0 0.4666666666666667 0.4666666666666667 1.75 1.78 47 38 1.2 1
0
APP_3_Inner_Layer_0:1 0.4 0.4 1.5 2.72 4 2 1.1 1
0
APP_3_Inner_Layer_1:0 0.3333333333333333 0.3333333333333333 1.25 2.73 27 44 3.66 1
2
APP_3_Inner_Layer_1:1 0.6 0.6 2.25 2.49 7 20 1.52 1
1 2
APP_3_Inner_Layer_1:2 0.5333333333333333 0.5333333333333333 2.0 3.53 37 22 1.06 1
2
APP_3_Inner_Layer_2:0 0.6 0.6 2.25 1.91 48 39 3.6 1
5
APP_3_Inner_Layer_2:1 0.5333333333333333 0.5333333333333333 2.0 1.58 48 42 1.45 1
3 4 5
APP_3_Inner_Layer_2:2 0.3333333333333333 0.3333333333333333 1.25 1.18 38 22 1.46 1
3 4
APP_3_Inner_Layer_3:0 0.4 0.4 1.5 2.13 15 25 1.1 1
6 7 8
APP_3_Output_Layer_0 0.26666666666666666 0.26666666666666666 1.0 1.21 33 1 1.93 1
9
6
1.5116618457844626
APP_4_Input_Layer_0 0.4 0.4 1.5 3.32 20 24 3.99 1

APP_4_Inner_Layer_0:0 0.13333333333333333 0.13333333333333333 0.5 3.14 22 16 3.89 1
0
APP_4_Inner_Layer_0:1 0.3333333333333333 0.3333333333333333 1.25 2.85 25 12 2.21 1
0
APP_4_Inner_Layer_0:2 0.3333333333333333 0.3333333333333333 1.25 3.5 11 27 2.74 1
0
APP_4_Inner_Layer_0:3 0.3333333333333333 0.3333333333333333 1.25 2.93 40 38 3.46 1
0
APP_4_Output_Layer_0 0.5333333333333333 0.5333333333333333 2.0 3.39 29 20 3.44 1
1 2 3 4
7
1.803685478384283
APP_5_Input_Layer_0 0.06666666666666667 0.06666666666666667 0.25 3.75 8 2 3.5 1

APP_5_Inner_Layer_0:0 0.2 0.2 0.75 1.63 19 40 3.94 1
0
APP_5_Inner_Layer_0:1 0.6 0.6 2.25 2.47 31 8 1.92 1
0
APP_5_Inner_Layer_1:0 0.06666666666666667 0.06666666666666667 0.25 3.71 5 34 3.27 1
1 2
APP_5_Inner_Layer_2:0 0.4666666666666667 0.4666666666666667 1.75 1.29 34 32 2.52 1
3
APP_5_Inner_Layer_2:1 0.06666666666666667 0.06666666666666667 0.25 1.04 4 35 1.47 1
3
APP_5_Output_Layer_0 0.13333333333333333 0.13333333333333333 0.5 4.0 27 12 3.85 1
4 5
10
2.2305660733801074
APP_6_Input_Layer_0 0.4 0.4 1.5 2.07 49 34 1.77 1

APP_6_Inner_Layer_0:0 0.06666666666666667 0.06666666666666667 0.25 2.64 11 28 1.69 1
0
APP_6_Inner_Layer_0:1 0.06666666666666667 0.06666666666666667 0.25 3.8 4 17 1.18 1
0
APP_6_Inner_Layer_0:2 0.4666666666666667 0.4666666666666667 1.75 3.65 47 38 2.05 1
0
APP_6_Inner_Layer_1:0 0.2 0.2 0.75 2.55 48 33 2.33 1
1
APP_6_Inner_Layer_1:1 0.3333333333333333 0.3333333333333333 1.25 3.83 49 1 2.3 1
1 3
APP_6_Inner_Layer_1:2 0.5333333333333333 0.5333333333333333 2.0 3.81 10 33 3.97 1
1 2 3
APP_6_Inner_Layer_1:3 0.26666666666666666 0.26666666666666666 1.0 1.02 2 49 1.06 1
1
APP_6_Inner_Layer_2:0 0.4666666666666667 0.4666666666666667 1.75 3.37 6 35 3.35 1
4 5 6 7
APP_6_Output_Layer_0 0.6 0.6 2.25 1.72 18 45 2.25 1
8
10
2.600015664653607
APP_7_Input_Layer_0 0.2 0.2 0.75 3.56 11 14 2.24 1

APP_7_Inner_Layer_0:0 0.5333333333333333 0.5333333333333333 2.0 2.42 48 49 1.59 1
0
APP_7_Inner_Layer_0:1 0.13333333333333333 0.13333333333333333 0.5 3.82 19 41 2.45 1
0
APP_7_Inner_Layer_1:0 0.6 0.6 2.25 2.26 46 2 1.07 1
2
APP_7_Inner_Layer_1:1 0.4666666666666667 0.4666666666666667 1.75 1.53 21 49 3.33 1
1
APP_7_Inner_Layer_1:2 0.3333333333333333 0.3333333333333333 1.25 1.34 23 1 2.54 1
1 2
APP_7_Inner_Layer_1:3 0.6 0.6 2.25 1.01 13 30 2.79 1
1 2
APP_7_Inner_Layer_2:0 0.2 0.2 0.75 2.4 4 10 2.33 1
3 4 5 6
APP_7_Inner_Layer_3:0 0.4666666666666667 0.4666666666666667 1.75 1.53 11 26 1.14 1
7
APP_7_Output_Layer_0 0.4666666666666667 0.4666666666666667 1.75 1.21 40 30 2.22 1
8
12
3.2836309676654167
APP_8_Input_Layer_0 0.3333333333333333 0.3333333333333333 1.25 2.33 35 44 2.44 1

APP_8_Inner_Layer_0:0 0.4666666666666667 0.4666666666666667 1.75 3.7 33 23 1.86 1
0
APP_8_Inner_Layer_0:1 0.26666666666666666 0.26666666666666666 1.0 2.63 24 40 3.93 1
0
APP_8_Inner_Layer_0:2 0.13333333333333333 0.13333333333333333 0.5 3.55 39 11 2.52 1
0
APP_8_Inner_Layer_0:3 0.5333333333333333 0.5333333333333333 2.0 3.44 49 49 3.28 1
0
APP_8_Inner_Layer_1:0 0.06666666666666667 0.06666666666666667 0.25 2.55 36 7 2.0 1
1 2 4
APP_8_Inner_Layer_1:1 0.3333333333333333 0.3333333333333333 1.25 3.95 7 27 2.87 1
2 4
APP_8_Inner_Layer_1:2 0.3333333333333333 0.3333333333333333 1.25 2.9 26 27 1.09 1
3 4
APP_8_Inner_Layer_1:3 0.13333333333333333 0.13333333333333333 0.5 3.97 10 18 1.13 1
1 3
APP_8_Inner_Layer_2:0 0.2 0.2 0.75 2.26 11 25 3.86 1
6
APP_8_Inner_Layer_2:1 0.13333333333333333 0.13333333333333333 0.5 3.0 13 27 1.57 1
5 7 8
APP_8_Output_Layer_0 0.5333333333333333 0.5333333333333333 2.0 3.38 36 14 3.33 0
9 10
8
3.962061072670696
APP_9_Input_Layer_0 0.26666666666666666 0.26666666666666666 1.0 1.9 37 12 2.12 1

APP_9_Inner_Layer_0:0 0.6 0.6 2.25 2.34 6 27 2.52 1
0
APP_9_Inner_Layer_0:1 0.3333333333333333 0.3333333333333333 1.25 2.04 18 5 2.53 1
0
APP_9_Inner_Layer_0:2 0.06666666666666667 0.06666666666666667 0.25 3.4 1 46 1.23 1
0
APP_9_Inner_Layer_1:0 0.4 0.4 1.5 1.91 36 40 3.68 1
2 3
APP_9_Inner_Layer_1:1 0.4666666666666667 0.4666666666666667 1.75 3.36 47 39 1.39 1
1
APP_9_Inner_Layer_1:2 0.5333333333333333 0.5333333333333333 2.0 3.35 21 10 3.87 1
1 2 3
APP_9_Output_Layer_0 0.6 0.6 2.25 1.39 9 33 2.79 0
4 5 6
10
4.241820422574493
APP_10_Input_Layer_0 0.13333333333333333 0.13333333333333333 0.5 2.29 38 27 1.31 1

APP_10_Inner_Layer_0:0 0.4 0.4 1.5 1.54 42 38 3.96 1
0
APP_10_Inner_Layer_1:0 0.4666666666666667 0.4666666666666667 1.75 3.79 13 11 1.21 1
1
APP_10_Inner_Layer_2:0 0.5333333333333333 0.5333333333333333 2.0 3.87 14 10 2.76 1
2
APP_10_Inner_Layer_2:1 0.4 0.4 1.5 1.82 6 20 3.65 1
2
APP_10_Inner_Layer_2:2 0.06666666666666667 0.06666666666666667 0.25 1.42 24 34 3.27 1
2
APP_10_Inner_Layer_3:0 0.3333333333333333 0.3333333333333333 1.25 1.53 15 8 3.91 1
5 3
APP_10_Inner_Layer_3:1 0.6 0.6 2.25 1.43 3 18 3.6 1
3 4 5
APP_10_Inner_Layer_3:2 0.13333333333333333 0.13333333333333333 0.5 3.6 8 42 3.98 1
5
APP_10_Output_Layer_0 0.13333333333333333 0.13333333333333333 0.5 3.49 19 16 2.81 1
6 7 8
7
4.765927848077031
APP_11_Input_Layer_0 0.6 0.6 2.25 1.94 8 47 1.83 1

APP_11_Inner_Layer_0:0 0.26666666666666666 0.26666666666666666 1.0 2.12 5 8 2.64 1
0
APP_11_Inner_Layer_1:0 0.6 0.6 2.25 1.53 17 38 2.79 1
1
APP_11_Inner_Layer_1:1 0.5333333333333333 0.5333333333333333 2.0 2.0 24 22 1.29 1
1
APP_11_Inner_Layer_2:0 0.26666666666666666 0.26666666666666666 1.0 3.93 29 42 3.24 1
2 3
APP_11_Inner_Layer_3:0 0.6 0.6 2.25 3.44 28 44 1.67 1
4
APP_11_Output_Layer_0 0.26666666666666666 0.26666666666666666 1.0 3.78 44 47 1.08 0
5
11
5.313253633674858
APP_12_Input_Layer_0 0.13333333333333333 0.13333333333333333 0.5 1.57 16 31 2.43 1

APP_12_Inner_Layer_0:0 0.5333333333333333 0.5333333333333333 2.0 3.84 37 8 2.59 1
0
APP_12_Inner_Layer_1:0 0.26666666666666666 0.26666666666666666 1.0 1.03 13 49 2.13 1
1
APP_12_Inner_Layer_1:1 0.2 0.2 0.75 1.26 38 10 2.99 1
1
APP_12_Inner_Layer_1:2 0.5333333333333333 0.5333333333333333 2.0 2.2 41 41 3.4 1
1
APP_12_Inner_Layer_2:0 0.4666666666666667 0.4666666666666667 1.75 3.91 47 40 2.29 1
3 4
APP_12_Inner_Layer_2:1 0.4 0.4 1.5 2.04 34 9 1.54 1
2
APP_12_Inner_Layer_3:0 0.4666666666666667 0.4666666666666667 1.75 2.39 13 30 1.98 1
5
APP_12_Inner_Layer_3:1 0.3333333333333333 0.3333333333333333 1.25 2.56 48 23 1.37 1
6
APP_12_Inner_Layer_3:2 0.2 0.2 0.75 1.19 15 47 2.85 1
6
APP_12_Output_Layer_0 0.4 0.4 1.5 2.13 15 13 3.48 1
7 8 9
8
5.835667570797513
APP_13_Input_Layer_0 0.26666666666666666 0.26666666666666666 1.0 1.27 27 27 1.91 1

APP_13_Inner_Layer_0:0 0.26666666666666666 0.26666666666666666 1.0 3.2 40 18 3.2 1
0
APP_13_Inner_Layer_0:1 0.26666666666666666 0.26666666666666666 1.0 2.04 12 49 1.63 1
0
APP_13_Inner_Layer_0:2 0.4666666666666667 0.4666666666666667 1.75 1.19 18 6 3.56 1
0
APP_13_Inner_Layer_1:0 0.2 0.2 0.75 1.91 41 4 1.79 1
3
APP_13_Inner_Layer_1:1 0.4666666666666667 0.4666666666666667 1.75 2.81 35 36 1.28 1
2
APP_13_Inner_Layer_1:2 0.4666666666666667 0.4666666666666667 1.75 1.62 6 16 3.58 1
1 3
APP_13_Output_Layer_0 0.06666666666666667 0.06666666666666667 0.25 2.4 38 10 3.01 1
4 5 6
