10
9
6
0
APP_0_Input_Layer_0 0.06666666666666667 0.06666666666666667 0.25 1.08 19 34 1.59 1

APP_0_Inner_Layer_0:0 0.6 0.6 2.25 1.46 12 49 2.24 1
0
APP_0_Inner_Layer_0:1 0.13333333333333333 0.13333333333333333 0.5 3.07 49 15 2.1 1
0
APP_0_Inner_Layer_0:2 0.4 0.4 1.5 2.42 17 13 2.19 1
0
APP_0_Inner_Layer_0:3 0.6 0.6 2.25 1.15 45 36 3.55 1
0
APP_0_Output_Layer_0 0.26666666666666666 0.26666666666666666 1.0 1.98 31 31 2.79 1
1 2 3 4
5
0.4872833246552441
APP_1_Input_Layer_0 0.2 0.2 0.75 1.01 32 21 2.19 1

APP_1_Inner_Layer_0:0 0.06666666666666667 0.06666666666666667 0.25 2.52 30 9 1.43 1
0
APP_1_Inner_Layer_1:0 0.3333333333333333 0.3333333333333333 1.25 1.17 47 13 1.73 1
1
APP_1_Inner_Layer_1:1 0.13333333333333333 0.13333333333333333 0.5 3.2 1 24 3.92 1
1
APP_1_Output_Layer_0 0.6 0.6 2.25 1.36 5 22 3.7 1
2 3
4
1.3123346439153885
APP_2_Input_Layer_0 0.26666666666666666 0.26666666666666666 1.0 1.66 46 17 3.35 0

APP_2_Inner_Layer_0:0 0.3333333333333333 0.3333333333333333 1.25 2.71 13 4 2.39 1
0
APP_2_Inner_Layer_0:1 0.4 0.4 1.5 1.49 14 43 3.2 1
0
APP_2_Output_Layer_0 0.5333333333333333 0.5333333333333333 2.0 1.68 11 38 3.43 1
1 2
10
1.974310958144713
APP_3_Input_Layer_0 0.6 0.6 2.25 2.01 39 32 1.07 1

APP_3_Inner_Layer_0:0 0.6 0.6 2.25 2.04 40 36 3.88 1
0
APP_3_Inner_Layer_0:1 0.06666666666666667 0.06666666666666667 0.25 2.36 39 8 2.5 1
0
APP_3_Inner_Layer_0:2 0.6 0.6 2.25 2.8 7 45 1.92 1
0
APP_3_Inner_Layer_1:0 0.26666666666666666 0.26666666666666666 1.0 3.36 24 15 3.43 1
1 2 3
APP_3_Inner_Layer_2:0 0.3333333333333333 0.3333333333333333 1.25 2.88 28 5 3.92 1
4
APP_3_Inner_Layer_3:0 0.13333333333333333 0.13333333333333333 0.5 2.91 3 18 1.69 1
5
APP_3_Inner_Layer_3:1 0.4 0.4 1.5 2.8 11 6 3.44 1
5
APP_3_Inner_Layer_3:2 0.13333333333333333 0.13333333333333333 0.5 1.09 26 5 2.7 1
5
APP_3_Output_Layer_0 0.5333333333333333 0.5333333333333333 2.0 1.29 24 44 2.53 1
6 7 8
7
2.5110941878714566
APP_4_Input_Layer_0 0.4 0.4 1.5 3.96 7 31 2.11 1

APP_4_Inner_Layer_0:0 0.06666666666666667 0.06666666666666667 0.25 2.11 31 35 1.24 1
0
APP_4_Inner_Layer_0:1 0.5333333333333333 0.5333333333333333 2.0 2.52 21 23 2.15 1
0
APP_4_Inner_Layer_1:0 0.26666666666666666 0.26666666666666666 1.0 2.79 38 6 1.83 1
2
APP_4_Inner_Layer_1:1 0.6 0.6 2.25 3.58 31 3 1.57 1
1 2
APP_4_Inner_Layer_1:2 0.13333333333333333 0.13333333333333333 0.5 2.72 49 44 2.27 1
1
APP_4_Output_Layer_0 0.4666666666666667 0.4666666666666667 1.75 1.11 39 49 3.89 1
3 4 5
11
3.0249196111246763
APP_5_Input_Layer_0 0.2 0.2 0.75 3.41 12 29 1.81 1

APP_5_Inner_Layer_0:0 0.3333333333333333 0.3333333333333333 1.25 3.02 18 13 3.5 1
0
APP_5_Inner_Layer_0:1 0.4 0.4 1.5 2.49 10 45 3.04 1
0
APP_5_Inner_Layer_0:2 0.5333333333333333 0.5333333333333333 2.0 3.84 24 17 1.19 1
0
APP_5_Inner_Layer_0:3 0.3333333333333333 0.3333333333333333 1.25 3.97 7 38 2.0 1
0
APP_5_Inner_Layer_1:0 0.5333333333333333 0.5333333333333333 2.0 3.4 9 38 2.51 1
1 3
APP_5_Inner_Layer_1:1 0.4 0.4 1.5 2.1 38 1 1.03 1
2 4
APP_5_Inner_Layer_2:0 0.4666666666666667 0.4666666666666667 1.75 3.24 32 18 2.49 1
5 6
APP_5_Inner_Layer_3:0 0.13333333333333333 0.13333333333333333 0.5 3.12 34 25 2.32 1
7
APP_5_Inner_Layer_3:1 0.2 0.2 0.75 3.79 37 32 1.93 1
7
APP_5_Output_Layer_0 0.3333333333333333 0.3333333333333333 1.25 3.9 9 48 2.84 1
8 9
13
3.9419541698967233
APP_6_Input_Layer_0 0.3333333333333333 0.3333333333333333 1.25 2.09 11 34 3.48 1

APP_6_Inner_Layer_0:0 0.06666666666666667 0.06666666666666667 0.25 1.05 47 23 3.83 1
0
APP_6_Inner_Layer_0:1 0.26666666666666666 0.26666666666666666 1.0 2.14 44 27 2.79 1
0
APP_6_Inner_Layer_0:2 0.06666666666666667 0.06666666666666667 0.25 3.99 24 37 2.45 1
0
APP_6_Inner_Layer_1:0 0.26666666666666666 0.26666666666666666 1.0 2.32 33 33 3.49 1
1 3
APP_6_Inner_Layer_1:1 0.4666666666666667 0.4666666666666667 1.75 2.51 13 20 3.59 1
1
APP_6_Inner_Layer_1:2 0.2 0.2 0.75 1.13 25 12 3.5 1
2
APP_6_Inner_Layer_1:3 0.26666666666666666 0.26666666666666666 1.0 1.62 17 4 2.03 1
1 3
APP_6_Inner_Layer_2:0 0.26666666666666666 0.26666666666666666 1.0 2.67 49 49 2.37 1
4 5 6 7
APP_6_Inner_Layer_2:1 0.5333333333333333 0.5333333333333333 2.0 2.54 9 43 3.17 1
4 7
APP_6_Inner_Layer_2:2 0.13333333333333333 0.13333333333333333 0.5 1.29 5 32 2.26 1
4 6 7
APP_6_Inner_Layer_2:3 0.6 0.6 2.25 3.59 21 2 2.94 1
6
APP_6_Output_Layer_0 0.06666666666666667 0.06666666666666667 0.25 2.19 23 16 1.43 1
8 9 10 11
6
4.99207948203007
APP_7_Input_Layer_0 0.5333333333333333 0.5333333333333333 2.0 2.06 5 9 3.5 1

APP_7_Inner_Layer_0:0 0.26666666666666666 0.26666666666666666 1.0 3.15 13 38 2.19 1
0
APP_7_Inner_Layer_0:1 0.5333333333333333 0.5333333333333333 2.0 2.16 11 42 1.24 1
0
APP_7_Inner_Layer_1:0 0.6 0.6 2.25 2.13 39 5 1.56 1
1
APP_7_Inner_Layer_1:1 0.06666666666666667 0.06666666666666667 0.25 1.81 40 8 3.35 1
2
APP_7_Output_Layer_0 0.06666666666666667 0.06666666666666667 0.25 3.81 17 38 1.89 1
3 4
4
5.5035223790409455
APP_8_Input_Layer_0 0.26666666666666666 0.26666666666666666 1.0 1.33 11 25 3.51 1

APP_8_Inner_Layer_0:0 0.6 0.6 2.25 1.91 48 7 3.45 1
0
APP_8_Inner_Layer_0:1 0.13333333333333333 0.13333333333333333 0.5 3.63 31 8 1.85 1
0
APP_8_Output_Layer_0 0.06666666666666667 0.06666666666666667 0.25 1.29 16 2 2.22 1
1 2
