10
9
8
0
APP_0_Input_Layer_0 0.3333333333333333 0.3333333333333333 1.25 1.81 44 9 3.6 1

APP_0_Inner_Layer_0:0 0.6 0.6 2.25 1.66 40 47 2.44 1
0
APP_0_Inner_Layer_0:1 0.6 0.6 2.25 1.87 15 38 2.66 1
0
APP_0_Inner_Layer_0:2 0.5333333333333333 0.5333333333333333 2.0 1.12 9 21 2.11 1
0
APP_0_Inner_Layer_1:0 0.2 0.2 0.75 3.08 24 45 3.69 1
1 2
APP_0_Inner_Layer_1:1 0.13333333333333333 0.13333333333333333 0.5 2.4 41 23 3.79 1
1 2 3
APP_0_Inner_Layer_1:2 0.2 0.2 0.75 2.76 41 19 2.8 1
3
APP_0_Output_Layer_0 0.4 0.4 1.5 1.8 46 48 1.49 1
4 5 6
6
1.0332052041871376
APP_1_Input_Layer_0 0.26666666666666666 0.26666666666666666 1.0 3.32 19 44 3.29 1

APP_1_Inner_Layer_0:0 0.13333333333333333 0.13333333333333333 0.5 1.03 43 41 1.03 1
0
APP_1_Inner_Layer_0:1 0.26666666666666666 0.26666666666666666 1.0 1.57 11 45 1.77 1
0
APP_1_Inner_Layer_0:2 0.06666666666666667 0.06666666666666667 0.25 1.22 6 42 2.3 1
0
APP_1_Inner_Layer_0:3 0.4666666666666667 0.4666666666666667 1.75 1.48 4 16 3.82 1
0
APP_1_Output_Layer_0 0.13333333333333333 0.13333333333333333 0.5 3.31 38 34 2.32 1
1 2 3 4
11
1.4959530576881885
APP_2_Input_Layer_0 0.26666666666666666 0.26666666666666666 1.0 2.66 30 15 3.77 1

APP_2_Inner_Layer_0:0 0.13333333333333333 0.13333333333333333 0.5 3.58 1 29 1.64 1
0
APP_2_Inner_Layer_0:1 0.6 0.6 2.25 3.36 2 7 3.65 1
0
APP_2_Inner_Layer_0:2 0.06666666666666667 0.06666666666666667 0.25 1.85 37 24 1.64 1
0
APP_2_Inner_Layer_0:3 0.26666666666666666 0.26666666666666666 1.0 3.54 28 20 2.33 1
0
APP_2_Inner_Layer_1:0 0.3333333333333333 0.3333333333333333 1.25 3.82 34 33 1.57 1
3 4
APP_2_Inner_Layer_1:1 0.3333333333333333 0.3333333333333333 1.25 1.47 17 32 3.97 1
2 3 4
APP_2_Inner_Layer_1:2 0.4666666666666667 0.4666666666666667 1.75 2.76 45 19 3.04 1
1
APP_2_Inner_Layer_2:0 0.3333333333333333 0.3333333333333333 1.25 1.37 7 16 2.47 1
6 7
APP_2_Inner_Layer_2:1 0.3333333333333333 0.3333333333333333 1.25 2.49 7 34 2.27 1
5
APP_2_Output_Layer_0 0.13333333333333333 0.13333333333333333 0.5 3.99 30 24 1.79 1
8 9
5
2.0510568980624155
APP_3_Input_Layer_0 0.4666666666666667 0.4666666666666667 1.75 1.54 25 22 1.03 0

APP_3_Inner_Layer_0:0 0.26666666666666666 0.26666666666666666 1.0 3.53 41 47 2.97 1
0
APP_3_Inner_Layer_0:1 0.26666666666666666 0.26666666666666666 1.0 1.22 32 25 3.11 1
0
APP_3_Inner_Layer_0:2 0.4 0.4 1.5 3.66 15 37 2.64 1
0
APP_3_Output_Layer_0 0.4 0.4 1.5 3.57 33 47 2.79 1
1 2 3
13
2.567546888571291
APP_4_Input_Layer_0 0.26666666666666666 0.26666666666666666 1.0 3.36 7 17 1.03 0

APP_4_Inner_Layer_0:0 0.26666666666666666 0.26666666666666666 1.0 2.41 48 17 2.58 1
0
APP_4_Inner_Layer_0:1 0.4666666666666667 0.4666666666666667 1.75 1.91 47 49 3.26 1
0
APP_4_Inner_Layer_1:0 0.13333333333333333 0.13333333333333333 0.5 3.76 25 11 2.47 1
2
APP_4_Inner_Layer_1:1 0.5333333333333333 0.5333333333333333 2.0 2.21 10 37 1.27 1
1
APP_4_Inner_Layer_1:2 0.4 0.4 1.5 1.13 45 38 1.5 1
2
APP_4_Inner_Layer_2:0 0.6 0.6 2.25 1.27 26 6 1.59 1
5
APP_4_Inner_Layer_2:1 0.3333333333333333 0.3333333333333333 1.25 3.16 49 9 1.84 1
3 5
APP_4_Inner_Layer_2:2 0.13333333333333333 0.13333333333333333 0.5 3.32 15 6 1.44 1
5
APP_4_Inner_Layer_2:3 0.3333333333333333 0.3333333333333333 1.25 2.28 3 43 2.72 1
3 4 5
APP_4_Inner_Layer_3:0 0.2 0.2 0.75 3.76 7 37 2.81 1
6 7 8
APP_4_Inner_Layer_3:1 0.4666666666666667 0.4666666666666667 1.75 1.91 31 6 2.01 1
9
APP_4_Output_Layer_0 0.26666666666666666 0.26666666666666666 1.0 2.47 26 26 3.26 1
10 11
9
3.5268956422767612
APP_5_Input_Layer_0 0.4666666666666667 0.4666666666666667 1.75 1.81 12 27 3.16 1

APP_5_Inner_Layer_0:0 0.26666666666666666 0.26666666666666666 1.0 3.54 27 41 1.04 1
0
APP_5_Inner_Layer_0:1 0.06666666666666667 0.06666666666666667 0.25 3.74 20 16 3.24 1
0
APP_5_Inner_Layer_1:0 0.4666666666666667 0.4666666666666667 1.75 3.62 37 20 2.87 1
1 2
APP_5_Inner_Layer_2:0 0.06666666666666667 0.06666666666666667 0.25 3.03 5 5 1.77 1
3
APP_5_Inner_Layer_2:1 0.4 0.4 1.5 3.26 28 35 3.12 1
3
APP_5_Inner_Layer_2:2 0.4 0.4 1.5 1.91 8 19 2.76 1
3
APP_5_Inner_Layer_2:3 0.2 0.2 0.75 1.58 33 6 2.75 1
3
APP_5_Output_Layer_0 0.4666666666666667 0.4666666666666667 1.75 1.23 4 45 2.88 1
4 5 6 7
16
4.284277123081594
APP_6_Input_Layer_0 0.5333333333333333 0.5333333333333333 2.0 3.26 17 47 1.9 1

APP_6_Inner_Layer_0:0 0.26666666666666666 0.26666666666666666 1.0 1.09 16 6 3.25 1
0
APP_6_Inner_Layer_0:1 0.13333333333333333 0.13333333333333333 0.5 2.03 17 18 2.75 1
0
APP_6_Inner_Layer_0:2 0.13333333333333333 0.13333333333333333 0.5 2.9 29 6 2.84 1
0
APP_6_Inner_Layer_1:0 0.13333333333333333 0.13333333333333333 0.5 3.17 4 34 2.14 1
1 2 3
APP_6_Inner_Layer_1:1 0.5333333333333333 0.5333333333333333 2.0 1.17 29 39 2.06 1
1
APP_6_Inner_Layer_1:2 0.6 0.6 2.25 3.05 44 22 1.57 1
1 3
APP_6_Inner_Layer_2:0 0.26666666666666666 0.26666666666666666 1.0 3.58 17 2 1.03 1
4 5
APP_6_Inner_Layer_2:1 0.5333333333333333 0.5333333333333333 2.0 1.95 23 21 1.71 1
5 6
APP_6_Inner_Layer_2:2 0.2 0.2 0.75 1.78 43 47 1.89 1
6
APP_6_Inner_Layer_2:3 0.5333333333333333 0.5333333333333333 2.0 1.14 8 5 1.97 1
4 6
APP_6_Inner_Layer_3:0 0.26666666666666666 0.26666666666666666 1.0 2.16 27 14 1.73 1
7 8 9
APP_6_Inner_Layer_3:1 0.4666666666666667 0.4666666666666667 1.75 3.06 17 31 3.87 1
7 9 10
APP_6_Inner_Layer_3:2 0.3333333333333333 0.3333333333333333 1.25 3.4 23 2 1.88 1
9 10
APP_6_Inner_Layer_3:3 0.4666666666666667 0.4666666666666667 1.75 1.36 17 23 3.32 1
8 10
APP_6_Output_Layer_0 0.5333333333333333 0.5333333333333333 2.0 1.29 9 43 3.18 1
11 12 13 14
7
5.009467735469211
APP_7_Input_Layer_0 0.4 0.4 1.5 2.05 41 17 2.72 1

APP_7_Inner_Layer_0:0 0.26666666666666666 0.26666666666666666 1.0 2.23 1 34 1.4 1
0
APP_7_Inner_Layer_1:0 0.2 0.2 0.75 3.06 28 1 1.01 1
1
APP_7_Inner_Layer_1:1 0.4 0.4 1.5 3.38 13 47 3.98 1
1
APP_7_Inner_Layer_1:2 0.26666666666666666 0.26666666666666666 1.0 2.55 19 29 3.77 1
1
APP_7_Inner_Layer_1:3 0.6 0.6 2.25 1.27 38 37 1.82 1
1
APP_7_Output_Layer_0 0.4666666666666667 0.4666666666666667 1.75 3.92 8 46 3.69 1
2 3 4 5
11
5.906632406769966
APP_8_Input_Layer_0 0.5333333333333333 0.5333333333333333 2.0 1.64 8 33 1.88 1

APP_8_Inner_Layer_0:0 0.2 0.2 0.75 3.65 29 25 2.18 1
0
APP_8_Inner_Layer_0:1 0.6 0.6 2.25 2.66 47 46 3.7 1
0
APP_8_Inner_Layer_1:0 0.4 0.4 1.5 2.87 40 41 2.17 1
1
APP_8_Inner_Layer_1:1 0.4666666666666667 0.4666666666666667 1.75 3.29 14 12 3.28 1
1
APP_8_Inner_Layer_1:2 0.3333333333333333 0.3333333333333333 1.25 1.78 32 11 2.35 1
1
APP_8_Inner_Layer_1:3 0.4666666666666667 0.4666666666666667 1.75 1.89 7 25 3.63 1
1 2
APP_8_Inner_Layer_2:0 0.2 0.2 0.75 3.29 24 49 2.58 1
6
APP_8_Inner_Layer_2:1 0.5333333333333333 0.5333333333333333 2.0 1.14 36 19 1.49 1
3 4
APP_8_Inner_Layer_2:2 0.3333333333333333 0.3333333333333333 1.25 1.51 45 30 3.32 1
4 5 6
APP_8_Output_Layer_0 0.13333333333333333 0.13333333333333333 0.5 1.26 11 22 2.61 1
7 8 9
