10
9
6
0
APP_0_Input_Layer_0 0.13333333333333333 0.13333333333333333 0.5 3.61 8 1 2.17 1

APP_0_Inner_Layer_0:0 0.4 0.4 1.5 1.83 28 33 1.85 1
0
APP_0_Inner_Layer_1:0 0.13333333333333333 0.13333333333333333 0.5 2.36 39 7 2.46 1
1
APP_0_Inner_Layer_1:1 0.6 0.6 2.25 2.77 44 46 2.4 1
1
APP_0_Inner_Layer_1:2 0.5333333333333333 0.5333333333333333 2.0 2.94 15 45 1.53 1
1
APP_0_Output_Layer_0 0.2 0.2 0.75 1.45 37 1 3.32 1
2 3 4
5
0.7509217908947527
APP_1_Input_Layer_0 0.3333333333333333 0.3333333333333333 1.25 1.58 21 36 2.1 1

APP_1_Inner_Layer_0:0 0.5333333333333333 0.5333333333333333 2.0 3.63 39 41 1.09 1
0
APP_1_Inner_Layer_0:1 0.2 0.2 0.75 3.2 34 21 2.41 1
0
APP_1_Inner_Layer_0:2 0.2 0.2 0.75 3.24 10 1 3.04 1
0
APP_1_Output_Layer_0 0.2 0.2 0.75 3.52 7 8 2.19 1
1 2 3
7
1.716024285539336
APP_2_Input_Layer_0 0.2 0.2 0.75 3.8 30 24 3.43 1

APP_2_Inner_Layer_0:0 0.4 0.4 1.5 2.12 15 20 3.91 1
0
APP_2_Inner_Layer_1:0 0.5333333333333333 0.5333333333333333 2.0 2.75 13 21 1.64 1
1
APP_2_Inner_Layer_2:0 0.6 0.6 2.25 2.8 12 14 2.53 1
2
APP_2_Inner_Layer_3:0 0.4 0.4 1.5 3.82 38 12 3.41 1
3
APP_2_Inner_Layer_3:1 0.4 0.4 1.5 3.36 29 11 3.53 1
3
APP_2_Output_Layer_0 0.6 0.6 2.25 1.17 13 41 2.42 1
4 5
8
2.1433695037097937
APP_3_Input_Layer_0 0.3333333333333333 0.3333333333333333 1.25 3.58 19 27 1.56 1

APP_3_Inner_Layer_0:0 0.4 0.4 1.5 1.22 41 18 2.97 1
0
APP_3_Inner_Layer_0:1 0.4666666666666667 0.4666666666666667 1.75 2.54 22 48 1.61 1
0
APP_3_Inner_Layer_0:2 0.2 0.2 0.75 3.33 19 3 3.58 1
0
APP_3_Inner_Layer_1:0 0.4 0.4 1.5 1.99 16 26 3.09 1
1 2 3
APP_3_Inner_Layer_2:0 0.26666666666666666 0.26666666666666666 1.0 3.88 18 24 2.81 1
4
APP_3_Inner_Layer_2:1 0.5333333333333333 0.5333333333333333 2.0 1.24 31 44 3.82 1
4
APP_3_Output_Layer_0 0.2 0.2 0.75 2.66 17 2 2.67 1
5 6
4
2.622848876627898
APP_4_Input_Layer_0 0.4666666666666667 0.4666666666666667 1.75 1.62 11 9 2.56 1

APP_4_Inner_Layer_0:0 0.4 0.4 1.5 1.57 16 35 2.25 1
0
APP_4_Inner_Layer_0:1 0.5333333333333333 0.5333333333333333 2.0 3.46 41 20 2.75 1
0
APP_4_Output_Layer_0 0.06666666666666667 0.06666666666666667 0.25 3.42 39 15 3.73 1
1 2
8
3.2455302423063555
APP_5_Input_Layer_0 0.4666666666666667 0.4666666666666667 1.75 2.72 37 48 1.59 1

APP_5_Inner_Layer_0:0 0.13333333333333333 0.13333333333333333 0.5 1.8 28 38 2.47 1
0
APP_5_Inner_Layer_1:0 0.3333333333333333 0.3333333333333333 1.25 2.61 40 23 2.79 1
1
APP_5_Inner_Layer_1:1 0.4 0.4 1.5 3.62 33 13 1.41 1
1
APP_5_Inner_Layer_1:2 0.26666666666666666 0.26666666666666666 1.0 2.01 23 32 3.67 1
1
APP_5_Inner_Layer_1:3 0.2 0.2 0.75 3.96 28 44 2.61 1
1
APP_5_Inner_Layer_2:0 0.4 0.4 1.5 3.32 39 40 1.5 1
2 3 4 5
APP_5_Output_Layer_0 0.4 0.4 1.5 2.44 19 26 2.7 1
6
8
4.2731880295843645
APP_6_Input_Layer_0 0.13333333333333333 0.13333333333333333 0.5 3.8 31 17 1.87 1

APP_6_Inner_Layer_0:0 0.2 0.2 0.75 3.65 20 9 3.97 1
0
APP_6_Inner_Layer_1:0 0.4666666666666667 0.4666666666666667 1.75 3.44 26 1 2.83 1
1
APP_6_Inner_Layer_2:0 0.5333333333333333 0.5333333333333333 2.0 1.47 44 31 3.08 1
2
APP_6_Inner_Layer_3:0 0.6 0.6 2.25 1.15 19 43 2.16 1
3
APP_6_Inner_Layer_3:1 0.6 0.6 2.25 2.67 48 14 1.18 1
3
APP_6_Inner_Layer_3:2 0.5333333333333333 0.5333333333333333 2.0 3.58 25 9 1.2 1
3
APP_6_Output_Layer_0 0.06666666666666667 0.06666666666666667 0.25 3.61 28 19 2.15 1
4 5 6
15
5.064702434224415
APP_7_Input_Layer_0 0.06666666666666667 0.06666666666666667 0.25 1.4 1 17 1.08 1

APP_7_Inner_Layer_0:0 0.06666666666666667 0.06666666666666667 0.25 2.19 12 30 2.49 1
0
APP_7_Inner_Layer_0:1 0.13333333333333333 0.13333333333333333 0.5 1.01 45 31 2.86 1
0
APP_7_Inner_Layer_1:0 0.13333333333333333 0.13333333333333333 0.5 2.19 22 48 3.75 1
1
APP_7_Inner_Layer_1:1 0.5333333333333333 0.5333333333333333 2.0 1.41 1 3 2.09 1
2
APP_7_Inner_Layer_1:2 0.26666666666666666 0.26666666666666666 1.0 2.49 35 15 1.25 1
1 2
APP_7_Inner_Layer_2:0 0.06666666666666667 0.06666666666666667 0.25 2.94 4 15 2.54 1
5
APP_7_Inner_Layer_2:1 0.6 0.6 2.25 3.4 10 22 1.65 1
3 5
APP_7_Inner_Layer_2:2 0.3333333333333333 0.3333333333333333 1.25 3.84 36 17 1.88 1
3 4
APP_7_Inner_Layer_2:3 0.6 0.6 2.25 3.63 29 42 2.69 1
3 4
APP_7_Inner_Layer_3:0 0.2 0.2 0.75 2.83 1 5 3.4 1
7 8
APP_7_Inner_Layer_3:1 0.2 0.2 0.75 2.94 33 7 3.89 1
7
APP_7_Inner_Layer_3:2 0.3333333333333333 0.3333333333333333 1.25 1.28 12 30 2.22 1
6 7 8 9
APP_7_Inner_Layer_3:3 0.26666666666666666 0.26666666666666666 1.0 2.95 48 47 2.35 1
6
APP_7_Output_Layer_0 0.26666666666666666 0.26666666666666666 1.0 1.25 35 23 1.54 1
10 11 12 13
11
5.618969177753816
APP_8_Input_Layer_0 0.5333333333333333 0.5333333333333333 2.0 3.1 31 13 3.99 1

APP_8_Inner_Layer_0:0 0.13333333333333333 0.13333333333333333 0.5 3.84 26 44 3.85 1
0
APP_8_Inner_Layer_0:1 0.2 0.2 0.75 1.47 13 6 2.09 1
0
APP_8_Inner_Layer_0:2 0.4666666666666667 0.4666666666666667 1.75 1.97 28 26 1.71 1
0
APP_8_Inner_Layer_1:0 0.5333333333333333 0.5333333333333333 2.0 3.11 13 31 3.96 1
1 2
APP_8_Inner_Layer_1:1 0.4 0.4 1.5 3.27 12 23 3.78 1
3
APP_8_Inner_Layer_2:0 0.3333333333333333 0.3333333333333333 1.25 2.29 14 41 2.27 1
4
APP_8_Inner_Layer_2:1 0.3333333333333333 0.3333333333333333 1.25 1.14 6 45 1.54 1
5
APP_8_Inner_Layer_2:2 0.3333333333333333 0.3333333333333333 1.25 1.3 33 37 2.32 1
5
APP_8_Inner_Layer_2:3 0.3333333333333333 0.3333333333333333 1.25 3.65 11 2 1.25 1
5
APP_8_Output_Layer_0 0.4 0.4 1.5 1.89 3 48 2.25 1
6 7 8 9
