10
6
8
0
APP_0_Input_Layer_0 0.4666666666666667 0.4666666666666667 1.75 3.25 37 5 1.6 1

APP_0_Inner_Layer_0:0 0.13333333333333333 0.13333333333333333 0.5 3.93 46 45 1.77 1
0
APP_0_Inner_Layer_1:0 0.13333333333333333 0.13333333333333333 0.5 1.29 17 1 1.68 0
1
APP_0_Inner_Layer_1:1 0.06666666666666667 0.06666666666666667 0.25 2.2 23 13 2.27 1
1
APP_0_Inner_Layer_1:2 0.06666666666666667 0.06666666666666667 0.25 3.13 21 6 2.51 1
1
APP_0_Inner_Layer_2:0 0.4666666666666667 0.4666666666666667 1.75 3.18 40 15 2.8 1
2 4
APP_0_Inner_Layer_2:1 0.26666666666666666 0.26666666666666666 1.0 3.13 22 20 2.27 1
3
APP_0_Output_Layer_0 0.6 0.6 2.25 1.23 43 1 1.4 1
5 6
13
0.9297360167686636
APP_1_Input_Layer_0 0.06666666666666667 0.06666666666666667 0.25 1.18 39 7 1.86 1

APP_1_Inner_Layer_0:0 0.26666666666666666 0.26666666666666666 1.0 2.03 5 48 1.87 1
0
APP_1_Inner_Layer_0:1 0.4 0.4 1.5 2.19 41 37 1.61 1
0
APP_1_Inner_Layer_0:2 0.3333333333333333 0.3333333333333333 1.25 1.11 19 12 1.24 1
0
APP_1_Inner_Layer_1:0 0.3333333333333333 0.3333333333333333 1.25 1.53 24 6 2.33 0
1
APP_1_Inner_Layer_1:1 0.5333333333333333 0.5333333333333333 2.0 1.91 44 20 1.74 1
2 3
APP_1_Inner_Layer_1:2 0.2 0.2 0.75 1.07 17 33 3.24 1
3
APP_1_Inner_Layer_2:0 0.4666666666666667 0.4666666666666667 1.75 2.11 17 27 3.43 1
4 5 6
APP_1_Inner_Layer_3:0 0.13333333333333333 0.13333333333333333 0.5 1.21 3 15 2.06 1
7
APP_1_Inner_Layer_3:1 0.2 0.2 0.75 3.98 23 4 3.6 1
7
APP_1_Inner_Layer_3:2 0.4 0.4 1.5 2.29 21 27 2.47 1
7
APP_1_Inner_Layer_3:3 0.5333333333333333 0.5333333333333333 2.0 3.73 47 12 1.96 1
7
APP_1_Output_Layer_0 0.2 0.2 0.75 1.93 12 28 2.4 1
8 9 10 11
12
1.5771639342399824
APP_2_Input_Layer_0 0.6 0.6 2.25 2.36 14 7 2.43 1

APP_2_Inner_Layer_0:0 0.4666666666666667 0.4666666666666667 1.75 3.33 30 23 2.41 1
0
APP_2_Inner_Layer_0:1 0.3333333333333333 0.3333333333333333 1.25 3.42 2 12 1.99 1
0
APP_2_Inner_Layer_1:0 0.3333333333333333 0.3333333333333333 1.25 3.77 14 11 1.74 1
2
APP_2_Inner_Layer_1:1 0.13333333333333333 0.13333333333333333 0.5 3.69 11 43 1.6 1
1
APP_2_Inner_Layer_1:2 0.06666666666666667 0.06666666666666667 0.25 3.64 25 35 3.19 0
1 2
APP_2_Inner_Layer_1:3 0.13333333333333333 0.13333333333333333 0.5 1.22 39 8 3.08 1
1 2
APP_2_Inner_Layer_2:0 0.26666666666666666 0.26666666666666666 1.0 3.33 35 3 2.25 0
4
APP_2_Inner_Layer_2:1 0.6 0.6 2.25 1.47 41 5 1.12 0
3 5 6
APP_2_Inner_Layer_3:0 0.4666666666666667 0.4666666666666667 1.75 1.49 41 21 2.53 1
7
APP_2_Inner_Layer_3:1 0.2 0.2 0.75 3.54 40 34 1.87 1
8
APP_2_Output_Layer_0 0.13333333333333333 0.13333333333333333 0.5 3.82 13 7 2.63 1
9 10
9
2.601309596506739
APP_3_Input_Layer_0 0.2 0.2 0.75 2.16 40 12 1.81 1

APP_3_Inner_Layer_0:0 0.5333333333333333 0.5333333333333333 2.0 2.8 32 49 3.8 1
0
APP_3_Inner_Layer_0:1 0.13333333333333333 0.13333333333333333 0.5 3.19 16 28 1.87 1
0
APP_3_Inner_Layer_0:2 0.13333333333333333 0.13333333333333333 0.5 1.64 46 21 1.08 1
0
APP_3_Inner_Layer_1:0 0.5333333333333333 0.5333333333333333 2.0 1.67 11 44 2.04 1
1 3
APP_3_Inner_Layer_1:1 0.5333333333333333 0.5333333333333333 2.0 2.74 2 45 3.3 1
3
APP_3_Inner_Layer_1:2 0.6 0.6 2.25 1.38 5 2 1.66 1
1 2
APP_3_Inner_Layer_1:3 0.5333333333333333 0.5333333333333333 2.0 3.16 47 40 1.79 1
1
APP_3_Output_Layer_0 0.26666666666666666 0.26666666666666666 1.0 3.73 41 7 3.54 1
4 5 6 7
9
3.9715994928174085
APP_4_Input_Layer_0 0.26666666666666666 0.26666666666666666 1.0 1.27 35 2 1.86 1

APP_4_Inner_Layer_0:0 0.2 0.2 0.75 1.65 31 29 3.33 1
0
APP_4_Inner_Layer_1:0 0.5333333333333333 0.5333333333333333 2.0 2.51 40 31 3.11 1
1
APP_4_Inner_Layer_2:0 0.4666666666666667 0.4666666666666667 1.75 1.03 20 41 3.76 1
2
APP_4_Inner_Layer_2:1 0.26666666666666666 0.26666666666666666 1.0 3.72 23 30 3.3 1
2
APP_4_Inner_Layer_2:2 0.4 0.4 1.5 3.39 32 32 1.61 0
2
APP_4_Inner_Layer_2:3 0.26666666666666666 0.26666666666666666 1.0 3.82 30 16 1.38 1
2
APP_4_Inner_Layer_3:0 0.26666666666666666 0.26666666666666666 1.0 2.18 30 32 1.4 1
3 4 5 6
APP_4_Output_Layer_0 0.4 0.4 1.5 2.76 41 40 3.62 1
7
4
4.8477701823241
APP_5_Input_Layer_0 0.4666666666666667 0.4666666666666667 1.75 2.57 38 26 3.16 1

APP_5_Inner_Layer_0:0 0.4 0.4 1.5 2.7 37 8 3.7 0
0
APP_5_Inner_Layer_1:0 0.6 0.6 2.25 2.77 35 25 1.61 1
1
APP_5_Output_Layer_0 0.06666666666666667 0.06666666666666667 0.25 1.57 40 8 2.05 1
2
