10
6
7
0
APP_0_Input_Layer_0 0.26666666666666666 0.26666666666666666 1.0 3.56 16 47 1.31 1

APP_0_Inner_Layer_0:0 0.6 0.6 2.25 2.54 44 26 1.59 1
0
APP_0_Inner_Layer_0:1 0.6 0.6 2.25 2.18 5 14 3.93 1
0
APP_0_Inner_Layer_1:0 0.06666666666666667 0.06666666666666667 0.25 2.04 6 22 3.43 0
2
APP_0_Inner_Layer_1:1 0.5333333333333333 0.5333333333333333 2.0 1.34 47 48 3.4 1
2
APP_0_Inner_Layer_1:2 0.2 0.2 0.75 2.96 12 4 2.61 1
1 2
APP_0_Output_Layer_0 0.26666666666666666 0.26666666666666666 1.0 3.41 18 1 2.71 1
3 4 5
7
0.6266671927946548
APP_1_Input_Layer_0 0.2 0.2 0.75 2.08 39 19 3.0 1

APP_1_Inner_Layer_0:0 0.13333333333333333 0.13333333333333333 0.5 3.47 10 5 2.05 1
0
APP_1_Inner_Layer_1:0 0.06666666666666667 0.06666666666666667 0.25 3.15 40 2 3.68 1
1
APP_1_Inner_Layer_2:0 0.06666666666666667 0.06666666666666667 0.25 3.52 44 6 3.96 1
2
APP_1_Inner_Layer_2:1 0.26666666666666666 0.26666666666666666 1.0 3.35 36 6 2.66 1
2
APP_1_Inner_Layer_2:2 0.2 0.2 0.75 3.1 1 8 2.06 1
2
APP_1_Output_Layer_0 0.4 0.4 1.5 3.73 36 3 2.05 1
3 4 5
11
1.380762725340516
APP_2_Input_Layer_0 0.3333333333333333 0.3333333333333333 1.25 1.31 13 34 3.78 1

APP_2_Inner_Layer_0:0 0.5333333333333333 0.5333333333333333 2.0 3.09 15 3 1.17 1
0
APP_2_Inner_Layer_0:1 0.13333333333333333 0.13333333333333333 0.5 3.45 39 21 2.45 1
0
APP_2_Inner_Layer_1:0 0.5333333333333333 0.5333333333333333 2.0 3.65 37 2 3.18 1
2
APP_2_Inner_Layer_1:1 0.4666666666666667 0.4666666666666667 1.75 3.67 42 30 3.63 1
1
APP_2_Inner_Layer_1:2 0.4666666666666667 0.4666666666666667 1.75 2.24 21 45 2.05 1
2
APP_2_Inner_Layer_1:3 0.2 0.2 0.75 3.58 4 20 1.27 1
2
APP_2_Inner_Layer_2:0 0.2 0.2 0.75 1.81 24 14 2.24 1
4 5
APP_2_Inner_Layer_2:1 0.3333333333333333 0.3333333333333333 1.25 1.28 16 48 1.91 1
4 6
APP_2_Inner_Layer_2:2 0.6 0.6 2.25 2.87 21 38 3.17 1
3
APP_2_Output_Layer_0 0.6 0.6 2.25 3.54 30 33 3.9 1
7 8 9
4
2.3904288929659714
APP_3_Input_Layer_0 0.2 0.2 0.75 1.11 2 26 3.12 1

APP_3_Inner_Layer_0:0 0.6 0.6 2.25 2.87 8 17 2.26 1
0
APP_3_Inner_Layer_1:0 0.6 0.6 2.25 3.31 27 23 2.92 1
1
APP_3_Output_Layer_0 0.13333333333333333 0.13333333333333333 0.5 3.44 13 14 3.74 0
2
6
3.4487066915174163
APP_4_Input_Layer_0 0.13333333333333333 0.13333333333333333 0.5 2.13 9 32 3.54 1

APP_4_Inner_Layer_0:0 0.2 0.2 0.75 1.02 4 10 2.53 1
0
APP_4_Inner_Layer_0:1 0.5333333333333333 0.5333333333333333 2.0 2.54 10 35 1.52 1
0
APP_4_Inner_Layer_0:2 0.5333333333333333 0.5333333333333333 2.0 3.42 27 31 1.98 1
0
APP_4_Inner_Layer_1:0 0.6 0.6 2.25 1.83 9 43 2.67 1
1 2 3
APP_4_Output_Layer_0 0.6 0.6 2.25 2.68 45 23 3.39 1
4
4
5.019739330985562
APP_5_Input_Layer_0 0.26666666666666666 0.26666666666666666 1.0 3.67 49 47 3.02 1

APP_5_Inner_Layer_0:0 0.6 0.6 2.25 3.45 21 8 2.86 1
0
APP_5_Inner_Layer_0:1 0.4666666666666667 0.4666666666666667 1.75 2.05 14 22 1.91 1
0
APP_5_Output_Layer_0 0.4666666666666667 0.4666666666666667 1.75 3.12 2 15 3.16 0
1 2
