10
6
3
0
APP_0_Input_Layer_0 0.3333333333333333 0.3333333333333333 1.25 1.65 44 27 3.15 1

APP_0_Inner_Layer_0:0 0.3333333333333333 0.3333333333333333 1.25 2.03 16 43 2.16 1
0
APP_0_Output_Layer_0 0.5333333333333333 0.5333333333333333 2.0 3.72 24 29 3.1 1
1
4
1.3529922292096461
APP_1_Input_Layer_0 0.3333333333333333 0.3333333333333333 1.25 2.97 16 22 3.49 1

APP_1_Inner_Layer_0:0 0.13333333333333333 0.13333333333333333 0.5 1.53 49 48 2.13 1
0
APP_1_Inner_Layer_1:0 0.4 0.4 1.5 1.9 10 35 1.66 1
1
APP_1_Output_Layer_0 0.26666666666666666 0.26666666666666666 1.0 3.92 23 18 3.22 1
2
14
2.4777059734160645
APP_2_Input_Layer_0 0.2 0.2 0.75 3.0 18 18 3.7 0

APP_2_Inner_Layer_0:0 0.4666666666666667 0.4666666666666667 1.75 1.96 20 24 1.48 1
0
APP_2_Inner_Layer_0:1 0.13333333333333333 0.13333333333333333 0.5 3.48 15 26 1.16 1
0
APP_2_Inner_Layer_0:2 0.13333333333333333 0.13333333333333333 0.5 1.14 36 33 1.48 1
0
APP_2_Inner_Layer_0:3 0.2 0.2 0.75 1.3 36 49 1.65 1
0
APP_2_Inner_Layer_1:0 0.3333333333333333 0.3333333333333333 1.25 3.64 34 43 3.09 1
1 2 3 4
APP_2_Inner_Layer_2:0 0.13333333333333333 0.13333333333333333 0.5 1.68 23 26 3.35 1
5
APP_2_Inner_Layer_2:1 0.3333333333333333 0.3333333333333333 1.25 3.86 36 45 2.98 1
5
APP_2_Inner_Layer_2:2 0.4 0.4 1.5 1.48 45 22 3.3 1
5
APP_2_Inner_Layer_2:3 0.26666666666666666 0.26666666666666666 1.0 3.69 38 47 2.79 1
5
APP_2_Inner_Layer_3:0 0.2 0.2 0.75 3.37 12 28 2.15 1
6 8
APP_2_Inner_Layer_3:1 0.2 0.2 0.75 1.04 34 27 1.55 1
7 9
APP_2_Inner_Layer_3:2 0.5333333333333333 0.5333333333333333 2.0 2.08 4 47 2.41 1
6 7
APP_2_Output_Layer_0 0.2 0.2 0.75 3.43 24 45 3.32 1
10 11 12
11
3.2337292562539743
APP_3_Input_Layer_0 0.2 0.2 0.75 3.67 25 49 3.37 1

APP_3_Inner_Layer_0:0 0.06666666666666667 0.06666666666666667 0.25 3.97 12 6 1.92 1
0
APP_3_Inner_Layer_0:1 0.26666666666666666 0.26666666666666666 1.0 3.55 41 11 2.75 1
0
APP_3_Inner_Layer_0:2 0.5333333333333333 0.5333333333333333 2.0 1.05 9 29 2.39 1
0
APP_3_Inner_Layer_0:3 0.3333333333333333 0.3333333333333333 1.25 1.51 16 22 3.38 1
0
APP_3_Inner_Layer_1:0 0.3333333333333333 0.3333333333333333 1.25 1.9 12 8 3.73 1
1 2
APP_3_Inner_Layer_1:1 0.13333333333333333 0.13333333333333333 0.5 1.98 16 5 1.15 1
3 4
APP_3_Inner_Layer_2:0 0.4666666666666667 0.4666666666666667 1.75 3.2 5 37 1.32 1
5
APP_3_Inner_Layer_2:1 0.26666666666666666 0.26666666666666666 1.0 2.47 30 7 2.84 0
6
APP_3_Inner_Layer_2:2 0.3333333333333333 0.3333333333333333 1.25 1.05 37 9 1.75 1
5 6
APP_3_Output_Layer_0 0.3333333333333333 0.3333333333333333 1.25 3.97 32 29 3.09 1
7 8 9
7
4.0590279661978315
APP_4_Input_Layer_0 0.13333333333333333 0.13333333333333333 0.5 2.02 25 43 2.69 1

APP_4_Inner_Layer_0:0 0.26666666666666666 0.26666666666666666 1.0 2.75 47 18 3.22 1
0
APP_4_Inner_Layer_0:1 0.5333333333333333 0.5333333333333333 2.0 1.77 27 3 1.93 1
0
APP_4_Inner_Layer_0:2 0.4666666666666667 0.4666666666666667 1.75 3.36 44 49 2.66 1
0
APP_4_Inner_Layer_1:0 0.26666666666666666 0.26666666666666666 1.0 1.2 36 19 2.47 1
2
APP_4_Inner_Layer_1:1 0.2 0.2 0.75 2.85 1 7 2.71 1
1 3
APP_4_Output_Layer_0 0.3333333333333333 0.3333333333333333 1.25 3.63 28 18 2.17 1
4 5
3
4.805624063263409
APP_5_Input_Layer_0 0.2 0.2 0.75 1.31 20 16 3.27 1

APP_5_Inner_Layer_0:0 0.3333333333333333 0.3333333333333333 1.25 1.09 13 39 1.24 1
0
APP_5_Output_Layer_0 0.6 0.6 2.25 2.22 22 27 2.55 1
1
