10
6
6
0
APP_0_Input_Layer_0 0.6 0.6 2.25 3.13 19 15 1.07 1

APP_0_Inner_Layer_0:0 0.4 0.4 1.5 3.73 44 3 2.61 1
0
APP_0_Inner_Layer_1:0 0.2 0.2 0.75 3.62 12 38 3.24 1
1
APP_0_Inner_Layer_1:1 0.26666666666666666 0.26666666666666666 1.0 2.54 48 35 1.01 1
1
APP_0_Inner_Layer_1:2 0.4666666666666667 0.4666666666666667 1.75 2.09 20 3 2.78 1
1
APP_0_Output_Layer_0 0.2 0.2 0.75 1.16 12 18 3.08 1
2 3 4
5
0.6531719421247283
APP_1_Input_Layer_0 0.4 0.4 1.5 3.71 3 37 1.73 1

APP_1_Inner_Layer_0:0 0.2 0.2 0.75 2.61 18 39 1.23 1
0
APP_1_Inner_Layer_0:1 0.3333333333333333 0.3333333333333333 1.25 2.59 28 14 1.34 1
0
APP_1_Inner_Layer_0:2 0.4666666666666667 0.4666666666666667 1.75 3.98 27 31 1.58 1
0
APP_1_Output_Layer_0 0.6 0.6 2.25 3.52 2 48 1.29 1
1 2 3
10
2.0755826398638746
APP_2_Input_Layer_0 0.26666666666666666 0.26666666666666666 1.0 1.58 40 49 1.92 1

APP_2_Inner_Layer_0:0 0.3333333333333333 0.3333333333333333 1.25 2.61 47 10 2.2 0
0
APP_2_Inner_Layer_0:1 0.06666666666666667 0.06666666666666667 0.25 1.11 12 37 1.31 1
0
APP_2_Inner_Layer_1:0 0.13333333333333333 0.13333333333333333 0.5 3.5 29 22 1.98 1
1 2
APP_2_Inner_Layer_1:1 0.6 0.6 2.25 1.02 14 41 2.7 1
1 2
APP_2_Inner_Layer_1:2 0.2 0.2 0.75 2.38 10 24 2.64 1
1
APP_2_Inner_Layer_2:0 0.06666666666666667 0.06666666666666667 0.25 3.68 4 37 2.37 1
3 4 5
APP_2_Inner_Layer_2:1 0.13333333333333333 0.13333333333333333 0.5 2.58 33 7 2.84 1
4
APP_2_Inner_Layer_2:2 0.4 0.4 1.5 1.31 34 9 3.82 1
5
APP_2_Output_Layer_0 0.2 0.2 0.75 1.47 6 47 1.62 0
6 7 8
10
3.105698463636262
APP_3_Input_Layer_0 0.6 0.6 2.25 1.57 42 32 2.44 1

APP_3_Inner_Layer_0:0 0.2 0.2 0.75 2.15 5 41 3.68 1
0
APP_3_Inner_Layer_0:1 0.4666666666666667 0.4666666666666667 1.75 2.16 16 38 1.42 1
0
APP_3_Inner_Layer_0:2 0.4 0.4 1.5 1.23 2 6 1.28 0
0
APP_3_Inner_Layer_1:0 0.4666666666666667 0.4666666666666667 1.75 1.3 49 8 3.85 1
1 2 3
APP_3_Inner_Layer_2:0 0.5333333333333333 0.5333333333333333 2.0 2.3 21 6 1.43 1
4
APP_3_Inner_Layer_2:1 0.5333333333333333 0.5333333333333333 2.0 3.69 42 11 1.53 1
4
APP_3_Inner_Layer_2:2 0.13333333333333333 0.13333333333333333 0.5 1.78 49 37 1.64 1
4
APP_3_Inner_Layer_3:0 0.26666666666666666 0.26666666666666666 1.0 2.69 10 44 3.3 1
5 6 7
APP_3_Output_Layer_0 0.5333333333333333 0.5333333333333333 2.0 3.39 34 16 1.75 1
8
12
4.444278137459218
APP_4_Input_Layer_0 0.26666666666666666 0.26666666666666666 1.0 1.17 19 19 2.72 1

APP_4_Inner_Layer_0:0 0.5333333333333333 0.5333333333333333 2.0 2.29 33 40 3.78 1
0
APP_4_Inner_Layer_0:1 0.26666666666666666 0.26666666666666666 1.0 1.13 29 37 1.86 1
0
APP_4_Inner_Layer_1:0 0.5333333333333333 0.5333333333333333 2.0 1.14 1 20 1.02 1
2
APP_4_Inner_Layer_1:1 0.06666666666666667 0.06666666666666667 0.25 1.83 33 39 2.82 0
2
APP_4_Inner_Layer_1:2 0.6 0.6 2.25 3.36 18 36 1.83 1
1
APP_4_Inner_Layer_1:3 0.3333333333333333 0.3333333333333333 1.25 3.26 46 22 3.73 1
1
APP_4_Inner_Layer_2:0 0.4666666666666667 0.4666666666666667 1.75 3.42 22 41 2.02 1
3
APP_4_Inner_Layer_2:1 0.13333333333333333 0.13333333333333333 0.5 2.91 27 4 2.33 1
3 4 5 6
APP_4_Inner_Layer_2:2 0.5333333333333333 0.5333333333333333 2.0 3.05 42 12 2.34 1
5
APP_4_Inner_Layer_2:3 0.06666666666666667 0.06666666666666667 0.25 3.73 39 24 1.92 1
3 4 5
APP_4_Output_Layer_0 0.5333333333333333 0.5333333333333333 2.0 3.83 21 35 1.38 1
7 8 9 10
6
5.796060020270735
APP_5_Input_Layer_0 0.4666666666666667 0.4666666666666667 1.75 2.27 10 1 1.75 1

APP_5_Inner_Layer_0:0 0.26666666666666666 0.26666666666666666 1.0 3.32 12 20 2.62 1
0
APP_5_Inner_Layer_0:1 0.3333333333333333 0.3333333333333333 1.25 2.12 10 21 3.98 1
0
APP_5_Inner_Layer_0:2 0.4666666666666667 0.4666666666666667 1.75 2.88 25 32 1.6 1
0
APP_5_Inner_Layer_0:3 0.26666666666666666 0.26666666666666666 1.0 2.27 48 19 2.73 1
0
APP_5_Output_Layer_0 0.4666666666666667 0.4666666666666667 1.75 2.62 2 4 3.71 1
1 2 3 4
