10
6
6
0
APP_0_Input_Layer_0 0.2 0.2 0.75 1.77 29 33 2.22 1

APP_0_Inner_Layer_0:0 0.2 0.2 0.75 3.47 35 30 2.4 1
0
APP_0_Inner_Layer_0:1 0.6 0.6 2.25 3.12 39 26 1.23 1
0
APP_0_Inner_Layer_0:2 0.4 0.4 1.5 1.58 38 19 2.26 1
0
APP_0_Inner_Layer_0:3 0.3333333333333333 0.3333333333333333 1.25 1.93 35 3 3.54 1
0
APP_0_Output_Layer_0 0.2 0.2 0.75 3.58 15 26 2.39 1
1 2 3 4
3
0.9698261686398648
APP_1_Input_Layer_0 0.4666666666666667 0.4666666666666667 1.75 3.48 38 6 3.53 1

APP_1_Inner_Layer_0:0 0.06666666666666667 0.06666666666666667 0.25 1.12 18 41 2.54 1
0
APP_1_Output_Layer_0 0.3333333333333333 0.3333333333333333 1.25 3.19 11 39 2.8 1
1
8
1.8193598547664527
APP_2_Input_Layer_0 0.6 0.6 2.25 3.25 49 39 2.16 1

APP_2_Inner_Layer_0:0 0.4666666666666667 0.4666666666666667 1.75 2.47 27 12 2.19 1
0
APP_2_Inner_Layer_0:1 0.06666666666666667 0.06666666666666667 0.25 2.9 9 22 1.01 1
0
APP_2_Inner_Layer_0:2 0.6 0.6 2.25 3.94 9 45 3.81 1
0
APP_2_Inner_Layer_1:0 0.13333333333333333 0.13333333333333333 0.5 1.43 19 39 1.31 1
1 2 3
APP_2_Inner_Layer_1:1 0.06666666666666667 0.06666666666666667 0.25 3.27 35 18 2.04 1
3 1
APP_2_Inner_Layer_1:2 0.4 0.4 1.5 3.71 29 49 3.06 1
2 3
APP_2_Output_Layer_0 0.13333333333333333 0.13333333333333333 0.5 1.96 44 31 1.91 1
4 5 6
9
3.175905783252138
APP_3_Input_Layer_0 0.2 0.2 0.75 3.1 41 21 1.09 1

APP_3_Inner_Layer_0:0 0.06666666666666667 0.06666666666666667 0.25 1.11 20 27 2.03 1
0
APP_3_Inner_Layer_0:1 0.4666666666666667 0.4666666666666667 1.75 1.94 14 24 3.56 1
0
APP_3_Inner_Layer_0:2 0.26666666666666666 0.26666666666666666 1.0 3.47 36 23 1.36 1
0
APP_3_Inner_Layer_0:3 0.06666666666666667 0.06666666666666667 0.25 3.99 17 24 2.64 1
0
APP_3_Inner_Layer_1:0 0.4 0.4 1.5 2.72 11 29 1.09 1
1 2 3 4
APP_3_Inner_Layer_2:0 0.4666666666666667 0.4666666666666667 1.75 1.13 30 38 1.93 1
5
APP_3_Inner_Layer_2:1 0.4 0.4 1.5 2.14 5 47 2.76 1
5
APP_3_Output_Layer_0 0.2 0.2 0.75 1.6 19 3 3.09 1
6 7
4
3.9154481939568795
APP_4_Input_Layer_0 0.2 0.2 0.75 3.65 23 49 1.16 1

APP_4_Inner_Layer_0:0 0.2 0.2 0.75 3.62 29 21 1.06 1
0
APP_4_Inner_Layer_1:0 0.2 0.2 0.75 3.12 17 31 1.38 0
1
APP_4_Output_Layer_0 0.4 0.4 1.5 2.34 26 4 3.92 1
2
6
4.726575139423964
APP_5_Input_Layer_0 0.3333333333333333 0.3333333333333333 1.25 1.8 46 26 1.33 1

APP_5_Inner_Layer_0:0 0.06666666666666667 0.06666666666666667 0.25 2.08 46 43 1.61 1
0
APP_5_Inner_Layer_0:1 0.06666666666666667 0.06666666666666667 0.25 1.33 3 25 1.72 1
0
APP_5_Inner_Layer_0:2 0.4 0.4 1.5 1.93 21 20 3.52 0
0
APP_5_Inner_Layer_1:0 0.2 0.2 0.75 1.29 4 16 3.81 1
1 2 3
APP_5_Output_Layer_0 0.4 0.4 1.5 1.99 11 35 1.23 1
4
