10
20
7
0
APP_0_Input_Layer_0 0.26666666666666666 0.26666666666666666 1.0 3.16 12 27 3.18 0

APP_0_Inner_Layer_0:0 0.2 0.2 0.75 3.46 44 37 1.59 1
0
APP_0_Inner_Layer_0:1 0.2 0.2 0.75 3.16 23 28 2.66 1
0
APP_0_Inner_Layer_1:0 0.6 0.6 2.25 1.93 33 15 1.0 1
1 2
APP_0_Inner_Layer_1:1 0.4 0.4 1.5 1.67 7 38 2.92 1
1
APP_0_Inner_Layer_1:2 0.4 0.4 1.5 2.36 39 1 3.22 1
2
APP_0_Output_Layer_0 0.13333333333333333 0.13333333333333333 0.5 1.26 34 25 2.56 1
3 4 5
8
0.2703685920533543
APP_1_Input_Layer_0 0.6 0.6 2.25 3.51 17 24 2.87 1

APP_1_Inner_Layer_0:0 0.5333333333333333 0.5333333333333333 2.0 2.86 22 46 2.09 1
0
APP_1_Inner_Layer_0:1 0.4666666666666667 0.4666666666666667 1.75 1.23 37 1 2.57 1
0
APP_1_Inner_Layer_0:2 0.5333333333333333 0.5333333333333333 2.0 1.42 1 40 3.45 1
0
APP_1_Inner_Layer_0:3 0.4 0.4 1.5 2.39 26 33 1.02 1
0
APP_1_Inner_Layer_1:0 0.3333333333333333 0.3333333333333333 1.25 1.1 45 26 3.76 1
1 2 3 4
APP_1_Inner_Layer_2:0 0.06666666666666667 0.06666666666666667 0.25 1.8 23 48 3.4 1
5
APP_1_Output_Layer_0 0.4666666666666667 0.4666666666666667 1.75 3.42 11 28 1.94 1
6
7
0.4682158201655469
APP_2_Input_Layer_0 0.13333333333333333 0.13333333333333333 0.5 1.35 13 29 2.84 1

APP_2_Inner_Layer_0:0 0.06666666666666667 0.06666666666666667 0.25 3.58 8 14 1.64 1
0
APP_2_Inner_Layer_0:1 0.4666666666666667 0.4666666666666667 1.75 2.62 18 48 1.56 1
0
APP_2_Inner_Layer_1:0 0.5333333333333333 0.5333333333333333 2.0 2.2 28 38 3.79 1
2
APP_2_Inner_Layer_1:1 0.3333333333333333 0.3333333333333333 1.25 3.88 6 23 1.69 1
1
APP_2_Inner_Layer_1:2 0.3333333333333333 0.3333333333333333 1.25 1.67 1 1 2.4 1
1
APP_2_Output_Layer_0 0.6 0.6 2.25 2.97 46 37 3.56 1
3 4 5
8
0.923374394229252
APP_3_Input_Layer_0 0.06666666666666667 0.06666666666666667 0.25 3.97 22 33 1.96 1

APP_3_Inner_Layer_0:0 0.3333333333333333 0.3333333333333333 1.25 2.56 15 48 2.07 1
0
APP_3_Inner_Layer_0:1 0.4666666666666667 0.4666666666666667 1.75 1.99 6 42 2.17 1
0
APP_3_Inner_Layer_1:0 0.13333333333333333 0.13333333333333333 0.5 2.98 16 34 2.62 1
2
APP_3_Inner_Layer_1:1 0.2 0.2 0.75 3.56 29 12 1.27 1
1
APP_3_Inner_Layer_1:2 0.2 0.2 0.75 2.6 20 35 2.6 1
1 2
APP_3_Inner_Layer_1:3 0.4666666666666667 0.4666666666666667 1.75 2.65 14 27 1.52 1
1 2
APP_3_Output_Layer_0 0.6 0.6 2.25 2.42 6 15 1.43 1
3 4 5 6
5
1.1086617362429354
APP_4_Input_Layer_0 0.06666666666666667 0.06666666666666667 0.25 2.6 43 2 2.12 1

APP_4_Inner_Layer_0:0 0.06666666666666667 0.06666666666666667 0.25 3.13 45 20 3.84 1
0
APP_4_Inner_Layer_0:1 0.13333333333333333 0.13333333333333333 0.5 2.9 6 10 1.6 1
0
APP_4_Inner_Layer_0:2 0.2 0.2 0.75 2.72 43 26 1.95 1
0
APP_4_Output_Layer_0 0.06666666666666667 0.06666666666666667 0.25 1.83 1 3 3.22 1
1 2 3
4
1.477920248610465
APP_5_Input_Layer_0 0.4666666666666667 0.4666666666666667 1.75 1.64 16 2 3.12 1

APP_5_Inner_Layer_0:0 0.2 0.2 0.75 2.16 46 20 2.68 1
0
APP_5_Inner_Layer_0:1 0.13333333333333333 0.13333333333333333 0.5 1.07 12 39 1.18 1
0
APP_5_Output_Layer_0 0.06666666666666667 0.06666666666666667 0.25 3.26 9 17 2.47 1
1 2
5
1.8047882065542065
APP_6_Input_Layer_0 0.2 0.2 0.75 3.24 3 22 2.02 1

APP_6_Inner_Layer_0:0 0.3333333333333333 0.3333333333333333 1.25 1.27 49 40 3.3 1
0
APP_6_Inner_Layer_0:1 0.13333333333333333 0.13333333333333333 0.5 3.32 21 37 1.99 1
0
APP_6_Inner_Layer_0:2 0.2 0.2 0.75 1.24 7 7 3.91 1
0
APP_6_Output_Layer_0 0.4666666666666667 0.4666666666666667 1.75 1.18 30 39 3.77 1
1 2 3
11
2.0372818344485415
APP_7_Input_Layer_0 0.13333333333333333 0.13333333333333333 0.5 3.85 9 13 1.18 1

APP_7_Inner_Layer_0:0 0.4 0.4 1.5 3.04 23 45 3.69 1
0
APP_7_Inner_Layer_0:1 0.5333333333333333 0.5333333333333333 2.0 3.39 31 14 3.85 1
0
APP_7_Inner_Layer_0:2 0.2 0.2 0.75 3.27 15 19 1.39 1
0
APP_7_Inner_Layer_0:3 0.4 0.4 1.5 1.58 20 40 3.0 1
0
APP_7_Inner_Layer_1:0 0.4666666666666667 0.4666666666666667 1.75 3.89 22 45 3.49 1
1 2 4
APP_7_Inner_Layer_1:1 0.5333333333333333 0.5333333333333333 2.0 3.85 42 37 3.68 1
3
APP_7_Inner_Layer_2:0 0.13333333333333333 0.13333333333333333 0.5 3.26 46 40 3.57 1
5
APP_7_Inner_Layer_2:1 0.4 0.4 1.5 3.9 1 4 3.17 1
5 6
APP_7_Inner_Layer_2:2 0.26666666666666666 0.26666666666666666 1.0 1.64 3 10 1.98 1
5 6
APP_7_Output_Layer_0 0.6 0.6 2.25 2.74 30 2 2.04 1
7 8 9
6
2.306970251882628
APP_8_Input_Layer_0 0.06666666666666667 0.06666666666666667 0.25 1.64 25 14 3.43 1

APP_8_Inner_Layer_0:0 0.4666666666666667 0.4666666666666667 1.75 2.58 5 1 2.74 1
0
APP_8_Inner_Layer_1:0 0.13333333333333333 0.13333333333333333 0.5 2.62 45 42 1.82 1
1
APP_8_Inner_Layer_1:1 0.4666666666666667 0.4666666666666667 1.75 1.8 25 45 2.47 1
1
APP_8_Inner_Layer_1:2 0.6 0.6 2.25 1.44 38 21 2.27 1
1
APP_8_Output_Layer_0 0.2 0.2 0.75 2.9 20 43 2.24 1
2 3 4
12
2.6354553277615747
APP_9_Input_Layer_0 0.26666666666666666 0.26666666666666666 1.0 1.54 37 19 3.43 1

APP_9_Inner_Layer_0:0 0.5333333333333333 0.5333333333333333 2.0 2.47 17 28 1.82 1
0
APP_9_Inner_Layer_0:1 0.13333333333333333 0.13333333333333333 0.5 1.66 2 14 2.79 1
0
APP_9_Inner_Layer_0:2 0.13333333333333333 0.13333333333333333 0.5 2.32 13 7 3.19 1
0
APP_9_Inner_Layer_0:3 0.2 0.2 0.75 1.95 33 33 1.99 1
0
APP_9_Inner_Layer_1:0 0.5333333333333333 0.5333333333333333 2.0 2.5 10 7 3.63 1
1 4
APP_9_Inner_Layer_1:1 0.06666666666666667 0.06666666666666667 0.25 3.77 3 42 1.11 1
3 4
APP_9_Inner_Layer_1:2 0.4666666666666667 0.4666666666666667 1.75 3.38 26 31 1.3 1
1 2 3
APP_9_Inner_Layer_2:0 0.4666666666666667 0.4666666666666667 1.75 3.56 32 34 3.65 1
5 6 7
APP_9_Inner_Layer_2:1 0.6 0.6 2.25 1.72 20 36 3.6 1
5
APP_9_Inner_Layer_2:2 0.6 0.6 2.25 3.19 14 20 1.79 1
5 6 7
APP_9_Output_Layer_0 0.06666666666666667 0.06666666666666667 0.25 1.27 21 31 2.06 0
8 9 10
9
2.8678008453776753
APP_10_Input_Layer_0 0.6 0.6 2.25 1.25 8 6 3.18 1

APP_10_Inner_Layer_0:0 0.26666666666666666 0.26666666666666666 1.0 1.21 12 1 1.02 1
0
APP_10_Inner_Layer_0:1 0.4 0.4 1.5 2.56 42 31 1.95 1
0
APP_10_Inner_Layer_0:2 0.26666666666666666 0.26666666666666666 1.0 1.19 19 3 3.85 1
0
APP_10_Inner_Layer_1:0 0.2 0.2 0.75 3.75 35 40 1.23 1
2 3
APP_10_Inner_Layer_1:1 0.26666666666666666 0.26666666666666666 1.0 2.64 13 13 3.67 1
1
APP_10_Inner_Layer_1:2 0.4666666666666667 0.4666666666666667 1.75 2.97 13 28 3.34 1
3
APP_10_Inner_Layer_2:0 0.26666666666666666 0.26666666666666666 1.0 3.13 34 31 1.17 1
4 5 6
APP_10_Output_Layer_0 0.3333333333333333 0.3333333333333333 1.25 3.86 6 32 2.65 1
7
9
3.107297346051687
APP_11_Input_Layer_0 0.3333333333333333 0.3333333333333333 1.25 2.63 4 2 1.82 1

APP_11_Inner_Layer_0:0 0.6 0.6 2.25 2.08 13 20 1.28 1
0
APP_11_Inner_Layer_1:0 0.3333333333333333 0.3333333333333333 1.25 1.37 32 14 3.79 1
1
APP_11_Inner_Layer_1:1 0.2 0.2 0.75 2.87 2 42 3.74 1
1
APP_11_Inner_Layer_2:0 0.6 0.6 2.25 3.17 27 9 2.69 1
2
APP_11_Inner_Layer_2:1 0.6 0.6 2.25 3.62 10 45 2.16 1
2
APP_11_Inner_Layer_2:2 0.06666666666666667 0.06666666666666667 0.25 1.03 43 42 2.21 1
3
APP_11_Inner_Layer_2:3 0.06666666666666667 0.06666666666666667 0.25 3.91 8 37 3.21 1
3
APP_11_Output_Layer_0 0.4666666666666667 0.4666666666666667 1.75 2.43 2 45 2.26 0
4 5 6 7
5
3.5510561736925617
APP_12_Input_Layer_0 0.6 0.6 2.25 3.83 16 37 3.7 0

APP_12_Inner_Layer_0:0 0.2 0.2 0.75 2.96 20 2 3.49 1
0
APP_12_Inner_Layer_0:1 0.26666666666666666 0.26666666666666666 1.0 2.48 32 45 1.95 1
0
APP_12_Inner_Layer_0:2 0.06666666666666667 0.06666666666666667 0.25 2.7 27 35 1.68 1
0
APP_12_Output_Layer_0 0.4666666666666667 0.4666666666666667 1.75 2.36 39 18 2.34 1
1 2 3
3
3.8605559620960785
APP_13_Input_Layer_0 0.06666666666666667 0.06666666666666667 0.25 3.21 31 2 2.24 1

APP_13_Inner_Layer_0:0 0.06666666666666667 0.06666666666666667 0.25 1.51 12 49 3.75 1
0
APP_13_Output_Layer_0 0.26666666666666666 0.26666666666666666 1.0 2.52 43 30 3.82 1
1
10
4.359315772815118
APP_14_Input_Layer_0 0.4666666666666667 0.4666666666666667 1.75 1.94 20 49 2.91 0

APP_14_Inner_Layer_0:0 0.5333333333333333 0.5333333333333333 2.0 2.38 37 26 2.68 1
0
APP_14_Inner_Layer_0:1 0.13333333333333333 0.13333333333333333 0.5 2.79 16 2 2.95 1
0
APP_14_Inner_Layer_0:2 0.2 0.2 0.75 3.28 38 45 2.72 1
0
APP_14_Inner_Layer_0:3 0.5333333333333333 0.5333333333333333 2.0 3.35 11 18 1.17 1
0
APP_14_Inner_Layer_1:0 0.4 0.4 1.5 3.89 26 20 2.41 1
1 2 3 4
APP_14_Inner_Layer_1:1 0.4 0.4 1.5 3.37 11 35 2.87 1
3 4
APP_14_Inner_Layer_1:2 0.5333333333333333 0.5333333333333333 2.0 1.62 28 20 3.25 1
2 3
APP_14_Inner_Layer_1:3 0.4 0.4 1.5 1.51 43 4 2.89 1
2 4
APP_14_Output_Layer_0 0.4666666666666667 0.4666666666666667 1.75 3.13 42 17 2.83 1
5 6 7 8
13
4.556949313102431
APP_15_Input_Layer_0 0.4666666666666667 0.4666666666666667 1.75 2.76 14 15 1.38 1

APP_15_Inner_Layer_0:0 0.4666666666666667 0.4666666666666667 1.75 3.9 1 18 3.97 1
0
APP_15_Inner_Layer_1:0 0.4 0.4 1.5 2.16 23 23 2.14 1
1
APP_15_Inner_Layer_1:1 0.13333333333333333 0.13333333333333333 0.5 2.43 24 46 3.85 1
1
APP_15_Inner_Layer_1:2 0.06666666666666667 0.06666666666666667 0.25 2.45 42 5 2.92 1
1
APP_15_Inner_Layer_1:3 0.5333333333333333 0.5333333333333333 2.0 2.18 12 5 1.46 1
1
APP_15_Inner_Layer_2:0 0.26666666666666666 0.26666666666666666 1.0 3.38 26 13 1.4 1
2 3 4 5
APP_15_Inner_Layer_2:1 0.4666666666666667 0.4666666666666667 1.75 1.35 19 12 2.38 1
4 2
APP_15_Inner_Layer_3:0 0.06666666666666667 0.06666666666666667 0.25 2.53 32 37 3.55 1
7
APP_15_Inner_Layer_3:1 0.4 0.4 1.5 3.09 29 36 2.0 1
7
APP_15_Inner_Layer_3:2 0.6 0.6 2.25 3.54 48 13 3.16 1
6
APP_15_Inner_Layer_3:3 0.5333333333333333 0.5333333333333333 2.0 1.93 16 11 2.61 1
7
APP_15_Output_Layer_0 0.13333333333333333 0.13333333333333333 0.5 3.65 36 33 1.93 1
8 9 10 11
14
5.0103213945224585
APP_16_Input_Layer_0 0.4666666666666667 0.4666666666666667 1.75 3.3 31 22 2.71 1

APP_16_Inner_Layer_0:0 0.3333333333333333 0.3333333333333333 1.25 2.54 45 8 2.89 1
0
APP_16_Inner_Layer_0:1 0.06666666666666667 0.06666666666666667 0.25 1.08 5 13 2.19 1
0
APP_16_Inner_Layer_0:2 0.13333333333333333 0.13333333333333333 0.5 2.72 7 34 1.79 1
0
APP_16_Inner_Layer_1:0 0.2 0.2 0.75 1.3 14 25 3.03 1
3
APP_16_Inner_Layer_1:1 0.2 0.2 0.75 2.04 19 33 1.8 1
1 2
APP_16_Inner_Layer_1:2 0.4666666666666667 0.4666666666666667 1.75 1.14 23 11 1.93 1
3
APP_16_Inner_Layer_2:0 0.4666666666666667 0.4666666666666667 1.75 2.01 29 37 3.74 1
5
APP_16_Inner_Layer_2:1 0.4 0.4 1.5 2.65 9 2 2.1 1
4 5 6
APP_16_Inner_Layer_2:2 0.4666666666666667 0.4666666666666667 1.75 2.27 5 1 2.49 1
5 6
APP_16_Inner_Layer_2:3 0.4666666666666667 0.4666666666666667 1.75 2.02 22 32 3.57 1
4 6
APP_16_Inner_Layer_3:0 0.5333333333333333 0.5333333333333333 2.0 3.59 27 11 1.08 1
7 8
APP_16_Inner_Layer_3:1 0.4 0.4 1.5 1.73 41 30 2.91 1
9 10
APP_16_Output_Layer_0 0.4 0.4 1.5 1.02 27 15 1.95 1
11 12
5
5.213796411088719
APP_17_Input_Layer_0 0.4 0.4 1.5 1.81 47 46 1.66 1

APP_17_Inner_Layer_0:0 0.26666666666666666 0.26666666666666666 1.0 2.6 6 1 2.17 1
0
APP_17_Inner_Layer_0:1 0.2 0.2 0.75 2.89 24 44 3.37 1
0
APP_17_Inner_Layer_0:2 0.13333333333333333 0.13333333333333333 0.5 3.89 15 46 1.04 1
0
APP_17_Output_Layer_0 0.26666666666666666 0.26666666666666666 1.0 1.42 44 18 3.25 1
1 2 3
12
5.538708297213733
APP_18_Input_Layer_0 0.26666666666666666 0.26666666666666666 1.0 2.53 43 32 3.72 1

APP_18_Inner_Layer_0:0 0.5333333333333333 0.5333333333333333 2.0 1.16 42 24 3.51 1
0
APP_18_Inner_Layer_0:1 0.3333333333333333 0.3333333333333333 1.25 3.53 27 26 3.09 1
0
APP_18_Inner_Layer_1:0 0.4 0.4 1.5 2.63 45 49 3.28 1
1
APP_18_Inner_Layer_1:1 0.6 0.6 2.25 1.62 33 13 1.97 1
1 2
APP_18_Inner_Layer_1:2 0.6 0.6 2.25 3.35 46 24 3.15 1
1
APP_18_Inner_Layer_2:0 0.26666666666666666 0.26666666666666666 1.0 3.33 18 34 1.5 1
3 4 5
APP_18_Inner_Layer_3:0 0.3333333333333333 0.3333333333333333 1.25 2.64 18 16 3.03 1
6
APP_18_Inner_Layer_3:1 0.5333333333333333 0.5333333333333333 2.0 1.05 9 7 3.52 1
6
APP_18_Inner_Layer_3:2 0.6 0.6 2.25 2.78 31 43 3.32 1
6
APP_18_Inner_Layer_3:3 0.26666666666666666 0.26666666666666666 1.0 1.38 24 25 1.82 1
6
APP_18_Output_Layer_0 0.4666666666666667 0.4666666666666667 1.75 1.3 38 34 3.77 0
7 8 9 10
5
5.857884721023777
APP_19_Input_Layer_0 0.4666666666666667 0.4666666666666667 1.75 3.35 40 47 2.11 1

APP_19_Inner_Layer_0:0 0.3333333333333333 0.3333333333333333 1.25 1.04 48 5 3.2 1
0
APP_19_Inner_Layer_0:1 0.5333333333333333 0.5333333333333333 2.0 3.0 20 22 1.98 1
0
APP_19_Inner_Layer_0:2 0.13333333333333333 0.13333333333333333 0.5 2.92 42 23 2.8 1
0
APP_19_Output_Layer_0 0.5333333333333333 0.5333333333333333 2.0 2.5 27 1 1.5 1
1 2 3
