10
20
13
0
APP_0_Input_Layer_0 0.6 0.6 2.25 2.45 26 35 2.03 1

APP_0_Inner_Layer_0:0 0.4666666666666667 0.4666666666666667 1.75 3.32 11 31 1.68 1
0
APP_0_Inner_Layer_0:1 0.4666666666666667 0.4666666666666667 1.75 3.5 36 46 1.88 1
0
APP_0_Inner_Layer_0:2 0.2 0.2 0.75 3.8 16 41 1.6 1
0
APP_0_Inner_Layer_0:3 0.06666666666666667 0.06666666666666667 0.25 1.2 24 46 2.31 1
0
APP_0_Inner_Layer_1:0 0.4666666666666667 0.4666666666666667 1.75 1.97 8 29 3.51 1
2 3
APP_0_Inner_Layer_1:1 0.4666666666666667 0.4666666666666667 1.75 2.63 27 7 3.75 1
1 2
APP_0_Inner_Layer_1:2 0.2 0.2 0.75 1.54 31 17 3.07 1
2
APP_0_Inner_Layer_1:3 0.26666666666666666 0.26666666666666666 1.0 1.83 44 28 2.86 1
4
APP_0_Inner_Layer_2:0 0.5333333333333333 0.5333333333333333 2.0 2.48 7 23 3.86 1
5 8
APP_0_Inner_Layer_2:1 0.4 0.4 1.5 3.16 18 49 3.27 1
6 8
APP_0_Inner_Layer_2:2 0.5333333333333333 0.5333333333333333 2.0 1.22 20 47 1.14 1
7
APP_0_Output_Layer_0 0.2 0.2 0.75 2.32 38 22 1.65 1
9 10 11
14
0.18644521238632286
APP_1_Input_Layer_0 0.2 0.2 0.75 2.55 16 25 1.68 1

APP_1_Inner_Layer_0:0 0.3333333333333333 0.3333333333333333 1.25 2.39 25 3 3.02 1
0
APP_1_Inner_Layer_0:1 0.4666666666666667 0.4666666666666667 1.75 3.88 45 37 2.06 1
0
APP_1_Inner_Layer_0:2 0.5333333333333333 0.5333333333333333 2.0 3.5 18 41 1.79 1
0
APP_1_Inner_Layer_1:0 0.2 0.2 0.75 3.93 13 8 2.96 1
1 2 3
APP_1_Inner_Layer_1:1 0.4 0.4 1.5 3.79 30 10 1.44 1
2 3
APP_1_Inner_Layer_1:2 0.5333333333333333 0.5333333333333333 2.0 1.19 30 23 3.0 1
1 3
APP_1_Inner_Layer_1:3 0.2 0.2 0.75 2.31 44 32 2.6 1
2
APP_1_Inner_Layer_2:0 0.2 0.2 0.75 3.27 5 23 1.68 1
4 5
APP_1_Inner_Layer_2:1 0.6 0.6 2.25 3.11 32 5 2.61 1
4 6 7
APP_1_Inner_Layer_2:2 0.26666666666666666 0.26666666666666666 1.0 1.01 12 27 1.68 1
5 7
APP_1_Inner_Layer_3:0 0.06666666666666667 0.06666666666666667 0.25 2.4 29 34 1.65 1
9
APP_1_Inner_Layer_3:1 0.5333333333333333 0.5333333333333333 2.0 2.52 17 7 3.91 1
8 10
APP_1_Output_Layer_0 0.4 0.4 1.5 1.38 17 17 2.83 1
11 12
9
0.40632210638878125
APP_2_Input_Layer_0 0.4666666666666667 0.4666666666666667 1.75 2.27 41 28 3.63 1

APP_2_Inner_Layer_0:0 0.3333333333333333 0.3333333333333333 1.25 1.91 17 20 2.96 1
0
APP_2_Inner_Layer_0:1 0.4 0.4 1.5 3.91 7 9 3.81 1
0
APP_2_Inner_Layer_1:0 0.4 0.4 1.5 3.16 9 32 3.5 1
1
APP_2_Inner_Layer_1:1 0.6 0.6 2.25 2.13 49 21 1.06 1
1
APP_2_Inner_Layer_1:2 0.4 0.4 1.5 3.81 44 7 1.98 1
1
APP_2_Inner_Layer_1:3 0.5333333333333333 0.5333333333333333 2.0 3.4 26 15 2.57 1
2
APP_2_Inner_Layer_2:0 0.26666666666666666 0.26666666666666666 1.0 3.23 42 43 1.35 1
3 4 5 6
APP_2_Output_Layer_0 0.06666666666666667 0.06666666666666667 0.25 1.03 23 44 3.77 1
7
10
0.7139450519952912
APP_3_Input_Layer_0 0.13333333333333333 0.13333333333333333 0.5 2.52 42 26 3.86 1

APP_3_Inner_Layer_0:0 0.13333333333333333 0.13333333333333333 0.5 2.69 35 21 3.38 1
0
APP_3_Inner_Layer_0:1 0.26666666666666666 0.26666666666666666 1.0 3.34 6 2 1.43 1
0
APP_3_Inner_Layer_0:2 0.4666666666666667 0.4666666666666667 1.75 1.29 16 29 1.46 1
0
APP_3_Inner_Layer_0:3 0.5333333333333333 0.5333333333333333 2.0 2.28 33 17 3.82 1
0
APP_3_Inner_Layer_1:0 0.26666666666666666 0.26666666666666666 1.0 3.81 47 6 3.1 1
2 3
APP_3_Inner_Layer_1:1 0.26666666666666666 0.26666666666666666 1.0 3.71 7 29 2.85 1
1 4
APP_3_Inner_Layer_1:2 0.4666666666666667 0.4666666666666667 1.75 1.74 16 33 1.58 1
1 2 4
APP_3_Inner_Layer_2:0 0.4666666666666667 0.4666666666666667 1.75 1.36 10 49 1.42 1
5 6 7
APP_3_Output_Layer_0 0.2 0.2 0.75 3.85 5 29 2.15 1
8
9
1.0057223877799941
APP_4_Input_Layer_0 0.4 0.4 1.5 2.69 26 21 1.65 1

APP_4_Inner_Layer_0:0 0.2 0.2 0.75 1.3 46 13 3.33 1
0
APP_4_Inner_Layer_0:1 0.13333333333333333 0.13333333333333333 0.5 1.68 3 19 1.05 1
0
APP_4_Inner_Layer_1:0 0.2 0.2 0.75 1.21 29 24 2.27 1
1
APP_4_Inner_Layer_1:1 0.3333333333333333 0.3333333333333333 1.25 2.9 43 8 1.68 1
2
APP_4_Inner_Layer_1:2 0.26666666666666666 0.26666666666666666 1.0 3.54 29 40 1.63 1
1
APP_4_Inner_Layer_1:3 0.5333333333333333 0.5333333333333333 2.0 2.23 10 9 2.39 1
1
APP_4_Inner_Layer_2:0 0.26666666666666666 0.26666666666666666 1.0 3.57 2 27 2.32 1
3 4 5 6
APP_4_Output_Layer_0 0.2 0.2 0.75 1.51 6 30 1.16 0
7
4
1.384036410353079
APP_5_Input_Layer_0 0.4666666666666667 0.4666666666666667 1.75 2.58 28 47 2.27 0

APP_5_Inner_Layer_0:0 0.4 0.4 1.5 3.71 49 4 1.03 1
0
APP_5_Inner_Layer_0:1 0.26666666666666666 0.26666666666666666 1.0 3.23 26 18 1.52 1
0
APP_5_Output_Layer_0 0.26666666666666666 0.26666666666666666 1.0 1.11 22 19 3.91 1
1 2
4
1.8219291914106637
APP_6_Input_Layer_0 0.4 0.4 1.5 2.49 22 38 2.6 1

APP_6_Inner_Layer_0:0 0.06666666666666667 0.06666666666666667 0.25 1.88 44 47 1.95 1
0
APP_6_Inner_Layer_0:1 0.26666666666666666 0.26666666666666666 1.0 2.84 39 9 3.77 1
0
APP_6_Output_Layer_0 0.5333333333333333 0.5333333333333333 2.0 1.5 1 5 3.01 0
1 2
10
2.311668385286187
APP_7_Input_Layer_0 0.3333333333333333 0.3333333333333333 1.25 3.24 33 21 2.33 1

APP_7_Inner_Layer_0:0 0.5333333333333333 0.5333333333333333 2.0 2.45 24 5 2.39 1
0
APP_7_Inner_Layer_0:1 0.3333333333333333 0.3333333333333333 1.25 1.49 15 25 1.78 1
0
APP_7_Inner_Layer_1:0 0.5333333333333333 0.5333333333333333 2.0 3.23 33 31 1.63 1
2
APP_7_Inner_Layer_1:1 0.13333333333333333 0.13333333333333333 0.5 2.85 10 27 3.28 1
2
APP_7_Inner_Layer_1:2 0.5333333333333333 0.5333333333333333 2.0 3.17 15 9 1.01 1
1
APP_7_Inner_Layer_2:0 0.3333333333333333 0.3333333333333333 1.25 1.44 13 25 3.53 1
4 5
APP_7_Inner_Layer_2:1 0.4666666666666667 0.4666666666666667 1.75 2.63 40 1 1.93 1
3
APP_7_Inner_Layer_2:2 0.4 0.4 1.5 2.25 10 13 2.65 1
4
APP_7_Output_Layer_0 0.4666666666666667 0.4666666666666667 1.75 2.32 37 25 3.47 1
6 7 8
7
2.7158227689632497
APP_8_Input_Layer_0 0.3333333333333333 0.3333333333333333 1.25 1.72 6 22 1.84 0

APP_8_Inner_Layer_0:0 0.4666666666666667 0.4666666666666667 1.75 2.03 22 3 1.83 1
0
APP_8_Inner_Layer_0:1 0.6 0.6 2.25 2.91 46 36 1.57 1
0
APP_8_Inner_Layer_1:0 0.06666666666666667 0.06666666666666667 0.25 3.48 43 23 1.09 1
1
APP_8_Inner_Layer_1:1 0.26666666666666666 0.26666666666666666 1.0 1.83 3 22 1.02 1
1
APP_8_Inner_Layer_1:2 0.06666666666666667 0.06666666666666667 0.25 1.35 2 8 2.39 1
2
APP_8_Output_Layer_0 0.2 0.2 0.75 1.26 23 21 3.52 1
3 4 5
3
2.920999638960412
APP_9_Input_Layer_0 0.5333333333333333 0.5333333333333333 2.0 2.67 17 19 1.24 1

APP_9_Inner_Layer_0:0 0.26666666666666666 0.26666666666666666 1.0 2.58 11 9 3.68 1
0
APP_9_Output_Layer_0 0.26666666666666666 0.26666666666666666 1.0 1.73 46 36 3.29 1
1
11
3.300988303893332
APP_10_Input_Layer_0 0.5333333333333333 0.5333333333333333 2.0 3.11 37 20 2.18 1

APP_10_Inner_Layer_0:0 0.13333333333333333 0.13333333333333333 0.5 1.79 40 49 3.18 1
0
APP_10_Inner_Layer_0:1 0.4 0.4 1.5 3.51 7 34 3.47 1
0
APP_10_Inner_Layer_0:2 0.3333333333333333 0.3333333333333333 1.25 3.73 5 26 2.2 1
0
APP_10_Inner_Layer_1:0 0.4666666666666667 0.4666666666666667 1.75 2.42 37 7 1.4 1
1
APP_10_Inner_Layer_1:1 0.13333333333333333 0.13333333333333333 0.5 2.47 45 31 2.41 1
2 3
APP_10_Inner_Layer_2:0 0.4666666666666667 0.4666666666666667 1.75 3.13 49 8 2.59 1
4
APP_10_Inner_Layer_2:1 0.3333333333333333 0.3333333333333333 1.25 1.79 38 20 1.85 1
4 5
APP_10_Inner_Layer_2:2 0.6 0.6 2.25 1.12 30 14 2.41 1
4 5
APP_10_Inner_Layer_2:3 0.13333333333333333 0.13333333333333333 0.5 2.72 46 28 1.78 1
4 5
APP_10_Output_Layer_0 0.26666666666666666 0.26666666666666666 1.0 1.01 24 22 1.55 1
6 7 8 9
4
3.7585726405943065
APP_11_Input_Layer_0 0.26666666666666666 0.26666666666666666 1.0 1.25 18 4 1.72 1

APP_11_Inner_Layer_0:0 0.2 0.2 0.75 3.94 17 47 1.57 1
0
APP_11_Inner_Layer_0:1 0.5333333333333333 0.5333333333333333 2.0 3.69 37 18 3.45 1
0
APP_11_Output_Layer_0 0.4 0.4 1.5 2.51 18 17 1.05 1
1 2
11
4.1732726231390025
APP_12_Input_Layer_0 0.2 0.2 0.75 2.35 3 19 2.41 0

APP_12_Inner_Layer_0:0 0.3333333333333333 0.3333333333333333 1.25 2.68 12 24 3.99 1
0
APP_12_Inner_Layer_0:1 0.4666666666666667 0.4666666666666667 1.75 2.91 24 40 2.99 1
0
APP_12_Inner_Layer_0:2 0.4666666666666667 0.4666666666666667 1.75 2.45 22 23 3.81 1
0
APP_12_Inner_Layer_1:0 0.6 0.6 2.25 1.97 40 2 1.69 1
1
APP_12_Inner_Layer_1:1 0.3333333333333333 0.3333333333333333 1.25 2.4 27 38 2.43 1
2 3
APP_12_Inner_Layer_1:2 0.13333333333333333 0.13333333333333333 0.5 1.75 17 8 3.08 1
2 3
APP_12_Inner_Layer_1:3 0.3333333333333333 0.3333333333333333 1.25 3.56 38 23 1.6 1
1 2 3
APP_12_Inner_Layer_2:0 0.2 0.2 0.75 3.91 39 3 1.33 1
4 5 6
APP_12_Inner_Layer_2:1 0.2 0.2 0.75 3.55 32 4 2.56 1
7
APP_12_Output_Layer_0 0.4 0.4 1.5 1.23 1 3 3.86 1
8 9
7
4.62664157944247
APP_13_Input_Layer_0 0.6 0.6 2.25 1.95 3 42 2.77 1

APP_13_Inner_Layer_0:0 0.13333333333333333 0.13333333333333333 0.5 1.22 12 18 1.64 1
0
APP_13_Inner_Layer_0:1 0.5333333333333333 0.5333333333333333 2.0 3.16 22 16 2.29 1
0
APP_13_Inner_Layer_1:0 0.13333333333333333 0.13333333333333333 0.5 1.87 15 28 3.38 1
2
APP_13_Inner_Layer_1:1 0.3333333333333333 0.3333333333333333 1.25 2.49 1 35 2.53 1
1
APP_13_Inner_Layer_2:0 0.3333333333333333 0.3333333333333333 1.25 1.31 15 23 2.05 1
3 4
APP_13_Output_Layer_0 0.2 0.2 0.75 1.08 43 26 2.09 1
5
9
4.858235774920911
APP_14_Input_Layer_0 0.5333333333333333 0.5333333333333333 2.0 1.39 21 24 2.28 1

APP_14_Inner_Layer_0:0 0.2 0.2 0.75 1.57 22 35 2.24 1
0
APP_14_Inner_Layer_0:1 0.5333333333333333 0.5333333333333333 2.0 2.81 1 38 1.28 1
0
APP_14_Inner_Layer_0:2 0.26666666666666666 0.26666666666666666 1.0 2.46 37 40 1.25 1
0
APP_14_Inner_Layer_0:3 0.4 0.4 1.5 2.13 24 49 3.18 1
0
APP_14_Inner_Layer_1:0 0.5333333333333333 0.5333333333333333 2.0 1.84 29 39 2.84 1
1 2 4
APP_14_Inner_Layer_1:1 0.06666666666666667 0.06666666666666667 0.25 1.42 23 14 1.84 1
1 3 4
APP_14_Inner_Layer_1:2 0.26666666666666666 0.26666666666666666 1.0 1.71 40 45 1.57 1
2
APP_14_Output_Layer_0 0.3333333333333333 0.3333333333333333 1.25 3.63 29 16 2.78 1
5 6 7
8
5.070374181418315
APP_15_Input_Layer_0 0.26666666666666666 0.26666666666666666 1.0 1.85 25 49 2.55 1

APP_15_Inner_Layer_0:0 0.4 0.4 1.5 3.61 47 3 1.74 1
0
APP_15_Inner_Layer_1:0 0.06666666666666667 0.06666666666666667 0.25 3.82 40 23 2.32 1
1
APP_15_Inner_Layer_1:1 0.3333333333333333 0.3333333333333333 1.25 1.36 31 31 2.79 1
1
APP_15_Inner_Layer_1:2 0.5333333333333333 0.5333333333333333 2.0 1.8 31 34 1.38 1
1
APP_15_Inner_Layer_2:0 0.26666666666666666 0.26666666666666666 1.0 2.55 37 43 1.26 1
2 4
APP_15_Inner_Layer_2:1 0.4 0.4 1.5 3.82 22 49 3.64 1
3
APP_15_Output_Layer_0 0.4666666666666667 0.4666666666666667 1.75 3.88 26 14 1.57 1
5 6
14
5.442869127056562
APP_16_Input_Layer_0 0.26666666666666666 0.26666666666666666 1.0 1.01 36 2 2.56 1

APP_16_Inner_Layer_0:0 0.5333333333333333 0.5333333333333333 2.0 2.35 39 15 2.64 1
0
APP_16_Inner_Layer_0:1 0.6 0.6 2.25 1.3 17 9 1.39 1
0
APP_16_Inner_Layer_0:2 0.4 0.4 1.5 1.17 49 39 2.26 1
0
APP_16_Inner_Layer_0:3 0.2 0.2 0.75 3.49 7 11 1.38 1
0
APP_16_Inner_Layer_1:0 0.5333333333333333 0.5333333333333333 2.0 2.29 4 21 2.96 1
1 4
APP_16_Inner_Layer_1:1 0.26666666666666666 0.26666666666666666 1.0 3.96 9 36 2.74 1
2 3
APP_16_Inner_Layer_2:0 0.5333333333333333 0.5333333333333333 2.0 3.81 20 10 2.25 1
6
APP_16_Inner_Layer_2:1 0.13333333333333333 0.13333333333333333 0.5 3.77 17 36 3.27 1
5 6
APP_16_Inner_Layer_2:2 0.4 0.4 1.5 1.16 18 4 2.36 1
5
APP_16_Inner_Layer_2:3 0.4 0.4 1.5 2.62 3 8 2.6 1
6
APP_16_Inner_Layer_3:0 0.4666666666666667 0.4666666666666667 1.75 2.77 19 17 3.34 1
9
APP_16_Inner_Layer_3:1 0.13333333333333333 0.13333333333333333 0.5 2.7 5 41 3.2 1
7 8 10
APP_16_Output_Layer_0 0.06666666666666667 0.06666666666666667 0.25 2.12 34 47 1.29 1
11 12
6
5.897344394623023
APP_17_Input_Layer_0 0.3333333333333333 0.3333333333333333 1.25 3.32 33 42 2.51 1

APP_17_Inner_Layer_0:0 0.13333333333333333 0.13333333333333333 0.5 2.31 6 8 3.88 1
0
APP_17_Inner_Layer_0:1 0.4666666666666667 0.4666666666666667 1.75 2.69 31 16 2.72 1
0
APP_17_Inner_Layer_0:2 0.5333333333333333 0.5333333333333333 2.0 3.02 30 38 2.18 1
0
APP_17_Inner_Layer_0:3 0.13333333333333333 0.13333333333333333 0.5 3.8 8 3 2.19 1
0
APP_17_Output_Layer_0 0.06666666666666667 0.06666666666666667 0.25 3.07 17 22 3.74 1
1 2 3 4
4
6.335562917638883
APP_18_Input_Layer_0 0.4 0.4 1.5 2.81 28 40 2.11 0

APP_18_Inner_Layer_0:0 0.6 0.6 2.25 1.63 38 7 2.88 1
0
APP_18_Inner_Layer_0:1 0.4666666666666667 0.4666666666666667 1.75 2.96 24 9 2.07 1
0
APP_18_Output_Layer_0 0.4666666666666667 0.4666666666666667 1.75 2.37 38 8 1.05 1
1 2
14
6.5677495343743955
APP_19_Input_Layer_0 0.3333333333333333 0.3333333333333333 1.25 2.97 25 23 1.84 1

APP_19_Inner_Layer_0:0 0.13333333333333333 0.13333333333333333 0.5 3.23 37 6 3.68 1
0
APP_19_Inner_Layer_0:1 0.26666666666666666 0.26666666666666666 1.0 2.88 30 19 1.5 1
0
APP_19_Inner_Layer_0:2 0.4 0.4 1.5 1.79 47 11 2.71 1
0
APP_19_Inner_Layer_0:3 0.3333333333333333 0.3333333333333333 1.25 2.08 19 9 1.51 1
0
APP_19_Inner_Layer_1:0 0.4666666666666667 0.4666666666666667 1.75 2.16 42 4 1.47 1
1
APP_19_Inner_Layer_1:1 0.26666666666666666 0.26666666666666666 1.0 3.36 7 8 3.56 1
2 3 4
APP_19_Inner_Layer_2:0 0.26666666666666666 0.26666666666666666 1.0 3.99 4 14 3.3 1
5
APP_19_Inner_Layer_2:1 0.13333333333333333 0.13333333333333333 0.5 1.18 28 6 3.91 1
6
APP_19_Inner_Layer_3:0 0.6 0.6 2.25 3.43 10 49 2.01 1
8
APP_19_Inner_Layer_3:1 0.06666666666666667 0.06666666666666667 0.25 3.32 24 7 1.73 1
7
APP_19_Inner_Layer_3:2 0.06666666666666667 0.06666666666666667 0.25 1.11 16 7 2.48 1
7
APP_19_Inner_Layer_3:3 0.6 0.6 2.25 3.08 29 43 3.21 1
7
APP_19_Output_Layer_0 0.4 0.4 1.5 1.99 7 26 1.58 1
9 10 11 12
