10
20
5
0
APP_0_Input_Layer_0 0.4666666666666667 0.4666666666666667 1.75 1.77 31 28 2.45 1

APP_0_Inner_Layer_0:0 0.2 0.2 0.75 3.95 20 42 2.45 1
0
APP_0_Inner_Layer_0:1 0.4666666666666667 0.4666666666666667 1.75 3.79 26 11 3.36 1
0
APP_0_Inner_Layer_0:2 0.26666666666666666 0.26666666666666666 1.0 1.3 44 13 1.61 1
0
APP_0_Output_Layer_0 0.5333333333333333 0.5333333333333333 2.0 2.99 39 10 1.26 1
1 2 3
6
0.3914035298449234
APP_1_Input_Layer_0 0.5333333333333333 0.5333333333333333 2.0 2.11 38 31 3.47 1

APP_1_Inner_Layer_0:0 0.3333333333333333 0.3333333333333333 1.25 1.72 26 28 3.3 1
0
APP_1_Inner_Layer_0:1 0.5333333333333333 0.5333333333333333 2.0 1.77 24 36 2.79 1
0
APP_1_Inner_Layer_0:2 0.06666666666666667 0.06666666666666667 0.25 2.2 6 34 3.89 1
0
APP_1_Inner_Layer_1:0 0.26666666666666666 0.26666666666666666 1.0 1.59 11 40 3.38 1
1 2 3
APP_1_Output_Layer_0 0.26666666666666666 0.26666666666666666 1.0 2.88 44 15 3.28 1
4
5
0.6256499610777274
APP_2_Input_Layer_0 0.13333333333333333 0.13333333333333333 0.5 1.19 37 12 1.45 1

APP_2_Inner_Layer_0:0 0.26666666666666666 0.26666666666666666 1.0 1.46 39 1 1.14 1
0
APP_2_Inner_Layer_1:0 0.13333333333333333 0.13333333333333333 0.5 2.11 14 19 2.89 1
1
APP_2_Inner_Layer_1:1 0.6 0.6 2.25 3.39 2 16 1.37 1
1
APP_2_Output_Layer_0 0.3333333333333333 0.3333333333333333 1.25 1.17 16 41 1.99 1
2 3
10
1.0783588100711632
APP_3_Input_Layer_0 0.2 0.2 0.75 1.49 35 46 1.93 1

APP_3_Inner_Layer_0:0 0.2 0.2 0.75 3.44 26 42 2.96 1
0
APP_3_Inner_Layer_0:1 0.26666666666666666 0.26666666666666666 1.0 2.05 8 14 2.01 1
0
APP_3_Inner_Layer_0:2 0.6 0.6 2.25 1.5 34 42 2.97 1
0
APP_3_Inner_Layer_1:0 0.2 0.2 0.75 2.6 41 35 1.56 1
1 2 3
APP_3_Inner_Layer_2:0 0.13333333333333333 0.13333333333333333 0.5 3.84 11 25 2.75 1
4
APP_3_Inner_Layer_2:1 0.06666666666666667 0.06666666666666667 0.25 1.54 27 1 1.51 1
4
APP_3_Inner_Layer_2:2 0.3333333333333333 0.3333333333333333 1.25 3.3 3 3 1.91 1
4
APP_3_Inner_Layer_2:3 0.5333333333333333 0.5333333333333333 2.0 2.03 26 20 2.23 1
4
APP_3_Output_Layer_0 0.26666666666666666 0.26666666666666666 1.0 2.14 48 18 1.48 1
5 6 7 8
11
1.5205619990760395
APP_4_Input_Layer_0 0.2 0.2 0.75 3.19 19 37 3.19 1

APP_4_Inner_Layer_0:0 0.3333333333333333 0.3333333333333333 1.25 3.39 32 35 2.44 1
0
APP_4_Inner_Layer_0:1 0.4666666666666667 0.4666666666666667 1.75 3.1 37 16 2.79 1
0
APP_4_Inner_Layer_0:2 0.6 0.6 2.25 1.72 43 47 3.47 1
0
APP_4_Inner_Layer_0:3 0.13333333333333333 0.13333333333333333 0.5 2.96 34 24 2.03 1
0
APP_4_Inner_Layer_1:0 0.3333333333333333 0.3333333333333333 1.25 1.11 3 17 2.81 1
1 2 3 4
APP_4_Inner_Layer_2:0 0.6 0.6 2.25 1.55 8 26 3.11 1
5
APP_4_Inner_Layer_3:0 0.13333333333333333 0.13333333333333333 0.5 2.05 3 32 3.83 1
6
APP_4_Inner_Layer_3:1 0.3333333333333333 0.3333333333333333 1.25 1.09 19 42 1.76 1
6
APP_4_Inner_Layer_3:2 0.5333333333333333 0.5333333333333333 2.0 1.19 19 9 2.27 1
6
APP_4_Output_Layer_0 0.6 0.6 2.25 3.29 25 9 1.86 1
7 8 9
11
1.984502091123573
APP_5_Input_Layer_0 0.5333333333333333 0.5333333333333333 2.0 1.53 39 40 3.85 1

APP_5_Inner_Layer_0:0 0.2 0.2 0.75 3.82 33 48 1.49 1
0
APP_5_Inner_Layer_0:1 0.3333333333333333 0.3333333333333333 1.25 2.82 44 33 3.3 1
0
APP_5_Inner_Layer_1:0 0.26666666666666666 0.26666666666666666 1.0 2.85 32 22 1.94 1
2
APP_5_Inner_Layer_1:1 0.13333333333333333 0.13333333333333333 0.5 3.39 27 7 2.78 1
1
APP_5_Inner_Layer_2:0 0.13333333333333333 0.13333333333333333 0.5 2.53 5 48 2.39 1
3
APP_5_Inner_Layer_2:1 0.4666666666666667 0.4666666666666667 1.75 2.06 19 44 3.38 1
3
APP_5_Inner_Layer_2:2 0.4666666666666667 0.4666666666666667 1.75 3.84 31 31 2.29 1
4
APP_5_Inner_Layer_3:0 0.26666666666666666 0.26666666666666666 1.0 2.77 19 38 3.53 1
6 7
APP_5_Inner_Layer_3:1 0.5333333333333333 0.5333333333333333 2.0 2.98 29 30 1.53 1
5
APP_5_Output_Layer_0 0.3333333333333333 0.3333333333333333 1.25 1.01 30 5 1.01 1
8 9
12
2.182095450548284
APP_6_Input_Layer_0 0.5333333333333333 0.5333333333333333 2.0 1.42 17 44 1.53 1

APP_6_Inner_Layer_0:0 0.4 0.4 1.5 3.94 32 35 3.51 1
0
APP_6_Inner_Layer_0:1 0.6 0.6 2.25 3.02 36 22 3.81 1
0
APP_6_Inner_Layer_0:2 0.26666666666666666 0.26666666666666666 1.0 2.07 33 31 3.71 1
0
APP_6_Inner_Layer_0:3 0.2 0.2 0.75 3.62 11 17 2.16 1
0
APP_6_Inner_Layer_1:0 0.26666666666666666 0.26666666666666666 1.0 2.34 49 39 2.0 1
1 2
APP_6_Inner_Layer_1:1 0.3333333333333333 0.3333333333333333 1.25 1.59 7 31 1.77 1
2 3 4
APP_6_Inner_Layer_1:2 0.06666666666666667 0.06666666666666667 0.25 3.88 15 49 2.67 1
3 4
APP_6_Inner_Layer_1:3 0.4 0.4 1.5 1.5 33 22 3.58 1
1 3 4
APP_6_Inner_Layer_2:0 0.5333333333333333 0.5333333333333333 2.0 1.17 6 14 1.21 1
5
APP_6_Inner_Layer_2:1 0.5333333333333333 0.5333333333333333 2.0 2.52 13 13 2.57 1
6 7 8
APP_6_Output_Layer_0 0.3333333333333333 0.3333333333333333 1.25 3.49 35 31 1.23 1
9 10
5
2.567780766439046
APP_7_Input_Layer_0 0.6 0.6 2.25 1.54 47 13 2.89 1

APP_7_Inner_Layer_0:0 0.26666666666666666 0.26666666666666666 1.0 2.99 22 30 3.84 1
0
APP_7_Inner_Layer_0:1 0.2 0.2 0.75 1.34 12 16 2.64 1
0
APP_7_Inner_Layer_0:2 0.4666666666666667 0.4666666666666667 1.75 1.72 19 31 2.98 1
0
APP_7_Output_Layer_0 0.13333333333333333 0.13333333333333333 0.5 1.51 18 13 1.37 1
1 2 3
9
2.9018213975838245
APP_8_Input_Layer_0 0.4666666666666667 0.4666666666666667 1.75 1.31 30 32 2.55 1

APP_8_Inner_Layer_0:0 0.5333333333333333 0.5333333333333333 2.0 3.33 33 29 1.47 1
0
APP_8_Inner_Layer_0:1 0.4 0.4 1.5 3.41 22 15 1.06 1
0
APP_8_Inner_Layer_1:0 0.3333333333333333 0.3333333333333333 1.25 3.29 42 11 3.3 1
2
APP_8_Inner_Layer_1:1 0.3333333333333333 0.3333333333333333 1.25 3.03 23 5 3.98 1
1
APP_8_Inner_Layer_2:0 0.4666666666666667 0.4666666666666667 1.75 2.67 41 32 2.12 1
3
APP_8_Inner_Layer_2:1 0.6 0.6 2.25 2.54 44 1 3.47 1
4
APP_8_Inner_Layer_2:2 0.5333333333333333 0.5333333333333333 2.0 3.12 30 14 2.8 1
3
APP_8_Output_Layer_0 0.2 0.2 0.75 3.39 37 26 1.26 1
5 6 7
8
3.14982155947466
APP_9_Input_Layer_0 0.6 0.6 2.25 3.92 46 15 1.36 0

APP_9_Inner_Layer_0:0 0.3333333333333333 0.3333333333333333 1.25 1.92 27 28 3.52 1
0
APP_9_Inner_Layer_1:0 0.4666666666666667 0.4666666666666667 1.75 1.68 37 23 1.98 1
1
APP_9_Inner_Layer_1:1 0.4 0.4 1.5 2.46 42 1 2.21 1
1
APP_9_Inner_Layer_1:2 0.06666666666666667 0.06666666666666667 0.25 2.44 8 41 3.64 1
1
APP_9_Inner_Layer_1:3 0.3333333333333333 0.3333333333333333 1.25 2.1 41 25 1.38 1
1
APP_9_Inner_Layer_2:0 0.06666666666666667 0.06666666666666667 0.25 1.18 14 16 2.18 1
2 3 4 5
APP_9_Output_Layer_0 0.4666666666666667 0.4666666666666667 1.75 2.48 2 16 3.39 1
6
12
3.40875112129931
APP_10_Input_Layer_0 0.4 0.4 1.5 2.03 16 7 3.48 1

APP_10_Inner_Layer_0:0 0.5333333333333333 0.5333333333333333 2.0 2.19 26 12 1.91 1
0
APP_10_Inner_Layer_0:1 0.5333333333333333 0.5333333333333333 2.0 2.71 45 3 3.54 1
0
APP_10_Inner_Layer_1:0 0.3333333333333333 0.3333333333333333 1.25 3.75 1 30 2.07 1
1
APP_10_Inner_Layer_1:1 0.3333333333333333 0.3333333333333333 1.25 3.57 1 25 1.36 1
2
APP_10_Inner_Layer_2:0 0.13333333333333333 0.13333333333333333 0.5 2.75 39 40 1.29 1
4
APP_10_Inner_Layer_2:1 0.4 0.4 1.5 1.44 36 34 1.43 1
3 4
APP_10_Inner_Layer_2:2 0.06666666666666667 0.06666666666666667 0.25 2.6 49 15 2.56 1
3
APP_10_Inner_Layer_3:0 0.4 0.4 1.5 3.76 37 39 3.24 1
5 6
APP_10_Inner_Layer_3:1 0.2 0.2 0.75 3.18 27 45 2.35 1
5 7
APP_10_Inner_Layer_3:2 0.3333333333333333 0.3333333333333333 1.25 1.24 21 5 3.07 1
7
APP_10_Output_Layer_0 0.5333333333333333 0.5333333333333333 2.0 3.71 5 40 2.73 1
8 9 10
4
3.715456074652502
APP_11_Input_Layer_0 0.5333333333333333 0.5333333333333333 2.0 2.87 5 46 1.44 1

APP_11_Inner_Layer_0:0 0.6 0.6 2.25 2.06 26 29 3.29 1
0
APP_11_Inner_Layer_1:0 0.5333333333333333 0.5333333333333333 2.0 3.4 39 43 3.63 1
1
APP_11_Output_Layer_0 0.3333333333333333 0.3333333333333333 1.25 3.91 46 2 3.77 1
2
10
4.198714402358252
APP_12_Input_Layer_0 0.6 0.6 2.25 2.08 8 46 2.98 1

APP_12_Inner_Layer_0:0 0.4666666666666667 0.4666666666666667 1.75 2.06 43 26 2.52 1
0
APP_12_Inner_Layer_0:1 0.13333333333333333 0.13333333333333333 0.5 2.66 14 19 1.19 1
0
APP_12_Inner_Layer_1:0 0.3333333333333333 0.3333333333333333 1.25 1.78 37 3 2.92 1
1
APP_12_Inner_Layer_1:1 0.26666666666666666 0.26666666666666666 1.0 1.68 27 37 2.8 1
2
APP_12_Inner_Layer_1:2 0.26666666666666666 0.26666666666666666 1.0 1.86 27 38 1.51 1
2
APP_12_Inner_Layer_1:3 0.4 0.4 1.5 3.47 35 35 3.13 1
1 2
APP_12_Inner_Layer_2:0 0.2 0.2 0.75 2.16 46 31 1.81 1
3 4 5
APP_12_Inner_Layer_2:1 0.13333333333333333 0.13333333333333333 0.5 1.0 34 21 2.14 1
6
APP_12_Output_Layer_0 0.06666666666666667 0.06666666666666667 0.25 3.45 18 49 2.97 1
7 8
12
4.517084835423322
APP_13_Input_Layer_0 0.4 0.4 1.5 3.82 2 17 2.96 1

APP_13_Inner_Layer_0:0 0.4666666666666667 0.4666666666666667 1.75 1.27 16 42 2.64 1
0
APP_13_Inner_Layer_0:1 0.3333333333333333 0.3333333333333333 1.25 2.26 29 42 2.53 1
0
APP_13_Inner_Layer_0:2 0.26666666666666666 0.26666666666666666 1.0 3.74 24 31 1.92 1
0
APP_13_Inner_Layer_1:0 0.13333333333333333 0.13333333333333333 0.5 1.77 21 38 2.85 1
1 2
APP_13_Inner_Layer_1:1 0.26666666666666666 0.26666666666666666 1.0 3.04 26 11 1.41 1
1 2 3
APP_13_Inner_Layer_1:2 0.6 0.6 2.25 1.66 18 21 1.79 1
3
APP_13_Inner_Layer_1:3 0.26666666666666666 0.26666666666666666 1.0 3.92 37 26 2.13 1
1 3
APP_13_Inner_Layer_2:0 0.13333333333333333 0.13333333333333333 0.5 2.0 26 7 3.9 1
4
APP_13_Inner_Layer_2:1 0.13333333333333333 0.13333333333333333 0.5 2.39 41 48 1.04 1
4 5 6 7
APP_13_Inner_Layer_2:2 0.3333333333333333 0.3333333333333333 1.25 2.15 17 6 1.4 1
5 7
APP_13_Output_Layer_0 0.2 0.2 0.75 1.66 44 45 2.13 0
8 9 10
7
4.708637189080366
APP_14_Input_Layer_0 0.6 0.6 2.25 2.83 43 22 3.74 1

APP_14_Inner_Layer_0:0 0.2 0.2 0.75 2.86 17 4 3.58 1
0
APP_14_Inner_Layer_1:0 0.5333333333333333 0.5333333333333333 2.0 1.82 31 10 2.85 1
1
APP_14_Inner_Layer_1:1 0.2 0.2 0.75 3.44 6 5 2.59 1
1
APP_14_Inner_Layer_1:2 0.06666666666666667 0.06666666666666667 0.25 1.37 6 2 1.11 1
1
APP_14_Inner_Layer_1:3 0.4666666666666667 0.4666666666666667 1.75 2.22 10 18 3.5 1
1
APP_14_Output_Layer_0 0.13333333333333333 0.13333333333333333 0.5 1.16 47 1 3.06 1
2 3 4 5
6
4.955854809977644
APP_15_Input_Layer_0 0.06666666666666667 0.06666666666666667 0.25 1.41 48 14 1.35 1

APP_15_Inner_Layer_0:0 0.13333333333333333 0.13333333333333333 0.5 2.44 20 30 1.7 1
0
APP_15_Inner_Layer_0:1 0.26666666666666666 0.26666666666666666 1.0 3.82 15 43 2.02 1
0
APP_15_Inner_Layer_1:0 0.06666666666666667 0.06666666666666667 0.25 1.86 36 29 2.95 1
1
APP_15_Inner_Layer_1:1 0.5333333333333333 0.5333333333333333 2.0 3.77 25 35 2.78 1
2
APP_15_Output_Layer_0 0.13333333333333333 0.13333333333333333 0.5 1.89 7 33 1.54 1
3 4
17
5.248651876516526
APP_16_Input_Layer_0 0.26666666666666666 0.26666666666666666 1.0 2.02 12 6 3.04 1

APP_16_Inner_Layer_0:0 0.26666666666666666 0.26666666666666666 1.0 1.7 14 47 3.56 1
0
APP_16_Inner_Layer_0:1 0.06666666666666667 0.06666666666666667 0.25 3.08 12 22 1.01 1
0
APP_16_Inner_Layer_0:2 0.2 0.2 0.75 2.89 21 20 3.18 1
0
APP_16_Inner_Layer_0:3 0.06666666666666667 0.06666666666666667 0.25 3.4 19 32 3.82 1
0
APP_16_Inner_Layer_1:0 0.2 0.2 0.75 3.73 22 49 2.79 1
1 2
APP_16_Inner_Layer_1:1 0.4666666666666667 0.4666666666666667 1.75 2.67 3 16 3.38 1
1
APP_16_Inner_Layer_1:2 0.5333333333333333 0.5333333333333333 2.0 2.1 38 42 3.1 1
3 4
APP_16_Inner_Layer_1:3 0.2 0.2 0.75 2.27 47 19 1.23 1
2 4
APP_16_Inner_Layer_2:0 0.4666666666666667 0.4666666666666667 1.75 1.33 45 9 1.57 1
6 7 8
APP_16_Inner_Layer_2:1 0.4 0.4 1.5 1.07 39 20 1.97 1
8
APP_16_Inner_Layer_2:2 0.26666666666666666 0.26666666666666666 1.0 2.84 4 42 1.91 1
7
APP_16_Inner_Layer_2:3 0.2 0.2 0.75 2.23 2 21 2.98 1
5 8
APP_16_Inner_Layer_3:0 0.4 0.4 1.5 2.46 26 11 2.83 1
9 10 11
APP_16_Inner_Layer_3:1 0.13333333333333333 0.13333333333333333 0.5 2.26 20 19 2.04 1
11 12
APP_16_Inner_Layer_3:2 0.06666666666666667 0.06666666666666667 0.25 1.53 42 10 3.83 1
12
APP_16_Output_Layer_0 0.3333333333333333 0.3333333333333333 1.25 1.68 43 27 3.89 1
13 14 15
11
5.506684817726322
APP_17_Input_Layer_0 0.6 0.6 2.25 1.35 17 37 2.39 1

APP_17_Inner_Layer_0:0 0.4 0.4 1.5 2.86 23 38 1.08 1
0
APP_17_Inner_Layer_0:1 0.06666666666666667 0.06666666666666667 0.25 1.13 25 31 1.97 1
0
APP_17_Inner_Layer_1:0 0.4 0.4 1.5 3.03 36 19 1.45 1
1 2
APP_17_Inner_Layer_1:1 0.6 0.6 2.25 3.31 38 48 3.5 1
2
APP_17_Inner_Layer_1:2 0.06666666666666667 0.06666666666666667 0.25 2.64 1 1 3.28 1
1
APP_17_Inner_Layer_2:0 0.3333333333333333 0.3333333333333333 1.25 1.46 27 17 3.6 1
4 5
APP_17_Inner_Layer_2:1 0.2 0.2 0.75 2.97 19 39 1.24 1
3
APP_17_Inner_Layer_2:2 0.26666666666666666 0.26666666666666666 1.0 3.84 9 38 2.9 1
3 4 5
APP_17_Inner_Layer_2:3 0.5333333333333333 0.5333333333333333 2.0 3.35 5 35 1.85 1
3 4
APP_17_Output_Layer_0 0.4 0.4 1.5 2.77 32 13 1.09 1
6 7 8 9
7
5.778840006941223
APP_18_Input_Layer_0 0.6 0.6 2.25 2.59 19 8 3.03 1

APP_18_Inner_Layer_0:0 0.4 0.4 1.5 1.92 47 23 2.88 1
0
APP_18_Inner_Layer_0:1 0.3333333333333333 0.3333333333333333 1.25 3.78 35 49 2.88 1
0
APP_18_Inner_Layer_0:2 0.4666666666666667 0.4666666666666667 1.75 2.8 37 30 2.73 1
0
APP_18_Inner_Layer_0:3 0.2 0.2 0.75 3.01 43 38 1.85 1
0
APP_18_Inner_Layer_1:0 0.13333333333333333 0.13333333333333333 0.5 1.37 41 28 1.94 1
1 2 3 4
APP_18_Output_Layer_0 0.2 0.2 0.75 3.63 48 2 3.07 1
5
9
6.060312312658044
APP_19_Input_Layer_0 0.4666666666666667 0.4666666666666667 1.75 1.48 19 10 1.3 1

APP_19_Inner_Layer_0:0 0.4666666666666667 0.4666666666666667 1.75 3.93 34 26 3.76 1
0
APP_19_Inner_Layer_0:1 0.4666666666666667 0.4666666666666667 1.75 3.83 15 31 1.37 1
0
APP_19_Inner_Layer_1:0 0.13333333333333333 0.13333333333333333 0.5 3.45 7 13 2.15 1
2
APP_19_Inner_Layer_1:1 0.5333333333333333 0.5333333333333333 2.0 3.28 21 35 1.42 1
1 2
APP_19_Inner_Layer_1:2 0.3333333333333333 0.3333333333333333 1.25 3.76 23 36 1.44 1
1
APP_19_Inner_Layer_2:0 0.5333333333333333 0.5333333333333333 2.0 3.67 12 48 3.81 1
3 5
APP_19_Inner_Layer_2:1 0.2 0.2 0.75 1.26 6 4 3.65 1
3 4 5
APP_19_Output_Layer_0 0.6 0.6 2.25 2.41 30 20 2.96 1
6 7
