10
20
13
0
APP_0_Input_Layer_0 0.13333333333333333 0.13333333333333333 0.5 3.91 28 17 2.58 1

APP_0_Inner_Layer_0:0 0.26666666666666666 0.26666666666666666 1.0 1.66 2 42 1.68 1
0
APP_0_Inner_Layer_0:1 0.13333333333333333 0.13333333333333333 0.5 2.02 31 7 1.66 1
0
APP_0_Inner_Layer_0:2 0.06666666666666667 0.06666666666666667 0.25 2.27 46 45 2.19 1
0
APP_0_Inner_Layer_0:3 0.26666666666666666 0.26666666666666666 1.0 2.66 12 21 2.7 1
0
APP_0_Inner_Layer_1:0 0.13333333333333333 0.13333333333333333 0.5 1.71 14 8 2.81 1
1 2 4
APP_0_Inner_Layer_1:1 0.4 0.4 1.5 2.06 23 34 1.87 1
3 4
APP_0_Inner_Layer_1:2 0.2 0.2 0.75 2.3 10 28 1.07 1
2
APP_0_Inner_Layer_1:3 0.4 0.4 1.5 1.04 16 17 2.94 1
3
APP_0_Inner_Layer_2:0 0.4666666666666667 0.4666666666666667 1.75 2.26 32 24 2.18 1
5 6 7 8
APP_0_Inner_Layer_3:0 0.3333333333333333 0.3333333333333333 1.25 1.2 18 11 2.06 1
9
APP_0_Inner_Layer_3:1 0.26666666666666666 0.26666666666666666 1.0 3.07 34 47 1.75 1
9
APP_0_Output_Layer_0 0.13333333333333333 0.13333333333333333 0.5 3.26 20 47 1.2 1
10 11
7
0.48258527335013657
APP_1_Input_Layer_0 0.2 0.2 0.75 3.97 46 41 3.93 1

APP_1_Inner_Layer_0:0 0.13333333333333333 0.13333333333333333 0.5 1.58 38 1 3.74 1
0
APP_1_Inner_Layer_1:0 0.26666666666666666 0.26666666666666666 1.0 2.96 10 39 1.24 1
1
APP_1_Inner_Layer_2:0 0.3333333333333333 0.3333333333333333 1.25 2.23 14 13 2.88 1
2
APP_1_Inner_Layer_2:1 0.13333333333333333 0.13333333333333333 0.5 2.73 7 32 3.01 1
2
APP_1_Inner_Layer_2:2 0.3333333333333333 0.3333333333333333 1.25 1.83 27 40 2.59 1
2
APP_1_Output_Layer_0 0.4 0.4 1.5 3.78 41 7 3.47 0
3 4 5
9
0.7027986406111895
APP_2_Input_Layer_0 0.26666666666666666 0.26666666666666666 1.0 2.79 40 30 1.93 1

APP_2_Inner_Layer_0:0 0.4 0.4 1.5 3.27 38 13 1.69 1
0
APP_2_Inner_Layer_0:1 0.2 0.2 0.75 3.26 47 19 1.99 1
0
APP_2_Inner_Layer_0:2 0.6 0.6 2.25 1.51 46 7 1.66 1
0
APP_2_Inner_Layer_1:0 0.06666666666666667 0.06666666666666667 0.25 2.35 1 11 2.6 1
1 2 3
APP_2_Inner_Layer_2:0 0.4 0.4 1.5 2.08 45 18 2.4 1
4
APP_2_Inner_Layer_2:1 0.06666666666666667 0.06666666666666667 0.25 3.26 3 43 2.74 1
4
APP_2_Inner_Layer_2:2 0.4666666666666667 0.4666666666666667 1.75 1.24 22 6 2.95 1
4
APP_2_Output_Layer_0 0.5333333333333333 0.5333333333333333 2.0 2.94 43 32 3.2 1
5 6 7
3
0.8954197137498408
APP_3_Input_Layer_0 0.6 0.6 2.25 1.69 27 6 1.4 1

APP_3_Inner_Layer_0:0 0.6 0.6 2.25 3.7 7 24 3.11 1
0
APP_3_Output_Layer_0 0.4 0.4 1.5 3.16 45 24 3.27 1
1
9
1.1921054316201012
APP_4_Input_Layer_0 0.13333333333333333 0.13333333333333333 0.5 3.08 11 5 3.76 1

APP_4_Inner_Layer_0:0 0.4666666666666667 0.4666666666666667 1.75 1.99 19 41 2.69 1
0
APP_4_Inner_Layer_0:1 0.13333333333333333 0.13333333333333333 0.5 1.93 29 8 1.98 1
0
APP_4_Inner_Layer_0:2 0.26666666666666666 0.26666666666666666 1.0 3.89 20 22 1.6 1
0
APP_4_Inner_Layer_1:0 0.4 0.4 1.5 2.8 45 8 1.59 1
1 2
APP_4_Inner_Layer_1:1 0.4666666666666667 0.4666666666666667 1.75 1.55 15 48 3.47 1
3
APP_4_Inner_Layer_1:2 0.6 0.6 2.25 3.43 15 30 3.82 1
2
APP_4_Inner_Layer_1:3 0.06666666666666667 0.06666666666666667 0.25 3.26 23 12 2.38 1
2
APP_4_Output_Layer_0 0.4666666666666667 0.4666666666666667 1.75 1.93 2 41 3.31 1
4 5 6 7
4
1.6842078580713271
APP_5_Input_Layer_0 0.13333333333333333 0.13333333333333333 0.5 3.42 14 16 1.85 1

APP_5_Inner_Layer_0:0 0.6 0.6 2.25 3.39 13 10 2.23 1
0
APP_5_Inner_Layer_0:1 0.6 0.6 2.25 3.96 3 28 2.65 1
0
APP_5_Output_Layer_0 0.4666666666666667 0.4666666666666667 1.75 1.31 37 49 1.46 1
1 2
7
1.9003715258426708
APP_6_Input_Layer_0 0.13333333333333333 0.13333333333333333 0.5 2.61 35 38 1.8 1

APP_6_Inner_Layer_0:0 0.06666666666666667 0.06666666666666667 0.25 1.97 28 33 3.86 1
0
APP_6_Inner_Layer_0:1 0.2 0.2 0.75 1.64 17 31 3.34 1
0
APP_6_Inner_Layer_0:2 0.3333333333333333 0.3333333333333333 1.25 3.01 29 24 1.37 1
0
APP_6_Inner_Layer_0:3 0.6 0.6 2.25 3.52 22 9 2.28 1
0
APP_6_Inner_Layer_1:0 0.4 0.4 1.5 2.15 18 4 3.55 1
1 2 3 4
APP_6_Output_Layer_0 0.2 0.2 0.75 1.85 21 7 2.94 0
5
9
2.2645434968361324
APP_7_Input_Layer_0 0.13333333333333333 0.13333333333333333 0.5 2.05 32 1 1.31 0

APP_7_Inner_Layer_0:0 0.2 0.2 0.75 1.39 5 22 2.5 1
0
APP_7_Inner_Layer_0:1 0.06666666666666667 0.06666666666666667 0.25 3.02 8 1 3.92 1
0
APP_7_Inner_Layer_0:2 0.13333333333333333 0.13333333333333333 0.5 2.92 14 44 2.99 1
0
APP_7_Inner_Layer_1:0 0.2 0.2 0.75 2.04 43 32 2.21 1
3
APP_7_Inner_Layer_1:1 0.4 0.4 1.5 2.46 49 41 1.6 1
1 2
APP_7_Inner_Layer_2:0 0.5333333333333333 0.5333333333333333 2.0 3.31 13 27 1.41 1
4 5
APP_7_Inner_Layer_3:0 0.4666666666666667 0.4666666666666667 1.75 3.46 26 19 2.82 1
6
APP_7_Output_Layer_0 0.5333333333333333 0.5333333333333333 2.0 3.69 14 18 3.54 1
7
8
2.4533330386753747
APP_8_Input_Layer_0 0.2 0.2 0.75 3.46 37 45 2.14 1

APP_8_Inner_Layer_0:0 0.5333333333333333 0.5333333333333333 2.0 3.05 49 29 3.53 1
0
APP_8_Inner_Layer_0:1 0.3333333333333333 0.3333333333333333 1.25 3.09 28 31 3.11 1
0
APP_8_Inner_Layer_1:0 0.4666666666666667 0.4666666666666667 1.75 1.35 41 43 3.45 1
2
APP_8_Inner_Layer_1:1 0.4666666666666667 0.4666666666666667 1.75 3.17 10 4 1.24 1
2
APP_8_Inner_Layer_1:2 0.4 0.4 1.5 3.37 38 21 2.42 1
1 2
APP_8_Inner_Layer_2:0 0.3333333333333333 0.3333333333333333 1.25 3.82 11 14 1.25 1
3 4 5
APP_8_Output_Layer_0 0.26666666666666666 0.26666666666666666 1.0 1.63 11 40 3.47 0
6
11
2.6843643231786736
APP_9_Input_Layer_0 0.4 0.4 1.5 2.74 23 35 1.79 1

APP_9_Inner_Layer_0:0 0.13333333333333333 0.13333333333333333 0.5 2.98 3 30 1.67 1
0
APP_9_Inner_Layer_0:1 0.2 0.2 0.75 3.69 18 27 1.37 1
0
APP_9_Inner_Layer_0:2 0.6 0.6 2.25 3.99 35 49 3.47 1
0
APP_9_Inner_Layer_1:0 0.4 0.4 1.5 2.09 5 24 1.96 1
2
APP_9_Inner_Layer_1:1 0.4 0.4 1.5 2.94 43 38 1.96 1
1 2 3
APP_9_Inner_Layer_1:2 0.06666666666666667 0.06666666666666667 0.25 2.48 29 28 2.16 1
2 3
APP_9_Inner_Layer_2:0 0.06666666666666667 0.06666666666666667 0.25 3.39 14 38 2.13 1
4
APP_9_Inner_Layer_2:1 0.3333333333333333 0.3333333333333333 1.25 2.28 3 28 3.51 1
4 5 6
APP_9_Inner_Layer_2:2 0.5333333333333333 0.5333333333333333 2.0 2.97 13 3 1.99 1
5
APP_9_Output_Layer_0 0.26666666666666666 0.26666666666666666 1.0 1.6 29 1 2.38 1
7 8 9
4
2.869411396630318
APP_10_Input_Layer_0 0.4666666666666667 0.4666666666666667 1.75 2.36 23 13 1.85 1

APP_10_Inner_Layer_0:0 0.13333333333333333 0.13333333333333333 0.5 1.55 22 33 3.73 1
0
APP_10_Inner_Layer_0:1 0.3333333333333333 0.3333333333333333 1.25 2.98 12 17 3.14 1
0
APP_10_Output_Layer_0 0.26666666666666666 0.26666666666666666 1.0 1.16 38 28 3.21 1
1 2
8
3.21313292488456
APP_11_Input_Layer_0 0.5333333333333333 0.5333333333333333 2.0 2.25 26 40 3.17 0

APP_11_Inner_Layer_0:0 0.26666666666666666 0.26666666666666666 1.0 2.13 3 15 3.2 1
0
APP_11_Inner_Layer_0:1 0.6 0.6 2.25 1.57 5 41 1.99 1
0
APP_11_Inner_Layer_0:2 0.26666666666666666 0.26666666666666666 1.0 3.22 47 18 2.3 1
0
APP_11_Inner_Layer_1:0 0.06666666666666667 0.06666666666666667 0.25 3.6 23 45 2.75 1
2 3
APP_11_Inner_Layer_1:1 0.5333333333333333 0.5333333333333333 2.0 2.63 35 15 1.33 1
1
APP_11_Inner_Layer_1:2 0.06666666666666667 0.06666666666666667 0.25 1.12 30 34 3.07 1
2 3
APP_11_Output_Layer_0 0.4666666666666667 0.4666666666666667 1.75 1.18 39 35 3.91 1
4 5 6
3
3.5530736327079455
APP_12_Input_Layer_0 0.13333333333333333 0.13333333333333333 0.5 2.27 47 26 3.17 1

APP_12_Inner_Layer_0:0 0.2 0.2 0.75 1.61 33 37 3.14 1
0
APP_12_Output_Layer_0 0.2 0.2 0.75 2.94 12 24 1.66 1
1
6
3.8320210635300076
APP_13_Input_Layer_0 0.4 0.4 1.5 2.3 3 29 1.21 1

APP_13_Inner_Layer_0:0 0.3333333333333333 0.3333333333333333 1.25 1.85 3 2 3.23 1
0
APP_13_Inner_Layer_0:1 0.4 0.4 1.5 2.43 38 37 1.47 1
0
APP_13_Inner_Layer_0:2 0.3333333333333333 0.3333333333333333 1.25 1.44 10 41 2.56 1
0
APP_13_Inner_Layer_0:3 0.26666666666666666 0.26666666666666666 1.0 2.62 29 44 2.45 1
0
APP_13_Output_Layer_0 0.4666666666666667 0.4666666666666667 1.75 2.01 46 42 1.98 1
1 2 3 4
8
4.175354662468065
APP_14_Input_Layer_0 0.6 0.6 2.25 1.28 37 26 2.58 1

APP_14_Inner_Layer_0:0 0.5333333333333333 0.5333333333333333 2.0 2.4 7 44 2.05 1
0
APP_14_Inner_Layer_0:1 0.6 0.6 2.25 1.11 26 12 1.53 1
0
APP_14_Inner_Layer_0:2 0.2 0.2 0.75 3.27 28 22 1.22 1
0
APP_14_Inner_Layer_0:3 0.3333333333333333 0.3333333333333333 1.25 2.65 7 31 3.88 1
0
APP_14_Inner_Layer_1:0 0.13333333333333333 0.13333333333333333 0.5 3.57 31 14 2.32 1
1
APP_14_Inner_Layer_1:1 0.5333333333333333 0.5333333333333333 2.0 1.04 27 26 2.57 1
2 3 4
APP_14_Output_Layer_0 0.26666666666666666 0.26666666666666666 1.0 2.52 8 27 2.66 1
5 6
6
4.403466029133405
APP_15_Input_Layer_0 0.3333333333333333 0.3333333333333333 1.25 1.94 22 19 3.57 1

APP_15_Inner_Layer_0:0 0.5333333333333333 0.5333333333333333 2.0 1.48 44 27 3.96 1
0
APP_15_Inner_Layer_1:0 0.26666666666666666 0.26666666666666666 1.0 1.13 25 31 3.03 1
1
APP_15_Inner_Layer_2:0 0.06666666666666667 0.06666666666666667 0.25 1.13 17 30 3.0 1
2
APP_15_Inner_Layer_2:1 0.2 0.2 0.75 3.47 18 2 2.3 1
2
APP_15_Output_Layer_0 0.5333333333333333 0.5333333333333333 2.0 3.38 42 44 2.46 1
3 4
4
4.886080241062769
APP_16_Input_Layer_0 0.06666666666666667 0.06666666666666667 0.25 1.56 8 43 2.65 1

APP_16_Inner_Layer_0:0 0.26666666666666666 0.26666666666666666 1.0 2.49 27 17 2.07 1
0
APP_16_Inner_Layer_0:1 0.4666666666666667 0.4666666666666667 1.75 1.25 38 5 3.76 1
0
APP_16_Output_Layer_0 0.2 0.2 0.75 1.59 46 33 2.98 1
1 2
12
5.321622796558167
APP_17_Input_Layer_0 0.5333333333333333 0.5333333333333333 2.0 1.75 15 36 3.31 1

APP_17_Inner_Layer_0:0 0.5333333333333333 0.5333333333333333 2.0 2.78 24 1 2.16 1
0
APP_17_Inner_Layer_0:1 0.13333333333333333 0.13333333333333333 0.5 2.53 16 33 3.74 1
0
APP_17_Inner_Layer_0:2 0.4666666666666667 0.4666666666666667 1.75 3.67 40 44 1.35 1
0
APP_17_Inner_Layer_0:3 0.6 0.6 2.25 2.42 20 6 1.77 1
0
APP_17_Inner_Layer_1:0 0.26666666666666666 0.26666666666666666 1.0 1.76 37 17 2.27 1
1 2 3 4
APP_17_Inner_Layer_2:0 0.06666666666666667 0.06666666666666667 0.25 2.11 2 33 3.76 1
5
APP_17_Inner_Layer_2:1 0.4 0.4 1.5 2.06 29 47 1.9 1
5
APP_17_Inner_Layer_2:2 0.4 0.4 1.5 2.06 21 47 1.57 1
5
APP_17_Inner_Layer_3:0 0.26666666666666666 0.26666666666666666 1.0 2.3 49 14 1.38 1
6 7 8
APP_17_Inner_Layer_3:1 0.2 0.2 0.75 1.61 2 41 3.47 1
7
APP_17_Output_Layer_0 0.3333333333333333 0.3333333333333333 1.25 1.51 31 32 1.73 0
9 10
6
5.652558296578931
APP_18_Input_Layer_0 0.13333333333333333 0.13333333333333333 0.5 3.88 45 19 1.87 1

APP_18_Inner_Layer_0:0 0.13333333333333333 0.13333333333333333 0.5 1.17 18 31 1.33 1
0
APP_18_Inner_Layer_0:1 0.4 0.4 1.5 2.0 48 46 1.3 1
0
APP_18_Inner_Layer_0:2 0.3333333333333333 0.3333333333333333 1.25 1.01 9 39 3.26 1
0
APP_18_Inner_Layer_0:3 0.6 0.6 2.25 2.71 49 1 3.48 1
0
APP_18_Output_Layer_0 0.13333333333333333 0.13333333333333333 0.5 3.8 14 11 2.28 1
1 2 3 4
5
5.851555247775404
APP_19_Input_Layer_0 0.5333333333333333 0.5333333333333333 2.0 2.58 21 15 1.7 1

APP_19_Inner_Layer_0:0 0.13333333333333333 0.13333333333333333 0.5 3.25 6 6 1.73 1
0
APP_19_Inner_Layer_0:1 0.4 0.4 1.5 2.21 35 33 1.8 1
0
APP_19_Inner_Layer_0:2 0.26666666666666666 0.26666666666666666 1.0 3.08 7 43 2.79 1
0
APP_19_Output_Layer_0 0.06666666666666667 0.06666666666666667 0.25 1.4 13 23 2.28 1
1 2 3
