10
20
6
0
APP_0_Input_Layer_0 0.06666666666666667 0.06666666666666667 0.25 3.07 4 13 1.61 1

APP_0_Inner_Layer_0:0 0.06666666666666667 0.06666666666666667 0.25 3.89 26 47 1.63 1
0
APP_0_Inner_Layer_1:0 0.26666666666666666 0.26666666666666666 1.0 3.55 39 48 2.69 1
1
APP_0_Inner_Layer_1:1 0.26666666666666666 0.26666666666666666 1.0 2.06 21 8 2.96 1
1
APP_0_Inner_Layer_2:0 0.13333333333333333 0.13333333333333333 0.5 1.19 38 11 1.11 1
2 3
APP_0_Output_Layer_0 0.26666666666666666 0.26666666666666666 1.0 3.75 26 15 1.39 1
4
4
0.21166034352758353
APP_1_Input_Layer_0 0.2 0.2 0.75 3.28 14 13 3.97 1

APP_1_Inner_Layer_0:0 0.06666666666666667 0.06666666666666667 0.25 2.7 7 33 2.94 1
0
APP_1_Inner_Layer_1:0 0.06666666666666667 0.06666666666666667 0.25 2.25 6 37 2.52 1
1
APP_1_Output_Layer_0 0.06666666666666667 0.06666666666666667 0.25 2.02 18 49 3.32 1
2
7
0.6828567053784322
APP_2_Input_Layer_0 0.4666666666666667 0.4666666666666667 1.75 1.38 34 7 3.64 1

APP_2_Inner_Layer_0:0 0.4666666666666667 0.4666666666666667 1.75 1.98 33 3 1.88 1
0
APP_2_Inner_Layer_0:1 0.4 0.4 1.5 3.6 4 6 1.24 1
0
APP_2_Inner_Layer_0:2 0.06666666666666667 0.06666666666666667 0.25 1.15 38 14 1.91 1
0
APP_2_Inner_Layer_0:3 0.4666666666666667 0.4666666666666667 1.75 3.13 27 3 1.93 1
0
APP_2_Inner_Layer_1:0 0.26666666666666666 0.26666666666666666 1.0 1.49 39 21 1.77 1
1 2 3 4
APP_2_Output_Layer_0 0.2 0.2 0.75 1.08 45 26 2.86 1
5
7
1.097818027724093
APP_3_Input_Layer_0 0.2 0.2 0.75 3.17 49 2 1.11 1

APP_3_Inner_Layer_0:0 0.2 0.2 0.75 1.46 3 47 1.61 1
0
APP_3_Inner_Layer_0:1 0.3333333333333333 0.3333333333333333 1.25 2.61 3 37 1.51 1
0
APP_3_Inner_Layer_0:2 0.13333333333333333 0.13333333333333333 0.5 1.61 5 47 3.52 1
0
APP_3_Inner_Layer_0:3 0.26666666666666666 0.26666666666666666 1.0 2.24 49 15 2.09 1
0
APP_3_Inner_Layer_1:0 0.5333333333333333 0.5333333333333333 2.0 2.68 3 42 2.73 1
1 2 3 4
APP_3_Output_Layer_0 0.4 0.4 1.5 2.65 31 21 3.04 1
5
6
1.3751709190922794
APP_4_Input_Layer_0 0.6 0.6 2.25 3.25 3 13 1.81 1

APP_4_Inner_Layer_0:0 0.4 0.4 1.5 1.29 24 28 2.81 1
0
APP_4_Inner_Layer_1:0 0.4 0.4 1.5 3.41 3 28 2.83 1
1
APP_4_Inner_Layer_1:1 0.3333333333333333 0.3333333333333333 1.25 1.74 24 39 3.88 1
1
APP_4_Inner_Layer_1:2 0.2 0.2 0.75 2.64 49 29 1.47 1
1
APP_4_Output_Layer_0 0.5333333333333333 0.5333333333333333 2.0 1.79 45 37 1.02 1
2 3 4
8
1.6259978327414808
APP_5_Input_Layer_0 0.5333333333333333 0.5333333333333333 2.0 1.34 30 20 2.99 1

APP_5_Inner_Layer_0:0 0.4 0.4 1.5 3.66 26 45 1.72 1
0
APP_5_Inner_Layer_0:1 0.06666666666666667 0.06666666666666667 0.25 1.13 36 41 3.88 1
0
APP_5_Inner_Layer_0:2 0.6 0.6 2.25 1.54 27 26 3.75 1
0
APP_5_Inner_Layer_1:0 0.26666666666666666 0.26666666666666666 1.0 2.39 42 21 2.13 1
1 2 3
APP_5_Inner_Layer_2:0 0.5333333333333333 0.5333333333333333 2.0 1.32 45 33 2.35 1
4
APP_5_Inner_Layer_2:1 0.26666666666666666 0.26666666666666666 1.0 2.39 2 45 1.88 1
4
APP_5_Output_Layer_0 0.26666666666666666 0.26666666666666666 1.0 2.42 22 34 2.29 1
5 6
6
1.8221065024356848
APP_6_Input_Layer_0 0.06666666666666667 0.06666666666666667 0.25 2.39 43 38 2.37 1

APP_6_Inner_Layer_0:0 0.06666666666666667 0.06666666666666667 0.25 2.07 29 6 3.42 1
0
APP_6_Inner_Layer_0:1 0.3333333333333333 0.3333333333333333 1.25 2.44 13 46 3.47 1
0
APP_6_Inner_Layer_0:2 0.6 0.6 2.25 3.5 36 24 1.78 1
0
APP_6_Inner_Layer_0:3 0.2 0.2 0.75 2.62 17 43 3.75 1
0
APP_6_Output_Layer_0 0.2 0.2 0.75 1.05 16 14 1.15 0
1 2 3 4
10
2.1860015339791223
APP_7_Input_Layer_0 0.13333333333333333 0.13333333333333333 0.5 3.92 5 10 1.38 1

APP_7_Inner_Layer_0:0 0.2 0.2 0.75 1.37 2 41 2.93 1
0
APP_7_Inner_Layer_0:1 0.4666666666666667 0.4666666666666667 1.75 3.29 27 7 1.04 1
0
APP_7_Inner_Layer_1:0 0.06666666666666667 0.06666666666666667 0.25 2.64 24 19 3.23 1
2
APP_7_Inner_Layer_1:1 0.2 0.2 0.75 2.82 47 7 3.91 1
1
APP_7_Inner_Layer_2:0 0.6 0.6 2.25 2.98 4 45 3.91 1
3
APP_7_Inner_Layer_2:1 0.26666666666666666 0.26666666666666666 1.0 2.69 12 36 2.33 1
3 4
APP_7_Inner_Layer_3:0 0.13333333333333333 0.13333333333333333 0.5 1.11 31 47 1.71 1
6
APP_7_Inner_Layer_3:1 0.13333333333333333 0.13333333333333333 0.5 3.22 10 3 1.93 1
5 6
APP_7_Output_Layer_0 0.2 0.2 0.75 1.46 1 27 2.71 1
7 8
11
2.444752380862476
APP_8_Input_Layer_0 0.3333333333333333 0.3333333333333333 1.25 1.28 29 34 1.62 1

APP_8_Inner_Layer_0:0 0.13333333333333333 0.13333333333333333 0.5 3.09 20 2 1.15 1
0
APP_8_Inner_Layer_0:1 0.6 0.6 2.25 2.6 49 25 1.43 1
0
APP_8_Inner_Layer_1:0 0.4666666666666667 0.4666666666666667 1.75 3.12 11 36 2.5 1
2
APP_8_Inner_Layer_1:1 0.26666666666666666 0.26666666666666666 1.0 1.6 39 38 2.54 1
1
APP_8_Inner_Layer_2:0 0.2 0.2 0.75 2.0 38 24 1.69 1
3 4
APP_8_Inner_Layer_3:0 0.4 0.4 1.5 2.0 22 46 2.65 1
5
APP_8_Inner_Layer_3:1 0.26666666666666666 0.26666666666666666 1.0 3.06 9 29 1.99 1
5
APP_8_Inner_Layer_3:2 0.5333333333333333 0.5333333333333333 2.0 1.45 28 16 2.66 1
5
APP_8_Inner_Layer_3:3 0.13333333333333333 0.13333333333333333 0.5 1.94 20 4 1.15 1
5
APP_8_Output_Layer_0 0.6 0.6 2.25 3.13 38 23 2.95 0
6 7 8 9
11
2.778944576262224
APP_9_Input_Layer_0 0.6 0.6 2.25 3.75 22 22 3.63 1

APP_9_Inner_Layer_0:0 0.4666666666666667 0.4666666666666667 1.75 3.54 20 27 1.14 1
0
APP_9_Inner_Layer_1:0 0.4 0.4 1.5 3.71 32 33 3.99 1
1
APP_9_Inner_Layer_1:1 0.3333333333333333 0.3333333333333333 1.25 1.6 18 42 2.59 1
1
APP_9_Inner_Layer_2:0 0.6 0.6 2.25 1.38 37 16 3.0 1
3
APP_9_Inner_Layer_2:1 0.13333333333333333 0.13333333333333333 0.5 1.56 19 4 1.32 1
2
APP_9_Inner_Layer_2:2 0.4666666666666667 0.4666666666666667 1.75 2.68 3 49 1.63 1
2 3
APP_9_Inner_Layer_3:0 0.2 0.2 0.75 1.34 14 8 3.31 1
6
APP_9_Inner_Layer_3:1 0.4666666666666667 0.4666666666666667 1.75 3.45 18 12 1.37 1
4 6
APP_9_Inner_Layer_3:2 0.4666666666666667 0.4666666666666667 1.75 1.57 19 47 1.99 1
5
APP_9_Output_Layer_0 0.4666666666666667 0.4666666666666667 1.75 2.81 16 6 1.19 0
7 8 9
8
3.095147809547604
APP_10_Input_Layer_0 0.2 0.2 0.75 1.51 6 27 3.51 1

APP_10_Inner_Layer_0:0 0.13333333333333333 0.13333333333333333 0.5 3.46 10 27 1.92 1
0
APP_10_Inner_Layer_0:1 0.2 0.2 0.75 2.51 39 15 2.37 1
0
APP_10_Inner_Layer_0:2 0.2 0.2 0.75 3.98 3 8 1.04 1
0
APP_10_Inner_Layer_1:0 0.06666666666666667 0.06666666666666667 0.25 2.02 17 15 1.46 1
1 2
APP_10_Inner_Layer_1:1 0.13333333333333333 0.13333333333333333 0.5 1.1 49 4 3.32 1
3
APP_10_Inner_Layer_2:0 0.6 0.6 2.25 3.11 6 28 2.52 1
4 5
APP_10_Output_Layer_0 0.4 0.4 1.5 3.2 42 45 3.58 1
6
8
3.3803228035739163
APP_11_Input_Layer_0 0.5333333333333333 0.5333333333333333 2.0 1.46 15 40 2.47 0

APP_11_Inner_Layer_0:0 0.26666666666666666 0.26666666666666666 1.0 2.63 23 44 3.03 1
0
APP_11_Inner_Layer_0:1 0.5333333333333333 0.5333333333333333 2.0 3.64 9 37 3.67 1
0
APP_11_Inner_Layer_1:0 0.26666666666666666 0.26666666666666666 1.0 3.43 29 26 1.98 1
1 2
APP_11_Inner_Layer_1:1 0.13333333333333333 0.13333333333333333 0.5 2.76 5 29 2.8 1
1
APP_11_Inner_Layer_1:2 0.5333333333333333 0.5333333333333333 2.0 2.6 34 18 3.33 1
1 2
APP_11_Inner_Layer_2:0 0.3333333333333333 0.3333333333333333 1.25 3.36 6 21 3.19 1
3 4 5
APP_11_Output_Layer_0 0.06666666666666667 0.06666666666666667 0.25 3.52 28 12 3.04 1
6
13
3.6753589601328
APP_12_Input_Layer_0 0.3333333333333333 0.3333333333333333 1.25 3.46 26 11 2.47 1

APP_12_Inner_Layer_0:0 0.26666666666666666 0.26666666666666666 1.0 2.76 18 24 2.7 1
0
APP_12_Inner_Layer_0:1 0.5333333333333333 0.5333333333333333 2.0 3.89 8 2 3.39 1
0
APP_12_Inner_Layer_0:2 0.4666666666666667 0.4666666666666667 1.75 1.78 37 1 2.15 1
0
APP_12_Inner_Layer_0:3 0.3333333333333333 0.3333333333333333 1.25 1.81 34 46 3.03 1
0
APP_12_Inner_Layer_1:0 0.5333333333333333 0.5333333333333333 2.0 2.6 19 45 1.22 1
2 4
APP_12_Inner_Layer_1:1 0.13333333333333333 0.13333333333333333 0.5 1.01 41 1 3.83 1
1 3
APP_12_Inner_Layer_2:0 0.2 0.2 0.75 3.5 38 12 1.3 1
5
APP_12_Inner_Layer_2:1 0.2 0.2 0.75 1.77 9 34 2.23 1
6
APP_12_Inner_Layer_3:0 0.4666666666666667 0.4666666666666667 1.75 1.26 4 26 1.64 1
7
APP_12_Inner_Layer_3:1 0.6 0.6 2.25 2.56 31 25 1.4 1
8
APP_12_Inner_Layer_3:2 0.6 0.6 2.25 2.85 24 6 3.91 1
7
APP_12_Output_Layer_0 0.4666666666666667 0.4666666666666667 1.75 3.97 20 27 3.61 0
9 10 11
4
4.0025371327693025
APP_13_Input_Layer_0 0.06666666666666667 0.06666666666666667 0.25 2.16 13 18 2.9 1

APP_13_Inner_Layer_0:0 0.13333333333333333 0.13333333333333333 0.5 2.71 47 4 3.19 1
0
APP_13_Inner_Layer_0:1 0.6 0.6 2.25 3.81 49 37 2.77 1
0
APP_13_Output_Layer_0 0.06666666666666667 0.06666666666666667 0.25 1.5 19 14 3.08 0
1 2
10
4.325711421479811
APP_14_Input_Layer_0 0.26666666666666666 0.26666666666666666 1.0 2.85 28 5 2.68 1

APP_14_Inner_Layer_0:0 0.5333333333333333 0.5333333333333333 2.0 1.12 39 29 2.67 1
0
APP_14_Inner_Layer_0:1 0.6 0.6 2.25 3.29 20 32 3.96 1
0
APP_14_Inner_Layer_1:0 0.3333333333333333 0.3333333333333333 1.25 2.55 25 43 3.1 1
2
APP_14_Inner_Layer_1:1 0.06666666666666667 0.06666666666666667 0.25 1.57 41 34 2.82 1
1 2
APP_14_Inner_Layer_2:0 0.6 0.6 2.25 3.16 4 43 3.83 1
3
APP_14_Inner_Layer_2:1 0.13333333333333333 0.13333333333333333 0.5 2.29 46 49 2.64 1
3
APP_14_Inner_Layer_2:2 0.6 0.6 2.25 3.73 32 21 1.93 1
4
APP_14_Inner_Layer_2:3 0.06666666666666667 0.06666666666666667 0.25 3.4 34 4 3.75 1
3 4
APP_14_Output_Layer_0 0.26666666666666666 0.26666666666666666 1.0 1.74 35 24 1.71 1
5 6 7 8
14
4.59850933100651
APP_15_Input_Layer_0 0.3333333333333333 0.3333333333333333 1.25 3.15 36 19 2.25 1

APP_15_Inner_Layer_0:0 0.4666666666666667 0.4666666666666667 1.75 2.8 13 40 3.18 1
0
APP_15_Inner_Layer_0:1 0.26666666666666666 0.26666666666666666 1.0 3.94 33 40 3.22 1
0
APP_15_Inner_Layer_1:0 0.06666666666666667 0.06666666666666667 0.25 2.13 34 41 3.61 1
1 2
APP_15_Inner_Layer_1:1 0.13333333333333333 0.13333333333333333 0.5 3.88 23 3 1.48 1
2
APP_15_Inner_Layer_2:0 0.3333333333333333 0.3333333333333333 1.25 1.16 40 48 2.5 1
3
APP_15_Inner_Layer_2:1 0.13333333333333333 0.13333333333333333 0.5 1.48 3 25 3.09 1
4
APP_15_Inner_Layer_2:2 0.26666666666666666 0.26666666666666666 1.0 1.51 45 2 3.37 1
3 4
APP_15_Inner_Layer_2:3 0.5333333333333333 0.5333333333333333 2.0 3.82 13 35 3.14 1
4
APP_15_Inner_Layer_3:0 0.2 0.2 0.75 3.24 42 33 3.34 1
5 6 7 8
APP_15_Inner_Layer_3:1 0.4666666666666667 0.4666666666666667 1.75 1.39 35 16 3.05 1
5 8
APP_15_Inner_Layer_3:2 0.5333333333333333 0.5333333333333333 2.0 1.04 21 23 1.37 1
5 7
APP_15_Inner_Layer_3:3 0.26666666666666666 0.26666666666666666 1.0 2.67 48 1 2.81 1
6 7
APP_15_Output_Layer_0 0.13333333333333333 0.13333333333333333 0.5 3.44 47 18 3.17 1
9 10 11 12
8
5.001291862459298
APP_16_Input_Layer_0 0.5333333333333333 0.5333333333333333 2.0 2.04 18 22 1.29 1

APP_16_Inner_Layer_0:0 0.2 0.2 0.75 2.84 9 12 2.91 1
0
APP_16_Inner_Layer_0:1 0.3333333333333333 0.3333333333333333 1.25 2.55 18 33 1.93 1
0
APP_16_Inner_Layer_1:0 0.2 0.2 0.75 3.98 5 20 2.99 1
1 2
APP_16_Inner_Layer_2:0 0.13333333333333333 0.13333333333333333 0.5 1.37 26 1 2.01 1
3
APP_16_Inner_Layer_3:0 0.2 0.2 0.75 1.63 16 14 3.67 1
4
APP_16_Inner_Layer_3:1 0.26666666666666666 0.26666666666666666 1.0 3.52 45 13 1.08 1
4
APP_16_Output_Layer_0 0.3333333333333333 0.3333333333333333 1.25 1.01 19 46 2.39 0
5 6
3
5.232696091843941
APP_17_Input_Layer_0 0.13333333333333333 0.13333333333333333 0.5 2.47 13 13 2.19 1

APP_17_Inner_Layer_0:0 0.6 0.6 2.25 1.81 24 25 1.09 1
0
APP_17_Output_Layer_0 0.3333333333333333 0.3333333333333333 1.25 3.54 29 9 1.55 1
1
9
5.6432301867848835
APP_18_Input_Layer_0 0.2 0.2 0.75 2.99 40 20 3.92 1

APP_18_Inner_Layer_0:0 0.5333333333333333 0.5333333333333333 2.0 2.76 46 45 2.36 1
0
APP_18_Inner_Layer_0:1 0.13333333333333333 0.13333333333333333 0.5 3.9 16 45 2.36 1
0
APP_18_Inner_Layer_0:2 0.4666666666666667 0.4666666666666667 1.75 3.77 48 4 1.05 1
0
APP_18_Inner_Layer_1:0 0.06666666666666667 0.06666666666666667 0.25 1.01 44 26 2.69 1
2 3
APP_18_Inner_Layer_1:1 0.6 0.6 2.25 3.05 39 21 2.4 1
1 2
APP_18_Inner_Layer_1:2 0.5333333333333333 0.5333333333333333 2.0 2.35 20 5 2.41 1
1 3
APP_18_Inner_Layer_1:3 0.26666666666666666 0.26666666666666666 1.0 2.59 32 2 3.62 1
3
APP_18_Output_Layer_0 0.26666666666666666 0.26666666666666666 1.0 3.18 26 10 3.73 1
4 5 6 7
14
5.949069261067082
APP_19_Input_Layer_0 0.4 0.4 1.5 1.66 47 6 1.84 1

APP_19_Inner_Layer_0:0 0.5333333333333333 0.5333333333333333 2.0 2.1 34 28 3.96 1
0
APP_19_Inner_Layer_0:1 0.6 0.6 2.25 3.52 36 32 2.36 1
0
APP_19_Inner_Layer_0:2 0.5333333333333333 0.5333333333333333 2.0 1.93 24 43 2.56 1
0
APP_19_Inner_Layer_1:0 0.5333333333333333 0.5333333333333333 2.0 2.22 15 33 1.1 1
1 2
APP_19_Inner_Layer_1:1 0.2 0.2 0.75 2.82 29 41 3.55 1
3
APP_19_Inner_Layer_1:2 0.13333333333333333 0.13333333333333333 0.5 2.58 12 39 3.1 1
1 2 3
APP_19_Inner_Layer_1:3 0.4666666666666667 0.4666666666666667 1.75 1.23 14 44 3.54 1
1 2 3
APP_19_Inner_Layer_2:0 0.2 0.2 0.75 2.53 34 44 2.42 1
4 6 7
APP_19_Inner_Layer_2:1 0.06666666666666667 0.06666666666666667 0.25 1.34 16 26 3.92 1
5
APP_19_Inner_Layer_3:0 0.5333333333333333 0.5333333333333333 2.0 1.45 20 8 2.66 1
9
APP_19_Inner_Layer_3:1 0.4 0.4 1.5 2.11 19 10 1.42 1
8
APP_19_Inner_Layer_3:2 0.3333333333333333 0.3333333333333333 1.25 3.23 8 7 3.73 1
8
APP_19_Output_Layer_0 0.6 0.6 2.25 1.48 25 48 2.53 1
10 11 12
