10
18
10
0
APP_0_Input_Layer_0 0.4 0.4 1.5 2.27 42 2 1.9 1

APP_0_Inner_Layer_0:0 0.06666666666666667 0.06666666666666667 0.25 1.96 49 17 1.21 1
0
APP_0_Inner_Layer_0:1 0.4 0.4 1.5 1.03 42 33 2.55 1
0
APP_0_Inner_Layer_1:0 0.3333333333333333 0.3333333333333333 1.25 2.52 27 4 1.27 1
1
APP_0_Inner_Layer_1:1 0.3333333333333333 0.3333333333333333 1.25 1.33 1 2 3.63 1
2
APP_0_Inner_Layer_2:0 0.4666666666666667 0.4666666666666667 1.75 3.75 8 18 2.4 1
3
APP_0_Inner_Layer_2:1 0.06666666666666667 0.06666666666666667 0.25 3.85 5 28 3.86 1
4
APP_0_Inner_Layer_3:0 0.13333333333333333 0.13333333333333333 0.5 3.99 38 18 3.0 1
5 6
APP_0_Inner_Layer_3:1 0.4666666666666667 0.4666666666666667 1.75 1.86 16 16 1.03 1
6
APP_0_Output_Layer_0 0.3333333333333333 0.3333333333333333 1.25 3.44 42 47 1.12 1
7 8
10
0.22606371567404734
APP_1_Input_Layer_0 0.6 0.6 2.25 3.33 41 3 1.98 1

APP_1_Inner_Layer_0:0 0.26666666666666666 0.26666666666666666 1.0 1.48 36 38 2.31 1
0
APP_1_Inner_Layer_0:1 0.4666666666666667 0.4666666666666667 1.75 2.33 49 39 1.63 1
0
APP_1_Inner_Layer_0:2 0.3333333333333333 0.3333333333333333 1.25 2.49 23 14 2.21 1
0
APP_1_Inner_Layer_0:3 0.2 0.2 0.75 3.73 10 43 3.2 1
0
APP_1_Inner_Layer_1:0 0.5333333333333333 0.5333333333333333 2.0 2.8 37 5 1.71 1
2
APP_1_Inner_Layer_1:1 0.4666666666666667 0.4666666666666667 1.75 3.14 46 29 2.49 1
1 2 3 4
APP_1_Inner_Layer_2:0 0.6 0.6 2.25 1.97 24 49 1.63 1
5 6
APP_1_Inner_Layer_3:0 0.2 0.2 0.75 3.64 39 29 1.39 1
7
APP_1_Output_Layer_0 0.13333333333333333 0.13333333333333333 0.5 3.65 26 19 2.46 1
8
11
0.7166249907275175
APP_2_Input_Layer_0 0.4 0.4 1.5 3.15 49 37 1.35 1

APP_2_Inner_Layer_0:0 0.4 0.4 1.5 1.31 3 28 1.95 1
0
APP_2_Inner_Layer_0:1 0.2 0.2 0.75 3.27 9 18 1.49 1
0
APP_2_Inner_Layer_0:2 0.2 0.2 0.75 1.29 9 40 1.11 1
0
APP_2_Inner_Layer_1:0 0.6 0.6 2.25 3.71 49 14 1.05 1
1 3
APP_2_Inner_Layer_1:1 0.13333333333333333 0.13333333333333333 0.5 2.92 46 39 2.47 1
2
APP_2_Inner_Layer_2:0 0.13333333333333333 0.13333333333333333 0.5 1.3 30 7 2.14 1
5
APP_2_Inner_Layer_2:1 0.5333333333333333 0.5333333333333333 2.0 2.09 40 38 1.21 1
4 5
APP_2_Inner_Layer_3:0 0.3333333333333333 0.3333333333333333 1.25 3.24 45 42 3.23 1
7
APP_2_Inner_Layer_3:1 0.26666666666666666 0.26666666666666666 1.0 3.2 28 16 2.11 1
6
APP_2_Output_Layer_0 0.5333333333333333 0.5333333333333333 2.0 2.07 10 30 1.92 1
8 9
9
1.216379711748747
APP_3_Input_Layer_0 0.4 0.4 1.5 2.89 23 44 1.0 0

APP_3_Inner_Layer_0:0 0.26666666666666666 0.26666666666666666 1.0 3.81 14 8 1.69 1
0
APP_3_Inner_Layer_0:1 0.6 0.6 2.25 2.36 37 48 1.6 1
0
APP_3_Inner_Layer_0:2 0.26666666666666666 0.26666666666666666 1.0 3.81 9 27 1.17 1
0
APP_3_Inner_Layer_1:0 0.4666666666666667 0.4666666666666667 1.75 2.95 10 44 3.44 1
1 2 3
APP_3_Inner_Layer_2:0 0.13333333333333333 0.13333333333333333 0.5 3.57 15 7 3.15 1
4
APP_3_Inner_Layer_2:1 0.5333333333333333 0.5333333333333333 2.0 3.46 19 44 3.15 1
4
APP_3_Inner_Layer_2:2 0.3333333333333333 0.3333333333333333 1.25 2.8 41 29 2.36 1
4
APP_3_Output_Layer_0 0.13333333333333333 0.13333333333333333 0.5 2.76 40 27 3.24 1
5 6 7
9
1.4610211165450924
APP_4_Input_Layer_0 0.26666666666666666 0.26666666666666666 1.0 2.16 22 38 1.32 1

APP_4_Inner_Layer_0:0 0.26666666666666666 0.26666666666666666 1.0 3.08 44 45 3.93 1
0
APP_4_Inner_Layer_1:0 0.06666666666666667 0.06666666666666667 0.25 1.82 13 32 2.12 1
1
APP_4_Inner_Layer_1:1 0.13333333333333333 0.13333333333333333 0.5 3.6 11 6 1.28 1
1
APP_4_Inner_Layer_1:2 0.4666666666666667 0.4666666666666667 1.75 3.5 14 35 1.47 1
1
APP_4_Inner_Layer_1:3 0.26666666666666666 0.26666666666666666 1.0 1.59 2 21 1.17 1
1
APP_4_Inner_Layer_2:0 0.5333333333333333 0.5333333333333333 2.0 1.9 6 33 3.52 1
2 3 4
APP_4_Inner_Layer_2:1 0.13333333333333333 0.13333333333333333 0.5 3.21 43 4 1.36 1
5
APP_4_Output_Layer_0 0.26666666666666666 0.26666666666666666 1.0 2.54 4 26 1.2 1
6 7
7
1.886523914537056
APP_5_Input_Layer_0 0.6 0.6 2.25 1.56 9 21 1.69 1

APP_5_Inner_Layer_0:0 0.4 0.4 1.5 3.3 29 13 3.5 1
0
APP_5_Inner_Layer_1:0 0.4 0.4 1.5 2.78 48 34 1.73 1
1
APP_5_Inner_Layer_1:1 0.13333333333333333 0.13333333333333333 0.5 1.48 22 48 1.21 1
1
APP_5_Inner_Layer_1:2 0.5333333333333333 0.5333333333333333 2.0 2.01 4 19 1.9 1
1
APP_5_Inner_Layer_1:3 0.26666666666666666 0.26666666666666666 1.0 2.08 20 7 3.81 1
1
APP_5_Output_Layer_0 0.2 0.2 0.75 1.84 27 49 2.57 1
2 3 4 5
5
2.253910530915215
APP_6_Input_Layer_0 0.5333333333333333 0.5333333333333333 2.0 1.31 40 7 3.58 1

APP_6_Inner_Layer_0:0 0.4666666666666667 0.4666666666666667 1.75 3.76 43 44 2.41 1
0
APP_6_Inner_Layer_0:1 0.26666666666666666 0.26666666666666666 1.0 3.57 49 41 3.36 1
0
APP_6_Inner_Layer_0:2 0.06666666666666667 0.06666666666666667 0.25 1.39 35 16 3.29 1
0
APP_6_Output_Layer_0 0.2 0.2 0.75 3.87 40 1 3.39 1
1 2 3
5
2.503789539142452
APP_7_Input_Layer_0 0.3333333333333333 0.3333333333333333 1.25 2.49 35 25 1.61 1

APP_7_Inner_Layer_0:0 0.5333333333333333 0.5333333333333333 2.0 1.37 16 28 3.81 1
0
APP_7_Inner_Layer_0:1 0.4 0.4 1.5 2.24 3 42 1.27 1
0
APP_7_Inner_Layer_0:2 0.26666666666666666 0.26666666666666666 1.0 2.99 19 9 3.74 1
0
APP_7_Output_Layer_0 0.4 0.4 1.5 1.09 6 47 3.16 1
1 2 3
7
2.7918266543835677
APP_8_Input_Layer_0 0.26666666666666666 0.26666666666666666 1.0 3.28 46 9 3.81 1

APP_8_Inner_Layer_0:0 0.3333333333333333 0.3333333333333333 1.25 2.42 1 16 3.38 1
0
APP_8_Inner_Layer_0:1 0.6 0.6 2.25 3.7 30 3 1.68 1
0
APP_8_Inner_Layer_1:0 0.06666666666666667 0.06666666666666667 0.25 3.17 36 47 1.4 1
1 2
APP_8_Inner_Layer_1:1 0.4666666666666667 0.4666666666666667 1.75 3.75 41 13 3.17 1
2
APP_8_Inner_Layer_2:0 0.3333333333333333 0.3333333333333333 1.25 1.48 5 44 3.11 1
3 4
APP_8_Output_Layer_0 0.6 0.6 2.25 3.31 39 44 1.61 1
5
9
3.031930725949986
APP_9_Input_Layer_0 0.5333333333333333 0.5333333333333333 2.0 3.64 21 15 2.55 1

APP_9_Inner_Layer_0:0 0.13333333333333333 0.13333333333333333 0.5 3.06 40 20 3.58 1
0
APP_9_Inner_Layer_0:1 0.26666666666666666 0.26666666666666666 1.0 3.74 26 17 2.32 1
0
APP_9_Inner_Layer_1:0 0.06666666666666667 0.06666666666666667 0.25 3.1 23 18 2.64 1
1 2
APP_9_Inner_Layer_1:1 0.4666666666666667 0.4666666666666667 1.75 3.07 1 28 3.07 1
2
APP_9_Inner_Layer_2:0 0.06666666666666667 0.06666666666666667 0.25 3.12 37 29 3.05 1
3 4
APP_9_Inner_Layer_3:0 0.4 0.4 1.5 3.26 4 42 1.51 1
5
APP_9_Inner_Layer_3:1 0.5333333333333333 0.5333333333333333 2.0 1.4 1 23 3.95 1
5
APP_9_Output_Layer_0 0.4666666666666667 0.4666666666666667 1.75 3.1 43 26 2.67 1
6 7
12
3.329685966395886
APP_10_Input_Layer_0 0.3333333333333333 0.3333333333333333 1.25 3.32 6 39 2.55 1

APP_10_Inner_Layer_0:0 0.2 0.2 0.75 1.26 16 41 3.25 1
0
APP_10_Inner_Layer_1:0 0.2 0.2 0.75 3.51 40 3 1.7 1
1
APP_10_Inner_Layer_1:1 0.2 0.2 0.75 2.76 45 48 1.67 1
1
APP_10_Inner_Layer_2:0 0.3333333333333333 0.3333333333333333 1.25 1.22 5 32 1.59 1
2 3
APP_10_Inner_Layer_2:1 0.06666666666666667 0.06666666666666667 0.25 3.5 21 3 1.67 1
2
APP_10_Inner_Layer_2:2 0.26666666666666666 0.26666666666666666 1.0 3.96 2 5 3.14 1
2
APP_10_Inner_Layer_3:0 0.5333333333333333 0.5333333333333333 2.0 1.44 25 48 1.46 1
4
APP_10_Inner_Layer_3:1 0.3333333333333333 0.3333333333333333 1.25 1.84 24 14 3.86 1
6
APP_10_Inner_Layer_3:2 0.13333333333333333 0.13333333333333333 0.5 2.76 5 9 3.19 1
4 5
APP_10_Inner_Layer_3:3 0.4 0.4 1.5 1.63 49 20 2.04 1
4 6
APP_10_Output_Layer_0 0.4 0.4 1.5 1.94 38 23 2.74 1
7 8 9 10
8
3.8275598963691513
APP_11_Input_Layer_0 0.06666666666666667 0.06666666666666667 0.25 1.17 21 26 3.21 0

APP_11_Inner_Layer_0:0 0.26666666666666666 0.26666666666666666 1.0 3.55 8 14 3.47 1
0
APP_11_Inner_Layer_0:1 0.26666666666666666 0.26666666666666666 1.0 1.6 42 8 2.11 1
0
APP_11_Inner_Layer_1:0 0.5333333333333333 0.5333333333333333 2.0 1.65 8 43 3.13 1
1
APP_11_Inner_Layer_1:1 0.4666666666666667 0.4666666666666667 1.75 3.99 37 14 3.32 1
2
APP_11_Inner_Layer_1:2 0.13333333333333333 0.13333333333333333 0.5 2.42 15 8 1.85 1
2
APP_11_Inner_Layer_1:3 0.26666666666666666 0.26666666666666666 1.0 3.18 22 45 2.85 1
2
APP_11_Output_Layer_0 0.13333333333333333 0.13333333333333333 0.5 3.28 41 25 2.97 1
3 4 5 6
12
4.327352337478338
APP_12_Input_Layer_0 0.2 0.2 0.75 1.88 24 33 3.84 1

APP_12_Inner_Layer_0:0 0.2 0.2 0.75 1.04 43 13 3.93 1
0
APP_12_Inner_Layer_0:1 0.6 0.6 2.25 3.73 32 36 2.2 1
0
APP_12_Inner_Layer_0:2 0.13333333333333333 0.13333333333333333 0.5 2.14 20 46 1.15 1
0
APP_12_Inner_Layer_0:3 0.4 0.4 1.5 2.12 2 5 1.23 1
0
APP_12_Inner_Layer_1:0 0.13333333333333333 0.13333333333333333 0.5 2.28 28 26 2.81 1
2
APP_12_Inner_Layer_1:1 0.26666666666666666 0.26666666666666666 1.0 3.34 14 41 2.23 1
1 3 4
APP_12_Inner_Layer_1:2 0.4 0.4 1.5 1.65 13 7 2.88 1
1 2 4
APP_12_Inner_Layer_2:0 0.3333333333333333 0.3333333333333333 1.25 2.51 41 45 3.32 1
5
APP_12_Inner_Layer_2:1 0.6 0.6 2.25 1.53 43 4 1.54 1
5 7
APP_12_Inner_Layer_2:2 0.4666666666666667 0.4666666666666667 1.75 1.08 34 11 1.88 1
6 7
APP_12_Output_Layer_0 0.6 0.6 2.25 2.45 23 36 2.06 1
8 9 10
4
4.748903705108841
APP_13_Input_Layer_0 0.13333333333333333 0.13333333333333333 0.5 1.51 17 24 3.45 1

APP_13_Inner_Layer_0:0 0.13333333333333333 0.13333333333333333 0.5 3.23 47 42 2.65 1
0
APP_13_Inner_Layer_0:1 0.13333333333333333 0.13333333333333333 0.5 3.69 31 35 2.42 1
0
APP_13_Output_Layer_0 0.06666666666666667 0.06666666666666667 0.25 3.84 25 18 1.61 1
1 2
7
5.065797651774022
APP_14_Input_Layer_0 0.06666666666666667 0.06666666666666667 0.25 3.28 23 25 1.39 1

APP_14_Inner_Layer_0:0 0.4666666666666667 0.4666666666666667 1.75 2.62 36 27 2.51 1
0
APP_14_Inner_Layer_1:0 0.26666666666666666 0.26666666666666666 1.0 1.04 20 25 2.25 1
1
APP_14_Inner_Layer_1:1 0.26666666666666666 0.26666666666666666 1.0 2.58 47 47 3.21 1
1
APP_14_Inner_Layer_2:0 0.2 0.2 0.75 3.55 12 43 3.78 1
2 3
APP_14_Inner_Layer_3:0 0.4 0.4 1.5 3.97 30 46 1.04 1
4
APP_14_Output_Layer_0 0.2 0.2 0.75 1.78 46 37 3.36 1
5
10
5.473334160355261
APP_15_Input_Layer_0 0.13333333333333333 0.13333333333333333 0.5 2.71 36 29 1.32 1

APP_15_Inner_Layer_0:0 0.2 0.2 0.75 3.23 12 22 2.81 1
0
APP_15_Inner_Layer_0:1 0.5333333333333333 0.5333333333333333 2.0 2.4 30 32 3.79 1
0
APP_15_Inner_Layer_0:2 0.3333333333333333 0.3333333333333333 1.25 3.35 29 47 2.05 1
0
APP_15_Inner_Layer_0:3 0.4666666666666667 0.4666666666666667 1.75 1.59 7 45 1.47 1
0
APP_15_Inner_Layer_1:0 0.26666666666666666 0.26666666666666666 1.0 2.48 13 2 2.81 1
1
APP_15_Inner_Layer_1:1 0.6 0.6 2.25 3.43 15 36 2.91 1
1 3
APP_15_Inner_Layer_1:2 0.06666666666666667 0.06666666666666667 0.25 3.11 18 5 2.11 1
1 2 4
APP_15_Inner_Layer_1:3 0.5333333333333333 0.5333333333333333 2.0 1.69 23 25 3.53 1
3 4
APP_15_Output_Layer_0 0.4666666666666667 0.4666666666666667 1.75 2.62 48 33 2.91 1
5 6 7 8
6
5.822098695662019
APP_16_Input_Layer_0 0.2 0.2 0.75 3.3 45 35 2.48 1

APP_16_Inner_Layer_0:0 0.4 0.4 1.5 3.07 43 30 3.92 1
0
APP_16_Inner_Layer_0:1 0.06666666666666667 0.06666666666666667 0.25 3.05 35 42 1.8 1
0
APP_16_Inner_Layer_0:2 0.26666666666666666 0.26666666666666666 1.0 3.38 7 24 1.17 1
0
APP_16_Inner_Layer_0:3 0.26666666666666666 0.26666666666666666 1.0 1.99 6 22 2.75 1
0
APP_16_Output_Layer_0 0.13333333333333333 0.13333333333333333 0.5 3.74 19 25 1.27 1
1 2 3 4
8
6.066434119141761
APP_17_Input_Layer_0 0.4666666666666667 0.4666666666666667 1.75 1.49 39 49 2.6 1

APP_17_Inner_Layer_0:0 0.4 0.4 1.5 2.19 33 43 1.8 1
0
APP_17_Inner_Layer_0:1 0.13333333333333333 0.13333333333333333 0.5 3.79 31 32 1.88 1
0
APP_17_Inner_Layer_0:2 0.26666666666666666 0.26666666666666666 1.0 1.99 46 14 1.76 1
0
APP_17_Inner_Layer_1:0 0.2 0.2 0.75 3.86 27 39 1.59 1
2 3
APP_17_Inner_Layer_1:1 0.4666666666666667 0.4666666666666667 1.75 2.37 37 42 2.37 1
1 2
APP_17_Inner_Layer_1:2 0.13333333333333333 0.13333333333333333 0.5 2.49 31 30 1.12 1
1 3
APP_17_Output_Layer_0 0.13333333333333333 0.13333333333333333 0.5 1.08 27 2 3.6 0
4 5 6
