10
18
9
0
APP_0_Input_Layer_0 0.4666666666666667 0.4666666666666667 1.75 2.41 4 26 1.4 1

APP_0_Inner_Layer_0:0 0.2 0.2 0.75 1.22 26 34 3.36 1
0
APP_0_Inner_Layer_0:1 0.6 0.6 2.25 3.89 21 2 2.57 1
0
APP_0_Inner_Layer_0:2 0.3333333333333333 0.3333333333333333 1.25 3.74 38 5 1.97 1
0
APP_0_Inner_Layer_1:0 0.6 0.6 2.25 1.28 6 38 3.1 1
1 2 3
APP_0_Inner_Layer_2:0 0.06666666666666667 0.06666666666666667 0.25 3.52 29 34 3.02 1
4
APP_0_Inner_Layer_2:1 0.6 0.6 2.25 2.17 37 48 1.37 1
4
APP_0_Inner_Layer_3:0 0.2 0.2 0.75 2.95 11 10 3.44 1
5 6
APP_0_Output_Layer_0 0.5333333333333333 0.5333333333333333 2.0 1.25 41 12 2.42 1
7
11
0.2885447223744219
APP_1_Input_Layer_0 0.4 0.4 1.5 1.57 3 30 1.02 1

APP_1_Inner_Layer_0:0 0.6 0.6 2.25 2.78 46 23 3.58 1
0
APP_1_Inner_Layer_0:1 0.5333333333333333 0.5333333333333333 2.0 2.99 31 35 2.83 1
0
APP_1_Inner_Layer_0:2 0.06666666666666667 0.06666666666666667 0.25 1.42 25 48 2.45 1
0
APP_1_Inner_Layer_1:0 0.4666666666666667 0.4666666666666667 1.75 1.1 32 16 1.44 1
3
APP_1_Inner_Layer_1:1 0.3333333333333333 0.3333333333333333 1.25 1.53 33 46 3.27 1
2
APP_1_Inner_Layer_1:2 0.2 0.2 0.75 2.77 42 36 3.07 1
2 3
APP_1_Inner_Layer_1:3 0.5333333333333333 0.5333333333333333 2.0 1.08 9 21 1.05 1
1 2 3
APP_1_Inner_Layer_2:0 0.26666666666666666 0.26666666666666666 1.0 1.48 40 36 3.42 1
5 6
APP_1_Inner_Layer_2:1 0.26666666666666666 0.26666666666666666 1.0 1.82 6 31 2.24 1
4 7
APP_1_Output_Layer_0 0.5333333333333333 0.5333333333333333 2.0 3.82 17 24 3.25 1
8 9
8
0.8321826010378657
APP_2_Input_Layer_0 0.3333333333333333 0.3333333333333333 1.25 3.36 12 26 3.26 1

APP_2_Inner_Layer_0:0 0.4666666666666667 0.4666666666666667 1.75 1.29 6 41 2.89 1
0
APP_2_Inner_Layer_1:0 0.2 0.2 0.75 2.42 33 21 2.62 1
1
APP_2_Inner_Layer_2:0 0.4 0.4 1.5 3.59 5 44 3.8 1
2
APP_2_Inner_Layer_2:1 0.3333333333333333 0.3333333333333333 1.25 3.58 3 4 3.48 1
2
APP_2_Inner_Layer_3:0 0.4666666666666667 0.4666666666666667 1.75 2.89 17 6 1.47 1
4
APP_2_Inner_Layer_3:1 0.4666666666666667 0.4666666666666667 1.75 2.0 47 2 1.6 1
3 4
APP_2_Output_Layer_0 0.4 0.4 1.5 2.75 2 17 3.7 1
5 6
6
1.0688269473463294
APP_3_Input_Layer_0 0.4 0.4 1.5 3.49 44 31 3.73 1

APP_3_Inner_Layer_0:0 0.4666666666666667 0.4666666666666667 1.75 2.17 18 6 2.81 1
0
APP_3_Inner_Layer_0:1 0.13333333333333333 0.13333333333333333 0.5 2.26 6 2 3.15 1
0
APP_3_Inner_Layer_0:2 0.26666666666666666 0.26666666666666666 1.0 3.04 22 46 2.32 1
0
APP_3_Inner_Layer_0:3 0.06666666666666667 0.06666666666666667 0.25 3.54 9 3 1.42 1
0
APP_3_Output_Layer_0 0.13333333333333333 0.13333333333333333 0.5 1.59 30 43 2.36 1
1 2 3 4
13
1.4004001232870609
APP_4_Input_Layer_0 0.4666666666666667 0.4666666666666667 1.75 2.07 37 2 3.16 1

APP_4_Inner_Layer_0:0 0.3333333333333333 0.3333333333333333 1.25 3.4 12 18 2.27 1
0
APP_4_Inner_Layer_0:1 0.6 0.6 2.25 2.96 13 20 3.14 1
0
APP_4_Inner_Layer_0:2 0.5333333333333333 0.5333333333333333 2.0 2.18 18 30 1.74 1
0
APP_4_Inner_Layer_0:3 0.06666666666666667 0.06666666666666667 0.25 3.52 33 39 3.94 1
0
APP_4_Inner_Layer_1:0 0.26666666666666666 0.26666666666666666 1.0 1.77 22 45 1.11 1
1 2 3 4
APP_4_Inner_Layer_2:0 0.2 0.2 0.75 1.97 18 20 3.13 1
5
APP_4_Inner_Layer_2:1 0.4666666666666667 0.4666666666666667 1.75 3.84 49 45 3.56 1
5
APP_4_Inner_Layer_3:0 0.4666666666666667 0.4666666666666667 1.75 3.87 47 20 3.68 1
7
APP_4_Inner_Layer_3:1 0.13333333333333333 0.13333333333333333 0.5 2.61 43 14 1.18 1
6 7
APP_4_Inner_Layer_3:2 0.3333333333333333 0.3333333333333333 1.25 2.54 10 46 3.47 1
6
APP_4_Inner_Layer_3:3 0.13333333333333333 0.13333333333333333 0.5 3.84 41 21 3.98 1
6 7
APP_4_Output_Layer_0 0.4 0.4 1.5 1.65 31 44 2.12 1
8 9 10 11
10
1.8557244010293998
APP_5_Input_Layer_0 0.5333333333333333 0.5333333333333333 2.0 2.15 14 18 2.84 1

APP_5_Inner_Layer_0:0 0.6 0.6 2.25 3.57 38 43 2.3 1
0
APP_5_Inner_Layer_0:1 0.3333333333333333 0.3333333333333333 1.25 1.35 17 6 3.68 1
0
APP_5_Inner_Layer_1:0 0.4 0.4 1.5 1.42 49 20 3.37 1
2
APP_5_Inner_Layer_1:1 0.06666666666666667 0.06666666666666667 0.25 1.95 14 22 3.84 1
1
APP_5_Inner_Layer_2:0 0.4 0.4 1.5 2.46 29 37 2.82 1
3
APP_5_Inner_Layer_2:1 0.5333333333333333 0.5333333333333333 2.0 3.29 6 9 2.51 1
3 4
APP_5_Inner_Layer_2:2 0.4 0.4 1.5 1.46 42 40 2.31 1
3
APP_5_Inner_Layer_2:3 0.2 0.2 0.75 2.13 35 40 2.42 1
4
APP_5_Output_Layer_0 0.2 0.2 0.75 2.61 25 5 1.79 1
5 6 7 8
9
2.283281222624
APP_6_Input_Layer_0 0.2 0.2 0.75 1.56 46 7 2.86 1

APP_6_Inner_Layer_0:0 0.06666666666666667 0.06666666666666667 0.25 2.13 29 31 2.56 1
0
APP_6_Inner_Layer_0:1 0.6 0.6 2.25 2.04 15 45 1.31 1
0
APP_6_Inner_Layer_0:2 0.2 0.2 0.75 3.13 27 2 3.9 1
0
APP_6_Inner_Layer_1:0 0.26666666666666666 0.26666666666666666 1.0 1.28 36 12 3.42 1
1 2
APP_6_Inner_Layer_1:1 0.3333333333333333 0.3333333333333333 1.25 3.72 25 25 2.63 1
3
APP_6_Inner_Layer_1:2 0.13333333333333333 0.13333333333333333 0.5 1.2 2 14 3.77 1
1
APP_6_Inner_Layer_2:0 0.3333333333333333 0.3333333333333333 1.25 1.62 22 37 1.04 1
4 5 6
APP_6_Output_Layer_0 0.4666666666666667 0.4666666666666667 1.75 2.42 21 11 3.51 1
7
6
2.7197082546886344
APP_7_Input_Layer_0 0.13333333333333333 0.13333333333333333 0.5 1.32 27 14 1.45 1

APP_7_Inner_Layer_0:0 0.4666666666666667 0.4666666666666667 1.75 1.21 44 20 3.34 1
0
APP_7_Inner_Layer_0:1 0.4666666666666667 0.4666666666666667 1.75 2.37 35 25 2.43 1
0
APP_7_Inner_Layer_0:2 0.2 0.2 0.75 3.67 7 16 1.4 1
0
APP_7_Inner_Layer_0:3 0.6 0.6 2.25 1.25 45 14 2.29 1
0
APP_7_Output_Layer_0 0.13333333333333333 0.13333333333333333 0.5 1.32 42 21 3.86 1
1 2 3 4
4
3.234762064495269
APP_8_Input_Layer_0 0.26666666666666666 0.26666666666666666 1.0 3.85 17 27 3.82 1

APP_8_Inner_Layer_0:0 0.4 0.4 1.5 2.42 47 5 2.17 1
0
APP_8_Inner_Layer_1:0 0.2 0.2 0.75 2.51 41 16 3.85 1
1
APP_8_Output_Layer_0 0.26666666666666666 0.26666666666666666 1.0 2.65 4 41 1.92 1
2
13
3.4995729896366523
APP_9_Input_Layer_0 0.2 0.2 0.75 1.68 17 1 1.03 0

APP_9_Inner_Layer_0:0 0.6 0.6 2.25 1.15 22 4 2.38 1
0
APP_9_Inner_Layer_0:1 0.5333333333333333 0.5333333333333333 2.0 2.02 49 16 3.54 1
0
APP_9_Inner_Layer_0:2 0.6 0.6 2.25 2.18 1 28 1.5 1
0
APP_9_Inner_Layer_1:0 0.4 0.4 1.5 2.36 38 41 3.82 1
1 2 3
APP_9_Inner_Layer_1:1 0.06666666666666667 0.06666666666666667 0.25 1.85 33 2 2.28 1
2
APP_9_Inner_Layer_1:2 0.26666666666666666 0.26666666666666666 1.0 2.63 19 27 3.85 1
1 3
APP_9_Inner_Layer_1:3 0.2 0.2 0.75 3.81 1 23 2.02 1
1 2 3
APP_9_Inner_Layer_2:0 0.4 0.4 1.5 1.2 2 33 2.84 1
4 5 6 7
APP_9_Inner_Layer_2:1 0.6 0.6 2.25 2.26 5 36 1.56 1
4 5
APP_9_Inner_Layer_3:0 0.2 0.2 0.75 1.48 17 17 2.95 1
8
APP_9_Inner_Layer_3:1 0.06666666666666667 0.06666666666666667 0.25 3.18 18 18 1.17 1
9
APP_9_Output_Layer_0 0.4666666666666667 0.4666666666666667 1.75 3.48 25 36 3.08 1
10 11
4
3.7727249848187854
APP_10_Input_Layer_0 0.4 0.4 1.5 2.34 28 17 2.0 1

APP_10_Inner_Layer_0:0 0.3333333333333333 0.3333333333333333 1.25 3.08 19 6 3.35 1
0
APP_10_Inner_Layer_1:0 0.4 0.4 1.5 3.2 31 34 2.97 1
1
APP_10_Output_Layer_0 0.3333333333333333 0.3333333333333333 1.25 1.54 9 37 3.62 1
2
7
3.9773243785403265
APP_11_Input_Layer_0 0.26666666666666666 0.26666666666666666 1.0 2.06 37 21 3.02 1

APP_11_Inner_Layer_0:0 0.3333333333333333 0.3333333333333333 1.25 1.83 26 20 2.24 1
0
APP_11_Inner_Layer_1:0 0.4666666666666667 0.4666666666666667 1.75 1.52 10 22 3.35 1
1
APP_11_Inner_Layer_1:1 0.4666666666666667 0.4666666666666667 1.75 2.5 32 29 1.46 1
1
APP_11_Inner_Layer_2:0 0.26666666666666666 0.26666666666666666 1.0 2.14 44 38 2.46 1
3
APP_11_Inner_Layer_2:1 0.4 0.4 1.5 1.49 48 40 2.67 1
2 3
APP_11_Output_Layer_0 0.6 0.6 2.25 2.55 16 33 2.82 1
4 5
9
4.2767252776881906
APP_12_Input_Layer_0 0.06666666666666667 0.06666666666666667 0.25 1.06 37 30 1.85 1

APP_12_Inner_Layer_0:0 0.3333333333333333 0.3333333333333333 1.25 3.14 8 30 2.93 1
0
APP_12_Inner_Layer_0:1 0.5333333333333333 0.5333333333333333 2.0 3.01 15 18 3.14 1
0
APP_12_Inner_Layer_0:2 0.06666666666666667 0.06666666666666667 0.25 3.5 40 34 3.95 1
0
APP_12_Inner_Layer_1:0 0.5333333333333333 0.5333333333333333 2.0 2.98 6 22 1.25 1
2 3
APP_12_Inner_Layer_1:1 0.4 0.4 1.5 3.23 31 32 2.55 1
1 3
APP_12_Inner_Layer_1:2 0.5333333333333333 0.5333333333333333 2.0 3.51 31 18 1.49 1
1 2
APP_12_Inner_Layer_1:3 0.2 0.2 0.75 1.38 3 40 1.32 1
3 1
APP_12_Output_Layer_0 0.13333333333333333 0.13333333333333333 0.5 2.87 19 29 1.43 1
4 5 6 7
7
4.579495329915118
APP_13_Input_Layer_0 0.5333333333333333 0.5333333333333333 2.0 1.59 37 24 1.42 1

APP_13_Inner_Layer_0:0 0.6 0.6 2.25 1.24 10 19 2.12 1
0
APP_13_Inner_Layer_0:1 0.4 0.4 1.5 1.81 13 8 3.28 1
0
APP_13_Inner_Layer_0:2 0.3333333333333333 0.3333333333333333 1.25 2.61 4 24 1.86 1
0
APP_13_Inner_Layer_0:3 0.13333333333333333 0.13333333333333333 0.5 1.82 18 32 2.67 1
0
APP_13_Inner_Layer_1:0 0.5333333333333333 0.5333333333333333 2.0 1.35 11 21 2.49 1
1 2 3 4
APP_13_Output_Layer_0 0.4 0.4 1.5 1.55 44 36 3.05 1
5
9
5.09545201014848
APP_14_Input_Layer_0 0.6 0.6 2.25 3.85 10 46 1.74 1

APP_14_Inner_Layer_0:0 0.4 0.4 1.5 1.42 30 34 3.11 1
0
APP_14_Inner_Layer_0:1 0.3333333333333333 0.3333333333333333 1.25 3.35 46 33 3.47 1
0
APP_14_Inner_Layer_0:2 0.2 0.2 0.75 1.81 49 11 1.68 1
0
APP_14_Inner_Layer_1:0 0.5333333333333333 0.5333333333333333 2.0 1.23 5 2 1.88 1
2
APP_14_Inner_Layer_1:1 0.3333333333333333 0.3333333333333333 1.25 3.1 2 12 1.04 1
2
APP_14_Inner_Layer_1:2 0.13333333333333333 0.13333333333333333 0.5 1.55 15 45 2.13 1
1 3
APP_14_Inner_Layer_1:3 0.2 0.2 0.75 1.9 5 34 1.85 1
1
APP_14_Output_Layer_0 0.3333333333333333 0.3333333333333333 1.25 1.54 22 34 3.27 1
4 5 6 7
7
5.355055842748972
APP_15_Input_Layer_0 0.3333333333333333 0.3333333333333333 1.25 1.07 17 14 3.17 1

APP_15_Inner_Layer_0:0 0.6 0.6 2.25 2.97 48 13 3.75 1
0
APP_15_Inner_Layer_0:1 0.26666666666666666 0.26666666666666666 1.0 2.6 17 15 3.39 1
0
APP_15_Inner_Layer_1:0 0.2 0.2 0.75 3.1 5 4 1.75 1
1
APP_15_Inner_Layer_1:1 0.26666666666666666 0.26666666666666666 1.0 1.31 28 46 3.15 1
1 2
APP_15_Inner_Layer_2:0 0.26666666666666666 0.26666666666666666 1.0 1.52 32 25 1.49 1
3 4
APP_15_Output_Layer_0 0.4666666666666667 0.4666666666666667 1.75 2.72 45 9 3.55 0
5
11
5.645716957098273
APP_16_Input_Layer_0 0.26666666666666666 0.26666666666666666 1.0 2.43 29 4 3.53 1

APP_16_Inner_Layer_0:0 0.5333333333333333 0.5333333333333333 2.0 2.75 14 36 3.26 1
0
APP_16_Inner_Layer_0:1 0.4666666666666667 0.4666666666666667 1.75 2.08 22 16 1.57 1
0
APP_16_Inner_Layer_1:0 0.4 0.4 1.5 3.5 1 31 3.25 1
2
APP_16_Inner_Layer_1:1 0.13333333333333333 0.13333333333333333 0.5 1.69 13 36 3.25 1
1 2
APP_16_Inner_Layer_1:2 0.6 0.6 2.25 2.23 48 25 3.44 1
2
APP_16_Inner_Layer_1:3 0.4 0.4 1.5 2.53 9 2 2.39 1
2
APP_16_Inner_Layer_2:0 0.26666666666666666 0.26666666666666666 1.0 3.46 22 16 3.75 1
4 6
APP_16_Inner_Layer_2:1 0.4 0.4 1.5 2.04 6 34 1.75 1
3 4 5
APP_16_Inner_Layer_2:2 0.3333333333333333 0.3333333333333333 1.25 1.77 8 14 2.54 1
3 6
APP_16_Output_Layer_0 0.06666666666666667 0.06666666666666667 0.25 1.67 37 5 2.21 0
7 8 9
11
6.123220673845278
APP_17_Input_Layer_0 0.26666666666666666 0.26666666666666666 1.0 3.44 22 17 1.22 1

APP_17_Inner_Layer_0:0 0.6 0.6 2.25 3.08 23 12 3.31 1
0
APP_17_Inner_Layer_0:1 0.2 0.2 0.75 3.97 27 47 3.47 1
0
APP_17_Inner_Layer_1:0 0.06666666666666667 0.06666666666666667 0.25 3.87 37 20 1.73 1
2
APP_17_Inner_Layer_1:1 0.6 0.6 2.25 3.05 1 34 3.21 1
1 2
APP_17_Inner_Layer_1:2 0.06666666666666667 0.06666666666666667 0.25 3.32 10 26 3.73 1
2
APP_17_Inner_Layer_1:3 0.6 0.6 2.25 1.13 30 44 3.79 1
1
APP_17_Inner_Layer_2:0 0.6 0.6 2.25 1.68 31 34 2.72 1
3 4 5 6
APP_17_Inner_Layer_2:1 0.5333333333333333 0.5333333333333333 2.0 2.49 8 5 3.68 1
5
APP_17_Inner_Layer_2:2 0.06666666666666667 0.06666666666666667 0.25 1.06 23 36 1.41 1
3
APP_17_Output_Layer_0 0.5333333333333333 0.5333333333333333 2.0 2.8 19 46 3.73 1
7 8 9
