10
18
16
0
APP_0_Input_Layer_0 0.4666666666666667 0.4666666666666667 1.75 3.01 49 49 2.56 1

APP_0_Inner_Layer_0:0 0.4666666666666667 0.4666666666666667 1.75 1.61 8 23 2.6 1
0
APP_0_Inner_Layer_0:1 0.3333333333333333 0.3333333333333333 1.25 2.42 36 44 3.76 1
0
APP_0_Inner_Layer_0:2 0.06666666666666667 0.06666666666666667 0.25 3.86 41 21 2.51 1
0
APP_0_Inner_Layer_0:3 0.2 0.2 0.75 3.62 37 14 2.54 1
0
APP_0_Inner_Layer_1:0 0.5333333333333333 0.5333333333333333 2.0 2.04 17 24 1.62 1
2 4
APP_0_Inner_Layer_1:1 0.26666666666666666 0.26666666666666666 1.0 1.05 47 29 1.46 1
1
APP_0_Inner_Layer_1:2 0.4 0.4 1.5 2.05 1 7 3.3 1
1 2 3
APP_0_Inner_Layer_2:0 0.13333333333333333 0.13333333333333333 0.5 2.08 28 26 2.15 1
6
APP_0_Inner_Layer_2:1 0.2 0.2 0.75 2.29 10 29 3.84 1
6
APP_0_Inner_Layer_2:2 0.26666666666666666 0.26666666666666666 1.0 1.53 11 31 3.1 1
7
APP_0_Inner_Layer_2:3 0.06666666666666667 0.06666666666666667 0.25 3.04 27 34 2.2 1
5 7
APP_0_Inner_Layer_3:0 0.06666666666666667 0.06666666666666667 0.25 1.04 32 10 3.35 1
9 11
APP_0_Inner_Layer_3:1 0.3333333333333333 0.3333333333333333 1.25 1.81 18 31 1.02 1
8 9 10
APP_0_Inner_Layer_3:2 0.06666666666666667 0.06666666666666667 0.25 2.88 6 14 1.89 1
8
APP_0_Output_Layer_0 0.4 0.4 1.5 3.38 36 25 1.86 1
12 13 14
12
0.5006114270175788
APP_1_Input_Layer_0 0.2 0.2 0.75 2.77 27 47 2.79 1

APP_1_Inner_Layer_0:0 0.2 0.2 0.75 3.34 37 12 3.87 1
0
APP_1_Inner_Layer_0:1 0.5333333333333333 0.5333333333333333 2.0 1.41 14 33 1.04 1
0
APP_1_Inner_Layer_0:2 0.2 0.2 0.75 2.25 32 43 1.96 1
0
APP_1_Inner_Layer_1:0 0.26666666666666666 0.26666666666666666 1.0 1.64 35 10 2.58 1
3 2
APP_1_Inner_Layer_1:1 0.13333333333333333 0.13333333333333333 0.5 1.88 41 27 3.71 1
1 3
APP_1_Inner_Layer_1:2 0.3333333333333333 0.3333333333333333 1.25 2.02 40 41 3.09 1
1 3
APP_1_Inner_Layer_1:3 0.26666666666666666 0.26666666666666666 1.0 3.43 15 19 2.67 1
1 2 3
APP_1_Inner_Layer_2:0 0.3333333333333333 0.3333333333333333 1.25 2.31 25 25 1.86 1
4 5
APP_1_Inner_Layer_2:1 0.6 0.6 2.25 3.77 46 19 1.41 1
6 7
APP_1_Inner_Layer_3:0 0.2 0.2 0.75 3.3 38 25 3.05 1
8 9
APP_1_Output_Layer_0 0.06666666666666667 0.06666666666666667 0.25 1.59 45 38 3.41 1
10
10
0.8792838149401689
APP_2_Input_Layer_0 0.3333333333333333 0.3333333333333333 1.25 3.3 40 21 2.04 1

APP_2_Inner_Layer_0:0 0.6 0.6 2.25 3.93 31 5 1.97 1
0
APP_2_Inner_Layer_0:1 0.5333333333333333 0.5333333333333333 2.0 1.03 14 15 2.02 1
0
APP_2_Inner_Layer_0:2 0.4666666666666667 0.4666666666666667 1.75 3.37 37 48 2.47 1
0
APP_2_Inner_Layer_1:0 0.4666666666666667 0.4666666666666667 1.75 1.13 6 28 3.82 1
1 2 3
APP_2_Inner_Layer_2:0 0.06666666666666667 0.06666666666666667 0.25 1.58 18 20 2.53 1
4
APP_2_Inner_Layer_2:1 0.06666666666666667 0.06666666666666667 0.25 1.83 39 34 2.35 1
4
APP_2_Inner_Layer_2:2 0.5333333333333333 0.5333333333333333 2.0 3.1 40 36 2.3 1
4
APP_2_Inner_Layer_2:3 0.4666666666666667 0.4666666666666667 1.75 3.02 13 32 2.55 1
4
APP_2_Output_Layer_0 0.2 0.2 0.75 3.84 26 18 3.57 1
5 6 7 8
6
1.160539733024321
APP_3_Input_Layer_0 0.2 0.2 0.75 2.47 6 23 1.76 0

APP_3_Inner_Layer_0:0 0.6 0.6 2.25 2.25 15 13 3.61 1
0
APP_3_Inner_Layer_0:1 0.4666666666666667 0.4666666666666667 1.75 2.62 24 46 1.48 1
0
APP_3_Inner_Layer_0:2 0.5333333333333333 0.5333333333333333 2.0 3.94 11 18 3.32 1
0
APP_3_Inner_Layer_0:3 0.4 0.4 1.5 3.46 42 25 2.14 1
0
APP_3_Output_Layer_0 0.6 0.6 2.25 1.79 14 40 1.24 0
1 2 3 4
13
1.424291661229587
APP_4_Input_Layer_0 0.4666666666666667 0.4666666666666667 1.75 1.04 45 36 2.33 1

APP_4_Inner_Layer_0:0 0.13333333333333333 0.13333333333333333 0.5 1.31 25 18 3.3 1
0
APP_4_Inner_Layer_1:0 0.06666666666666667 0.06666666666666667 0.25 2.36 4 22 2.0 1
1
APP_4_Inner_Layer_1:1 0.26666666666666666 0.26666666666666666 1.0 1.65 27 7 1.73 1
1
APP_4_Inner_Layer_1:2 0.06666666666666667 0.06666666666666667 0.25 3.82 45 48 1.5 1
1
APP_4_Inner_Layer_1:3 0.5333333333333333 0.5333333333333333 2.0 1.13 31 40 1.51 1
1
APP_4_Inner_Layer_2:0 0.4666666666666667 0.4666666666666667 1.75 2.05 9 19 2.89 1
3 5
APP_4_Inner_Layer_2:1 0.26666666666666666 0.26666666666666666 1.0 3.16 30 39 3.78 1
2
APP_4_Inner_Layer_2:2 0.6 0.6 2.25 2.79 17 15 1.76 1
2 3 4
APP_4_Inner_Layer_3:0 0.4666666666666667 0.4666666666666667 1.75 2.48 17 37 1.19 1
6 8
APP_4_Inner_Layer_3:1 0.13333333333333333 0.13333333333333333 0.5 1.75 32 33 3.41 1
6 7 8
APP_4_Inner_Layer_3:2 0.4 0.4 1.5 3.63 22 6 2.67 1
6
APP_4_Output_Layer_0 0.3333333333333333 0.3333333333333333 1.25 2.59 31 24 1.58 1
9 10 11
12
1.8947152486917118
APP_5_Input_Layer_0 0.26666666666666666 0.26666666666666666 1.0 2.22 10 21 3.95 1

APP_5_Inner_Layer_0:0 0.26666666666666666 0.26666666666666666 1.0 3.1 38 6 2.99 1
0
APP_5_Inner_Layer_0:1 0.13333333333333333 0.13333333333333333 0.5 2.44 34 19 3.38 1
0
APP_5_Inner_Layer_0:2 0.4 0.4 1.5 3.45 1 34 1.87 1
0
APP_5_Inner_Layer_1:0 0.26666666666666666 0.26666666666666666 1.0 1.26 26 8 3.24 1
1 2 3
APP_5_Inner_Layer_2:0 0.4 0.4 1.5 2.44 41 29 1.28 1
4
APP_5_Inner_Layer_2:1 0.13333333333333333 0.13333333333333333 0.5 3.96 3 48 2.6 1
4
APP_5_Inner_Layer_3:0 0.06666666666666667 0.06666666666666667 0.25 2.13 12 22 2.74 1
5
APP_5_Inner_Layer_3:1 0.13333333333333333 0.13333333333333333 0.5 1.8 44 43 3.36 1
5
APP_5_Inner_Layer_3:2 0.4666666666666667 0.4666666666666667 1.75 2.37 18 26 1.26 1
6
APP_5_Inner_Layer_3:3 0.26666666666666666 0.26666666666666666 1.0 3.97 30 25 3.46 1
5
APP_5_Output_Layer_0 0.6 0.6 2.25 2.97 28 29 1.4 1
7 8 9 10
11
2.233228338787109
APP_6_Input_Layer_0 0.4666666666666667 0.4666666666666667 1.75 1.74 45 39 3.5 1

APP_6_Inner_Layer_0:0 0.26666666666666666 0.26666666666666666 1.0 2.43 14 5 3.09 1
0
APP_6_Inner_Layer_0:1 0.26666666666666666 0.26666666666666666 1.0 1.77 29 24 3.33 1
0
APP_6_Inner_Layer_1:0 0.06666666666666667 0.06666666666666667 0.25 2.29 16 38 1.89 1
1 2
APP_6_Inner_Layer_1:1 0.06666666666666667 0.06666666666666667 0.25 1.18 26 21 2.34 1
1
APP_6_Inner_Layer_1:2 0.5333333333333333 0.5333333333333333 2.0 3.13 30 13 3.04 1
1
APP_6_Inner_Layer_1:3 0.6 0.6 2.25 1.21 41 7 1.37 1
2
APP_6_Inner_Layer_2:0 0.13333333333333333 0.13333333333333333 0.5 3.18 40 7 2.72 1
3 4 6
APP_6_Inner_Layer_2:1 0.5333333333333333 0.5333333333333333 2.0 1.59 14 10 2.67 1
3 5
APP_6_Inner_Layer_2:2 0.3333333333333333 0.3333333333333333 1.25 2.09 48 49 1.79 1
6 3
APP_6_Output_Layer_0 0.3333333333333333 0.3333333333333333 1.25 2.16 45 22 1.0 1
7 8 9
6
2.695444712098116
APP_7_Input_Layer_0 0.2 0.2 0.75 2.49 45 46 1.85 1

APP_7_Inner_Layer_0:0 0.4 0.4 1.5 3.68 31 24 2.94 1
0
APP_7_Inner_Layer_0:1 0.5333333333333333 0.5333333333333333 2.0 3.71 43 28 1.66 1
0
APP_7_Inner_Layer_0:2 0.13333333333333333 0.13333333333333333 0.5 1.05 28 39 1.85 1
0
APP_7_Inner_Layer_0:3 0.6 0.6 2.25 2.99 34 14 3.61 1
0
APP_7_Output_Layer_0 0.4666666666666667 0.4666666666666667 1.75 1.56 39 2 2.86 1
1 2 3 4
4
3.0938810472119616
APP_8_Input_Layer_0 0.06666666666666667 0.06666666666666667 0.25 3.17 19 23 3.46 1

APP_8_Inner_Layer_0:0 0.2 0.2 0.75 1.31 17 3 2.37 1
0
APP_8_Inner_Layer_1:0 0.13333333333333333 0.13333333333333333 0.5 2.25 36 1 3.56 1
1
APP_8_Output_Layer_0 0.3333333333333333 0.3333333333333333 1.25 1.66 37 29 3.36 1
2
6
3.4492992477561573
APP_9_Input_Layer_0 0.5333333333333333 0.5333333333333333 2.0 1.3 35 39 3.17 1

APP_9_Inner_Layer_0:0 0.4 0.4 1.5 2.73 27 4 1.09 1
0
APP_9_Inner_Layer_0:1 0.4 0.4 1.5 3.79 34 9 3.68 1
0
APP_9_Inner_Layer_0:2 0.26666666666666666 0.26666666666666666 1.0 1.48 42 35 1.87 1
0
APP_9_Inner_Layer_0:3 0.06666666666666667 0.06666666666666667 0.25 2.92 42 20 2.55 1
0
APP_9_Output_Layer_0 0.2 0.2 0.75 4.0 9 33 3.11 1
1 2 3 4
11
3.9366576267300433
APP_10_Input_Layer_0 0.2 0.2 0.75 2.45 49 27 3.11 1

APP_10_Inner_Layer_0:0 0.13333333333333333 0.13333333333333333 0.5 1.95 23 6 2.33 1
0
APP_10_Inner_Layer_0:1 0.26666666666666666 0.26666666666666666 1.0 3.98 43 43 3.64 1
0
APP_10_Inner_Layer_0:2 0.5333333333333333 0.5333333333333333 2.0 2.27 31 45 1.26 1
0
APP_10_Inner_Layer_1:0 0.6 0.6 2.25 3.07 36 27 1.7 1
1 3
APP_10_Inner_Layer_1:1 0.13333333333333333 0.13333333333333333 0.5 3.09 43 6 3.88 1
2
APP_10_Inner_Layer_2:0 0.06666666666666667 0.06666666666666667 0.25 3.9 42 13 1.38 1
5
APP_10_Inner_Layer_2:1 0.5333333333333333 0.5333333333333333 2.0 2.65 15 36 3.68 1
5
APP_10_Inner_Layer_2:2 0.5333333333333333 0.5333333333333333 2.0 2.72 16 36 2.57 1
5
APP_10_Inner_Layer_2:3 0.06666666666666667 0.06666666666666667 0.25 2.83 21 16 2.49 1
4
APP_10_Output_Layer_0 0.06666666666666667 0.06666666666666667 0.25 1.05 38 13 2.29 1
6 7 8 9
7
4.413326137278624
APP_11_Input_Layer_0 0.4 0.4 1.5 1.77 24 38 3.61 0

APP_11_Inner_Layer_0:0 0.06666666666666667 0.06666666666666667 0.25 3.97 28 46 3.78 1
0
APP_11_Inner_Layer_1:0 0.4 0.4 1.5 3.71 18 49 3.51 1
1
APP_11_Inner_Layer_1:1 0.06666666666666667 0.06666666666666667 0.25 1.83 35 5 2.11 1
1
APP_11_Inner_Layer_1:2 0.06666666666666667 0.06666666666666667 0.25 1.93 30 36 1.96 1
1
APP_11_Inner_Layer_2:0 0.4666666666666667 0.4666666666666667 1.75 1.57 22 29 1.7 1
2 3 4
APP_11_Output_Layer_0 0.06666666666666667 0.06666666666666667 0.25 1.73 17 16 2.1 1
5
7
4.690476313599188
APP_12_Input_Layer_0 0.13333333333333333 0.13333333333333333 0.5 1.25 30 15 2.11 1

APP_12_Inner_Layer_0:0 0.26666666666666666 0.26666666666666666 1.0 3.33 44 4 3.01 1
0
APP_12_Inner_Layer_0:1 0.4 0.4 1.5 3.63 27 29 3.91 1
0
APP_12_Inner_Layer_0:2 0.2 0.2 0.75 2.53 5 7 2.09 1
0
APP_12_Inner_Layer_0:3 0.4666666666666667 0.4666666666666667 1.75 3.39 13 11 1.73 1
0
APP_12_Inner_Layer_1:0 0.3333333333333333 0.3333333333333333 1.25 1.82 3 31 2.17 1
1 2 3 4
APP_12_Output_Layer_0 0.6 0.6 2.25 3.46 7 40 1.98 1
5
13
5.069274807038586
APP_13_Input_Layer_0 0.4 0.4 1.5 3.49 9 20 1.03 1

APP_13_Inner_Layer_0:0 0.26666666666666666 0.26666666666666666 1.0 1.02 49 12 1.17 1
0
APP_13_Inner_Layer_0:1 0.13333333333333333 0.13333333333333333 0.5 2.82 22 28 3.92 1
0
APP_13_Inner_Layer_0:2 0.5333333333333333 0.5333333333333333 2.0 3.15 49 46 2.91 1
0
APP_13_Inner_Layer_0:3 0.06666666666666667 0.06666666666666667 0.25 3.83 5 36 1.44 1
0
APP_13_Inner_Layer_1:0 0.26666666666666666 0.26666666666666666 1.0 2.58 39 28 1.7 1
2
APP_13_Inner_Layer_1:1 0.2 0.2 0.75 1.16 9 2 2.28 1
1 3 4
APP_13_Inner_Layer_2:0 0.26666666666666666 0.26666666666666666 1.0 3.48 36 34 3.4 1
5
APP_13_Inner_Layer_2:1 0.6 0.6 2.25 3.71 24 49 3.07 1
5 6
APP_13_Inner_Layer_3:0 0.2 0.2 0.75 1.86 12 38 1.89 1
7
APP_13_Inner_Layer_3:1 0.6 0.6 2.25 1.2 28 23 3.04 1
7 8
APP_13_Inner_Layer_3:2 0.5333333333333333 0.5333333333333333 2.0 3.27 18 23 3.96 1
7
APP_13_Output_Layer_0 0.13333333333333333 0.13333333333333333 0.5 3.47 5 30 3.79 1
9 10 11
5
5.510742390590863
APP_14_Input_Layer_0 0.13333333333333333 0.13333333333333333 0.5 2.85 40 38 2.3 1

APP_14_Inner_Layer_0:0 0.2 0.2 0.75 1.82 14 12 1.67 1
0
APP_14_Inner_Layer_0:1 0.5333333333333333 0.5333333333333333 2.0 1.56 35 16 3.93 1
0
APP_14_Inner_Layer_1:0 0.26666666666666666 0.26666666666666666 1.0 2.95 41 49 3.68 1
1 2
APP_14_Output_Layer_0 0.06666666666666667 0.06666666666666667 0.25 1.75 10 29 1.49 1
3
8
5.913772450548048
APP_15_Input_Layer_0 0.06666666666666667 0.06666666666666667 0.25 2.59 30 40 3.76 1

APP_15_Inner_Layer_0:0 0.2 0.2 0.75 3.33 9 19 2.15 1
0
APP_15_Inner_Layer_0:1 0.4666666666666667 0.4666666666666667 1.75 1.26 23 46 1.21 1
0
APP_15_Inner_Layer_0:2 0.3333333333333333 0.3333333333333333 1.25 3.99 46 23 3.84 1
0
APP_15_Inner_Layer_0:3 0.26666666666666666 0.26666666666666666 1.0 1.69 49 44 1.14 1
0
APP_15_Inner_Layer_1:0 0.4666666666666667 0.4666666666666667 1.75 2.48 12 15 2.2 1
1 2 3 4
APP_15_Inner_Layer_1:1 0.6 0.6 2.25 1.21 26 14 2.58 1
2 1
APP_15_Output_Layer_0 0.06666666666666667 0.06666666666666667 0.25 1.46 9 33 1.12 0
5 6
6
6.286213423123567
APP_16_Input_Layer_0 0.06666666666666667 0.06666666666666667 0.25 3.84 14 13 1.05 1

APP_16_Inner_Layer_0:0 0.5333333333333333 0.5333333333333333 2.0 1.3 31 15 2.31 1
0
APP_16_Inner_Layer_0:1 0.2 0.2 0.75 1.23 19 17 3.72 1
0
APP_16_Inner_Layer_0:2 0.2 0.2 0.75 1.25 2 1 3.66 1
0
APP_16_Inner_Layer_0:3 0.2 0.2 0.75 3.91 32 47 1.92 1
0
APP_16_Output_Layer_0 0.06666666666666667 0.06666666666666667 0.25 1.18 22 47 1.95 1
1 2 3 4
6
6.663288635259577
APP_17_Input_Layer_0 0.4 0.4 1.5 3.74 5 14 1.29 1

APP_17_Inner_Layer_0:0 0.13333333333333333 0.13333333333333333 0.5 3.23 42 24 3.58 1
0
APP_17_Inner_Layer_0:1 0.06666666666666667 0.06666666666666667 0.25 2.98 31 48 1.38 1
0
APP_17_Inner_Layer_0:2 0.6 0.6 2.25 2.41 17 28 3.27 1
0
APP_17_Inner_Layer_0:3 0.13333333333333333 0.13333333333333333 0.5 1.92 7 20 1.4 1
0
APP_17_Output_Layer_0 0.5333333333333333 0.5333333333333333 2.0 1.62 31 33 2.74 1
1 2 3 4
