10
18
6
0
APP_0_Input_Layer_0 0.06666666666666667 0.06666666666666667 0.25 1.72 35 15 1.21 1

APP_0_Inner_Layer_0:0 0.4666666666666667 0.4666666666666667 1.75 3.38 44 26 2.57 1
0
APP_0_Inner_Layer_0:1 0.26666666666666666 0.26666666666666666 1.0 3.75 30 37 1.27 1
0
APP_0_Inner_Layer_1:0 0.4 0.4 1.5 3.2 20 23 2.15 1
1
APP_0_Inner_Layer_1:1 0.5333333333333333 0.5333333333333333 2.0 2.42 40 25 3.68 1
2
APP_0_Output_Layer_0 0.13333333333333333 0.13333333333333333 0.5 3.04 24 6 3.0 1
3 4
9
0.5119441338961397
APP_1_Input_Layer_0 0.13333333333333333 0.13333333333333333 0.5 1.56 31 32 1.86 1

APP_1_Inner_Layer_0:0 0.2 0.2 0.75 3.14 47 38 2.85 1
0
APP_1_Inner_Layer_0:1 0.06666666666666667 0.06666666666666667 0.25 3.46 30 47 1.27 1
0
APP_1_Inner_Layer_0:2 0.26666666666666666 0.26666666666666666 1.0 1.3 7 45 1.12 1
0
APP_1_Inner_Layer_0:3 0.06666666666666667 0.06666666666666667 0.25 1.7 21 30 3.44 1
0
APP_1_Inner_Layer_1:0 0.3333333333333333 0.3333333333333333 1.25 3.41 43 1 3.79 1
4
APP_1_Inner_Layer_1:1 0.4 0.4 1.5 2.82 22 42 1.86 1
1 2 3
APP_1_Inner_Layer_2:0 0.4666666666666667 0.4666666666666667 1.75 2.13 25 45 3.87 1
5 6
APP_1_Output_Layer_0 0.13333333333333333 0.13333333333333333 0.5 1.99 11 37 3.72 1
7
6
0.7470220857031606
APP_2_Input_Layer_0 0.06666666666666667 0.06666666666666667 0.25 2.35 3 41 2.63 0

APP_2_Inner_Layer_0:0 0.3333333333333333 0.3333333333333333 1.25 2.95 42 18 3.91 1
0
APP_2_Inner_Layer_0:1 0.2 0.2 0.75 2.41 34 43 1.17 1
0
APP_2_Inner_Layer_1:0 0.3333333333333333 0.3333333333333333 1.25 3.85 6 49 2.23 1
1 2
APP_2_Inner_Layer_2:0 0.4666666666666667 0.4666666666666667 1.75 3.86 28 41 2.71 1
3
APP_2_Output_Layer_0 0.06666666666666667 0.06666666666666667 0.25 1.27 46 10 1.55 1
4
8
1.1989514787641529
APP_3_Input_Layer_0 0.26666666666666666 0.26666666666666666 1.0 1.53 10 39 1.38 1

APP_3_Inner_Layer_0:0 0.13333333333333333 0.13333333333333333 0.5 1.59 18 4 3.34 1
0
APP_3_Inner_Layer_1:0 0.3333333333333333 0.3333333333333333 1.25 1.6 17 6 2.4 1
1
APP_3_Inner_Layer_1:1 0.4 0.4 1.5 2.66 48 26 3.71 1
1
APP_3_Inner_Layer_1:2 0.5333333333333333 0.5333333333333333 2.0 1.95 15 39 1.04 1
1
APP_3_Inner_Layer_1:3 0.4 0.4 1.5 1.65 27 41 2.03 1
1
APP_3_Inner_Layer_2:0 0.2 0.2 0.75 1.55 31 13 3.28 1
2 3 4 5
APP_3_Output_Layer_0 0.5333333333333333 0.5333333333333333 2.0 2.88 4 29 3.27 1
6
9
1.684593508234047
APP_4_Input_Layer_0 0.4666666666666667 0.4666666666666667 1.75 3.77 35 49 1.46 1

APP_4_Inner_Layer_0:0 0.13333333333333333 0.13333333333333333 0.5 3.96 8 17 2.82 1
0
APP_4_Inner_Layer_0:1 0.26666666666666666 0.26666666666666666 1.0 1.52 17 6 2.25 1
0
APP_4_Inner_Layer_0:2 0.26666666666666666 0.26666666666666666 1.0 1.26 27 10 2.93 1
0
APP_4_Inner_Layer_1:0 0.4666666666666667 0.4666666666666667 1.75 1.96 16 22 3.36 1
2
APP_4_Inner_Layer_1:1 0.13333333333333333 0.13333333333333333 0.5 2.58 46 32 3.17 1
3
APP_4_Inner_Layer_1:2 0.3333333333333333 0.3333333333333333 1.25 1.57 8 7 3.25 1
3
APP_4_Inner_Layer_1:3 0.4666666666666667 0.4666666666666667 1.75 2.73 9 9 1.12 1
1 2
APP_4_Output_Layer_0 0.2 0.2 0.75 1.98 38 34 3.53 1
4 5 6 7
9
1.9498897356884852
APP_5_Input_Layer_0 0.13333333333333333 0.13333333333333333 0.5 2.35 14 41 2.25 1

APP_5_Inner_Layer_0:0 0.06666666666666667 0.06666666666666667 0.25 3.61 28 14 1.38 1
0
APP_5_Inner_Layer_0:1 0.4666666666666667 0.4666666666666667 1.75 1.88 33 8 1.42 1
0
APP_5_Inner_Layer_1:0 0.5333333333333333 0.5333333333333333 2.0 3.36 18 21 3.97 1
1
APP_5_Inner_Layer_1:1 0.06666666666666667 0.06666666666666667 0.25 3.04 23 23 3.68 1
2
APP_5_Inner_Layer_2:0 0.06666666666666667 0.06666666666666667 0.25 2.58 18 40 3.37 1
3 4
APP_5_Inner_Layer_2:1 0.2 0.2 0.75 1.33 14 29 3.82 1
4
APP_5_Inner_Layer_2:2 0.4 0.4 1.5 2.12 23 47 1.35 1
4
APP_5_Output_Layer_0 0.5333333333333333 0.5333333333333333 2.0 3.13 27 44 3.81 1
5 6 7
4
2.1620232471663483
APP_6_Input_Layer_0 0.13333333333333333 0.13333333333333333 0.5 3.38 46 19 2.79 1

APP_6_Inner_Layer_0:0 0.13333333333333333 0.13333333333333333 0.5 3.59 10 22 2.61 1
0
APP_6_Inner_Layer_0:1 0.06666666666666667 0.06666666666666667 0.25 1.36 29 9 2.02 1
0
APP_6_Output_Layer_0 0.5333333333333333 0.5333333333333333 2.0 2.24 47 3 1.67 1
1 2
5
2.4731140507434866
APP_7_Input_Layer_0 0.13333333333333333 0.13333333333333333 0.5 3.28 1 46 1.86 1

APP_7_Inner_Layer_0:0 0.6 0.6 2.25 3.24 15 4 3.05 1
0
APP_7_Inner_Layer_0:1 0.26666666666666666 0.26666666666666666 1.0 1.83 37 21 1.83 1
0
APP_7_Inner_Layer_0:2 0.3333333333333333 0.3333333333333333 1.25 2.52 9 36 1.06 1
0
APP_7_Output_Layer_0 0.6 0.6 2.25 2.98 18 18 1.79 1
1 2 3
16
2.734815192620459
APP_8_Input_Layer_0 0.6 0.6 2.25 3.97 18 5 1.04 1

APP_8_Inner_Layer_0:0 0.13333333333333333 0.13333333333333333 0.5 1.35 24 29 1.6 1
0
APP_8_Inner_Layer_0:1 0.3333333333333333 0.3333333333333333 1.25 3.05 34 10 3.87 1
0
APP_8_Inner_Layer_0:2 0.5333333333333333 0.5333333333333333 2.0 2.54 31 18 1.25 1
0
APP_8_Inner_Layer_0:3 0.4 0.4 1.5 2.58 17 1 2.33 1
0
APP_8_Inner_Layer_1:0 0.4 0.4 1.5 3.79 11 26 2.67 1
2 4
APP_8_Inner_Layer_1:1 0.4666666666666667 0.4666666666666667 1.75 1.57 45 8 1.45 1
1
APP_8_Inner_Layer_1:2 0.3333333333333333 0.3333333333333333 1.25 3.25 13 42 1.83 1
1
APP_8_Inner_Layer_1:3 0.26666666666666666 0.26666666666666666 1.0 2.25 23 30 1.63 1
1 2 3
APP_8_Inner_Layer_2:0 0.4666666666666667 0.4666666666666667 1.75 1.51 46 1 3.5 1
5 7 8
APP_8_Inner_Layer_2:1 0.26666666666666666 0.26666666666666666 1.0 3.31 35 3 3.04 1
6
APP_8_Inner_Layer_3:0 0.26666666666666666 0.26666666666666666 1.0 1.4 32 19 2.67 1
9 10
APP_8_Inner_Layer_3:1 0.13333333333333333 0.13333333333333333 0.5 3.26 16 22 2.45 1
9
APP_8_Inner_Layer_3:2 0.6 0.6 2.25 2.32 16 6 2.57 1
10
APP_8_Inner_Layer_3:3 0.3333333333333333 0.3333333333333333 1.25 2.51 3 42 3.64 1
9 10
APP_8_Output_Layer_0 0.6 0.6 2.25 3.65 19 11 2.62 1
11 12 13 14
8
3.02734385270712
APP_9_Input_Layer_0 0.26666666666666666 0.26666666666666666 1.0 2.73 35 29 1.48 1

APP_9_Inner_Layer_0:0 0.2 0.2 0.75 1.71 13 46 1.39 1
0
APP_9_Inner_Layer_0:1 0.3333333333333333 0.3333333333333333 1.25 2.91 41 2 1.31 1
0
APP_9_Inner_Layer_0:2 0.6 0.6 2.25 3.7 36 20 1.62 1
0
APP_9_Inner_Layer_1:0 0.06666666666666667 0.06666666666666667 0.25 2.0 3 49 3.02 1
1 3
APP_9_Inner_Layer_1:1 0.5333333333333333 0.5333333333333333 2.0 2.44 40 46 2.83 1
2
APP_9_Inner_Layer_1:2 0.5333333333333333 0.5333333333333333 2.0 1.25 12 17 2.45 1
2
APP_9_Output_Layer_0 0.06666666666666667 0.06666666666666667 0.25 1.37 42 10 3.84 1
4 5 6
3
3.3080354566173438
APP_10_Input_Layer_0 0.6 0.6 2.25 3.66 27 19 3.69 1

APP_10_Inner_Layer_0:0 0.13333333333333333 0.13333333333333333 0.5 1.1 36 13 2.21 1
0
APP_10_Output_Layer_0 0.4 0.4 1.5 2.14 35 27 2.17 1
1
10
3.5532686859302323
APP_11_Input_Layer_0 0.4666666666666667 0.4666666666666667 1.75 2.32 23 32 2.89 1

APP_11_Inner_Layer_0:0 0.6 0.6 2.25 3.36 45 48 2.93 1
0
APP_11_Inner_Layer_0:1 0.4666666666666667 0.4666666666666667 1.75 3.38 41 8 2.63 1
0
APP_11_Inner_Layer_0:2 0.13333333333333333 0.13333333333333333 0.5 2.16 44 6 2.83 1
0
APP_11_Inner_Layer_1:0 0.4666666666666667 0.4666666666666667 1.75 3.03 17 13 2.94 1
1 2 3
APP_11_Inner_Layer_2:0 0.5333333333333333 0.5333333333333333 2.0 2.38 1 21 3.31 1
4
APP_11_Inner_Layer_2:1 0.4666666666666667 0.4666666666666667 1.75 3.35 45 8 1.63 1
4
APP_11_Inner_Layer_2:2 0.5333333333333333 0.5333333333333333 2.0 2.98 40 43 3.28 1
4
APP_11_Inner_Layer_2:3 0.6 0.6 2.25 3.27 38 11 2.22 1
4
APP_11_Output_Layer_0 0.2 0.2 0.75 2.39 23 30 2.03 1
5 6 7 8
16
3.9186655881389623
APP_12_Input_Layer_0 0.13333333333333333 0.13333333333333333 0.5 2.47 40 30 3.47 1

APP_12_Inner_Layer_0:0 0.6 0.6 2.25 2.58 49 17 1.81 1
0
APP_12_Inner_Layer_0:1 0.4666666666666667 0.4666666666666667 1.75 2.95 49 27 2.92 1
0
APP_12_Inner_Layer_0:2 0.4666666666666667 0.4666666666666667 1.75 2.29 2 13 3.99 1
0
APP_12_Inner_Layer_1:0 0.3333333333333333 0.3333333333333333 1.25 1.54 23 5 3.5 1
1 2 3
APP_12_Inner_Layer_1:1 0.3333333333333333 0.3333333333333333 1.25 2.12 36 27 2.91 1
1
APP_12_Inner_Layer_1:2 0.4666666666666667 0.4666666666666667 1.75 2.18 34 46 1.49 1
3
APP_12_Inner_Layer_2:0 0.26666666666666666 0.26666666666666666 1.0 3.83 5 32 2.11 1
4 6
APP_12_Inner_Layer_2:1 0.4 0.4 1.5 1.92 5 38 1.64 1
4
APP_12_Inner_Layer_2:2 0.2 0.2 0.75 1.7 32 20 1.21 1
5 6
APP_12_Inner_Layer_2:3 0.26666666666666666 0.26666666666666666 1.0 3.72 14 6 3.44 1
6
APP_12_Inner_Layer_3:0 0.26666666666666666 0.26666666666666666 1.0 3.39 11 41 3.4 1
8 10
APP_12_Inner_Layer_3:1 0.26666666666666666 0.26666666666666666 1.0 1.53 18 26 2.09 1
7 9 10
APP_12_Inner_Layer_3:2 0.4666666666666667 0.4666666666666667 1.75 2.82 30 29 1.07 1
7 8 9
APP_12_Inner_Layer_3:3 0.13333333333333333 0.13333333333333333 0.5 1.92 47 39 1.86 1
9 10
APP_12_Output_Layer_0 0.13333333333333333 0.13333333333333333 0.5 1.02 13 8 2.92 0
11 12 13 14
6
4.146011388131498
APP_13_Input_Layer_0 0.4 0.4 1.5 3.95 37 23 3.48 1

APP_13_Inner_Layer_0:0 0.06666666666666667 0.06666666666666667 0.25 2.88 25 40 1.47 1
0
APP_13_Inner_Layer_0:1 0.26666666666666666 0.26666666666666666 1.0 2.07 47 25 1.2 1
0
APP_13_Inner_Layer_0:2 0.5333333333333333 0.5333333333333333 2.0 1.7 38 24 1.46 1
0
APP_13_Inner_Layer_1:0 0.3333333333333333 0.3333333333333333 1.25 2.42 49 12 2.34 1
1 2 3
APP_13_Output_Layer_0 0.4 0.4 1.5 3.6 46 36 1.17 1
4
5
4.478640228438188
APP_14_Input_Layer_0 0.4 0.4 1.5 3.77 38 45 2.2 1

APP_14_Inner_Layer_0:0 0.2 0.2 0.75 2.23 8 49 2.24 1
0
APP_14_Inner_Layer_0:1 0.26666666666666666 0.26666666666666666 1.0 2.27 8 40 2.36 1
0
APP_14_Inner_Layer_0:2 0.6 0.6 2.25 3.9 16 10 1.05 1
0
APP_14_Output_Layer_0 0.06666666666666667 0.06666666666666667 0.25 2.15 2 47 3.42 1
1 2 3
10
4.833260626122459
APP_15_Input_Layer_0 0.4666666666666667 0.4666666666666667 1.75 1.64 21 19 2.1 1

APP_15_Inner_Layer_0:0 0.2 0.2 0.75 2.01 31 11 2.09 1
0
APP_15_Inner_Layer_1:0 0.13333333333333333 0.13333333333333333 0.5 2.95 35 4 2.59 1
1
APP_15_Inner_Layer_1:1 0.13333333333333333 0.13333333333333333 0.5 2.88 15 37 2.89 1
1
APP_15_Inner_Layer_1:2 0.26666666666666666 0.26666666666666666 1.0 1.49 37 16 2.42 1
1
APP_15_Inner_Layer_2:0 0.2 0.2 0.75 1.5 42 20 2.49 1
2 3
APP_15_Inner_Layer_2:1 0.5333333333333333 0.5333333333333333 2.0 3.96 3 4 3.67 1
4
APP_15_Inner_Layer_2:2 0.2 0.2 0.75 1.49 23 27 2.26 1
2 3
APP_15_Inner_Layer_3:0 0.06666666666666667 0.06666666666666667 0.25 1.19 4 6 3.06 1
5 6 7
APP_15_Output_Layer_0 0.2 0.2 0.75 2.18 20 6 3.49 1
8
10
5.221999968850648
APP_16_Input_Layer_0 0.3333333333333333 0.3333333333333333 1.25 2.52 27 2 1.98 1

APP_16_Inner_Layer_0:0 0.26666666666666666 0.26666666666666666 1.0 1.35 33 22 3.16 1
0
APP_16_Inner_Layer_0:1 0.3333333333333333 0.3333333333333333 1.25 3.64 43 1 2.59 1
0
APP_16_Inner_Layer_0:2 0.6 0.6 2.25 3.48 2 21 3.35 1
0
APP_16_Inner_Layer_1:0 0.6 0.6 2.25 1.75 8 16 3.74 1
3
APP_16_Inner_Layer_1:1 0.2 0.2 0.75 3.46 13 3 1.07 1
1 2
APP_16_Inner_Layer_1:2 0.6 0.6 2.25 3.75 11 24 2.31 1
1 3
APP_16_Inner_Layer_1:3 0.06666666666666667 0.06666666666666667 0.25 2.56 27 41 2.71 1
1 2 3
APP_16_Inner_Layer_2:0 0.3333333333333333 0.3333333333333333 1.25 1.56 31 4 2.67 1
4 5 6 7
APP_16_Output_Layer_0 0.4666666666666667 0.4666666666666667 1.75 2.86 18 27 3.9 1
8
9
5.475917389089253
APP_17_Input_Layer_0 0.2 0.2 0.75 3.21 35 15 1.93 1

APP_17_Inner_Layer_0:0 0.4 0.4 1.5 1.85 47 1 3.48 1
0
APP_17_Inner_Layer_0:1 0.4 0.4 1.5 2.33 40 23 2.09 1
0
APP_17_Inner_Layer_0:2 0.06666666666666667 0.06666666666666667 0.25 2.83 30 3 1.94 1
0
APP_17_Inner_Layer_1:0 0.26666666666666666 0.26666666666666666 1.0 2.65 34 32 1.52 1
2
APP_17_Inner_Layer_1:1 0.2 0.2 0.75 3.98 36 37 1.7 1
1 3
APP_17_Inner_Layer_1:2 0.26666666666666666 0.26666666666666666 1.0 3.02 6 9 2.16 1
1 2 3
APP_17_Inner_Layer_1:3 0.13333333333333333 0.13333333333333333 0.5 1.65 22 2 3.04 1
1 2
APP_17_Output_Layer_0 0.6 0.6 2.25 3.72 15 20 1.45 1
4 5 6 7
