10
18
9
0
APP_0_Input_Layer_0 0.6 0.6 2.25 3.93 19 22 2.46 1

APP_0_Inner_Layer_0:0 0.2 0.2 0.75 2.42 18 49 2.95 1
0
APP_0_Inner_Layer_0:1 0.4 0.4 1.5 1.05 34 27 3.79 1
0
APP_0_Inner_Layer_1:0 0.13333333333333333 0.13333333333333333 0.5 2.35 12 38 3.18 1
1
APP_0_Inner_Layer_1:1 0.3333333333333333 0.3333333333333333 1.25 3.68 7 29 3.25 1
1 2
APP_0_Inner_Layer_2:0 0.06666666666666667 0.06666666666666667 0.25 2.94 12 30 1.38 1
4
APP_0_Inner_Layer_2:1 0.5333333333333333 0.5333333333333333 2.0 1.51 17 1 3.22 1
3
APP_0_Inner_Layer_3:0 0.4666666666666667 0.4666666666666667 1.75 1.18 41 29 2.8 1
5 6
APP_0_Output_Layer_0 0.13333333333333333 0.13333333333333333 0.5 2.23 32 34 2.85 0
7
13
0.38440336030498734
APP_1_Input_Layer_0 0.06666666666666667 0.06666666666666667 0.25 3.45 39 43 1.8 1

APP_1_Inner_Layer_0:0 0.6 0.6 2.25 1.35 13 5 2.76 1
0
APP_1_Inner_Layer_0:1 0.13333333333333333 0.13333333333333333 0.5 1.79 25 17 1.77 1
0
APP_1_Inner_Layer_1:0 0.06666666666666667 0.06666666666666667 0.25 3.41 32 4 2.22 1
2
APP_1_Inner_Layer_1:1 0.06666666666666667 0.06666666666666667 0.25 2.96 49 23 1.5 1
1
APP_1_Inner_Layer_2:0 0.06666666666666667 0.06666666666666667 0.25 1.71 10 42 2.16 1
3 4
APP_1_Inner_Layer_2:1 0.4666666666666667 0.4666666666666667 1.75 3.81 35 8 1.29 1
3
APP_1_Inner_Layer_2:2 0.13333333333333333 0.13333333333333333 0.5 3.08 10 5 3.22 1
3 4
APP_1_Inner_Layer_3:0 0.13333333333333333 0.13333333333333333 0.5 1.4 3 36 1.84 1
5 6 7
APP_1_Inner_Layer_3:1 0.26666666666666666 0.26666666666666666 1.0 1.62 36 1 3.75 1
6
APP_1_Inner_Layer_3:2 0.26666666666666666 0.26666666666666666 1.0 4.0 7 9 2.71 1
6
APP_1_Inner_Layer_3:3 0.13333333333333333 0.13333333333333333 0.5 3.84 36 3 3.13 1
5 6 7
APP_1_Output_Layer_0 0.13333333333333333 0.13333333333333333 0.5 2.74 39 30 2.89 0
8 9 10 11
12
0.7352122854479746
APP_2_Input_Layer_0 0.2 0.2 0.75 3.95 46 32 2.09 1

APP_2_Inner_Layer_0:0 0.4 0.4 1.5 2.96 6 44 2.21 1
0
APP_2_Inner_Layer_0:1 0.6 0.6 2.25 1.06 7 47 2.1 1
0
APP_2_Inner_Layer_0:2 0.06666666666666667 0.06666666666666667 0.25 1.76 42 49 3.46 1
0
APP_2_Inner_Layer_1:0 0.4666666666666667 0.4666666666666667 1.75 1.47 33 33 3.23 1
3 1
APP_2_Inner_Layer_1:1 0.06666666666666667 0.06666666666666667 0.25 3.12 31 7 1.62 1
1 3
APP_2_Inner_Layer_1:2 0.06666666666666667 0.06666666666666667 0.25 1.3 17 16 1.35 1
2 3
APP_2_Inner_Layer_1:3 0.2 0.2 0.75 1.53 28 21 1.19 1
1 2 3
APP_2_Inner_Layer_2:0 0.26666666666666666 0.26666666666666666 1.0 2.62 6 6 1.64 1
4 5 6 7
APP_2_Inner_Layer_3:0 0.5333333333333333 0.5333333333333333 2.0 3.17 4 26 2.78 1
8
APP_2_Inner_Layer_3:1 0.5333333333333333 0.5333333333333333 2.0 1.21 19 9 2.56 1
8
APP_2_Output_Layer_0 0.26666666666666666 0.26666666666666666 1.0 2.32 13 28 3.82 1
9 10
12
1.199744273747255
APP_3_Input_Layer_0 0.26666666666666666 0.26666666666666666 1.0 1.1 16 1 2.79 0

APP_3_Inner_Layer_0:0 0.2 0.2 0.75 1.33 16 34 3.02 1
0
APP_3_Inner_Layer_1:0 0.5333333333333333 0.5333333333333333 2.0 3.32 12 40 2.4 1
1
APP_3_Inner_Layer_1:1 0.26666666666666666 0.26666666666666666 1.0 2.71 27 29 3.7 1
1
APP_3_Inner_Layer_2:0 0.26666666666666666 0.26666666666666666 1.0 2.42 34 41 1.88 1
3
APP_3_Inner_Layer_2:1 0.3333333333333333 0.3333333333333333 1.25 2.15 22 5 3.72 1
2 3
APP_3_Inner_Layer_2:2 0.13333333333333333 0.13333333333333333 0.5 1.01 29 12 2.72 1
2
APP_3_Inner_Layer_3:0 0.4666666666666667 0.4666666666666667 1.75 2.8 26 15 2.39 1
5
APP_3_Inner_Layer_3:1 0.4 0.4 1.5 3.66 33 44 1.92 1
4 6
APP_3_Inner_Layer_3:2 0.5333333333333333 0.5333333333333333 2.0 1.1 19 9 2.95 1
4 5 6
APP_3_Inner_Layer_3:3 0.26666666666666666 0.26666666666666666 1.0 2.67 45 29 1.25 1
6 4
APP_3_Output_Layer_0 0.3333333333333333 0.3333333333333333 1.25 1.0 25 21 1.57 0
7 8 9 10
9
1.5550552257940122
APP_4_Input_Layer_0 0.06666666666666667 0.06666666666666667 0.25 3.09 30 6 3.7 1

APP_4_Inner_Layer_0:0 0.26666666666666666 0.26666666666666666 1.0 2.69 4 44 3.82 1
0
APP_4_Inner_Layer_0:1 0.13333333333333333 0.13333333333333333 0.5 2.03 3 38 3.94 1
0
APP_4_Inner_Layer_1:0 0.4 0.4 1.5 3.46 33 12 2.38 1
1 2
APP_4_Inner_Layer_2:0 0.5333333333333333 0.5333333333333333 2.0 2.57 8 31 2.14 1
3
APP_4_Inner_Layer_2:1 0.5333333333333333 0.5333333333333333 2.0 1.29 9 47 1.04 1
3
APP_4_Inner_Layer_2:2 0.5333333333333333 0.5333333333333333 2.0 1.11 12 44 2.51 1
3
APP_4_Inner_Layer_2:3 0.6 0.6 2.25 1.76 32 17 2.21 1
3
APP_4_Output_Layer_0 0.06666666666666667 0.06666666666666667 0.25 3.28 48 48 2.87 1
4 5 6 7
8
1.8230102317331716
APP_5_Input_Layer_0 0.5333333333333333 0.5333333333333333 2.0 2.61 23 6 1.75 1

APP_5_Inner_Layer_0:0 0.26666666666666666 0.26666666666666666 1.0 3.58 8 30 3.74 1
0
APP_5_Inner_Layer_1:0 0.3333333333333333 0.3333333333333333 1.25 2.23 18 44 3.67 1
1
APP_5_Inner_Layer_1:1 0.26666666666666666 0.26666666666666666 1.0 3.87 13 48 2.01 1
1
APP_5_Inner_Layer_2:0 0.13333333333333333 0.13333333333333333 0.5 1.2 33 11 3.48 1
2 3
APP_5_Inner_Layer_2:1 0.6 0.6 2.25 2.95 13 48 2.4 1
3
APP_5_Inner_Layer_2:2 0.2 0.2 0.75 2.13 27 44 1.76 1
2
APP_5_Output_Layer_0 0.2 0.2 0.75 3.5 47 10 2.69 1
4 5 6
8
2.1682209399475756
APP_6_Input_Layer_0 0.6 0.6 2.25 1.07 34 6 2.81 1

APP_6_Inner_Layer_0:0 0.3333333333333333 0.3333333333333333 1.25 3.4 12 34 1.11 1
0
APP_6_Inner_Layer_0:1 0.4 0.4 1.5 1.04 22 8 2.62 1
0
APP_6_Inner_Layer_0:2 0.3333333333333333 0.3333333333333333 1.25 3.67 39 25 3.42 1
0
APP_6_Inner_Layer_1:0 0.26666666666666666 0.26666666666666666 1.0 3.59 20 18 2.43 1
1 2 3
APP_6_Inner_Layer_2:0 0.26666666666666666 0.26666666666666666 1.0 1.01 45 16 1.69 1
4
APP_6_Inner_Layer_2:1 0.4666666666666667 0.4666666666666667 1.75 3.02 11 26 1.75 1
4
APP_6_Output_Layer_0 0.26666666666666666 0.26666666666666666 1.0 1.33 8 11 3.69 1
5 6
14
2.4510767234530193
APP_7_Input_Layer_0 0.13333333333333333 0.13333333333333333 0.5 3.59 15 34 3.75 1

APP_7_Inner_Layer_0:0 0.06666666666666667 0.06666666666666667 0.25 2.12 9 23 2.75 1
0
APP_7_Inner_Layer_0:1 0.06666666666666667 0.06666666666666667 0.25 2.16 46 32 3.93 1
0
APP_7_Inner_Layer_0:2 0.26666666666666666 0.26666666666666666 1.0 3.29 37 25 1.12 1
0
APP_7_Inner_Layer_0:3 0.3333333333333333 0.3333333333333333 1.25 2.39 47 26 1.47 1
0
APP_7_Inner_Layer_1:0 0.3333333333333333 0.3333333333333333 1.25 1.5 22 15 3.64 1
1 2
APP_7_Inner_Layer_1:1 0.2 0.2 0.75 2.09 12 17 3.81 1
2 4
APP_7_Inner_Layer_1:2 0.2 0.2 0.75 3.54 2 8 2.91 1
1 3 4
APP_7_Inner_Layer_1:3 0.4 0.4 1.5 3.87 21 30 1.1 1
1 2 3 4
APP_7_Inner_Layer_2:0 0.06666666666666667 0.06666666666666667 0.25 2.22 24 38 3.82 1
5 6 7
APP_7_Inner_Layer_2:1 0.2 0.2 0.75 2.52 48 38 3.13 1
8
APP_7_Inner_Layer_3:0 0.4 0.4 1.5 3.11 21 49 2.74 1
9
APP_7_Inner_Layer_3:1 0.26666666666666666 0.26666666666666666 1.0 2.64 43 10 1.94 1
10
APP_7_Output_Layer_0 0.4666666666666667 0.4666666666666667 1.75 2.66 47 47 2.09 1
11 12
10
2.9124764334433317
APP_8_Input_Layer_0 0.13333333333333333 0.13333333333333333 0.5 2.27 20 21 1.25 1

APP_8_Inner_Layer_0:0 0.3333333333333333 0.3333333333333333 1.25 1.55 14 23 1.67 1
0
APP_8_Inner_Layer_0:1 0.4 0.4 1.5 2.57 43 38 1.95 1
0
APP_8_Inner_Layer_0:2 0.26666666666666666 0.26666666666666666 1.0 2.91 25 37 2.19 1
0
APP_8_Inner_Layer_0:3 0.5333333333333333 0.5333333333333333 2.0 2.87 37 14 2.86 1
0
APP_8_Inner_Layer_1:0 0.5333333333333333 0.5333333333333333 2.0 1.33 8 2 1.35 1
1 2
APP_8_Inner_Layer_1:1 0.5333333333333333 0.5333333333333333 2.0 2.41 21 8 1.18 1
1 3 4
APP_8_Inner_Layer_1:2 0.2 0.2 0.75 3.37 36 43 2.27 1
2 4
APP_8_Inner_Layer_1:3 0.6 0.6 2.25 1.67 22 29 3.14 1
2
APP_8_Output_Layer_0 0.5333333333333333 0.5333333333333333 2.0 3.83 38 32 2.37 1
5 6 7 8
11
3.389181079985278
APP_9_Input_Layer_0 0.26666666666666666 0.26666666666666666 1.0 2.57 6 21 2.93 1

APP_9_Inner_Layer_0:0 0.4 0.4 1.5 2.48 14 19 2.18 1
0
APP_9_Inner_Layer_0:1 0.06666666666666667 0.06666666666666667 0.25 3.56 31 42 1.21 1
0
APP_9_Inner_Layer_0:2 0.26666666666666666 0.26666666666666666 1.0 2.32 35 24 2.61 1
0
APP_9_Inner_Layer_1:0 0.06666666666666667 0.06666666666666667 0.25 3.88 33 2 3.75 1
1 2 3
APP_9_Inner_Layer_2:0 0.4 0.4 1.5 3.92 13 14 2.13 1
4
APP_9_Inner_Layer_2:1 0.2 0.2 0.75 3.51 46 36 2.48 1
4
APP_9_Inner_Layer_2:2 0.6 0.6 2.25 2.39 14 39 3.25 1
4
APP_9_Inner_Layer_2:3 0.06666666666666667 0.06666666666666667 0.25 2.58 38 32 3.03 1
4
APP_9_Inner_Layer_3:0 0.5333333333333333 0.5333333333333333 2.0 2.79 21 29 1.82 1
5 6 7 8
APP_9_Output_Layer_0 0.13333333333333333 0.13333333333333333 0.5 2.21 17 45 3.78 1
9
8
3.848884512100216
APP_10_Input_Layer_0 0.26666666666666666 0.26666666666666666 1.0 3.02 16 44 1.47 1

APP_10_Inner_Layer_0:0 0.3333333333333333 0.3333333333333333 1.25 3.29 19 33 1.78 1
0
APP_10_Inner_Layer_0:1 0.4 0.4 1.5 1.65 8 48 1.62 1
0
APP_10_Inner_Layer_0:2 0.4666666666666667 0.4666666666666667 1.75 2.48 12 5 1.8 1
0
APP_10_Inner_Layer_0:3 0.4666666666666667 0.4666666666666667 1.75 1.01 16 2 2.8 1
0
APP_10_Inner_Layer_1:0 0.3333333333333333 0.3333333333333333 1.25 1.27 20 10 3.88 1
1 2 3 4
APP_10_Inner_Layer_2:0 0.4666666666666667 0.4666666666666667 1.75 2.89 36 31 2.82 1
5
APP_10_Output_Layer_0 0.5333333333333333 0.5333333333333333 2.0 3.81 45 6 3.33 1
6
10
4.287337514170866
APP_11_Input_Layer_0 0.4666666666666667 0.4666666666666667 1.75 1.21 40 31 2.38 0

APP_11_Inner_Layer_0:0 0.2 0.2 0.75 1.52 48 34 1.53 1
0
APP_11_Inner_Layer_0:1 0.3333333333333333 0.3333333333333333 1.25 3.73 13 47 2.46 1
0
APP_11_Inner_Layer_0:2 0.4666666666666667 0.4666666666666667 1.75 1.58 23 43 3.42 1
0
APP_11_Inner_Layer_1:0 0.6 0.6 2.25 2.35 13 24 1.12 1
1 2 3
APP_11_Inner_Layer_1:1 0.4666666666666667 0.4666666666666667 1.75 1.01 20 16 3.87 1
2
APP_11_Inner_Layer_2:0 0.6 0.6 2.25 1.45 38 26 2.92 1
5
APP_11_Inner_Layer_2:1 0.26666666666666666 0.26666666666666666 1.0 2.9 47 48 1.15 1
4
APP_11_Inner_Layer_3:0 0.4 0.4 1.5 3.3 36 36 3.41 1
6 7
APP_11_Output_Layer_0 0.06666666666666667 0.06666666666666667 0.25 1.58 31 48 1.28 1
8
4
4.602518122083556
APP_12_Input_Layer_0 0.3333333333333333 0.3333333333333333 1.25 3.74 38 32 2.97 1

APP_12_Inner_Layer_0:0 0.4666666666666667 0.4666666666666667 1.75 3.8 48 10 1.94 1
0
APP_12_Inner_Layer_0:1 0.06666666666666667 0.06666666666666667 0.25 3.17 18 16 3.79 1
0
APP_12_Output_Layer_0 0.2 0.2 0.75 3.8 24 13 2.19 1
1 2
9
4.846113058206123
APP_13_Input_Layer_0 0.06666666666666667 0.06666666666666667 0.25 2.81 3 22 3.92 1

APP_13_Inner_Layer_0:0 0.13333333333333333 0.13333333333333333 0.5 3.39 17 41 2.72 1
0
APP_13_Inner_Layer_0:1 0.06666666666666667 0.06666666666666667 0.25 3.85 35 22 2.23 1
0
APP_13_Inner_Layer_1:0 0.4 0.4 1.5 3.79 11 37 2.66 1
1 2
APP_13_Inner_Layer_2:0 0.3333333333333333 0.3333333333333333 1.25 1.63 20 18 2.87 1
3
APP_13_Inner_Layer_2:1 0.13333333333333333 0.13333333333333333 0.5 1.36 23 40 2.29 1
3
APP_13_Inner_Layer_2:2 0.4 0.4 1.5 1.79 39 45 3.1 1
3
APP_13_Inner_Layer_3:0 0.13333333333333333 0.13333333333333333 0.5 1.84 33 40 3.65 1
4 5 6
APP_13_Output_Layer_0 0.2 0.2 0.75 1.43 20 30 2.04 1
7
10
5.150641201834957
APP_14_Input_Layer_0 0.26666666666666666 0.26666666666666666 1.0 3.57 46 23 2.95 1

APP_14_Inner_Layer_0:0 0.5333333333333333 0.5333333333333333 2.0 1.75 39 21 1.61 1
0
APP_14_Inner_Layer_0:1 0.4666666666666667 0.4666666666666667 1.75 2.11 48 36 2.91 1
0
APP_14_Inner_Layer_1:0 0.4 0.4 1.5 3.96 16 42 2.98 1
1 2
APP_14_Inner_Layer_2:0 0.13333333333333333 0.13333333333333333 0.5 1.38 30 6 1.5 1
3
APP_14_Inner_Layer_3:0 0.26666666666666666 0.26666666666666666 1.0 3.39 8 31 1.02 1
4
APP_14_Inner_Layer_3:1 0.3333333333333333 0.3333333333333333 1.25 3.97 8 46 2.51 1
4
APP_14_Inner_Layer_3:2 0.13333333333333333 0.13333333333333333 0.5 3.07 45 41 3.01 1
4
APP_14_Inner_Layer_3:3 0.06666666666666667 0.06666666666666667 0.25 2.51 14 41 1.97 1
4
APP_14_Output_Layer_0 0.6 0.6 2.25 2.54 17 37 3.71 0
5 6 7 8
13
5.678042983572423
APP_15_Input_Layer_0 0.2 0.2 0.75 1.41 31 19 2.09 1

APP_15_Inner_Layer_0:0 0.13333333333333333 0.13333333333333333 0.5 3.69 33 27 3.55 1
0
APP_15_Inner_Layer_0:1 0.26666666666666666 0.26666666666666666 1.0 3.4 21 16 2.54 1
0
APP_15_Inner_Layer_0:2 0.4666666666666667 0.4666666666666667 1.75 3.03 2 46 1.55 1
0
APP_15_Inner_Layer_1:0 0.26666666666666666 0.26666666666666666 1.0 2.69 7 4 3.1 1
1 2
APP_15_Inner_Layer_1:1 0.4666666666666667 0.4666666666666667 1.75 1.36 39 29 2.85 1
1
APP_15_Inner_Layer_1:2 0.6 0.6 2.25 2.7 44 32 1.4 1
2 3
APP_15_Inner_Layer_2:0 0.4666666666666667 0.4666666666666667 1.75 2.47 7 4 3.68 1
5
APP_15_Inner_Layer_2:1 0.26666666666666666 0.26666666666666666 1.0 2.39 7 31 3.39 1
4 5 6
APP_15_Inner_Layer_2:2 0.13333333333333333 0.13333333333333333 0.5 3.25 31 31 2.9 1
4 6
APP_15_Inner_Layer_2:3 0.4666666666666667 0.4666666666666667 1.75 2.23 23 27 2.22 1
6
APP_15_Inner_Layer_3:0 0.2 0.2 0.75 2.84 20 30 3.08 1
7 8 9 10
APP_15_Output_Layer_0 0.26666666666666666 0.26666666666666666 1.0 2.23 9 42 3.11 1
11
5
5.926945773122926
APP_16_Input_Layer_0 0.26666666666666666 0.26666666666666666 1.0 3.19 36 19 1.41 1

APP_16_Inner_Layer_0:0 0.5333333333333333 0.5333333333333333 2.0 3.86 7 32 2.42 1
0
APP_16_Inner_Layer_1:0 0.13333333333333333 0.13333333333333333 0.5 1.59 47 31 1.16 1
1
APP_16_Inner_Layer_1:1 0.26666666666666666 0.26666666666666666 1.0 1.98 43 17 3.51 1
1
APP_16_Output_Layer_0 0.2 0.2 0.75 1.2 26 46 1.66 1
2 3
8
6.174697782944192
APP_17_Input_Layer_0 0.4666666666666667 0.4666666666666667 1.75 2.1 31 41 2.4 1

APP_17_Inner_Layer_0:0 0.2 0.2 0.75 3.77 43 44 2.66 1
0
APP_17_Inner_Layer_0:1 0.6 0.6 2.25 3.9 21 24 3.15 1
0
APP_17_Inner_Layer_1:0 0.5333333333333333 0.5333333333333333 2.0 2.71 23 17 1.04 1
1
APP_17_Inner_Layer_1:1 0.5333333333333333 0.5333333333333333 2.0 3.54 37 39 1.38 1
1
APP_17_Inner_Layer_1:2 0.5333333333333333 0.5333333333333333 2.0 3.47 44 40 2.67 1
1
APP_17_Inner_Layer_1:3 0.06666666666666667 0.06666666666666667 0.25 2.66 16 34 3.9 1
2
APP_17_Output_Layer_0 0.4 0.4 1.5 3.22 44 46 1.85 1
3 4 5 6
