10
18
6
0
APP_0_Input_Layer_0 0.5333333333333333 0.5333333333333333 2.0 1.82 48 17 3.3 0

APP_0_Inner_Layer_0:0 0.6 0.6 2.25 2.35 7 40 3.2 1
0
APP_0_Inner_Layer_0:1 0.2 0.2 0.75 2.72 16 35 3.54 1
0
APP_0_Inner_Layer_0:2 0.06666666666666667 0.06666666666666667 0.25 1.87 5 1 2.97 1
0
APP_0_Inner_Layer_0:3 0.06666666666666667 0.06666666666666667 0.25 3.76 12 38 1.46 1
0
APP_0_Output_Layer_0 0.4666666666666667 0.4666666666666667 1.75 3.95 43 36 2.91 1
1 2 3 4
6
0.4814081378872299
APP_1_Input_Layer_0 0.4 0.4 1.5 2.61 23 18 2.22 1

APP_1_Inner_Layer_0:0 0.6 0.6 2.25 2.79 46 19 1.44 1
0
APP_1_Inner_Layer_0:1 0.6 0.6 2.25 1.45 14 21 1.82 1
0
APP_1_Inner_Layer_0:2 0.5333333333333333 0.5333333333333333 2.0 2.43 49 40 1.7 1
0
APP_1_Inner_Layer_0:3 0.4 0.4 1.5 2.4 20 20 3.27 1
0
APP_1_Output_Layer_0 0.4666666666666667 0.4666666666666667 1.75 1.92 9 17 2.01 1
1 2 3 4
3
0.7609800036281587
APP_2_Input_Layer_0 0.5333333333333333 0.5333333333333333 2.0 3.12 35 37 1.22 1

APP_2_Inner_Layer_0:0 0.3333333333333333 0.3333333333333333 1.25 3.52 34 43 1.42 1
0
APP_2_Output_Layer_0 0.2 0.2 0.75 2.54 9 46 3.96 1
1
6
1.0729280828628154
APP_3_Input_Layer_0 0.3333333333333333 0.3333333333333333 1.25 2.11 13 47 2.84 0

APP_3_Inner_Layer_0:0 0.06666666666666667 0.06666666666666667 0.25 3.8 33 36 2.87 1
0
APP_3_Inner_Layer_0:1 0.2 0.2 0.75 3.97 46 46 1.22 1
0
APP_3_Inner_Layer_0:2 0.3333333333333333 0.3333333333333333 1.25 2.79 42 18 1.41 1
0
APP_3_Inner_Layer_0:3 0.26666666666666666 0.26666666666666666 1.0 1.3 18 4 2.22 1
0
APP_3_Output_Layer_0 0.2 0.2 0.75 3.43 16 40 1.41 1
1 2 3 4
10
1.4468042477117748
APP_4_Input_Layer_0 0.06666666666666667 0.06666666666666667 0.25 1.58 29 35 2.2 1

APP_4_Inner_Layer_0:0 0.2 0.2 0.75 3.82 19 44 3.0 1
0
APP_4_Inner_Layer_0:1 0.13333333333333333 0.13333333333333333 0.5 1.79 44 2 2.05 1
0
APP_4_Inner_Layer_0:2 0.06666666666666667 0.06666666666666667 0.25 2.01 43 3 1.68 1
0
APP_4_Inner_Layer_0:3 0.6 0.6 2.25 3.39 32 27 1.16 1
0
APP_4_Inner_Layer_1:0 0.13333333333333333 0.13333333333333333 0.5 3.53 46 42 2.58 1
1 2 3
APP_4_Inner_Layer_1:1 0.6 0.6 2.25 2.11 32 49 2.95 1
1 4
APP_4_Inner_Layer_1:2 0.5333333333333333 0.5333333333333333 2.0 1.96 29 10 2.81 1
4 1
APP_4_Inner_Layer_2:0 0.06666666666666667 0.06666666666666667 0.25 3.22 33 23 2.59 1
5 6 7
APP_4_Output_Layer_0 0.5333333333333333 0.5333333333333333 2.0 2.28 23 14 3.13 1
8
3
1.6752219926626237
APP_5_Input_Layer_0 0.6 0.6 2.25 1.45 47 35 3.86 1

APP_5_Inner_Layer_0:0 0.2 0.2 0.75 3.14 10 40 2.38 1
0
APP_5_Output_Layer_0 0.3333333333333333 0.3333333333333333 1.25 1.23 5 22 2.91 1
1
6
2.0828741805741338
APP_6_Input_Layer_0 0.4 0.4 1.5 1.67 27 37 1.1 1

APP_6_Inner_Layer_0:0 0.2 0.2 0.75 1.55 16 10 1.18 1
0
APP_6_Inner_Layer_0:1 0.5333333333333333 0.5333333333333333 2.0 3.86 44 27 2.1 1
0
APP_6_Inner_Layer_0:2 0.3333333333333333 0.3333333333333333 1.25 3.33 8 15 2.63 1
0
APP_6_Inner_Layer_0:3 0.06666666666666667 0.06666666666666667 0.25 2.91 47 20 1.62 1
0
APP_6_Output_Layer_0 0.26666666666666666 0.26666666666666666 1.0 1.31 7 38 3.08 1
1 2 3 4
4
2.355124159133823
APP_7_Input_Layer_0 0.4 0.4 1.5 2.37 18 27 2.9 0

APP_7_Inner_Layer_0:0 0.5333333333333333 0.5333333333333333 2.0 3.3 24 43 2.97 1
0
APP_7_Inner_Layer_1:0 0.13333333333333333 0.13333333333333333 0.5 1.08 2 37 3.41 1
1
APP_7_Output_Layer_0 0.3333333333333333 0.3333333333333333 1.25 2.97 32 35 2.96 1
2
6
2.768016297096622
APP_8_Input_Layer_0 0.26666666666666666 0.26666666666666666 1.0 2.02 42 49 2.22 1

APP_8_Inner_Layer_0:0 0.4666666666666667 0.4666666666666667 1.75 3.98 5 43 2.36 1
0
APP_8_Inner_Layer_0:1 0.26666666666666666 0.26666666666666666 1.0 2.71 4 14 2.8 1
0
APP_8_Inner_Layer_0:2 0.5333333333333333 0.5333333333333333 2.0 3.86 10 34 3.07 1
0
APP_8_Inner_Layer_0:3 0.4666666666666667 0.4666666666666667 1.75 1.83 25 17 1.85 1
0
APP_8_Output_Layer_0 0.2 0.2 0.75 2.22 49 9 2.94 1
1 2 3 4
8
3.1087758910511227
APP_9_Input_Layer_0 0.06666666666666667 0.06666666666666667 0.25 3.62 32 47 2.22 1

APP_9_Inner_Layer_0:0 0.13333333333333333 0.13333333333333333 0.5 1.56 17 34 1.7 1
0
APP_9_Inner_Layer_1:0 0.06666666666666667 0.06666666666666667 0.25 2.09 27 33 2.69 1
1
APP_9_Inner_Layer_1:1 0.4666666666666667 0.4666666666666667 1.75 1.95 7 38 3.76 1
1
APP_9_Inner_Layer_2:0 0.4666666666666667 0.4666666666666667 1.75 1.86 45 44 3.2 1
2
APP_9_Inner_Layer_2:1 0.4 0.4 1.5 2.63 16 40 3.07 1
3
APP_9_Inner_Layer_3:0 0.06666666666666667 0.06666666666666667 0.25 2.67 36 24 2.87 1
4 5
APP_9_Output_Layer_0 0.3333333333333333 0.3333333333333333 1.25 1.77 27 6 1.33 0
6
8
3.3272402253897098
APP_10_Input_Layer_0 0.13333333333333333 0.13333333333333333 0.5 1.89 40 47 1.45 1

APP_10_Inner_Layer_0:0 0.4666666666666667 0.4666666666666667 1.75 2.42 46 19 1.4 1
0
APP_10_Inner_Layer_1:0 0.5333333333333333 0.5333333333333333 2.0 3.27 21 16 3.99 1
1
APP_10_Inner_Layer_1:1 0.6 0.6 2.25 3.28 37 18 2.06 1
1
APP_10_Inner_Layer_1:2 0.4 0.4 1.5 1.45 9 40 3.31 1
1
APP_10_Inner_Layer_2:0 0.6 0.6 2.25 2.65 30 26 1.19 1
2 3
APP_10_Inner_Layer_2:1 0.26666666666666666 0.26666666666666666 1.0 3.67 40 5 2.33 1
4
APP_10_Output_Layer_0 0.13333333333333333 0.13333333333333333 0.5 2.12 18 7 2.52 1
5 6
7
3.5752557478786136
APP_11_Input_Layer_0 0.06666666666666667 0.06666666666666667 0.25 3.67 36 46 3.71 1

APP_11_Inner_Layer_0:0 0.13333333333333333 0.13333333333333333 0.5 3.58 42 6 1.81 1
0
APP_11_Inner_Layer_0:1 0.4666666666666667 0.4666666666666667 1.75 2.3 11 8 1.96 1
0
APP_11_Inner_Layer_0:2 0.4666666666666667 0.4666666666666667 1.75 1.98 40 38 2.21 1
0
APP_11_Inner_Layer_0:3 0.06666666666666667 0.06666666666666667 0.25 2.14 1 3 3.56 1
0
APP_11_Inner_Layer_1:0 0.4666666666666667 0.4666666666666667 1.75 1.26 28 3 1.05 1
1 2 3 4
APP_11_Output_Layer_0 0.6 0.6 2.25 3.52 34 8 3.79 1
5
8
4.072556312498589
APP_12_Input_Layer_0 0.26666666666666666 0.26666666666666666 1.0 3.86 24 46 1.75 1

APP_12_Inner_Layer_0:0 0.5333333333333333 0.5333333333333333 2.0 3.33 49 36 2.36 1
0
APP_12_Inner_Layer_0:1 0.13333333333333333 0.13333333333333333 0.5 3.78 42 11 2.57 1
0
APP_12_Inner_Layer_0:2 0.4 0.4 1.5 3.67 20 44 1.23 1
0
APP_12_Inner_Layer_0:3 0.13333333333333333 0.13333333333333333 0.5 2.34 35 42 1.06 1
0
APP_12_Inner_Layer_1:0 0.06666666666666667 0.06666666666666667 0.25 2.53 13 48 2.27 1
2 3
APP_12_Inner_Layer_1:1 0.4 0.4 1.5 3.37 29 4 3.97 1
1 4
APP_12_Output_Layer_0 0.13333333333333333 0.13333333333333333 0.5 3.07 41 24 3.2 1
5 6
12
4.519577649010331
APP_13_Input_Layer_0 0.2 0.2 0.75 2.05 29 42 3.44 1

APP_13_Inner_Layer_0:0 0.3333333333333333 0.3333333333333333 1.25 2.53 38 42 2.1 1
0
APP_13_Inner_Layer_0:1 0.4666666666666667 0.4666666666666667 1.75 2.25 46 37 1.27 1
0
APP_13_Inner_Layer_0:2 0.3333333333333333 0.3333333333333333 1.25 2.91 32 28 1.07 1
0
APP_13_Inner_Layer_1:0 0.3333333333333333 0.3333333333333333 1.25 1.93 38 49 3.28 1
1 2
APP_13_Inner_Layer_1:1 0.3333333333333333 0.3333333333333333 1.25 1.82 28 17 1.72 1
3
APP_13_Inner_Layer_2:0 0.4 0.4 1.5 3.9 10 37 1.45 1
5
APP_13_Inner_Layer_2:1 0.3333333333333333 0.3333333333333333 1.25 3.04 3 5 1.19 1
5
APP_13_Inner_Layer_2:2 0.6 0.6 2.25 3.5 10 9 2.39 1
4 5
APP_13_Inner_Layer_2:3 0.6 0.6 2.25 1.17 11 47 1.53 1
5
APP_13_Inner_Layer_3:0 0.4666666666666667 0.4666666666666667 1.75 1.82 37 33 3.18 1
6 7 8 9
APP_13_Output_Layer_0 0.4666666666666667 0.4666666666666667 1.75 1.5 43 7 1.32 1
10
7
4.725652560774071
APP_14_Input_Layer_0 0.6 0.6 2.25 1.01 48 19 3.51 0

APP_14_Inner_Layer_0:0 0.2 0.2 0.75 1.34 2 29 2.92 1
0
APP_14_Inner_Layer_0:1 0.26666666666666666 0.26666666666666666 1.0 1.93 11 3 2.8 1
0
APP_14_Inner_Layer_0:2 0.5333333333333333 0.5333333333333333 2.0 3.38 35 47 2.59 1
0
APP_14_Inner_Layer_1:0 0.5333333333333333 0.5333333333333333 2.0 2.39 40 39 3.45 1
1 3
APP_14_Inner_Layer_1:1 0.13333333333333333 0.13333333333333333 0.5 1.99 22 40 3.83 1
2
APP_14_Output_Layer_0 0.2 0.2 0.75 2.27 20 37 2.72 1
4 5
6
5.163847970429645
APP_15_Input_Layer_0 0.4666666666666667 0.4666666666666667 1.75 1.02 24 44 1.6 1

APP_15_Inner_Layer_0:0 0.3333333333333333 0.3333333333333333 1.25 1.26 46 5 2.16 1
0
APP_15_Inner_Layer_1:0 0.3333333333333333 0.3333333333333333 1.25 2.87 47 29 2.73 1
1
APP_15_Inner_Layer_1:1 0.06666666666666667 0.06666666666666667 0.25 3.7 13 7 3.62 1
1
APP_15_Inner_Layer_1:2 0.26666666666666666 0.26666666666666666 1.0 1.13 44 35 3.36 1
1
APP_15_Output_Layer_0 0.13333333333333333 0.13333333333333333 0.5 2.16 11 31 3.3 1
2 3 4
12
5.395228157317431
APP_16_Input_Layer_0 0.4666666666666667 0.4666666666666667 1.75 1.15 29 31 2.42 1

APP_16_Inner_Layer_0:0 0.3333333333333333 0.3333333333333333 1.25 1.65 21 34 2.84 1
0
APP_16_Inner_Layer_0:1 0.6 0.6 2.25 3.25 40 18 3.1 1
0
APP_16_Inner_Layer_0:2 0.4 0.4 1.5 3.35 34 37 3.47 1
0
APP_16_Inner_Layer_0:3 0.13333333333333333 0.13333333333333333 0.5 2.53 12 48 2.47 1
0
APP_16_Inner_Layer_1:0 0.6 0.6 2.25 1.18 5 7 1.59 1
2 3
APP_16_Inner_Layer_1:1 0.26666666666666666 0.26666666666666666 1.0 1.45 20 15 2.62 1
1 4
APP_16_Inner_Layer_2:0 0.5333333333333333 0.5333333333333333 2.0 2.82 5 47 2.21 1
5 6
APP_16_Inner_Layer_2:1 0.26666666666666666 0.26666666666666666 1.0 2.11 2 39 3.45 1
6
APP_16_Inner_Layer_2:2 0.2 0.2 0.75 1.89 3 46 3.14 1
5
APP_16_Inner_Layer_2:3 0.06666666666666667 0.06666666666666667 0.25 3.31 48 43 3.99 1
5
APP_16_Output_Layer_0 0.4666666666666667 0.4666666666666667 1.75 2.07 36 44 2.6 1
7 8 9 10
13
5.894167752243393
APP_17_Input_Layer_0 0.4666666666666667 0.4666666666666667 1.75 1.44 15 5 1.0 1

APP_17_Inner_Layer_0:0 0.5333333333333333 0.5333333333333333 2.0 2.37 23 4 2.17 1
0
APP_17_Inner_Layer_0:1 0.4 0.4 1.5 2.68 2 34 1.63 1
0
APP_17_Inner_Layer_0:2 0.4 0.4 1.5 3.17 22 11 2.36 1
0
APP_17_Inner_Layer_1:0 0.4666666666666667 0.4666666666666667 1.75 2.19 37 25 1.61 1
1 2 3
APP_17_Inner_Layer_1:1 0.5333333333333333 0.5333333333333333 2.0 1.02 3 9 1.32 1
3
APP_17_Inner_Layer_1:2 0.4 0.4 1.5 1.2 49 19 2.68 1
3 2
APP_17_Inner_Layer_1:3 0.2 0.2 0.75 3.95 49 3 3.41 1
1 3
APP_17_Inner_Layer_2:0 0.4 0.4 1.5 2.23 15 46 1.15 1
4 5 6
APP_17_Inner_Layer_2:1 0.26666666666666666 0.26666666666666666 1.0 2.1 28 41 2.02 1
4 5
APP_17_Inner_Layer_2:2 0.6 0.6 2.25 3.76 6 39 1.43 1
4 7 6
APP_17_Inner_Layer_2:3 0.13333333333333333 0.13333333333333333 0.5 3.59 37 17 3.41 1
4 5 6 7
APP_17_Output_Layer_0 0.06666666666666667 0.06666666666666667 0.25 1.56 10 15 1.42 1
8 9 10 11
