10
18
12
0
APP_0_Input_Layer_0 0.06666666666666667 0.06666666666666667 0.25 3.7 4 13 1.63 1

APP_0_Inner_Layer_0:0 0.13333333333333333 0.13333333333333333 0.5 3.92 4 46 1.0 1
0
APP_0_Inner_Layer_0:1 0.13333333333333333 0.13333333333333333 0.5 1.92 29 31 2.38 1
0
APP_0_Inner_Layer_0:2 0.4 0.4 1.5 2.52 38 44 3.69 1
0
APP_0_Inner_Layer_1:0 0.6 0.6 2.25 2.3 48 40 1.4 1
1 2 3
APP_0_Inner_Layer_2:0 0.4666666666666667 0.4666666666666667 1.75 3.55 3 44 2.62 1
4
APP_0_Inner_Layer_2:1 0.6 0.6 2.25 1.8 45 43 3.55 1
4
APP_0_Inner_Layer_2:2 0.5333333333333333 0.5333333333333333 2.0 3.23 32 19 2.42 1
4
APP_0_Inner_Layer_2:3 0.06666666666666667 0.06666666666666667 0.25 1.29 8 40 2.51 1
4
APP_0_Inner_Layer_3:0 0.26666666666666666 0.26666666666666666 1.0 3.65 13 6 1.43 1
6
APP_0_Inner_Layer_3:1 0.6 0.6 2.25 2.53 14 38 3.87 1
5 7 8
APP_0_Output_Layer_0 0.6 0.6 2.25 2.52 43 16 3.6 0
9 10
13
0.2132988634258855
APP_1_Input_Layer_0 0.4 0.4 1.5 3.48 38 9 1.8 1

APP_1_Inner_Layer_0:0 0.13333333333333333 0.13333333333333333 0.5 3.16 40 25 2.99 1
0
APP_1_Inner_Layer_0:1 0.6 0.6 2.25 1.97 7 21 1.77 1
0
APP_1_Inner_Layer_0:2 0.4666666666666667 0.4666666666666667 1.75 1.6 10 19 3.58 1
0
APP_1_Inner_Layer_0:3 0.4 0.4 1.5 3.42 13 12 3.02 1
0
APP_1_Inner_Layer_1:0 0.3333333333333333 0.3333333333333333 1.25 3.9 24 38 2.36 1
1 2
APP_1_Inner_Layer_1:1 0.5333333333333333 0.5333333333333333 2.0 1.86 35 15 3.61 1
3 4 2
APP_1_Inner_Layer_1:2 0.4 0.4 1.5 1.13 20 13 1.74 1
3 4
APP_1_Inner_Layer_1:3 0.4666666666666667 0.4666666666666667 1.75 3.19 6 30 2.39 1
3
APP_1_Inner_Layer_2:0 0.26666666666666666 0.26666666666666666 1.0 2.39 20 15 3.51 1
5 7 8
APP_1_Inner_Layer_2:1 0.26666666666666666 0.26666666666666666 1.0 2.04 32 26 1.47 1
5 6
APP_1_Inner_Layer_2:2 0.2 0.2 0.75 3.22 2 45 2.67 1
6 7
APP_1_Output_Layer_0 0.06666666666666667 0.06666666666666667 0.25 3.15 11 37 1.33 1
9 10 11
12
0.4353665970626245
APP_2_Input_Layer_0 0.4 0.4 1.5 3.29 29 6 1.09 1

APP_2_Inner_Layer_0:0 0.13333333333333333 0.13333333333333333 0.5 3.15 19 34 3.26 1
0
APP_2_Inner_Layer_0:1 0.3333333333333333 0.3333333333333333 1.25 2.54 18 25 3.61 1
0
APP_2_Inner_Layer_0:2 0.2 0.2 0.75 2.47 44 38 2.75 1
0
APP_2_Inner_Layer_1:0 0.6 0.6 2.25 1.18 1 38 2.92 1
1 3
APP_2_Inner_Layer_1:1 0.3333333333333333 0.3333333333333333 1.25 1.03 32 30 2.22 1
3
APP_2_Inner_Layer_1:2 0.3333333333333333 0.3333333333333333 1.25 1.28 11 1 3.17 1
1 2 3
APP_2_Inner_Layer_1:3 0.4666666666666667 0.4666666666666667 1.75 1.61 29 15 2.63 1
3
APP_2_Inner_Layer_2:0 0.3333333333333333 0.3333333333333333 1.25 1.5 29 25 1.66 1
6
APP_2_Inner_Layer_2:1 0.13333333333333333 0.13333333333333333 0.5 3.03 41 20 2.65 1
4 5 6 7
APP_2_Inner_Layer_2:2 0.6 0.6 2.25 2.77 2 24 1.21 1
4 7
APP_2_Output_Layer_0 0.4 0.4 1.5 3.19 37 41 2.95 1
8 9 10
8
0.7674579200873337
APP_3_Input_Layer_0 0.4 0.4 1.5 2.68 39 40 3.66 1

APP_3_Inner_Layer_0:0 0.2 0.2 0.75 1.64 49 17 3.86 1
0
APP_3_Inner_Layer_0:1 0.5333333333333333 0.5333333333333333 2.0 3.56 27 9 2.11 1
0
APP_3_Inner_Layer_0:2 0.3333333333333333 0.3333333333333333 1.25 2.23 5 43 3.8 1
0
APP_3_Inner_Layer_0:3 0.3333333333333333 0.3333333333333333 1.25 2.77 28 43 2.39 1
0
APP_3_Inner_Layer_1:0 0.3333333333333333 0.3333333333333333 1.25 1.06 32 33 2.16 1
1 2 3 4
APP_3_Inner_Layer_1:1 0.3333333333333333 0.3333333333333333 1.25 2.75 26 44 2.2 1
3 1
APP_3_Output_Layer_0 0.13333333333333333 0.13333333333333333 0.5 3.97 34 48 2.48 1
5 6
7
1.3117363160084472
APP_4_Input_Layer_0 0.13333333333333333 0.13333333333333333 0.5 2.5 28 12 2.01 1

APP_4_Inner_Layer_0:0 0.5333333333333333 0.5333333333333333 2.0 3.47 38 18 2.64 1
0
APP_4_Inner_Layer_1:0 0.6 0.6 2.25 3.96 28 26 1.19 1
1
APP_4_Inner_Layer_1:1 0.5333333333333333 0.5333333333333333 2.0 3.33 38 36 2.23 1
1
APP_4_Inner_Layer_1:2 0.2 0.2 0.75 2.29 3 44 2.25 1
1
APP_4_Inner_Layer_1:3 0.4 0.4 1.5 3.25 43 34 2.94 1
1
APP_4_Output_Layer_0 0.3333333333333333 0.3333333333333333 1.25 2.74 27 27 1.9 1
2 3 4 5
8
1.8530473050091638
APP_5_Input_Layer_0 0.3333333333333333 0.3333333333333333 1.25 1.14 8 3 3.97 0

APP_5_Inner_Layer_0:0 0.3333333333333333 0.3333333333333333 1.25 2.0 27 17 3.05 1
0
APP_5_Inner_Layer_0:1 0.4666666666666667 0.4666666666666667 1.75 3.87 42 33 1.66 1
0
APP_5_Inner_Layer_0:2 0.5333333333333333 0.5333333333333333 2.0 4.0 11 44 2.85 1
0
APP_5_Inner_Layer_0:3 0.6 0.6 2.25 2.0 37 48 3.26 1
0
APP_5_Inner_Layer_1:0 0.4 0.4 1.5 2.43 17 16 2.79 1
3 4
APP_5_Inner_Layer_1:1 0.3333333333333333 0.3333333333333333 1.25 1.41 20 3 1.88 1
1 2
APP_5_Output_Layer_0 0.06666666666666667 0.06666666666666667 0.25 3.81 23 37 3.88 1
5 6
3
2.0951003320778723
APP_6_Input_Layer_0 0.6 0.6 2.25 1.17 48 2 2.36 1

APP_6_Inner_Layer_0:0 0.13333333333333333 0.13333333333333333 0.5 3.35 49 33 1.36 1
0
APP_6_Output_Layer_0 0.3333333333333333 0.3333333333333333 1.25 3.63 38 36 2.46 1
1
5
2.4559660693628533
APP_7_Input_Layer_0 0.26666666666666666 0.26666666666666666 1.0 1.01 43 11 2.6 1

APP_7_Inner_Layer_0:0 0.4 0.4 1.5 2.98 41 29 3.79 1
0
APP_7_Inner_Layer_0:1 0.26666666666666666 0.26666666666666666 1.0 3.97 36 11 3.95 1
0
APP_7_Inner_Layer_0:2 0.6 0.6 2.25 2.62 12 41 3.55 1
0
APP_7_Output_Layer_0 0.5333333333333333 0.5333333333333333 2.0 1.13 23 10 1.91 1
1 2 3
10
2.821401825731382
APP_8_Input_Layer_0 0.4 0.4 1.5 2.31 27 46 1.04 1

APP_8_Inner_Layer_0:0 0.4 0.4 1.5 3.74 4 4 1.54 1
0
APP_8_Inner_Layer_0:1 0.26666666666666666 0.26666666666666666 1.0 1.4 33 41 2.09 1
0
APP_8_Inner_Layer_0:2 0.3333333333333333 0.3333333333333333 1.25 2.7 34 14 1.31 1
0
APP_8_Inner_Layer_1:0 0.4 0.4 1.5 1.4 1 28 3.16 1
2 3
APP_8_Inner_Layer_1:1 0.06666666666666667 0.06666666666666667 0.25 1.74 29 22 3.02 1
1
APP_8_Inner_Layer_2:0 0.2 0.2 0.75 1.85 3 6 2.92 1
5
APP_8_Inner_Layer_2:1 0.3333333333333333 0.3333333333333333 1.25 3.26 48 34 3.36 1
4
APP_8_Inner_Layer_2:2 0.5333333333333333 0.5333333333333333 2.0 2.49 25 32 1.04 1
5
APP_8_Output_Layer_0 0.6 0.6 2.25 2.34 39 23 1.79 1
6 7 8
8
3.2014702838921076
APP_9_Input_Layer_0 0.3333333333333333 0.3333333333333333 1.25 3.33 39 6 3.65 1

APP_9_Inner_Layer_0:0 0.4666666666666667 0.4666666666666667 1.75 3.2 32 13 2.74 1
0
APP_9_Inner_Layer_0:1 0.4 0.4 1.5 1.54 45 7 2.03 1
0
APP_9_Inner_Layer_1:0 0.4666666666666667 0.4666666666666667 1.75 2.65 39 36 2.29 1
1 2
APP_9_Inner_Layer_1:1 0.6 0.6 2.25 1.8 8 13 1.03 1
2
APP_9_Inner_Layer_1:2 0.3333333333333333 0.3333333333333333 1.25 1.97 38 25 1.06 1
1
APP_9_Inner_Layer_1:3 0.3333333333333333 0.3333333333333333 1.25 2.01 4 20 1.31 1
1 2
APP_9_Output_Layer_0 0.06666666666666667 0.06666666666666667 0.25 1.21 35 1 3.93 1
3 4 5 6
12
3.563024815101068
APP_10_Input_Layer_0 0.13333333333333333 0.13333333333333333 0.5 3.55 8 12 2.65 1

APP_10_Inner_Layer_0:0 0.26666666666666666 0.26666666666666666 1.0 3.74 3 26 3.58 1
0
APP_10_Inner_Layer_0:1 0.2 0.2 0.75 2.47 31 28 1.43 1
0
APP_10_Inner_Layer_0:2 0.5333333333333333 0.5333333333333333 2.0 1.19 21 30 1.49 1
0
APP_10_Inner_Layer_1:0 0.4 0.4 1.5 3.09 36 21 1.7 1
2
APP_10_Inner_Layer_1:1 0.4666666666666667 0.4666666666666667 1.75 2.78 12 27 1.65 1
1 3
APP_10_Inner_Layer_2:0 0.6 0.6 2.25 1.63 40 32 2.1 1
5
APP_10_Inner_Layer_2:1 0.6 0.6 2.25 2.79 10 40 1.5 1
4
APP_10_Inner_Layer_3:0 0.3333333333333333 0.3333333333333333 1.25 2.43 40 16 3.33 1
7
APP_10_Inner_Layer_3:1 0.4666666666666667 0.4666666666666667 1.75 3.52 31 16 1.1 1
6 7
APP_10_Inner_Layer_3:2 0.4666666666666667 0.4666666666666667 1.75 1.78 40 10 3.5 1
6 7
APP_10_Output_Layer_0 0.4 0.4 1.5 2.5 38 9 2.32 1
8 9 10
4
3.799176064545029
APP_11_Input_Layer_0 0.13333333333333333 0.13333333333333333 0.5 2.71 14 13 3.37 1

APP_11_Inner_Layer_0:0 0.2 0.2 0.75 3.59 7 28 3.48 1
0
APP_11_Inner_Layer_0:1 0.26666666666666666 0.26666666666666666 1.0 1.43 37 2 2.98 1
0
APP_11_Output_Layer_0 0.06666666666666667 0.06666666666666667 0.25 2.51 7 9 1.88 0
1 2
9
4.3405212159635065
APP_12_Input_Layer_0 0.4 0.4 1.5 2.37 25 32 3.44 1

APP_12_Inner_Layer_0:0 0.2 0.2 0.75 3.97 37 28 3.56 1
0
APP_12_Inner_Layer_1:0 0.13333333333333333 0.13333333333333333 0.5 3.17 19 7 3.71 1
1
APP_12_Inner_Layer_1:1 0.2 0.2 0.75 3.11 1 24 2.27 1
1
APP_12_Inner_Layer_2:0 0.5333333333333333 0.5333333333333333 2.0 2.39 38 16 2.44 1
2
APP_12_Inner_Layer_2:1 0.4 0.4 1.5 2.35 30 18 3.23 1
3
APP_12_Inner_Layer_3:0 0.3333333333333333 0.3333333333333333 1.25 3.1 37 21 3.73 1
5
APP_12_Inner_Layer_3:1 0.5333333333333333 0.5333333333333333 2.0 2.29 19 47 1.6 1
4
APP_12_Output_Layer_0 0.6 0.6 2.25 2.85 10 39 1.85 1
6 7
3
4.8737032262936015
APP_13_Input_Layer_0 0.4 0.4 1.5 1.81 35 37 1.33 1

APP_13_Inner_Layer_0:0 0.4 0.4 1.5 2.53 11 33 1.92 1
0
APP_13_Output_Layer_0 0.6 0.6 2.25 3.23 36 27 3.5 1
1
8
5.398279358078683
APP_14_Input_Layer_0 0.4666666666666667 0.4666666666666667 1.75 2.78 2 23 3.32 1

APP_14_Inner_Layer_0:0 0.13333333333333333 0.13333333333333333 0.5 1.47 45 43 1.46 1
0
APP_14_Inner_Layer_0:1 0.13333333333333333 0.13333333333333333 0.5 2.71 29 40 3.32 1
0
APP_14_Inner_Layer_1:0 0.4 0.4 1.5 2.69 46 5 2.73 1
2
APP_14_Inner_Layer_1:1 0.2 0.2 0.75 2.05 8 23 3.59 1
1 2
APP_14_Inner_Layer_1:2 0.13333333333333333 0.13333333333333333 0.5 2.7 12 14 1.23 1
1
APP_14_Inner_Layer_1:3 0.06666666666666667 0.06666666666666667 0.25 3.11 4 38 2.44 1
1
APP_14_Output_Layer_0 0.06666666666666667 0.06666666666666667 0.25 1.39 48 18 1.75 1
3 4 5 6
13
5.630337903084998
APP_15_Input_Layer_0 0.26666666666666666 0.26666666666666666 1.0 2.74 3 23 2.56 1

APP_15_Inner_Layer_0:0 0.13333333333333333 0.13333333333333333 0.5 3.45 22 6 3.98 1
0
APP_15_Inner_Layer_1:0 0.3333333333333333 0.3333333333333333 1.25 3.05 25 43 1.52 1
1
APP_15_Inner_Layer_1:1 0.4 0.4 1.5 2.55 8 3 1.17 1
1
APP_15_Inner_Layer_1:2 0.5333333333333333 0.5333333333333333 2.0 1.54 11 36 2.97 1
1
APP_15_Inner_Layer_1:3 0.4 0.4 1.5 3.6 2 31 2.74 1
1
APP_15_Inner_Layer_2:0 0.5333333333333333 0.5333333333333333 2.0 3.77 12 1 1.05 1
2 3 5
APP_15_Inner_Layer_2:1 0.4666666666666667 0.4666666666666667 1.75 1.36 42 19 2.36 1
3
APP_15_Inner_Layer_2:2 0.4 0.4 1.5 2.23 6 20 2.75 1
2 3 4 5
APP_15_Inner_Layer_2:3 0.13333333333333333 0.13333333333333333 0.5 1.12 36 12 3.57 1
2
APP_15_Inner_Layer_3:0 0.2 0.2 0.75 2.5 39 9 3.75 1
6 7 8
APP_15_Inner_Layer_3:1 0.3333333333333333 0.3333333333333333 1.25 1.06 11 43 3.77 1
9
APP_15_Output_Layer_0 0.06666666666666667 0.06666666666666667 0.25 2.39 6 18 3.28 0
10 11
7
5.933086670856277
APP_16_Input_Layer_0 0.06666666666666667 0.06666666666666667 0.25 2.95 33 46 1.55 1

APP_16_Inner_Layer_0:0 0.4666666666666667 0.4666666666666667 1.75 2.29 43 48 2.85 1
0
APP_16_Inner_Layer_0:1 0.26666666666666666 0.26666666666666666 1.0 2.01 6 40 1.01 1
0
APP_16_Inner_Layer_1:0 0.4666666666666667 0.4666666666666667 1.75 1.19 49 22 2.31 1
1 2
APP_16_Inner_Layer_2:0 0.4 0.4 1.5 2.85 48 11 1.79 1
3
APP_16_Inner_Layer_3:0 0.4 0.4 1.5 1.27 14 17 3.2 1
4
APP_16_Output_Layer_0 0.5333333333333333 0.5333333333333333 2.0 2.68 31 32 1.08 1
5
5
6.325909384906316
APP_17_Input_Layer_0 0.5333333333333333 0.5333333333333333 2.0 2.09 12 49 1.69 1

APP_17_Inner_Layer_0:0 0.4 0.4 1.5 2.01 14 1 2.41 1
0
APP_17_Inner_Layer_0:1 0.4666666666666667 0.4666666666666667 1.75 2.76 40 28 3.77 1
0
APP_17_Inner_Layer_0:2 0.06666666666666667 0.06666666666666667 0.25 3.99 24 10 1.5 1
0
APP_17_Output_Layer_0 0.26666666666666666 0.26666666666666666 1.0 3.46 29 26 1.07 1
1 2 3
