10
18
9
0
APP_0_Input_Layer_0 0.4 0.4 1.5 1.66 2 29 1.63 1

APP_0_Inner_Layer_0:0 0.3333333333333333 0.3333333333333333 1.25 3.0 11 16 1.16 1
0
APP_0_Inner_Layer_1:0 0.06666666666666667 0.06666666666666667 0.25 3.96 5 33 3.67 1
1
APP_0_Inner_Layer_1:1 0.2 0.2 0.75 3.54 33 13 3.24 1
1
APP_0_Inner_Layer_1:2 0.13333333333333333 0.13333333333333333 0.5 2.02 28 36 2.36 1
1
APP_0_Inner_Layer_1:3 0.4 0.4 1.5 1.12 4 2 3.7 1
1
APP_0_Inner_Layer_2:0 0.3333333333333333 0.3333333333333333 1.25 3.14 40 49 3.64 1
3
APP_0_Inner_Layer_2:1 0.06666666666666667 0.06666666666666667 0.25 2.36 42 2 2.27 1
2 4 5
APP_0_Output_Layer_0 0.26666666666666666 0.26666666666666666 1.0 3.81 17 30 2.07 1
6 7
13
0.37327725692590896
APP_1_Input_Layer_0 0.26666666666666666 0.26666666666666666 1.0 2.99 37 2 3.77 1

APP_1_Inner_Layer_0:0 0.3333333333333333 0.3333333333333333 1.25 2.68 48 6 2.59 1
0
APP_1_Inner_Layer_0:1 0.2 0.2 0.75 2.63 10 3 3.33 1
0
APP_1_Inner_Layer_0:2 0.6 0.6 2.25 2.4 12 20 3.04 1
0
APP_1_Inner_Layer_0:3 0.4666666666666667 0.4666666666666667 1.75 2.62 28 30 3.35 1
0
APP_1_Inner_Layer_1:0 0.06666666666666667 0.06666666666666667 0.25 3.18 33 36 3.03 1
1 2
APP_1_Inner_Layer_1:1 0.2 0.2 0.75 3.27 29 45 3.45 1
2
APP_1_Inner_Layer_1:2 0.06666666666666667 0.06666666666666667 0.25 1.87 20 14 2.8 1
3 4
APP_1_Inner_Layer_2:0 0.2 0.2 0.75 3.46 17 38 2.68 1
6 7
APP_1_Inner_Layer_2:1 0.06666666666666667 0.06666666666666667 0.25 2.69 4 27 2.62 1
7
APP_1_Inner_Layer_2:2 0.06666666666666667 0.06666666666666667 0.25 2.58 3 30 1.51 1
5
APP_1_Inner_Layer_2:3 0.4 0.4 1.5 3.88 47 35 3.83 1
5
APP_1_Output_Layer_0 0.06666666666666667 0.06666666666666667 0.25 2.39 49 45 3.82 1
8 9 10 11
8
0.7583030134867002
APP_2_Input_Layer_0 0.6 0.6 2.25 1.3 10 23 3.38 1

APP_2_Inner_Layer_0:0 0.6 0.6 2.25 2.72 6 2 1.01 1
0
APP_2_Inner_Layer_0:1 0.13333333333333333 0.13333333333333333 0.5 3.3 8 7 1.75 1
0
APP_2_Inner_Layer_0:2 0.2 0.2 0.75 3.96 28 18 2.35 1
0
APP_2_Inner_Layer_0:3 0.3333333333333333 0.3333333333333333 1.25 2.94 24 16 2.86 1
0
APP_2_Inner_Layer_1:0 0.06666666666666667 0.06666666666666667 0.25 3.99 28 49 1.45 1
1 2 3 4
APP_2_Inner_Layer_1:1 0.4666666666666667 0.4666666666666667 1.75 1.57 5 3 1.72 1
2 1 3
APP_2_Output_Layer_0 0.6 0.6 2.25 3.04 33 30 1.06 1
5 6
6
1.0276725543574583
APP_3_Input_Layer_0 0.2 0.2 0.75 2.68 24 10 2.95 1

APP_3_Inner_Layer_0:0 0.4 0.4 1.5 3.59 42 5 1.57 1
0
APP_3_Inner_Layer_1:0 0.6 0.6 2.25 3.15 28 12 2.26 1
1
APP_3_Inner_Layer_1:1 0.4 0.4 1.5 2.79 40 36 1.35 1
1
APP_3_Inner_Layer_1:2 0.4 0.4 1.5 3.48 3 38 1.16 1
1
APP_3_Output_Layer_0 0.5333333333333333 0.5333333333333333 2.0 2.35 35 40 1.51 1
2 3 4
5
1.2944050191777294
APP_4_Input_Layer_0 0.13333333333333333 0.13333333333333333 0.5 2.83 19 36 3.21 0

APP_4_Inner_Layer_0:0 0.2 0.2 0.75 2.85 28 39 3.74 1
0
APP_4_Inner_Layer_0:1 0.5333333333333333 0.5333333333333333 2.0 1.15 25 27 2.04 1
0
APP_4_Inner_Layer_1:0 0.13333333333333333 0.13333333333333333 0.5 2.66 1 35 3.09 1
1 2
APP_4_Output_Layer_0 0.26666666666666666 0.26666666666666666 1.0 1.84 33 13 3.13 1
3
10
1.7316795276157615
APP_5_Input_Layer_0 0.2 0.2 0.75 1.16 10 46 1.15 1

APP_5_Inner_Layer_0:0 0.5333333333333333 0.5333333333333333 2.0 2.78 11 21 1.23 1
0
APP_5_Inner_Layer_1:0 0.2 0.2 0.75 3.34 5 9 2.58 1
1
APP_5_Inner_Layer_1:1 0.4666666666666667 0.4666666666666667 1.75 2.08 14 11 3.71 1
1
APP_5_Inner_Layer_1:2 0.3333333333333333 0.3333333333333333 1.25 3.55 34 36 3.58 1
1
APP_5_Inner_Layer_2:0 0.26666666666666666 0.26666666666666666 1.0 2.07 26 5 3.11 1
3
APP_5_Inner_Layer_2:1 0.06666666666666667 0.06666666666666667 0.25 3.74 22 35 3.17 1
2 4
APP_5_Inner_Layer_2:2 0.5333333333333333 0.5333333333333333 2.0 1.83 48 46 2.28 1
4
APP_5_Inner_Layer_3:0 0.4 0.4 1.5 2.58 45 45 3.65 1
5 6 7
APP_5_Output_Layer_0 0.26666666666666666 0.26666666666666666 1.0 2.22 15 16 1.39 1
8
3
1.9627200987385065
APP_6_Input_Layer_0 0.06666666666666667 0.06666666666666667 0.25 3.52 3 40 1.49 0

APP_6_Inner_Layer_0:0 0.4 0.4 1.5 1.28 39 28 3.61 1
0
APP_6_Output_Layer_0 0.06666666666666667 0.06666666666666667 0.25 3.17 28 38 3.11 1
1
8
2.4125833775698338
APP_7_Input_Layer_0 0.6 0.6 2.25 3.89 31 1 1.42 1

APP_7_Inner_Layer_0:0 0.6 0.6 2.25 3.27 38 7 3.85 1
0
APP_7_Inner_Layer_0:1 0.13333333333333333 0.13333333333333333 0.5 2.13 7 26 1.8 1
0
APP_7_Inner_Layer_0:2 0.13333333333333333 0.13333333333333333 0.5 1.38 34 37 3.7 1
0
APP_7_Inner_Layer_0:3 0.3333333333333333 0.3333333333333333 1.25 2.86 36 44 2.19 1
0
APP_7_Inner_Layer_1:0 0.6 0.6 2.25 3.7 27 19 2.82 1
1 2 3 4
APP_7_Inner_Layer_2:0 0.3333333333333333 0.3333333333333333 1.25 3.28 21 16 2.06 1
5
APP_7_Output_Layer_0 0.26666666666666666 0.26666666666666666 1.0 2.73 13 19 1.54 1
6
4
2.779304862957051
APP_8_Input_Layer_0 0.06666666666666667 0.06666666666666667 0.25 3.59 13 1 2.82 1

APP_8_Inner_Layer_0:0 0.4666666666666667 0.4666666666666667 1.75 3.22 48 36 2.25 1
0
APP_8_Inner_Layer_0:1 0.5333333333333333 0.5333333333333333 2.0 1.04 36 16 2.32 1
0
APP_8_Output_Layer_0 0.2 0.2 0.75 3.58 3 28 2.53 1
1 2
3
3.02288067974556
APP_9_Input_Layer_0 0.4 0.4 1.5 3.79 33 12 3.07 1

APP_9_Inner_Layer_0:0 0.2 0.2 0.75 2.81 26 26 3.36 1
0
APP_9_Output_Layer_0 0.26666666666666666 0.26666666666666666 1.0 2.78 12 27 3.49 1
1
8
3.292888767161146
APP_10_Input_Layer_0 0.26666666666666666 0.26666666666666666 1.0 2.35 20 5 2.13 1

APP_10_Inner_Layer_0:0 0.13333333333333333 0.13333333333333333 0.5 3.43 13 27 2.04 1
0
APP_10_Inner_Layer_0:1 0.13333333333333333 0.13333333333333333 0.5 1.27 20 17 1.55 1
0
APP_10_Inner_Layer_0:2 0.2 0.2 0.75 2.94 4 22 1.96 1
0
APP_10_Inner_Layer_1:0 0.26666666666666666 0.26666666666666666 1.0 3.61 2 24 1.43 1
1 2 3
APP_10_Inner_Layer_1:1 0.13333333333333333 0.13333333333333333 0.5 2.66 17 10 2.34 1
3 1
APP_10_Inner_Layer_2:0 0.5333333333333333 0.5333333333333333 2.0 2.63 48 24 2.12 1
4 5
APP_10_Output_Layer_0 0.4 0.4 1.5 3.57 6 12 3.63 1
6
4
3.755569173601017
APP_11_Input_Layer_0 0.4666666666666667 0.4666666666666667 1.75 2.95 17 4 2.29 1

APP_11_Inner_Layer_0:0 0.13333333333333333 0.13333333333333333 0.5 3.99 31 7 2.99 1
0
APP_11_Inner_Layer_0:1 0.6 0.6 2.25 2.21 13 2 1.4 1
0
APP_11_Output_Layer_0 0.4666666666666667 0.4666666666666667 1.75 1.29 41 20 3.78 1
1 2
10
4.1881354167225755
APP_12_Input_Layer_0 0.3333333333333333 0.3333333333333333 1.25 1.36 21 34 1.05 1

APP_12_Inner_Layer_0:0 0.3333333333333333 0.3333333333333333 1.25 3.06 22 39 1.28 1
0
APP_12_Inner_Layer_0:1 0.2 0.2 0.75 3.4 34 26 1.58 1
0
APP_12_Inner_Layer_0:2 0.06666666666666667 0.06666666666666667 0.25 2.99 22 47 3.0 1
0
APP_12_Inner_Layer_0:3 0.13333333333333333 0.13333333333333333 0.5 3.98 40 22 2.69 1
0
APP_12_Inner_Layer_1:0 0.13333333333333333 0.13333333333333333 0.5 3.48 15 33 3.26 1
1 3 4
APP_12_Inner_Layer_1:1 0.06666666666666667 0.06666666666666667 0.25 3.74 38 2 2.23 1
4
APP_12_Inner_Layer_1:2 0.3333333333333333 0.3333333333333333 1.25 1.78 18 36 1.48 1
2
APP_12_Inner_Layer_1:3 0.13333333333333333 0.13333333333333333 0.5 1.73 15 35 1.1 1
1 4
APP_12_Output_Layer_0 0.26666666666666666 0.26666666666666666 1.0 1.87 33 30 2.22 1
5 6 7 8
10
4.420836458810964
APP_13_Input_Layer_0 0.2 0.2 0.75 2.83 49 3 1.61 1

APP_13_Inner_Layer_0:0 0.6 0.6 2.25 3.41 42 7 3.31 1
0
APP_13_Inner_Layer_0:1 0.2 0.2 0.75 1.58 44 15 2.72 1
0
APP_13_Inner_Layer_1:0 0.06666666666666667 0.06666666666666667 0.25 3.52 45 29 3.26 1
2
APP_13_Inner_Layer_1:1 0.2 0.2 0.75 2.33 40 19 3.4 1
1
APP_13_Inner_Layer_1:2 0.13333333333333333 0.13333333333333333 0.5 2.38 26 48 1.93 1
1
APP_13_Inner_Layer_2:0 0.6 0.6 2.25 2.29 42 16 3.12 1
4 3
APP_13_Inner_Layer_2:1 0.4 0.4 1.5 2.7 39 37 3.64 1
3 4 5
APP_13_Inner_Layer_2:2 0.2 0.2 0.75 1.65 10 13 3.45 1
5 4
APP_13_Output_Layer_0 0.2 0.2 0.75 1.6 5 11 3.03 1
6 7 8
12
4.666982343437239
APP_14_Input_Layer_0 0.4 0.4 1.5 1.78 35 28 1.68 1

APP_14_Inner_Layer_0:0 0.6 0.6 2.25 2.19 47 44 3.12 1
0
APP_14_Inner_Layer_0:1 0.13333333333333333 0.13333333333333333 0.5 2.5 33 36 2.75 1
0
APP_14_Inner_Layer_0:2 0.4 0.4 1.5 1.27 49 19 3.01 1
0
APP_14_Inner_Layer_1:0 0.6 0.6 2.25 2.86 34 1 1.71 1
1
APP_14_Inner_Layer_1:1 0.4 0.4 1.5 3.55 9 22 2.53 1
1 2 3
APP_14_Inner_Layer_1:2 0.4 0.4 1.5 3.74 46 1 1.2 1
3 1
APP_14_Inner_Layer_1:3 0.4 0.4 1.5 2.83 46 45 1.36 1
1 3
APP_14_Inner_Layer_2:0 0.3333333333333333 0.3333333333333333 1.25 2.98 45 28 2.66 1
4 5 6
APP_14_Inner_Layer_2:1 0.3333333333333333 0.3333333333333333 1.25 2.45 19 48 2.05 1
7
APP_14_Inner_Layer_3:0 0.4666666666666667 0.4666666666666667 1.75 3.97 7 29 2.84 1
8 9
APP_14_Output_Layer_0 0.2 0.2 0.75 3.59 43 29 1.03 1
10
6
4.89811058478413
APP_15_Input_Layer_0 0.06666666666666667 0.06666666666666667 0.25 3.24 32 32 1.54 1

APP_15_Inner_Layer_0:0 0.5333333333333333 0.5333333333333333 2.0 1.23 38 8 1.61 1
0
APP_15_Inner_Layer_1:0 0.5333333333333333 0.5333333333333333 2.0 1.35 8 22 2.84 1
1
APP_15_Inner_Layer_1:1 0.2 0.2 0.75 2.53 40 8 2.12 1
1
APP_15_Inner_Layer_1:2 0.4666666666666667 0.4666666666666667 1.75 1.08 43 9 3.77 1
1
APP_15_Output_Layer_0 0.5333333333333333 0.5333333333333333 2.0 1.02 6 40 2.41 1
2 3 4
8
5.215396971615662
APP_16_Input_Layer_0 0.3333333333333333 0.3333333333333333 1.25 2.4 25 26 1.08 1

APP_16_Inner_Layer_0:0 0.6 0.6 2.25 1.45 42 38 3.67 1
0
APP_16_Inner_Layer_0:1 0.4 0.4 1.5 2.07 11 40 3.43 1
0
APP_16_Inner_Layer_0:2 0.13333333333333333 0.13333333333333333 0.5 1.87 3 30 1.63 1
0
APP_16_Inner_Layer_0:3 0.5333333333333333 0.5333333333333333 2.0 2.24 28 24 1.18 1
0
APP_16_Inner_Layer_1:0 0.4666666666666667 0.4666666666666667 1.75 1.16 36 46 3.9 1
1 4
APP_16_Inner_Layer_1:1 0.2 0.2 0.75 3.2 26 48 1.92 1
2 3
APP_16_Output_Layer_0 0.6 0.6 2.25 2.28 1 14 3.75 1
5 6
10
5.617144705641075
APP_17_Input_Layer_0 0.26666666666666666 0.26666666666666666 1.0 2.41 46 45 2.8 1

APP_17_Inner_Layer_0:0 0.2 0.2 0.75 2.2 40 34 1.37 1
0
APP_17_Inner_Layer_0:1 0.26666666666666666 0.26666666666666666 1.0 2.81 31 24 1.02 1
0
APP_17_Inner_Layer_0:2 0.2 0.2 0.75 1.04 40 8 3.17 1
0
APP_17_Inner_Layer_0:3 0.5333333333333333 0.5333333333333333 2.0 1.62 43 46 2.51 1
0
APP_17_Inner_Layer_1:0 0.4 0.4 1.5 2.24 13 29 3.49 1
1 2 3 4
APP_17_Inner_Layer_1:1 0.26666666666666666 0.26666666666666666 1.0 2.2 4 49 1.78 1
4 1 3
APP_17_Inner_Layer_2:0 0.5333333333333333 0.5333333333333333 2.0 2.77 32 26 1.15 1
5
APP_17_Inner_Layer_2:1 0.3333333333333333 0.3333333333333333 1.25 3.48 40 23 1.7 1
6
APP_17_Output_Layer_0 0.13333333333333333 0.13333333333333333 0.5 2.22 25 25 3.83 1
7 8
