20
phantom_start 0 0 0

phantom_start/data 0 77070336 77070336
0
phantom_start/conv1 77070336 95551488 172621824
1
phantom_start/pool1 95551488 22151168 117702656
2
phantom_start/conv2 22151168 66453504 88604672
3
phantom_start/pool2 66453504 14155776 80609280
4
phantom_start/conv3 14155776 28311552 42467328
5
phantom_start/conv4 28311552 18874368 47185920
6
phantom_start/conv5 18874368 18874368 37748736
7
phantom_start/pool5 18874368 3276800 22151168
8
phantom_start/parallel_fc67 3276800 0 3276800
9
parallel_fc67/fc6 0 524288 524288
10
parallel_fc67/dropout6 524288 524288 1048576
11
parallel_fc67/concat6 524288 2097152 2621440
12
parallel_fc67/fc7 2097152 524288 2621440
13
parallel_fc67/dropout7 524288 524288 1048576
14
phantom_start/concat7 524288 2097152 2621440
15
phantom_start/fc8 2097152 512000 2609152
16
phantom_start/softmax 512000 512000 1024000
17
phantom_end 512000 0 512000
18
