17
phantom_start 0 0 0

phantom_start/data 0 77070336 77070336
0
phantom_start/conv1 77070336 95551488 172621824
1
phantom_start/pool1 95551488 22151168 117702656
2
phantom_start/conv2 22151168 66453504 88604672
3
phantom_start/pool2 66453504 14155776 80609280
4
phantom_start/conv3 14155776 28311552 42467328
5
phantom_start/conv4 28311552 18874368 47185920
6
phantom_start/conv5 18874368 18874368 37748736
7
phantom_start/pool5 18874368 3276800 22151168
8
phantom_start/fc6 3276800 2097152 5373952
9
phantom_start/dropout6 2097152 2097152 4194304
10
phantom_start/fc7 2097152 2097152 4194304
11
phantom_start/dropout7 2097152 2097152 4194304
12
phantom_start/fc8 2097152 512000 2609152
13
phantom_start/softmax 512000 512000 1024000
14
phantom_end 512000 0 512000
15
