21
phantom_start 0 0 0

phantom_start/data 0 77070336 77070336
0
phantom_start/conv1 77070336 143327232 220397568
1
phantom_start/cccp1 143327232 143327232 286654464
2
phantom_start/cccp2 143327232 143327232 286654464
3
phantom_start/pool0 143327232 33226752 176553984
4
phantom_start/conv2 33226752 88604672 121831424
5
phantom_start/cccp3 88604672 88604672 177209344
6
phantom_start/cccp4 88604672 88604672 177209344
7
phantom_start/pool2 88604672 18874368 107479040
8
phantom_start/conv3 18874368 28311552 47185920
9
phantom_start/cccp5 28311552 28311552 56623104
10
phantom_start/cccp6 28311552 28311552 56623104
11
phantom_start/pool3 28311552 4915200 33226752
12
phantom_start/drop 4915200 4915200 9830400
13
phantom_start/conv4 4915200 13107200 18022400
14
phantom_start/cccp7 13107200 13107200 26214400
15
phantom_start/cccp8 13107200 12800000 25907200
16
phantom_start/pool4 12800000 512000 13312000
17
phantom_start/softmax 512000 512000 1024000
18
phantom_end 512000 0 512000
19
