17
phantom_start 0 0 0

phantom_start/data 0 81962496 81962496
0
phantom_start/conv1 81962496 102760448 184722944
1
phantom_start/pool1 102760448 25690112 128450560
2
phantom_start/conv2 25690112 75497472 101187584
3
phantom_start/pool2 75497472 18874368 94371840
4
phantom_start/conv3 18874368 37748736 56623104
5
phantom_start/conv4 37748736 75497472 113246208
6
phantom_start/conv5 75497472 75497472 150994944
7
phantom_start/pool5 75497472 18874368 94371840
8
phantom_start/fc6 18874368 1572864 20447232
9
phantom_start/dropout6 1572864 1572864 3145728
10
phantom_start/fc7 1572864 2097152 3670016
11
phantom_start/dropout7 2097152 2097152 4194304
12
phantom_start/fc8 2097152 512000 2609152
13
phantom_start/softmax 512000 512000 1024000
14
phantom_end 512000 0 512000
15
