27
phantom_start 0 0 0

phantom_start/data 0 38535168 38535168
0
phantom_start/conv1-1 38535168 822083584 860618752
1
phantom_start/conv1-2 822083584 822083584 1644167168
2
phantom_start/pool1 822083584 205520896 1027604480
3
phantom_start/conv2-1 205520896 411041792 616562688
4
phantom_start/conv2-2 411041792 411041792 822083584
5
phantom_start/pool2 411041792 102760448 513802240
6
phantom_start/conv3-1 102760448 205520896 308281344
7
phantom_start/conv3-2 205520896 205520896 411041792
8
phantom_start/conv3-3 205520896 205520896 411041792
9
phantom_start/pool3 205520896 51380224 256901120
10
phantom_start/conv4-1 51380224 102760448 154140672
11
phantom_start/conv4-2 102760448 102760448 205520896
12
phantom_start/conv4-3 102760448 102760448 205520896
13
phantom_start/pool4 102760448 25690112 128450560
14
phantom_start/conv5-1 25690112 25690112 51380224
15
phantom_start/conv5-2 25690112 25690112 51380224
16
phantom_start/conv5-3 25690112 25690112 51380224
17
phantom_start/pool5 25690112 6422528 32112640
18
phantom_start/fc6 6422528 1048576 7471104
19
phantom_start/dropout6 1048576 1048576 2097152
20
phantom_start/fc7 1048576 1048576 2097152
21
phantom_start/dropout7 1048576 1048576 2097152
22
phantom_start/fc8 1048576 256000 1304576
23
phantom_start/softmax 256000 256000 512000
24
phantom_end 256000 0 256000
25
