10
7
12
0
APP_0_Input_Layer_0 0.2 0.2 0.75 2.43 36 3 2.96 1

APP_0_Inner_Layer_0:0 0.4666666666666667 0.4666666666666667 1.75 2.04 5 24 1.85 1
0
APP_0_Inner_Layer_0:1 0.3333333333333333 0.3333333333333333 1.25 1.45 7 6 2.54 1
0
APP_0_Inner_Layer_0:2 0.26666666666666666 0.26666666666666666 1.0 1.88 20 40 2.3 1
0
APP_0_Inner_Layer_0:3 0.13333333333333333 0.13333333333333333 0.5 2.64 39 16 1.21 1
0
APP_0_Inner_Layer_1:0 0.26666666666666666 0.26666666666666666 1.0 2.59 22 20 3.65 0
1 3 4
APP_0_Inner_Layer_1:1 0.6 0.6 2.25 1.56 18 6 3.06 1
2
APP_0_Inner_Layer_2:0 0.4 0.4 1.5 1.29 32 38 1.18 0
6
APP_0_Inner_Layer_2:1 0.5333333333333333 0.5333333333333333 2.0 3.11 33 35 3.44 1
6
APP_0_Inner_Layer_2:2 0.2 0.2 0.75 1.81 39 10 2.14 1
6
APP_0_Inner_Layer_2:3 0.13333333333333333 0.13333333333333333 0.5 3.49 19 27 2.03 1
5 6
APP_0_Output_Layer_0 0.6 0.6 2.25 2.99 40 33 2.84 1
7 8 9 10
14
0.8702523366896052
APP_1_Input_Layer_0 0.26666666666666666 0.26666666666666666 1.0 1.86 47 10 3.77 1

APP_1_Inner_Layer_0:0 0.4 0.4 1.5 1.26 31 14 2.7 1
0
APP_1_Inner_Layer_0:1 0.3333333333333333 0.3333333333333333 1.25 2.25 18 16 2.22 1
0
APP_1_Inner_Layer_0:2 0.2 0.2 0.75 3.96 49 41 1.34 1
0
APP_1_Inner_Layer_0:3 0.26666666666666666 0.26666666666666666 1.0 2.12 21 19 3.53 1
0
APP_1_Inner_Layer_1:0 0.5333333333333333 0.5333333333333333 2.0 2.41 4 42 3.17 1
1 2 3 4
APP_1_Inner_Layer_2:0 0.4666666666666667 0.4666666666666667 1.75 1.81 27 31 1.16 1
5
APP_1_Inner_Layer_2:1 0.6 0.6 2.25 1.05 47 46 3.11 1
5
APP_1_Inner_Layer_2:2 0.06666666666666667 0.06666666666666667 0.25 3.95 30 29 3.62 1
5
APP_1_Inner_Layer_2:3 0.2 0.2 0.75 1.08 20 34 2.5 1
5
APP_1_Inner_Layer_3:0 0.6 0.6 2.25 2.91 27 26 2.81 1
6 7 9
APP_1_Inner_Layer_3:1 0.2 0.2 0.75 1.07 33 36 3.42 1
6
APP_1_Inner_Layer_3:2 0.6 0.6 2.25 1.47 20 30 1.04 1
7 8 9
APP_1_Output_Layer_0 0.06666666666666667 0.06666666666666667 0.25 3.9 45 22 3.67 1
10 11 12
3
2.1414720236786584
APP_2_Input_Layer_0 0.6 0.6 2.25 3.33 28 42 1.91 1

APP_2_Inner_Layer_0:0 0.3333333333333333 0.3333333333333333 1.25 1.47 5 49 1.19 1
0
APP_2_Output_Layer_0 0.4 0.4 1.5 2.41 39 46 1.61 1
1
10
2.846528872692317
APP_3_Input_Layer_0 0.3333333333333333 0.3333333333333333 1.25 2.04 43 5 3.87 1

APP_3_Inner_Layer_0:0 0.26666666666666666 0.26666666666666666 1.0 1.68 2 36 3.95 1
0
APP_3_Inner_Layer_1:0 0.3333333333333333 0.3333333333333333 1.25 2.7 49 48 1.17 1
1
APP_3_Inner_Layer_1:1 0.4 0.4 1.5 3.59 5 4 1.09 1
1
APP_3_Inner_Layer_1:2 0.06666666666666667 0.06666666666666667 0.25 2.82 15 41 3.09 1
1
APP_3_Inner_Layer_1:3 0.6 0.6 2.25 3.09 4 30 1.34 1
1
APP_3_Inner_Layer_2:0 0.6 0.6 2.25 2.12 17 26 2.16 1
2
APP_3_Inner_Layer_2:1 0.4 0.4 1.5 3.95 20 32 3.12 1
3 4 5
APP_3_Inner_Layer_3:0 0.6 0.6 2.25 1.35 40 46 3.0 1
6 7
APP_3_Output_Layer_0 0.6 0.6 2.25 2.6 5 23 1.65 1
8
7
3.755777621621141
APP_4_Input_Layer_0 0.2 0.2 0.75 1.77 13 2 2.81 0

APP_4_Inner_Layer_0:0 0.3333333333333333 0.3333333333333333 1.25 3.34 30 13 1.32 0
0
APP_4_Inner_Layer_0:1 0.2 0.2 0.75 1.83 10 45 1.8 1
0
APP_4_Inner_Layer_1:0 0.2 0.2 0.75 3.28 16 43 2.7 1
1 2
APP_4_Inner_Layer_2:0 0.5333333333333333 0.5333333333333333 2.0 1.98 11 45 3.24 1
3
APP_4_Inner_Layer_2:1 0.4666666666666667 0.4666666666666667 1.75 1.48 5 45 1.82 1
3
APP_4_Output_Layer_0 0.4666666666666667 0.4666666666666667 1.75 1.05 40 22 1.6 0
4 5
8
4.367999319622297
APP_5_Input_Layer_0 0.4 0.4 1.5 2.95 26 38 3.61 1

APP_5_Inner_Layer_0:0 0.26666666666666666 0.26666666666666666 1.0 3.29 4 18 2.62 1
0
APP_5_Inner_Layer_1:0 0.13333333333333333 0.13333333333333333 0.5 2.94 2 43 2.04 1
1
APP_5_Inner_Layer_2:0 0.5333333333333333 0.5333333333333333 2.0 2.42 11 40 1.12 1
2
APP_5_Inner_Layer_2:1 0.2 0.2 0.75 3.33 6 28 1.18 1
2
APP_5_Inner_Layer_2:2 0.5333333333333333 0.5333333333333333 2.0 1.33 48 18 1.46 1
2
APP_5_Inner_Layer_2:3 0.13333333333333333 0.13333333333333333 0.5 3.06 12 45 3.0 1
2
APP_5_Output_Layer_0 0.4 0.4 1.5 1.08 7 34 2.14 1
3 4 5 6
14
5.647837787068515
APP_6_Input_Layer_0 0.06666666666666667 0.06666666666666667 0.25 3.31 42 5 2.89 1

APP_6_Inner_Layer_0:0 0.4666666666666667 0.4666666666666667 1.75 2.36 43 20 3.3 0
0
APP_6_Inner_Layer_0:1 0.06666666666666667 0.06666666666666667 0.25 3.26 46 11 3.73 1
0
APP_6_Inner_Layer_0:2 0.13333333333333333 0.13333333333333333 0.5 1.45 1 10 3.45 1
0
APP_6_Inner_Layer_1:0 0.4 0.4 1.5 1.62 20 2 1.65 0
1 2
APP_6_Inner_Layer_1:1 0.4666666666666667 0.4666666666666667 1.75 2.61 23 27 3.2 1
3
APP_6_Inner_Layer_2:0 0.4666666666666667 0.4666666666666667 1.75 3.97 20 38 1.61 0
5
APP_6_Inner_Layer_2:1 0.26666666666666666 0.26666666666666666 1.0 2.2 28 42 3.16 1
4
APP_6_Inner_Layer_2:2 0.3333333333333333 0.3333333333333333 1.25 3.8 11 42 3.38 1
4 5
APP_6_Inner_Layer_3:0 0.06666666666666667 0.06666666666666667 0.25 2.62 6 28 1.29 1
7
APP_6_Inner_Layer_3:1 0.5333333333333333 0.5333333333333333 2.0 3.32 39 49 1.85 1
8
APP_6_Inner_Layer_3:2 0.5333333333333333 0.5333333333333333 2.0 3.65 49 26 3.35 1
7
APP_6_Inner_Layer_3:3 0.13333333333333333 0.13333333333333333 0.5 3.79 32 25 3.22 1
6
APP_6_Output_Layer_0 0.4 0.4 1.5 1.7 21 49 1.23 1
9 10 11 12
