10
7
7
0
APP_0_Input_Layer_0 0.06666666666666667 0.06666666666666667 0.25 2.86 2 14 1.46 1

APP_0_Inner_Layer_0:0 0.26666666666666666 0.26666666666666666 1.0 2.23 27 33 1.12 1
0
APP_0_Inner_Layer_0:1 0.26666666666666666 0.26666666666666666 1.0 2.58 7 6 1.16 1
0
APP_0_Inner_Layer_1:0 0.13333333333333333 0.13333333333333333 0.5 2.93 27 17 2.4 1
2
APP_0_Inner_Layer_1:1 0.2 0.2 0.75 1.7 39 35 1.07 1
1 2
APP_0_Inner_Layer_2:0 0.4 0.4 1.5 3.55 12 30 3.14 1
3 4
APP_0_Output_Layer_0 0.4666666666666667 0.4666666666666667 1.75 3.79 12 19 2.53 1
5
9
0.7543285174727101
APP_1_Input_Layer_0 0.13333333333333333 0.13333333333333333 0.5 1.53 46 30 2.88 1

APP_1_Inner_Layer_0:0 0.3333333333333333 0.3333333333333333 1.25 2.29 1 17 3.24 1
0
APP_1_Inner_Layer_0:1 0.4 0.4 1.5 1.06 33 27 2.26 1
0
APP_1_Inner_Layer_1:0 0.4666666666666667 0.4666666666666667 1.75 1.14 9 37 1.28 1
1
APP_1_Inner_Layer_1:1 0.3333333333333333 0.3333333333333333 1.25 3.35 13 33 2.28 1
2
APP_1_Inner_Layer_1:2 0.13333333333333333 0.13333333333333333 0.5 3.64 25 47 2.96 1
1
APP_1_Inner_Layer_2:0 0.26666666666666666 0.26666666666666666 1.0 1.82 6 4 1.11 1
3 4
APP_1_Inner_Layer_2:1 0.4666666666666667 0.4666666666666667 1.75 3.39 25 14 3.77 1
5
APP_1_Output_Layer_0 0.4666666666666667 0.4666666666666667 1.75 3.41 26 28 2.62 1
6 7
5
1.6165294169754487
APP_2_Input_Layer_0 0.13333333333333333 0.13333333333333333 0.5 3.8 28 39 3.56 1

APP_2_Inner_Layer_0:0 0.4 0.4 1.5 1.69 19 18 2.78 1
0
APP_2_Inner_Layer_0:1 0.4 0.4 1.5 3.6 12 40 2.09 1
0
APP_2_Inner_Layer_0:2 0.13333333333333333 0.13333333333333333 0.5 1.6 36 24 3.55 1
0
APP_2_Output_Layer_0 0.06666666666666667 0.06666666666666667 0.25 3.68 38 11 2.87 1
1 2 3
3
2.9538404024563842
APP_3_Input_Layer_0 0.6 0.6 2.25 1.98 20 5 2.75 1

APP_3_Inner_Layer_0:0 0.26666666666666666 0.26666666666666666 1.0 1.56 26 11 1.69 1
0
APP_3_Output_Layer_0 0.2 0.2 0.75 3.19 28 16 2.81 1
1
7
4.108534931574402
APP_4_Input_Layer_0 0.4 0.4 1.5 1.94 12 39 1.91 1

APP_4_Inner_Layer_0:0 0.2 0.2 0.75 3.77 40 7 1.09 1
0
APP_4_Inner_Layer_0:1 0.5333333333333333 0.5333333333333333 2.0 1.82 17 4 1.25 1
0
APP_4_Inner_Layer_1:0 0.4 0.4 1.5 1.14 36 31 1.34 1
2
APP_4_Inner_Layer_1:1 0.26666666666666666 0.26666666666666666 1.0 3.22 13 49 3.16 1
2
APP_4_Inner_Layer_1:2 0.3333333333333333 0.3333333333333333 1.25 2.22 16 10 3.65 1
1
APP_4_Output_Layer_0 0.4 0.4 1.5 1.31 44 22 3.56 1
3 4 5
8
4.666519445044125
APP_5_Input_Layer_0 0.5333333333333333 0.5333333333333333 2.0 1.85 34 4 1.99 1

APP_5_Inner_Layer_0:0 0.5333333333333333 0.5333333333333333 2.0 1.67 31 32 2.38 1
0
APP_5_Inner_Layer_1:0 0.26666666666666666 0.26666666666666666 1.0 3.98 32 45 1.98 1
1
APP_5_Inner_Layer_1:1 0.4666666666666667 0.4666666666666667 1.75 3.11 8 28 1.52 1
1
APP_5_Inner_Layer_2:0 0.4666666666666667 0.4666666666666667 1.75 3.8 44 16 3.74 1
3
APP_5_Inner_Layer_2:1 0.6 0.6 2.25 3.35 7 45 1.33 1
2
APP_5_Inner_Layer_2:2 0.4666666666666667 0.4666666666666667 1.75 3.62 49 38 2.27 1
2
APP_5_Output_Layer_0 0.3333333333333333 0.3333333333333333 1.25 3.77 5 4 1.03 1
4 5 6
3
5.8786098415777355
APP_6_Input_Layer_0 0.26666666666666666 0.26666666666666666 1.0 1.79 14 9 3.6 1

APP_6_Inner_Layer_0:0 0.6 0.6 2.25 3.43 17 5 3.01 0
0
APP_6_Output_Layer_0 0.4 0.4 1.5 3.18 36 47 1.11 1
1
