10
13
9
0
APP_0_Input_Layer_0 0.13333333333333333 0.13333333333333333 0.5 3.94 26 4 2.26 1

APP_0_Inner_Layer_0:0 0.6 0.6 2.25 3.59 15 19 2.44 1
0
APP_0_Inner_Layer_0:1 0.2 0.2 0.75 3.58 25 29 1.51 1
0
APP_0_Inner_Layer_1:0 0.06666666666666667 0.06666666666666667 0.25 1.78 14 29 2.95 1
1
APP_0_Inner_Layer_1:1 0.4666666666666667 0.4666666666666667 1.75 3.98 22 5 3.12 1
1 2
APP_0_Inner_Layer_2:0 0.2 0.2 0.75 2.24 5 46 1.62 1
3
APP_0_Inner_Layer_2:1 0.4 0.4 1.5 1.48 35 5 3.45 1
3 4
APP_0_Inner_Layer_2:2 0.3333333333333333 0.3333333333333333 1.25 1.78 18 9 3.09 1
4
APP_0_Output_Layer_0 0.26666666666666666 0.26666666666666666 1.0 1.9 30 36 1.08 1
5 6 7
5
0.593349356756558
APP_1_Input_Layer_0 0.2 0.2 0.75 1.65 48 29 3.29 1

APP_1_Inner_Layer_0:0 0.2 0.2 0.75 2.54 11 23 3.24 1
0
APP_1_Inner_Layer_0:1 0.26666666666666666 0.26666666666666666 1.0 1.38 34 45 3.47 1
0
APP_1_Inner_Layer_0:2 0.4666666666666667 0.4666666666666667 1.75 2.6 37 45 3.15 1
0
APP_1_Output_Layer_0 0.26666666666666666 0.26666666666666666 1.0 1.87 5 20 1.86 1
1 2 3
8
0.9938546907749628
APP_2_Input_Layer_0 0.26666666666666666 0.26666666666666666 1.0 3.12 34 21 2.36 1

APP_2_Inner_Layer_0:0 0.26666666666666666 0.26666666666666666 1.0 3.88 29 48 1.56 1
0
APP_2_Inner_Layer_0:1 0.26666666666666666 0.26666666666666666 1.0 1.73 16 6 3.99 1
0
APP_2_Inner_Layer_1:0 0.4 0.4 1.5 3.94 27 2 2.74 1
1
APP_2_Inner_Layer_1:1 0.4 0.4 1.5 3.43 2 49 1.85 1
2
APP_2_Inner_Layer_2:0 0.4 0.4 1.5 1.52 20 39 3.06 1
3 4
APP_2_Inner_Layer_3:0 0.4666666666666667 0.4666666666666667 1.75 2.42 22 33 1.01 1
5
APP_2_Output_Layer_0 0.6 0.6 2.25 2.68 41 48 3.52 0
6
12
1.6572861228524804
APP_3_Input_Layer_0 0.6 0.6 2.25 2.94 12 12 2.66 1

APP_3_Inner_Layer_0:0 0.3333333333333333 0.3333333333333333 1.25 2.72 1 6 1.4 1
0
APP_3_Inner_Layer_0:1 0.4666666666666667 0.4666666666666667 1.75 3.7 32 3 3.68 1
0
APP_3_Inner_Layer_0:2 0.4 0.4 1.5 3.17 9 22 3.43 1
0
APP_3_Inner_Layer_0:3 0.6 0.6 2.25 3.54 37 12 3.39 1
0
APP_3_Inner_Layer_1:0 0.6 0.6 2.25 1.21 16 1 2.32 1
1 2 3
APP_3_Inner_Layer_1:1 0.13333333333333333 0.13333333333333333 0.5 1.12 15 47 1.41 1
4
APP_3_Inner_Layer_2:0 0.3333333333333333 0.3333333333333333 1.25 1.05 23 41 3.29 1
6
APP_3_Inner_Layer_2:1 0.06666666666666667 0.06666666666666667 0.25 3.27 45 31 2.85 1
5
APP_3_Inner_Layer_2:2 0.6 0.6 2.25 2.53 3 9 3.93 1
6
APP_3_Inner_Layer_2:3 0.6 0.6 2.25 2.17 37 5 2.92 1
5
APP_3_Output_Layer_0 0.2 0.2 0.75 3.47 18 26 1.55 1
7 8 9 10
12
2.1792561772776664
APP_4_Input_Layer_0 0.4666666666666667 0.4666666666666667 1.75 2.87 1 2 3.4 1

APP_4_Inner_Layer_0:0 0.13333333333333333 0.13333333333333333 0.5 3.19 45 39 1.59 1
0
APP_4_Inner_Layer_1:0 0.4666666666666667 0.4666666666666667 1.75 1.95 15 36 1.76 1
1
APP_4_Inner_Layer_1:1 0.2 0.2 0.75 1.36 20 18 2.08 1
1
APP_4_Inner_Layer_2:0 0.06666666666666667 0.06666666666666667 0.25 3.81 37 17 2.77 1
3
APP_4_Inner_Layer_2:1 0.6 0.6 2.25 1.32 43 6 3.57 1
2 3
APP_4_Inner_Layer_2:2 0.6 0.6 2.25 1.83 27 17 2.0 1
2
APP_4_Inner_Layer_2:3 0.13333333333333333 0.13333333333333333 0.5 2.01 37 28 3.5 1
2
APP_4_Inner_Layer_3:0 0.5333333333333333 0.5333333333333333 2.0 2.0 5 16 3.77 1
4 6 7
APP_4_Inner_Layer_3:1 0.13333333333333333 0.13333333333333333 0.5 3.75 3 35 3.33 1
4 5
APP_4_Inner_Layer_3:2 0.6 0.6 2.25 1.19 28 32 2.4 1
5 6
APP_4_Output_Layer_0 0.4666666666666667 0.4666666666666667 1.75 1.43 34 33 1.66 1
8 9 10
10
2.693763235075376
APP_5_Input_Layer_0 0.6 0.6 2.25 1.3 44 7 1.44 1

APP_5_Inner_Layer_0:0 0.5333333333333333 0.5333333333333333 2.0 1.54 16 18 2.63 1
0
APP_5_Inner_Layer_0:1 0.4 0.4 1.5 3.07 31 2 2.07 1
0
APP_5_Inner_Layer_0:2 0.4666666666666667 0.4666666666666667 1.75 1.28 11 41 1.62 1
0
APP_5_Inner_Layer_0:3 0.4 0.4 1.5 1.46 17 17 1.18 1
0
APP_5_Inner_Layer_1:0 0.4666666666666667 0.4666666666666667 1.75 3.11 28 23 2.25 1
4
APP_5_Inner_Layer_1:1 0.4666666666666667 0.4666666666666667 1.75 1.44 31 5 3.93 1
3
APP_5_Inner_Layer_1:2 0.5333333333333333 0.5333333333333333 2.0 2.78 11 5 3.14 1
1 3
APP_5_Inner_Layer_1:3 0.6 0.6 2.25 1.63 11 46 3.65 1
2 3
APP_5_Output_Layer_0 0.06666666666666667 0.06666666666666667 0.25 3.47 39 29 1.29 1
5 6 7 8
11
3.435593611799718
APP_6_Input_Layer_0 0.13333333333333333 0.13333333333333333 0.5 1.48 13 14 1.76 1

APP_6_Inner_Layer_0:0 0.4666666666666667 0.4666666666666667 1.75 1.54 7 5 2.95 1
0
APP_6_Inner_Layer_0:1 0.3333333333333333 0.3333333333333333 1.25 2.91 29 31 2.58 1
0
APP_6_Inner_Layer_0:2 0.3333333333333333 0.3333333333333333 1.25 1.17 46 23 2.8 1
0
APP_6_Inner_Layer_1:0 0.5333333333333333 0.5333333333333333 2.0 3.81 11 1 1.06 1
1 2 3
APP_6_Inner_Layer_2:0 0.4 0.4 1.5 1.56 17 47 1.63 1
4
APP_6_Inner_Layer_2:1 0.4666666666666667 0.4666666666666667 1.75 2.26 15 28 1.18 1
4
APP_6_Inner_Layer_2:2 0.6 0.6 2.25 2.47 35 31 1.86 1
4
APP_6_Inner_Layer_3:0 0.4666666666666667 0.4666666666666667 1.75 3.27 44 1 2.41 1
7
APP_6_Inner_Layer_3:1 0.06666666666666667 0.06666666666666667 0.25 2.96 31 38 1.67 1
5 6
APP_6_Output_Layer_0 0.06666666666666667 0.06666666666666667 0.25 3.79 9 5 3.28 1
8 9
10
3.9319918133272704
APP_7_Input_Layer_0 0.2 0.2 0.75 1.58 38 26 3.59 1

APP_7_Inner_Layer_0:0 0.2 0.2 0.75 2.31 38 43 1.42 1
0
APP_7_Inner_Layer_0:1 0.06666666666666667 0.06666666666666667 0.25 3.8 48 8 2.31 1
0
APP_7_Inner_Layer_0:2 0.5333333333333333 0.5333333333333333 2.0 3.35 22 47 1.5 1
0
APP_7_Inner_Layer_0:3 0.06666666666666667 0.06666666666666667 0.25 1.01 22 21 2.12 1
0
APP_7_Inner_Layer_1:0 0.5333333333333333 0.5333333333333333 2.0 2.0 38 34 2.69 1
1 3 4
APP_7_Inner_Layer_1:1 0.2 0.2 0.75 2.5 35 24 3.18 1
2
APP_7_Inner_Layer_2:0 0.4666666666666667 0.4666666666666667 1.75 3.1 22 44 1.89 1
5
APP_7_Inner_Layer_2:1 0.06666666666666667 0.06666666666666667 0.25 3.99 22 33 2.13 1
6
APP_7_Output_Layer_0 0.6 0.6 2.25 1.99 15 36 3.58 1
7 8
10
4.461556426253502
APP_8_Input_Layer_0 0.13333333333333333 0.13333333333333333 0.5 3.93 47 36 1.14 1

APP_8_Inner_Layer_0:0 0.6 0.6 2.25 2.4 18 36 3.27 1
0
APP_8_Inner_Layer_0:1 0.4 0.4 1.5 3.93 22 28 2.94 1
0
APP_8_Inner_Layer_0:2 0.6 0.6 2.25 1.33 36 27 1.07 1
0
APP_8_Inner_Layer_0:3 0.13333333333333333 0.13333333333333333 0.5 3.45 18 22 3.26 1
0
APP_8_Inner_Layer_1:0 0.4666666666666667 0.4666666666666667 1.75 3.08 1 6 1.06 1
3
APP_8_Inner_Layer_1:1 0.2 0.2 0.75 2.38 31 23 3.42 1
2
APP_8_Inner_Layer_1:2 0.6 0.6 2.25 2.82 12 11 3.34 1
2 4
APP_8_Inner_Layer_1:3 0.4 0.4 1.5 3.32 3 29 1.56 1
1 3
APP_8_Output_Layer_0 0.5333333333333333 0.5333333333333333 2.0 1.32 21 23 2.61 1
5 6 7 8
6
4.9642163683339735
APP_9_Input_Layer_0 0.6 0.6 2.25 3.73 32 20 2.53 1

APP_9_Inner_Layer_0:0 0.3333333333333333 0.3333333333333333 1.25 3.36 11 33 2.13 1
0
APP_9_Inner_Layer_0:1 0.3333333333333333 0.3333333333333333 1.25 3.51 18 36 2.57 1
0
APP_9_Inner_Layer_0:2 0.06666666666666667 0.06666666666666667 0.25 2.98 18 14 2.76 1
0
APP_9_Inner_Layer_0:3 0.26666666666666666 0.26666666666666666 1.0 3.68 24 26 3.34 1
0
APP_9_Output_Layer_0 0.5333333333333333 0.5333333333333333 2.0 3.27 37 33 1.76 1
1 2 3 4
5
5.282729985146555
APP_10_Input_Layer_0 0.4 0.4 1.5 1.45 5 31 2.0 1

APP_10_Inner_Layer_0:0 0.4666666666666667 0.4666666666666667 1.75 2.1 23 11 1.11 1
0
APP_10_Inner_Layer_0:1 0.06666666666666667 0.06666666666666667 0.25 1.03 20 19 3.29 1
0
APP_10_Inner_Layer_0:2 0.26666666666666666 0.26666666666666666 1.0 2.41 22 41 2.1 1
0
APP_10_Output_Layer_0 0.26666666666666666 0.26666666666666666 1.0 3.72 5 12 1.27 1
1 2 3
7
5.616019502593109
APP_11_Input_Layer_0 0.6 0.6 2.25 3.95 12 19 1.11 1

APP_11_Inner_Layer_0:0 0.6 0.6 2.25 1.14 6 31 3.2 1
0
APP_11_Inner_Layer_0:1 0.13333333333333333 0.13333333333333333 0.5 1.33 22 43 2.54 1
0
APP_11_Inner_Layer_1:0 0.13333333333333333 0.13333333333333333 0.5 1.59 27 8 1.33 1
1
APP_11_Inner_Layer_1:1 0.3333333333333333 0.3333333333333333 1.25 2.6 26 20 1.92 1
2
APP_11_Inner_Layer_2:0 0.4 0.4 1.5 3.82 19 22 1.11 1
3 4
APP_11_Output_Layer_0 0.5333333333333333 0.5333333333333333 2.0 2.04 19 20 1.42 1
5
11
6.291796444810308
APP_12_Input_Layer_0 0.6 0.6 2.25 3.93 8 1 2.1 1

APP_12_Inner_Layer_0:0 0.4666666666666667 0.4666666666666667 1.75 3.69 49 19 1.92 1
0
APP_12_Inner_Layer_0:1 0.6 0.6 2.25 3.19 22 2 1.22 1
0
APP_12_Inner_Layer_0:2 0.3333333333333333 0.3333333333333333 1.25 2.0 13 28 3.05 1
0
APP_12_Inner_Layer_0:3 0.13333333333333333 0.13333333333333333 0.5 1.12 20 34 1.46 1
0
APP_12_Inner_Layer_1:0 0.3333333333333333 0.3333333333333333 1.25 1.18 18 40 1.14 1
2 3
APP_12_Inner_Layer_1:1 0.4 0.4 1.5 2.03 38 26 3.7 1
3 4
APP_12_Inner_Layer_1:2 0.6 0.6 2.25 3.62 16 40 2.18 1
1 2
APP_12_Inner_Layer_1:3 0.4666666666666667 0.4666666666666667 1.75 1.09 25 4 1.51 1
2 3 4
APP_12_Inner_Layer_2:0 0.6 0.6 2.25 1.41 9 10 2.23 1
5 6 7 8
APP_12_Output_Layer_0 0.6 0.6 2.25 3.51 35 12 1.8 1
9
