10
13
12
0
APP_0_Input_Layer_0 0.6 0.6 2.25 1.83 7 2 3.42 1

APP_0_Inner_Layer_0:0 0.13333333333333333 0.13333333333333333 0.5 1.41 20 21 3.78 1
0
APP_0_Inner_Layer_0:1 0.6 0.6 2.25 2.6 17 47 2.27 1
0
APP_0_Inner_Layer_0:2 0.5333333333333333 0.5333333333333333 2.0 2.63 12 42 3.89 1
0
APP_0_Inner_Layer_1:0 0.5333333333333333 0.5333333333333333 2.0 1.62 13 32 1.68 1
1 2
APP_0_Inner_Layer_1:1 0.4 0.4 1.5 2.36 4 16 3.49 1
1
APP_0_Inner_Layer_1:2 0.3333333333333333 0.3333333333333333 1.25 2.45 31 17 2.53 1
3
APP_0_Inner_Layer_1:3 0.26666666666666666 0.26666666666666666 1.0 3.92 22 9 3.7 1
1
APP_0_Inner_Layer_2:0 0.2 0.2 0.75 2.65 45 36 1.17 1
4 5 6 7
APP_0_Inner_Layer_3:0 0.26666666666666666 0.26666666666666666 1.0 1.21 1 10 1.36 1
8
APP_0_Inner_Layer_3:1 0.26666666666666666 0.26666666666666666 1.0 1.57 29 18 1.99 1
8
APP_0_Output_Layer_0 0.5333333333333333 0.5333333333333333 2.0 2.96 17 4 2.65 1
9 10
17
0.3592055531306823
APP_1_Input_Layer_0 0.26666666666666666 0.26666666666666666 1.0 1.36 5 2 3.14 1

APP_1_Inner_Layer_0:0 0.4666666666666667 0.4666666666666667 1.75 3.67 31 48 2.83 1
0
APP_1_Inner_Layer_0:1 0.3333333333333333 0.3333333333333333 1.25 2.1 29 23 3.64 1
0
APP_1_Inner_Layer_0:2 0.06666666666666667 0.06666666666666667 0.25 3.18 33 28 3.16 1
0
APP_1_Inner_Layer_0:3 0.3333333333333333 0.3333333333333333 1.25 2.57 49 47 1.95 1
0
APP_1_Inner_Layer_1:0 0.3333333333333333 0.3333333333333333 1.25 1.98 27 40 2.73 1
4
APP_1_Inner_Layer_1:1 0.2 0.2 0.75 2.95 47 23 2.02 1
1 2 4
APP_1_Inner_Layer_1:2 0.13333333333333333 0.13333333333333333 0.5 1.13 27 10 1.84 1
1 2 3 4
APP_1_Inner_Layer_1:3 0.13333333333333333 0.13333333333333333 0.5 1.81 47 25 3.36 1
1 4 3
APP_1_Inner_Layer_2:0 0.26666666666666666 0.26666666666666666 1.0 1.41 37 18 1.25 1
5 6 7 8
APP_1_Inner_Layer_2:1 0.6 0.6 2.25 1.46 25 36 3.01 1
7 8
APP_1_Inner_Layer_2:2 0.06666666666666667 0.06666666666666667 0.25 2.44 45 14 3.85 1
5 6
APP_1_Inner_Layer_3:0 0.3333333333333333 0.3333333333333333 1.25 2.81 18 46 1.43 1
9
APP_1_Inner_Layer_3:1 0.26666666666666666 0.26666666666666666 1.0 2.41 48 32 2.81 1
9 10
APP_1_Inner_Layer_3:2 0.4666666666666667 0.4666666666666667 1.75 2.96 20 19 3.05 1
11
APP_1_Inner_Layer_3:3 0.5333333333333333 0.5333333333333333 2.0 3.77 46 41 3.58 1
9 10 11
APP_1_Output_Layer_0 0.4 0.4 1.5 2.14 16 28 2.33 1
12 13 14 15
3
1.0240050901891093
APP_2_Input_Layer_0 0.4666666666666667 0.4666666666666667 1.75 1.37 2 19 1.2 1

APP_2_Inner_Layer_0:0 0.2 0.2 0.75 1.31 43 37 2.42 1
0
APP_2_Output_Layer_0 0.06666666666666667 0.06666666666666667 0.25 1.87 14 33 1.54 1
1
11
1.4716580659132046
APP_3_Input_Layer_0 0.06666666666666667 0.06666666666666667 0.25 3.4 48 2 1.22 1

APP_3_Inner_Layer_0:0 0.26666666666666666 0.26666666666666666 1.0 3.16 8 21 1.2 1
0
APP_3_Inner_Layer_0:1 0.4 0.4 1.5 3.49 9 11 2.43 1
0
APP_3_Inner_Layer_0:2 0.4 0.4 1.5 1.52 49 5 3.89 1
0
APP_3_Inner_Layer_1:0 0.13333333333333333 0.13333333333333333 0.5 3.08 21 38 1.53 1
1 2 3
APP_3_Inner_Layer_1:1 0.5333333333333333 0.5333333333333333 2.0 2.28 26 47 2.35 1
2
APP_3_Inner_Layer_1:2 0.4 0.4 1.5 1.21 17 4 3.51 1
1
APP_3_Inner_Layer_1:3 0.06666666666666667 0.06666666666666667 0.25 1.48 22 48 2.7 1
2
APP_3_Inner_Layer_2:0 0.13333333333333333 0.13333333333333333 0.5 1.39 29 1 2.97 1
7
APP_3_Inner_Layer_2:1 0.4666666666666667 0.4666666666666667 1.75 2.26 29 1 1.5 1
4 5 6
APP_3_Output_Layer_0 0.06666666666666667 0.06666666666666667 0.25 2.3 44 39 2.7 0
8 9
15
1.8032557684695363
APP_4_Input_Layer_0 0.26666666666666666 0.26666666666666666 1.0 2.18 10 29 1.59 1

APP_4_Inner_Layer_0:0 0.4 0.4 1.5 3.25 20 29 3.35 1
0
APP_4_Inner_Layer_1:0 0.13333333333333333 0.13333333333333333 0.5 2.56 11 3 1.61 1
1
APP_4_Inner_Layer_1:1 0.6 0.6 2.25 1.99 48 45 1.49 1
1
APP_4_Inner_Layer_1:2 0.13333333333333333 0.13333333333333333 0.5 3.44 43 5 3.95 1
1
APP_4_Inner_Layer_1:3 0.3333333333333333 0.3333333333333333 1.25 3.01 23 45 2.11 1
1
APP_4_Inner_Layer_2:0 0.26666666666666666 0.26666666666666666 1.0 3.83 10 45 1.5 1
4 5
APP_4_Inner_Layer_2:1 0.2 0.2 0.75 3.6 20 34 2.83 1
2 3
APP_4_Inner_Layer_2:2 0.06666666666666667 0.06666666666666667 0.25 2.64 43 37 1.49 1
2 4 5
APP_4_Inner_Layer_2:3 0.2 0.2 0.75 2.05 43 2 3.49 1
2 3 4 5
APP_4_Inner_Layer_3:0 0.26666666666666666 0.26666666666666666 1.0 2.26 41 15 3.64 1
7 9
APP_4_Inner_Layer_3:1 0.26666666666666666 0.26666666666666666 1.0 2.12 25 48 3.74 1
6 7 8 9
APP_4_Inner_Layer_3:2 0.26666666666666666 0.26666666666666666 1.0 1.57 49 47 3.56 1
6 8 9
APP_4_Inner_Layer_3:3 0.6 0.6 2.25 1.26 26 15 3.11 1
6 7
APP_4_Output_Layer_0 0.26666666666666666 0.26666666666666666 1.0 3.39 36 1 2.24 1
10 11 12 13
9
2.3948200657761323
APP_5_Input_Layer_0 0.26666666666666666 0.26666666666666666 1.0 1.69 16 29 2.92 1

APP_5_Inner_Layer_0:0 0.2 0.2 0.75 2.93 8 11 1.76 1
0
APP_5_Inner_Layer_0:1 0.4 0.4 1.5 3.75 4 11 1.02 1
0
APP_5_Inner_Layer_0:2 0.5333333333333333 0.5333333333333333 2.0 3.51 12 37 3.41 1
0
APP_5_Inner_Layer_0:3 0.26666666666666666 0.26666666666666666 1.0 3.93 14 48 3.74 1
0
APP_5_Inner_Layer_1:0 0.06666666666666667 0.06666666666666667 0.25 3.06 24 7 2.16 1
2 3
APP_5_Inner_Layer_1:1 0.26666666666666666 0.26666666666666666 1.0 3.48 37 49 1.97 1
1 3 4
APP_5_Inner_Layer_1:2 0.06666666666666667 0.06666666666666667 0.25 2.34 46 7 2.64 1
1 3
APP_5_Output_Layer_0 0.26666666666666666 0.26666666666666666 1.0 1.5 13 21 2.86 0
5 6 7
15
2.6885115357719727
APP_6_Input_Layer_0 0.5333333333333333 0.5333333333333333 2.0 1.49 21 30 3.19 1

APP_6_Inner_Layer_0:0 0.4666666666666667 0.4666666666666667 1.75 1.87 31 24 3.39 1
0
APP_6_Inner_Layer_0:1 0.5333333333333333 0.5333333333333333 2.0 2.2 20 46 3.32 1
0
APP_6_Inner_Layer_0:2 0.26666666666666666 0.26666666666666666 1.0 3.41 27 37 2.58 1
0
APP_6_Inner_Layer_0:3 0.4 0.4 1.5 3.77 2 40 3.17 1
0
APP_6_Inner_Layer_1:0 0.2 0.2 0.75 2.88 21 8 3.41 1
1 2 4
APP_6_Inner_Layer_1:1 0.26666666666666666 0.26666666666666666 1.0 3.96 49 10 2.95 1
1 2 3 4
APP_6_Inner_Layer_1:2 0.3333333333333333 0.3333333333333333 1.25 3.43 19 6 2.28 1
3
APP_6_Inner_Layer_2:0 0.13333333333333333 0.13333333333333333 0.5 2.15 27 5 1.6 1
5
APP_6_Inner_Layer_2:1 0.5333333333333333 0.5333333333333333 2.0 2.06 8 24 2.47 1
7
APP_6_Inner_Layer_2:2 0.06666666666666667 0.06666666666666667 0.25 3.57 5 1 1.09 1
6 7
APP_6_Inner_Layer_2:3 0.4666666666666667 0.4666666666666667 1.75 2.16 26 26 2.71 1
5 7
APP_6_Inner_Layer_3:0 0.4666666666666667 0.4666666666666667 1.75 1.2 12 15 3.97 1
8 9 10 11
APP_6_Inner_Layer_3:1 0.2 0.2 0.75 2.07 40 35 3.82 1
11 8
APP_6_Output_Layer_0 0.6 0.6 2.25 2.21 45 26 2.45 0
12 13
5
3.387334666810771
APP_7_Input_Layer_0 0.06666666666666667 0.06666666666666667 0.25 2.45 4 6 3.35 1

APP_7_Inner_Layer_0:0 0.6 0.6 2.25 2.45 29 24 3.44 1
0
APP_7_Inner_Layer_0:1 0.4666666666666667 0.4666666666666667 1.75 1.2 44 37 1.04 1
0
APP_7_Inner_Layer_0:2 0.13333333333333333 0.13333333333333333 0.5 2.71 12 24 1.77 1
0
APP_7_Output_Layer_0 0.26666666666666666 0.26666666666666666 1.0 3.67 18 42 3.19 1
1 2 3
9
4.027341871711039
APP_8_Input_Layer_0 0.2 0.2 0.75 3.71 39 10 2.75 1

APP_8_Inner_Layer_0:0 0.5333333333333333 0.5333333333333333 2.0 3.71 15 39 2.67 1
0
APP_8_Inner_Layer_0:1 0.06666666666666667 0.06666666666666667 0.25 2.29 20 46 3.35 1
0
APP_8_Inner_Layer_1:0 0.13333333333333333 0.13333333333333333 0.5 1.3 24 5 2.97 1
2
APP_8_Inner_Layer_1:1 0.3333333333333333 0.3333333333333333 1.25 1.32 1 39 2.52 1
1
APP_8_Inner_Layer_2:0 0.06666666666666667 0.06666666666666667 0.25 2.86 36 7 1.23 1
3 4
APP_8_Inner_Layer_3:0 0.4666666666666667 0.4666666666666667 1.75 2.64 6 44 1.51 1
5
APP_8_Inner_Layer_3:1 0.4666666666666667 0.4666666666666667 1.75 1.64 21 45 3.26 1
5
APP_8_Output_Layer_0 0.2 0.2 0.75 3.2 33 33 2.99 1
6 7
6
4.539283072043019
APP_9_Input_Layer_0 0.06666666666666667 0.06666666666666667 0.25 2.17 3 32 1.84 1

APP_9_Inner_Layer_0:0 0.13333333333333333 0.13333333333333333 0.5 1.04 5 3 2.43 1
0
APP_9_Inner_Layer_0:1 0.6 0.6 2.25 3.66 33 36 1.93 1
0
APP_9_Inner_Layer_0:2 0.2 0.2 0.75 3.31 21 3 3.22 1
0
APP_9_Inner_Layer_1:0 0.06666666666666667 0.06666666666666667 0.25 3.81 9 23 3.91 1
1 2 3
APP_9_Output_Layer_0 0.13333333333333333 0.13333333333333333 0.5 2.78 2 5 1.03 1
4
6
4.948834221357803
APP_10_Input_Layer_0 0.6 0.6 2.25 2.99 38 4 1.89 1

APP_10_Inner_Layer_0:0 0.4666666666666667 0.4666666666666667 1.75 1.91 46 19 1.62 1
0
APP_10_Inner_Layer_0:1 0.4666666666666667 0.4666666666666667 1.75 2.1 30 19 2.04 1
0
APP_10_Inner_Layer_0:2 0.06666666666666667 0.06666666666666667 0.25 2.4 41 42 3.07 1
0
APP_10_Inner_Layer_0:3 0.06666666666666667 0.06666666666666667 0.25 2.25 19 17 1.97 1
0
APP_10_Output_Layer_0 0.4 0.4 1.5 2.76 6 41 2.14 1
1 2 3 4
13
5.2428797779765475
APP_11_Input_Layer_0 0.13333333333333333 0.13333333333333333 0.5 2.45 15 41 2.68 1

APP_11_Inner_Layer_0:0 0.4 0.4 1.5 1.8 35 28 1.12 1
0
APP_11_Inner_Layer_0:1 0.4 0.4 1.5 1.69 10 6 2.7 1
0
APP_11_Inner_Layer_0:2 0.13333333333333333 0.13333333333333333 0.5 2.2 30 12 1.65 1
0
APP_11_Inner_Layer_0:3 0.4 0.4 1.5 3.35 36 3 3.36 1
0
APP_11_Inner_Layer_1:0 0.6 0.6 2.25 3.17 26 33 3.75 1
1 2 4
APP_11_Inner_Layer_1:1 0.3333333333333333 0.3333333333333333 1.25 3.94 32 22 1.0 1
2 3
APP_11_Inner_Layer_1:2 0.4666666666666667 0.4666666666666667 1.75 1.31 19 48 2.02 1
3
APP_11_Inner_Layer_2:0 0.26666666666666666 0.26666666666666666 1.0 3.58 14 46 3.93 1
5 7
APP_11_Inner_Layer_2:1 0.4 0.4 1.5 2.26 9 18 3.14 1
6
APP_11_Inner_Layer_2:2 0.2 0.2 0.75 2.07 14 37 3.0 1
5 7
APP_11_Inner_Layer_2:3 0.4 0.4 1.5 2.12 12 46 1.92 1
5 6
APP_11_Output_Layer_0 0.5333333333333333 0.5333333333333333 2.0 1.8 23 17 3.14 0
8 9 10 11
3
5.713182856669407
APP_12_Input_Layer_0 0.2 0.2 0.75 2.79 18 10 3.38 1

APP_12_Inner_Layer_0:0 0.4666666666666667 0.4666666666666667 1.75 2.03 2 44 3.8 1
0
APP_12_Output_Layer_0 0.5333333333333333 0.5333333333333333 2.0 2.67 14 44 2.27 1
1
