10
13
9
0
APP_0_Input_Layer_0 0.6 0.6 2.25 2.55 43 22 1.85 1

APP_0_Inner_Layer_0:0 0.4666666666666667 0.4666666666666667 1.75 2.76 34 20 2.21 1
0
APP_0_Inner_Layer_0:1 0.4 0.4 1.5 1.12 12 12 3.23 1
0
APP_0_Inner_Layer_0:2 0.5333333333333333 0.5333333333333333 2.0 2.01 33 48 3.59 1
0
APP_0_Inner_Layer_0:3 0.26666666666666666 0.26666666666666666 1.0 3.14 22 2 2.08 1
0
APP_0_Inner_Layer_1:0 0.06666666666666667 0.06666666666666667 0.25 1.89 42 40 1.46 1
1 2 4
APP_0_Inner_Layer_1:1 0.4 0.4 1.5 3.73 7 7 1.39 1
2
APP_0_Inner_Layer_1:2 0.13333333333333333 0.13333333333333333 0.5 1.29 33 32 3.08 1
1 3
APP_0_Output_Layer_0 0.4666666666666667 0.4666666666666667 1.75 1.33 16 30 2.26 1
5 6 7
10
0.3657987034165328
APP_1_Input_Layer_0 0.4666666666666667 0.4666666666666667 1.75 1.09 8 6 3.9 1

APP_1_Inner_Layer_0:0 0.13333333333333333 0.13333333333333333 0.5 3.08 49 47 4.0 1
0
APP_1_Inner_Layer_0:1 0.3333333333333333 0.3333333333333333 1.25 3.6 41 22 3.43 1
0
APP_1_Inner_Layer_1:0 0.26666666666666666 0.26666666666666666 1.0 2.18 10 15 3.35 1
1 2
APP_1_Inner_Layer_1:1 0.06666666666666667 0.06666666666666667 0.25 3.54 5 48 2.1 1
2
APP_1_Inner_Layer_2:0 0.4666666666666667 0.4666666666666667 1.75 2.56 48 43 3.42 1
4
APP_1_Inner_Layer_2:1 0.26666666666666666 0.26666666666666666 1.0 3.26 21 3 1.38 1
3 4
APP_1_Inner_Layer_2:2 0.6 0.6 2.25 3.54 28 10 1.52 1
4
APP_1_Inner_Layer_2:3 0.26666666666666666 0.26666666666666666 1.0 2.43 1 33 1.45 1
4
APP_1_Output_Layer_0 0.5333333333333333 0.5333333333333333 2.0 3.76 23 44 1.21 1
5 6 7 8
13
0.8861739392074535
APP_2_Input_Layer_0 0.3333333333333333 0.3333333333333333 1.25 2.45 42 36 3.77 1

APP_2_Inner_Layer_0:0 0.6 0.6 2.25 2.97 47 21 1.21 1
0
APP_2_Inner_Layer_0:1 0.26666666666666666 0.26666666666666666 1.0 1.49 42 29 3.85 1
0
APP_2_Inner_Layer_0:2 0.06666666666666667 0.06666666666666667 0.25 1.5 11 1 3.83 1
0
APP_2_Inner_Layer_1:0 0.06666666666666667 0.06666666666666667 0.25 3.27 19 2 2.49 1
1
APP_2_Inner_Layer_1:1 0.6 0.6 2.25 2.91 45 41 1.85 1
1 3
APP_2_Inner_Layer_1:2 0.06666666666666667 0.06666666666666667 0.25 2.21 42 37 3.64 1
3
APP_2_Inner_Layer_1:3 0.6 0.6 2.25 2.23 2 6 2.68 1
1 2 3
APP_2_Inner_Layer_2:0 0.4 0.4 1.5 2.69 47 22 1.98 1
5
APP_2_Inner_Layer_2:1 0.13333333333333333 0.13333333333333333 0.5 2.49 28 30 2.31 1
5 6
APP_2_Inner_Layer_2:2 0.3333333333333333 0.3333333333333333 1.25 3.16 34 3 1.37 1
4 6 7
APP_2_Inner_Layer_2:3 0.13333333333333333 0.13333333333333333 0.5 3.34 37 14 3.24 1
4 6
APP_2_Output_Layer_0 0.06666666666666667 0.06666666666666667 0.25 3.4 25 4 2.75 1
8 9 10 11
4
1.2428100001652653
APP_3_Input_Layer_0 0.3333333333333333 0.3333333333333333 1.25 1.16 20 34 3.88 1

APP_3_Inner_Layer_0:0 0.4 0.4 1.5 1.77 41 2 1.9 1
0
APP_3_Inner_Layer_0:1 0.5333333333333333 0.5333333333333333 2.0 1.35 27 20 3.33 1
0
APP_3_Output_Layer_0 0.4 0.4 1.5 1.62 35 38 3.67 1
1 2
8
1.5587572722011336
APP_4_Input_Layer_0 0.26666666666666666 0.26666666666666666 1.0 2.8 24 19 1.11 1

APP_4_Inner_Layer_0:0 0.4666666666666667 0.4666666666666667 1.75 2.16 46 29 2.65 1
0
APP_4_Inner_Layer_1:0 0.06666666666666667 0.06666666666666667 0.25 3.15 25 34 3.03 1
1
APP_4_Inner_Layer_1:1 0.3333333333333333 0.3333333333333333 1.25 1.31 24 3 2.79 1
1
APP_4_Inner_Layer_2:0 0.26666666666666666 0.26666666666666666 1.0 3.12 6 28 2.83 1
2 3
APP_4_Inner_Layer_2:1 0.6 0.6 2.25 2.73 14 46 3.09 1
2
APP_4_Inner_Layer_2:2 0.06666666666666667 0.06666666666666667 0.25 1.17 24 45 1.52 1
2
APP_4_Output_Layer_0 0.13333333333333333 0.13333333333333333 0.5 3.13 27 9 3.74 1
4 5 6
8
2.0448915127578378
APP_5_Input_Layer_0 0.4 0.4 1.5 3.32 4 35 3.59 1

APP_5_Inner_Layer_0:0 0.5333333333333333 0.5333333333333333 2.0 3.72 30 7 1.76 1
0
APP_5_Inner_Layer_0:1 0.13333333333333333 0.13333333333333333 0.5 1.48 21 43 2.31 1
0
APP_5_Inner_Layer_1:0 0.4 0.4 1.5 3.84 1 18 3.23 1
1 2
APP_5_Inner_Layer_1:1 0.6 0.6 2.25 3.82 15 19 1.4 1
1
APP_5_Inner_Layer_2:0 0.26666666666666666 0.26666666666666666 1.0 3.26 9 6 1.33 1
3
APP_5_Inner_Layer_2:1 0.3333333333333333 0.3333333333333333 1.25 3.05 18 29 3.15 1
4
APP_5_Output_Layer_0 0.6 0.6 2.25 2.83 26 40 3.35 1
5 6
9
2.4707195478249657
APP_6_Input_Layer_0 0.4666666666666667 0.4666666666666667 1.75 2.31 6 13 2.65 1

APP_6_Inner_Layer_0:0 0.26666666666666666 0.26666666666666666 1.0 2.72 48 33 1.69 1
0
APP_6_Inner_Layer_1:0 0.2 0.2 0.75 2.01 22 44 3.34 1
1
APP_6_Inner_Layer_2:0 0.06666666666666667 0.06666666666666667 0.25 1.32 37 28 2.07 1
2
APP_6_Inner_Layer_2:1 0.13333333333333333 0.13333333333333333 0.5 3.53 5 11 1.47 1
2
APP_6_Inner_Layer_2:2 0.4666666666666667 0.4666666666666667 1.75 2.34 48 28 2.68 1
2
APP_6_Inner_Layer_2:3 0.13333333333333333 0.13333333333333333 0.5 1.67 31 32 2.01 1
2
APP_6_Inner_Layer_3:0 0.06666666666666667 0.06666666666666667 0.25 2.59 48 47 2.34 1
3 4 5 6
APP_6_Output_Layer_0 0.4666666666666667 0.4666666666666667 1.75 1.7 48 43 1.9 1
7
6
3.2313575322682397
APP_7_Input_Layer_0 0.3333333333333333 0.3333333333333333 1.25 2.54 49 9 2.86 1

APP_7_Inner_Layer_0:0 0.4666666666666667 0.4666666666666667 1.75 1.55 18 46 2.41 1
0
APP_7_Inner_Layer_0:1 0.6 0.6 2.25 2.36 4 48 2.85 1
0
APP_7_Inner_Layer_0:2 0.13333333333333333 0.13333333333333333 0.5 1.13 11 40 3.62 1
0
APP_7_Inner_Layer_0:3 0.5333333333333333 0.5333333333333333 2.0 3.02 40 2 1.09 1
0
APP_7_Output_Layer_0 0.6 0.6 2.25 1.57 15 2 1.24 1
1 2 3 4
11
3.9006827675560625
APP_8_Input_Layer_0 0.2 0.2 0.75 2.17 27 2 1.33 1

APP_8_Inner_Layer_0:0 0.6 0.6 2.25 2.72 42 26 2.73 1
0
APP_8_Inner_Layer_0:1 0.06666666666666667 0.06666666666666667 0.25 3.68 31 25 2.17 1
0
APP_8_Inner_Layer_0:2 0.26666666666666666 0.26666666666666666 1.0 3.1 14 43 1.46 1
0
APP_8_Inner_Layer_1:0 0.13333333333333333 0.13333333333333333 0.5 2.59 20 5 3.4 1
1 2 3
APP_8_Inner_Layer_2:0 0.13333333333333333 0.13333333333333333 0.5 1.47 14 33 3.32 1
4
APP_8_Inner_Layer_2:1 0.5333333333333333 0.5333333333333333 2.0 2.75 28 27 3.77 1
4
APP_8_Inner_Layer_2:2 0.26666666666666666 0.26666666666666666 1.0 1.88 22 45 2.79 1
4
APP_8_Inner_Layer_2:3 0.4 0.4 1.5 3.37 33 16 3.28 1
4
APP_8_Inner_Layer_3:0 0.26666666666666666 0.26666666666666666 1.0 3.42 30 14 2.82 1
5 6 7 8
APP_8_Output_Layer_0 0.3333333333333333 0.3333333333333333 1.25 1.01 27 7 3.66 1
9
12
4.337426407480796
APP_9_Input_Layer_0 0.2 0.2 0.75 2.26 9 49 1.35 1

APP_9_Inner_Layer_0:0 0.4666666666666667 0.4666666666666667 1.75 1.67 17 25 3.58 1
0
APP_9_Inner_Layer_0:1 0.06666666666666667 0.06666666666666667 0.25 2.47 35 29 1.05 1
0
APP_9_Inner_Layer_0:2 0.2 0.2 0.75 3.17 18 47 2.38 1
0
APP_9_Inner_Layer_0:3 0.4666666666666667 0.4666666666666667 1.75 3.08 34 35 2.19 1
0
APP_9_Inner_Layer_1:0 0.4 0.4 1.5 3.67 47 6 2.28 1
1 2 3 4
APP_9_Inner_Layer_1:1 0.13333333333333333 0.13333333333333333 0.5 3.45 47 23 3.23 1
1
APP_9_Inner_Layer_1:2 0.4666666666666667 0.4666666666666667 1.75 2.85 35 7 1.51 1
2 4
APP_9_Inner_Layer_2:0 0.13333333333333333 0.13333333333333333 0.5 3.18 42 46 3.63 1
7
APP_9_Inner_Layer_2:1 0.13333333333333333 0.13333333333333333 0.5 2.43 18 1 3.63 1
5 7
APP_9_Inner_Layer_2:2 0.13333333333333333 0.13333333333333333 0.5 2.83 18 2 3.65 1
6
APP_9_Output_Layer_0 0.13333333333333333 0.13333333333333333 0.5 1.77 47 42 2.76 1
8 9 10
6
4.734946742168936
APP_10_Input_Layer_0 0.13333333333333333 0.13333333333333333 0.5 2.03 21 38 3.71 1

APP_10_Inner_Layer_0:0 0.6 0.6 2.25 3.84 37 13 2.76 1
0
APP_10_Inner_Layer_1:0 0.4 0.4 1.5 1.32 30 4 2.95 1
1
APP_10_Inner_Layer_2:0 0.4666666666666667 0.4666666666666667 1.75 1.17 32 26 1.77 1
2
APP_10_Inner_Layer_2:1 0.2 0.2 0.75 1.54 11 29 1.99 1
2
APP_10_Output_Layer_0 0.13333333333333333 0.13333333333333333 0.5 2.08 14 48 2.33 1
3 4
3
5.25362408600335
APP_11_Input_Layer_0 0.3333333333333333 0.3333333333333333 1.25 3.63 14 25 3.49 1

APP_11_Inner_Layer_0:0 0.26666666666666666 0.26666666666666666 1.0 2.1 3 41 3.79 1
0
APP_11_Output_Layer_0 0.5333333333333333 0.5333333333333333 2.0 1.06 20 45 2.16 1
1
9
5.537251911713496
APP_12_Input_Layer_0 0.5333333333333333 0.5333333333333333 2.0 2.15 44 4 3.02 1

APP_12_Inner_Layer_0:0 0.13333333333333333 0.13333333333333333 0.5 3.42 8 11 3.53 1
0
APP_12_Inner_Layer_0:1 0.13333333333333333 0.13333333333333333 0.5 3.37 40 48 1.91 1
0
APP_12_Inner_Layer_0:2 0.6 0.6 2.25 2.87 16 5 1.02 1
0
APP_12_Inner_Layer_0:3 0.2 0.2 0.75 2.77 45 16 2.73 1
0
APP_12_Inner_Layer_1:0 0.5333333333333333 0.5333333333333333 2.0 1.64 41 33 1.32 1
1 4
APP_12_Inner_Layer_1:1 0.3333333333333333 0.3333333333333333 1.25 2.56 14 31 1.76 1
2 3
APP_12_Inner_Layer_1:2 0.5333333333333333 0.5333333333333333 2.0 3.67 13 24 2.62 1
1
APP_12_Output_Layer_0 0.06666666666666667 0.06666666666666667 0.25 3.83 40 7 2.89 1
5 6 7
