10
13
3
0
APP_0_Input_Layer_0 0.4666666666666667 0.4666666666666667 1.75 1.73 43 31 3.8 1

APP_0_Inner_Layer_0:0 0.06666666666666667 0.06666666666666667 0.25 1.01 3 27 1.91 1
0
APP_0_Output_Layer_0 0.6 0.6 2.25 1.02 13 46 2.51 0
1
6
0.6238328917191239
APP_1_Input_Layer_0 0.3333333333333333 0.3333333333333333 1.25 3.88 31 37 2.62 1

APP_1_Inner_Layer_0:0 0.13333333333333333 0.13333333333333333 0.5 1.29 25 21 2.22 1
0
APP_1_Inner_Layer_0:1 0.5333333333333333 0.5333333333333333 2.0 3.09 26 25 2.15 1
0
APP_1_Inner_Layer_0:2 0.4666666666666667 0.4666666666666667 1.75 2.01 42 34 2.59 1
0
APP_1_Inner_Layer_1:0 0.4666666666666667 0.4666666666666667 1.75 1.5 38 44 1.6 1
1 2 3
APP_1_Output_Layer_0 0.5333333333333333 0.5333333333333333 2.0 3.53 26 9 2.89 1
4
8
1.1093770492486912
APP_2_Input_Layer_0 0.4 0.4 1.5 1.22 14 39 1.5 1

APP_2_Inner_Layer_0:0 0.2 0.2 0.75 2.04 2 3 1.56 1
0
APP_2_Inner_Layer_0:1 0.4666666666666667 0.4666666666666667 1.75 3.71 26 30 1.49 1
0
APP_2_Inner_Layer_0:2 0.6 0.6 2.25 1.09 18 27 2.12 1
0
APP_2_Inner_Layer_0:3 0.3333333333333333 0.3333333333333333 1.25 2.68 1 15 1.63 1
0
APP_2_Inner_Layer_1:0 0.6 0.6 2.25 1.65 16 46 1.56 1
2 4
APP_2_Inner_Layer_1:1 0.06666666666666667 0.06666666666666667 0.25 3.58 38 48 2.94 1
1 3
APP_2_Output_Layer_0 0.2 0.2 0.75 2.27 42 31 1.63 0
5 6
10
1.4756999226347505
APP_3_Input_Layer_0 0.2 0.2 0.75 3.37 24 1 3.02 0

APP_3_Inner_Layer_0:0 0.4666666666666667 0.4666666666666667 1.75 1.88 37 31 2.01 1
0
APP_3_Inner_Layer_0:1 0.13333333333333333 0.13333333333333333 0.5 2.77 13 37 2.49 1
0
APP_3_Inner_Layer_0:2 0.3333333333333333 0.3333333333333333 1.25 3.24 16 31 2.5 1
0
APP_3_Inner_Layer_1:0 0.13333333333333333 0.13333333333333333 0.5 3.77 29 25 2.56 1
1 2 3
APP_3_Inner_Layer_1:1 0.6 0.6 2.25 3.62 34 45 3.21 1
1 2 3
APP_3_Inner_Layer_1:2 0.26666666666666666 0.26666666666666666 1.0 2.81 18 35 3.43 1
2 3
APP_3_Inner_Layer_1:3 0.3333333333333333 0.3333333333333333 1.25 1.55 8 2 3.39 1
1
APP_3_Inner_Layer_2:0 0.5333333333333333 0.5333333333333333 2.0 3.0 30 46 1.43 1
4 5 6 7
APP_3_Output_Layer_0 0.4 0.4 1.5 2.77 39 11 3.35 1
8
6
1.9208515393409993
APP_4_Input_Layer_0 0.26666666666666666 0.26666666666666666 1.0 1.74 4 25 3.99 1

APP_4_Inner_Layer_0:0 0.4666666666666667 0.4666666666666667 1.75 3.73 6 23 2.03 1
0
APP_4_Inner_Layer_0:1 0.2 0.2 0.75 3.88 28 27 1.16 1
0
APP_4_Inner_Layer_1:0 0.26666666666666666 0.26666666666666666 1.0 2.31 16 4 3.34 1
1 2
APP_4_Inner_Layer_1:1 0.4 0.4 1.5 1.21 29 48 2.67 1
2
APP_4_Output_Layer_0 0.06666666666666667 0.06666666666666667 0.25 1.16 48 1 3.51 1
3 4
12
2.224218063286229
APP_5_Input_Layer_0 0.4 0.4 1.5 2.9 35 48 1.81 0

APP_5_Inner_Layer_0:0 0.2 0.2 0.75 2.91 33 16 2.6 1
0
APP_5_Inner_Layer_0:1 0.6 0.6 2.25 3.62 20 35 2.45 1
0
APP_5_Inner_Layer_0:2 0.3333333333333333 0.3333333333333333 1.25 1.78 3 28 2.79 1
0
APP_5_Inner_Layer_0:3 0.4 0.4 1.5 3.92 15 41 3.86 1
0
APP_5_Inner_Layer_1:0 0.4 0.4 1.5 3.05 25 24 2.77 1
3
APP_5_Inner_Layer_1:1 0.13333333333333333 0.13333333333333333 0.5 3.26 19 41 3.39 1
1 2 3 4
APP_5_Inner_Layer_1:2 0.26666666666666666 0.26666666666666666 1.0 3.05 24 47 3.21 1
1 2 4
APP_5_Inner_Layer_2:0 0.26666666666666666 0.26666666666666666 1.0 2.65 29 11 3.34 1
5 6
APP_5_Inner_Layer_2:1 0.13333333333333333 0.13333333333333333 0.5 2.71 10 21 1.49 1
7
APP_5_Inner_Layer_3:0 0.26666666666666666 0.26666666666666666 1.0 3.77 21 31 3.9 1
8 9
APP_5_Output_Layer_0 0.5333333333333333 0.5333333333333333 2.0 2.91 47 25 1.08 1
10
6
2.664885794110467
APP_6_Input_Layer_0 0.2 0.2 0.75 1.55 4 13 1.82 1

APP_6_Inner_Layer_0:0 0.2 0.2 0.75 1.24 36 41 3.69 1
0
APP_6_Inner_Layer_0:1 0.06666666666666667 0.06666666666666667 0.25 3.18 32 32 3.45 1
0
APP_6_Inner_Layer_0:2 0.5333333333333333 0.5333333333333333 2.0 1.52 42 8 3.42 1
0
APP_6_Inner_Layer_0:3 0.13333333333333333 0.13333333333333333 0.5 3.56 30 2 1.26 1
0
APP_6_Output_Layer_0 0.5333333333333333 0.5333333333333333 2.0 1.51 12 29 1.65 1
1 2 3 4
7
3.2256581859318247
APP_7_Input_Layer_0 0.4666666666666667 0.4666666666666667 1.75 1.39 25 34 2.59 1

APP_7_Inner_Layer_0:0 0.26666666666666666 0.26666666666666666 1.0 1.4 5 20 3.2 1
0
APP_7_Inner_Layer_0:1 0.4 0.4 1.5 3.6 7 36 3.41 1
0
APP_7_Inner_Layer_0:2 0.3333333333333333 0.3333333333333333 1.25 2.71 37 41 2.99 1
0
APP_7_Inner_Layer_1:0 0.13333333333333333 0.13333333333333333 0.5 2.17 10 35 2.54 1
1 3
APP_7_Inner_Layer_1:1 0.4666666666666667 0.4666666666666667 1.75 1.18 25 34 2.53 1
2
APP_7_Output_Layer_0 0.4 0.4 1.5 3.19 6 27 3.62 1
4 5
11
3.966177305220322
APP_8_Input_Layer_0 0.13333333333333333 0.13333333333333333 0.5 2.6 20 49 2.3 1

APP_8_Inner_Layer_0:0 0.26666666666666666 0.26666666666666666 1.0 3.68 6 43 2.47 1
0
APP_8_Inner_Layer_1:0 0.26666666666666666 0.26666666666666666 1.0 2.35 6 40 1.24 1
1
APP_8_Inner_Layer_1:1 0.4 0.4 1.5 2.96 43 43 1.34 1
1
APP_8_Inner_Layer_1:2 0.3333333333333333 0.3333333333333333 1.25 3.15 34 42 3.21 1
1
APP_8_Inner_Layer_2:0 0.4666666666666667 0.4666666666666667 1.75 2.89 14 46 3.85 1
3 4
APP_8_Inner_Layer_2:1 0.26666666666666666 0.26666666666666666 1.0 2.69 38 13 1.8 1
2 3
APP_8_Inner_Layer_2:2 0.4 0.4 1.5 3.05 47 34 3.44 1
2
APP_8_Inner_Layer_3:0 0.06666666666666667 0.06666666666666667 0.25 1.95 7 31 1.81 1
5
APP_8_Inner_Layer_3:1 0.5333333333333333 0.5333333333333333 2.0 2.67 22 3 2.42 1
6 7
APP_8_Output_Layer_0 0.2 0.2 0.75 3.93 47 2 2.03 1
8 9
8
4.294340118009045
APP_9_Input_Layer_0 0.06666666666666667 0.06666666666666667 0.25 1.63 40 39 1.28 1

APP_9_Inner_Layer_0:0 0.26666666666666666 0.26666666666666666 1.0 3.92 7 5 2.58 1
0
APP_9_Inner_Layer_0:1 0.4666666666666667 0.4666666666666667 1.75 3.33 19 7 3.09 1
0
APP_9_Inner_Layer_0:2 0.26666666666666666 0.26666666666666666 1.0 2.27 2 33 3.41 1
0
APP_9_Inner_Layer_1:0 0.26666666666666666 0.26666666666666666 1.0 1.57 26 25 1.71 1
2
APP_9_Inner_Layer_1:1 0.06666666666666667 0.06666666666666667 0.25 1.45 5 26 2.83 1
1 2 3
APP_9_Inner_Layer_1:2 0.2 0.2 0.75 3.3 37 39 1.93 1
1
APP_9_Output_Layer_0 0.4 0.4 1.5 2.74 11 11 1.24 1
4 5 6
4
4.588284817835668
APP_10_Input_Layer_0 0.6 0.6 2.25 3.76 27 29 3.63 1

APP_10_Inner_Layer_0:0 0.26666666666666666 0.26666666666666666 1.0 2.13 30 17 2.87 1
0
APP_10_Inner_Layer_0:1 0.13333333333333333 0.13333333333333333 0.5 2.56 31 14 3.22 1
0
APP_10_Output_Layer_0 0.4666666666666667 0.4666666666666667 1.75 3.76 46 48 2.97 1
1 2
9
4.884895916664614
APP_11_Input_Layer_0 0.26666666666666666 0.26666666666666666 1.0 3.38 41 30 2.81 1

APP_11_Inner_Layer_0:0 0.26666666666666666 0.26666666666666666 1.0 1.39 18 14 2.79 1
0
APP_11_Inner_Layer_0:1 0.13333333333333333 0.13333333333333333 0.5 3.37 29 49 3.37 1
0
APP_11_Inner_Layer_1:0 0.6 0.6 2.25 3.56 35 36 3.38 1
1
APP_11_Inner_Layer_1:1 0.4 0.4 1.5 1.59 20 23 2.45 1
1
APP_11_Inner_Layer_1:2 0.3333333333333333 0.3333333333333333 1.25 1.95 45 45 3.17 1
1
APP_11_Inner_Layer_1:3 0.06666666666666667 0.06666666666666667 0.25 2.93 45 40 2.8 1
1 2
APP_11_Inner_Layer_2:0 0.3333333333333333 0.3333333333333333 1.25 3.21 9 43 1.96 1
3 4 5 6
APP_11_Output_Layer_0 0.5333333333333333 0.5333333333333333 2.0 2.13 46 19 1.65 1
7
16
5.418476498070136
APP_12_Input_Layer_0 0.06666666666666667 0.06666666666666667 0.25 2.64 18 19 1.69 1

APP_12_Inner_Layer_0:0 0.13333333333333333 0.13333333333333333 0.5 1.77 47 45 3.38 1
0
APP_12_Inner_Layer_0:1 0.13333333333333333 0.13333333333333333 0.5 2.37 42 6 1.13 1
0
APP_12_Inner_Layer_0:2 0.5333333333333333 0.5333333333333333 2.0 3.07 39 36 2.28 1
0
APP_12_Inner_Layer_0:3 0.4666666666666667 0.4666666666666667 1.75 2.86 6 45 1.67 1
0
APP_12_Inner_Layer_1:0 0.4 0.4 1.5 1.37 29 37 3.86 1
1 3 4
APP_12_Inner_Layer_1:1 0.4 0.4 1.5 2.15 40 29 2.73 1
2
APP_12_Inner_Layer_1:2 0.5333333333333333 0.5333333333333333 2.0 2.54 32 34 1.42 1
4
APP_12_Inner_Layer_2:0 0.2 0.2 0.75 1.3 17 15 2.36 1
7
APP_12_Inner_Layer_2:1 0.13333333333333333 0.13333333333333333 0.5 3.6 5 43 2.0 1
6
APP_12_Inner_Layer_2:2 0.26666666666666666 0.26666666666666666 1.0 1.21 13 45 2.37 1
5 7
APP_12_Inner_Layer_3:0 0.5333333333333333 0.5333333333333333 2.0 3.71 33 4 2.05 1
10
APP_12_Inner_Layer_3:1 0.13333333333333333 0.13333333333333333 0.5 2.6 34 13 3.7 1
8
APP_12_Inner_Layer_3:2 0.26666666666666666 0.26666666666666666 1.0 2.47 8 18 3.84 1
8
APP_12_Inner_Layer_3:3 0.5333333333333333 0.5333333333333333 2.0 3.58 29 31 3.29 1
8 9 10
APP_12_Output_Layer_0 0.4 0.4 1.5 2.15 39 30 1.07 1
11 12 13 14
