10
13
6
0
APP_0_Input_Layer_0 0.3333333333333333 0.3333333333333333 1.25 3.04 6 16 1.91 1

APP_0_Inner_Layer_0:0 0.2 0.2 0.75 2.32 3 12 1.37 1
0
APP_0_Inner_Layer_0:1 0.3333333333333333 0.3333333333333333 1.25 3.3 9 4 1.05 1
0
APP_0_Inner_Layer_0:2 0.26666666666666666 0.26666666666666666 1.0 2.83 13 26 3.45 1
0
APP_0_Inner_Layer_0:3 0.4666666666666667 0.4666666666666667 1.75 2.71 20 21 2.39 1
0
APP_0_Output_Layer_0 0.26666666666666666 0.26666666666666666 1.0 2.44 32 28 3.56 1
1 2 3 4
10
0.2972156908670223
APP_1_Input_Layer_0 0.06666666666666667 0.06666666666666667 0.25 2.73 43 35 3.92 1

APP_1_Inner_Layer_0:0 0.06666666666666667 0.06666666666666667 0.25 1.84 37 45 3.06 1
0
APP_1_Inner_Layer_1:0 0.5333333333333333 0.5333333333333333 2.0 3.96 41 14 3.62 1
1
APP_1_Inner_Layer_1:1 0.26666666666666666 0.26666666666666666 1.0 1.15 26 36 1.11 1
1
APP_1_Inner_Layer_2:0 0.5333333333333333 0.5333333333333333 2.0 1.91 27 49 2.26 1
2
APP_1_Inner_Layer_2:1 0.26666666666666666 0.26666666666666666 1.0 3.61 26 48 2.6 1
3
APP_1_Inner_Layer_3:0 0.06666666666666667 0.06666666666666667 0.25 3.76 35 4 2.11 1
4
APP_1_Inner_Layer_3:1 0.13333333333333333 0.13333333333333333 0.5 3.36 23 38 2.97 1
5
APP_1_Inner_Layer_3:2 0.6 0.6 2.25 1.27 4 20 1.91 1
5
APP_1_Output_Layer_0 0.06666666666666667 0.06666666666666667 0.25 2.03 38 14 2.3 0
6 7 8
10
1.031052148471108
APP_2_Input_Layer_0 0.5333333333333333 0.5333333333333333 2.0 3.99 17 23 2.86 1

APP_2_Inner_Layer_0:0 0.3333333333333333 0.3333333333333333 1.25 2.97 45 2 1.33 1
0
APP_2_Inner_Layer_0:1 0.3333333333333333 0.3333333333333333 1.25 2.39 6 29 2.63 1
0
APP_2_Inner_Layer_1:0 0.4666666666666667 0.4666666666666667 1.75 1.15 48 24 2.11 1
1 2
APP_2_Inner_Layer_1:1 0.2 0.2 0.75 2.84 31 48 1.39 1
1
APP_2_Inner_Layer_2:0 0.5333333333333333 0.5333333333333333 2.0 1.51 46 6 1.82 1
4
APP_2_Inner_Layer_2:1 0.06666666666666667 0.06666666666666667 0.25 3.13 21 23 3.54 1
3
APP_2_Inner_Layer_2:2 0.4666666666666667 0.4666666666666667 1.75 2.19 37 28 2.63 1
3
APP_2_Inner_Layer_2:3 0.4666666666666667 0.4666666666666667 1.75 3.25 19 37 3.77 1
3 4
APP_2_Output_Layer_0 0.13333333333333333 0.13333333333333333 0.5 1.63 37 23 3.84 1
5 6 7 8
10
1.7501443258775153
APP_3_Input_Layer_0 0.4 0.4 1.5 3.71 20 16 3.75 1

APP_3_Inner_Layer_0:0 0.06666666666666667 0.06666666666666667 0.25 2.22 33 17 2.67 1
0
APP_3_Inner_Layer_1:0 0.6 0.6 2.25 3.55 21 1 3.02 1
1
APP_3_Inner_Layer_2:0 0.6 0.6 2.25 2.18 11 34 2.82 1
2
APP_3_Inner_Layer_2:1 0.13333333333333333 0.13333333333333333 0.5 3.6 31 13 3.25 1
2
APP_3_Inner_Layer_2:2 0.13333333333333333 0.13333333333333333 0.5 3.74 39 20 3.86 1
2
APP_3_Inner_Layer_3:0 0.2 0.2 0.75 3.34 3 25 2.16 1
4 5
APP_3_Inner_Layer_3:1 0.13333333333333333 0.13333333333333333 0.5 3.76 25 31 1.27 1
3 4 5
APP_3_Inner_Layer_3:2 0.6 0.6 2.25 1.95 16 26 1.07 1
3
APP_3_Output_Layer_0 0.26666666666666666 0.26666666666666666 1.0 3.33 4 9 2.96 1
6 7 8
9
2.2113408982864717
APP_4_Input_Layer_0 0.4 0.4 1.5 2.47 27 42 2.56 0

APP_4_Inner_Layer_0:0 0.13333333333333333 0.13333333333333333 0.5 2.25 21 8 3.77 1
0
APP_4_Inner_Layer_1:0 0.26666666666666666 0.26666666666666666 1.0 2.36 40 13 3.3 1
1
APP_4_Inner_Layer_1:1 0.5333333333333333 0.5333333333333333 2.0 3.68 39 14 3.67 1
1
APP_4_Inner_Layer_1:2 0.5333333333333333 0.5333333333333333 2.0 2.92 6 39 2.5 1
1
APP_4_Inner_Layer_1:3 0.26666666666666666 0.26666666666666666 1.0 3.32 8 35 1.29 1
1
APP_4_Inner_Layer_2:0 0.2 0.2 0.75 1.62 42 35 3.35 1
3 5
APP_4_Inner_Layer_2:1 0.4 0.4 1.5 2.25 2 45 1.25 1
2 4
APP_4_Output_Layer_0 0.5333333333333333 0.5333333333333333 2.0 3.99 13 18 1.18 1
6 7
14
2.751978852826849
APP_5_Input_Layer_0 0.2 0.2 0.75 1.05 7 4 2.23 0

APP_5_Inner_Layer_0:0 0.4 0.4 1.5 3.55 33 7 2.26 1
0
APP_5_Inner_Layer_1:0 0.2 0.2 0.75 2.51 49 48 2.7 1
1
APP_5_Inner_Layer_1:1 0.2 0.2 0.75 1.34 9 42 2.1 1
1
APP_5_Inner_Layer_1:2 0.06666666666666667 0.06666666666666667 0.25 3.15 6 23 2.15 1
1
APP_5_Inner_Layer_1:3 0.4 0.4 1.5 2.53 40 15 3.8 1
1
APP_5_Inner_Layer_2:0 0.5333333333333333 0.5333333333333333 2.0 2.22 9 25 1.92 1
3 5
APP_5_Inner_Layer_2:1 0.2 0.2 0.75 2.42 2 12 3.37 1
2 4 3
APP_5_Inner_Layer_2:2 0.2 0.2 0.75 2.15 34 44 1.57 1
2 4 5
APP_5_Inner_Layer_2:3 0.13333333333333333 0.13333333333333333 0.5 1.51 31 40 1.72 1
2
APP_5_Inner_Layer_3:0 0.4666666666666667 0.4666666666666667 1.75 1.64 18 2 3.14 1
8 9
APP_5_Inner_Layer_3:1 0.2 0.2 0.75 3.41 45 21 2.96 1
6 7
APP_5_Inner_Layer_3:2 0.2 0.2 0.75 3.79 38 26 3.62 1
6 9
APP_5_Output_Layer_0 0.4 0.4 1.5 3.69 23 25 3.01 1
10 11 12
4
3.089467973993255
APP_6_Input_Layer_0 0.06666666666666667 0.06666666666666667 0.25 1.25 33 49 2.02 1

APP_6_Inner_Layer_0:0 0.5333333333333333 0.5333333333333333 2.0 2.03 22 38 2.6 1
0
APP_6_Inner_Layer_0:1 0.06666666666666667 0.06666666666666667 0.25 2.34 8 39 2.05 1
0
APP_6_Output_Layer_0 0.4 0.4 1.5 1.4 26 37 1.03 1
1 2
9
3.6465694268879734
APP_7_Input_Layer_0 0.6 0.6 2.25 2.61 20 22 3.75 0

APP_7_Inner_Layer_0:0 0.4666666666666667 0.4666666666666667 1.75 1.56 27 13 1.02 1
0
APP_7_Inner_Layer_0:1 0.2 0.2 0.75 1.47 7 41 2.17 1
0
APP_7_Inner_Layer_0:2 0.3333333333333333 0.3333333333333333 1.25 3.65 16 2 1.28 1
0
APP_7_Inner_Layer_1:0 0.13333333333333333 0.13333333333333333 0.5 3.18 42 38 3.9 1
1
APP_7_Inner_Layer_1:1 0.2 0.2 0.75 2.33 28 1 1.68 1
3
APP_7_Inner_Layer_1:2 0.4666666666666667 0.4666666666666667 1.75 1.79 24 31 2.43 1
2 3
APP_7_Inner_Layer_1:3 0.5333333333333333 0.5333333333333333 2.0 2.22 14 40 2.1 1
3
APP_7_Output_Layer_0 0.06666666666666667 0.06666666666666667 0.25 3.2 44 28 2.28 1
4 5 6 7
7
4.1213799783599825
APP_8_Input_Layer_0 0.5333333333333333 0.5333333333333333 2.0 1.75 18 37 3.8 1

APP_8_Inner_Layer_0:0 0.6 0.6 2.25 1.77 4 26 1.12 1
0
APP_8_Inner_Layer_1:0 0.5333333333333333 0.5333333333333333 2.0 2.58 36 25 3.87 1
1
APP_8_Inner_Layer_1:1 0.5333333333333333 0.5333333333333333 2.0 3.72 18 4 3.03 1
1
APP_8_Inner_Layer_1:2 0.5333333333333333 0.5333333333333333 2.0 2.29 7 31 2.97 1
1
APP_8_Inner_Layer_2:0 0.4666666666666667 0.4666666666666667 1.75 3.27 3 25 3.36 1
2 3 4
APP_8_Output_Layer_0 0.5333333333333333 0.5333333333333333 2.0 1.95 47 8 3.23 1
5
15
4.440079820437443
APP_9_Input_Layer_0 0.13333333333333333 0.13333333333333333 0.5 1.02 38 4 2.61 0

APP_9_Inner_Layer_0:0 0.26666666666666666 0.26666666666666666 1.0 3.83 1 25 2.5 1
0
APP_9_Inner_Layer_0:1 0.4666666666666667 0.4666666666666667 1.75 1.58 17 19 3.21 1
0
APP_9_Inner_Layer_1:0 0.3333333333333333 0.3333333333333333 1.25 1.19 16 23 2.63 1
1 2
APP_9_Inner_Layer_1:1 0.5333333333333333 0.5333333333333333 2.0 1.56 23 7 3.12 1
1
APP_9_Inner_Layer_1:2 0.26666666666666666 0.26666666666666666 1.0 3.66 42 32 1.93 1
2
APP_9_Inner_Layer_2:0 0.6 0.6 2.25 3.99 28 10 3.51 1
4
APP_9_Inner_Layer_2:1 0.4666666666666667 0.4666666666666667 1.75 1.43 17 24 3.07 1
4 5
APP_9_Inner_Layer_2:2 0.26666666666666666 0.26666666666666666 1.0 3.73 44 16 2.9 1
4
APP_9_Inner_Layer_2:3 0.4666666666666667 0.4666666666666667 1.75 2.89 6 35 3.11 1
3 4
APP_9_Inner_Layer_3:0 0.4 0.4 1.5 3.14 2 26 2.64 1
6 7
APP_9_Inner_Layer_3:1 0.3333333333333333 0.3333333333333333 1.25 1.78 48 4 3.97 1
7 8 9
APP_9_Inner_Layer_3:2 0.4666666666666667 0.4666666666666667 1.75 3.84 41 29 3.36 1
7
APP_9_Inner_Layer_3:3 0.3333333333333333 0.3333333333333333 1.25 3.04 27 30 3.85 1
8
APP_9_Output_Layer_0 0.3333333333333333 0.3333333333333333 1.25 2.13 20 11 1.16 1
10 11 12 13
10
4.840466313058627
APP_10_Input_Layer_0 0.4666666666666667 0.4666666666666667 1.75 1.83 15 37 1.35 1

APP_10_Inner_Layer_0:0 0.2 0.2 0.75 2.41 40 7 3.91 1
0
APP_10_Inner_Layer_0:1 0.3333333333333333 0.3333333333333333 1.25 1.6 42 45 3.45 1
0
APP_10_Inner_Layer_1:0 0.3333333333333333 0.3333333333333333 1.25 1.05 33 20 2.03 1
1
APP_10_Inner_Layer_1:1 0.06666666666666667 0.06666666666666667 0.25 1.47 20 34 2.85 1
2
APP_10_Inner_Layer_2:0 0.06666666666666667 0.06666666666666667 0.25 1.15 40 23 2.8 1
4
APP_10_Inner_Layer_2:1 0.6 0.6 2.25 3.96 45 25 2.97 1
3
APP_10_Inner_Layer_3:0 0.06666666666666667 0.06666666666666667 0.25 2.01 5 43 3.2 1
5 6
APP_10_Inner_Layer_3:1 0.13333333333333333 0.13333333333333333 0.5 2.12 20 47 1.61 1
5
APP_10_Output_Layer_0 0.6 0.6 2.25 1.87 41 43 1.6 1
7 8
10
5.1381419110543085
APP_11_Input_Layer_0 0.13333333333333333 0.13333333333333333 0.5 3.76 3 2 1.82 1

APP_11_Inner_Layer_0:0 0.06666666666666667 0.06666666666666667 0.25 2.17 11 7 3.34 1
0
APP_11_Inner_Layer_0:1 0.5333333333333333 0.5333333333333333 2.0 3.71 24 35 2.72 1
0
APP_11_Inner_Layer_0:2 0.3333333333333333 0.3333333333333333 1.25 1.93 23 6 3.69 1
0
APP_11_Inner_Layer_1:0 0.2 0.2 0.75 2.32 44 38 2.52 1
1 2
APP_11_Inner_Layer_1:1 0.2 0.2 0.75 2.86 20 31 3.69 1
2 3
APP_11_Inner_Layer_1:2 0.13333333333333333 0.13333333333333333 0.5 1.18 11 38 3.4 1
2
APP_11_Inner_Layer_2:0 0.4 0.4 1.5 3.44 39 23 3.86 1
4 5 6
APP_11_Inner_Layer_3:0 0.4666666666666667 0.4666666666666667 1.75 3.61 37 35 2.71 1
7
APP_11_Output_Layer_0 0.3333333333333333 0.3333333333333333 1.25 3.49 15 27 3.85 1
8
6
5.518611569693692
APP_12_Input_Layer_0 0.4666666666666667 0.4666666666666667 1.75 2.95 43 36 1.7 1

APP_12_Inner_Layer_0:0 0.4666666666666667 0.4666666666666667 1.75 1.26 12 39 2.0 1
0
APP_12_Inner_Layer_1:0 0.06666666666666667 0.06666666666666667 0.25 2.9 31 42 1.83 1
1
APP_12_Inner_Layer_1:1 0.6 0.6 2.25 1.08 6 47 2.24 1
1
APP_12_Inner_Layer_1:2 0.5333333333333333 0.5333333333333333 2.0 1.42 34 18 2.86 1
1
APP_12_Output_Layer_0 0.4666666666666667 0.4666666666666667 1.75 1.21 35 38 3.31 1
2 3 4
