10
13
4
0
APP_0_Input_Layer_0 0.2 0.2 0.75 1.85 30 11 2.03 1

APP_0_Inner_Layer_0:0 0.5333333333333333 0.5333333333333333 2.0 2.03 38 12 1.25 1
0
APP_0_Inner_Layer_0:1 0.2 0.2 0.75 1.08 25 1 2.93 1
0
APP_0_Output_Layer_0 0.5333333333333333 0.5333333333333333 2.0 2.64 14 4 1.91 1
1 2
10
0.33301592968922034
APP_1_Input_Layer_0 0.26666666666666666 0.26666666666666666 1.0 1.36 38 25 3.79 1

APP_1_Inner_Layer_0:0 0.5333333333333333 0.5333333333333333 2.0 2.19 23 19 1.8 1
0
APP_1_Inner_Layer_0:1 0.06666666666666667 0.06666666666666667 0.25 1.55 6 19 3.25 1
0
APP_1_Inner_Layer_0:2 0.4 0.4 1.5 2.03 13 12 1.28 1
0
APP_1_Inner_Layer_1:0 0.26666666666666666 0.26666666666666666 1.0 3.17 30 38 1.53 1
1 2 3
APP_1_Inner_Layer_2:0 0.4 0.4 1.5 1.08 6 49 3.98 1
4
APP_1_Inner_Layer_3:0 0.26666666666666666 0.26666666666666666 1.0 2.72 2 31 3.05 1
5
APP_1_Inner_Layer_3:1 0.26666666666666666 0.26666666666666666 1.0 3.38 4 37 1.6 1
5
APP_1_Inner_Layer_3:2 0.3333333333333333 0.3333333333333333 1.25 2.99 37 11 2.7 1
5
APP_1_Output_Layer_0 0.5333333333333333 0.5333333333333333 2.0 1.59 22 49 2.66 0
6 7 8
5
0.711474738564625
APP_2_Input_Layer_0 0.6 0.6 2.25 3.44 24 21 2.73 1

APP_2_Inner_Layer_0:0 0.3333333333333333 0.3333333333333333 1.25 2.74 35 29 1.0 1
0
APP_2_Inner_Layer_0:1 0.2 0.2 0.75 2.78 43 2 3.42 1
0
APP_2_Inner_Layer_0:2 0.5333333333333333 0.5333333333333333 2.0 2.85 11 2 1.06 1
0
APP_2_Output_Layer_0 0.6 0.6 2.25 3.28 36 42 3.88 1
1 2 3
8
1.2099880039981084
APP_3_Input_Layer_0 0.2 0.2 0.75 3.22 4 21 2.63 1

APP_3_Inner_Layer_0:0 0.4 0.4 1.5 2.85 8 9 2.41 1
0
APP_3_Inner_Layer_1:0 0.06666666666666667 0.06666666666666667 0.25 1.62 40 16 1.45 1
1
APP_3_Inner_Layer_1:1 0.2 0.2 0.75 2.6 20 24 2.28 1
1
APP_3_Inner_Layer_1:2 0.06666666666666667 0.06666666666666667 0.25 3.48 17 13 1.8 1
1
APP_3_Inner_Layer_1:3 0.06666666666666667 0.06666666666666667 0.25 3.98 3 3 1.94 1
1
APP_3_Inner_Layer_2:0 0.2 0.2 0.75 3.59 1 36 3.52 1
2 3 4 5
APP_3_Output_Layer_0 0.13333333333333333 0.13333333333333333 0.5 2.04 42 18 2.1 1
6
6
1.6066312431894993
APP_4_Input_Layer_0 0.3333333333333333 0.3333333333333333 1.25 1.17 10 4 3.98 1

APP_4_Inner_Layer_0:0 0.26666666666666666 0.26666666666666666 1.0 1.74 11 9 1.72 1
0
APP_4_Inner_Layer_1:0 0.3333333333333333 0.3333333333333333 1.25 3.06 44 35 1.29 1
1
APP_4_Inner_Layer_1:1 0.4666666666666667 0.4666666666666667 1.75 2.7 25 15 3.05 1
1
APP_4_Inner_Layer_1:2 0.4 0.4 1.5 2.21 47 27 2.91 1
1
APP_4_Output_Layer_0 0.6 0.6 2.25 2.83 14 24 2.47 1
2 3 4
4
2.2620279235223535
APP_5_Input_Layer_0 0.06666666666666667 0.06666666666666667 0.25 3.92 34 27 3.07 1

APP_5_Inner_Layer_0:0 0.4666666666666667 0.4666666666666667 1.75 1.61 47 33 1.22 1
0
APP_5_Inner_Layer_0:1 0.4666666666666667 0.4666666666666667 1.75 3.62 38 39 2.25 1
0
APP_5_Output_Layer_0 0.6 0.6 2.25 3.19 16 29 2.14 1
1 2
6
2.65572544447516
APP_6_Input_Layer_0 0.2 0.2 0.75 3.27 21 49 3.84 1

APP_6_Inner_Layer_0:0 0.3333333333333333 0.3333333333333333 1.25 1.77 3 36 3.12 1
0
APP_6_Inner_Layer_0:1 0.4 0.4 1.5 2.49 37 44 2.64 1
0
APP_6_Inner_Layer_1:0 0.4666666666666667 0.4666666666666667 1.75 3.49 34 25 1.65 1
1 2
APP_6_Inner_Layer_1:1 0.26666666666666666 0.26666666666666666 1.0 1.11 18 12 1.78 1
2
APP_6_Output_Layer_0 0.06666666666666667 0.06666666666666667 0.25 1.39 47 9 2.24 0
3 4
8
2.9682363783866452
APP_7_Input_Layer_0 0.13333333333333333 0.13333333333333333 0.5 3.42 44 40 1.05 0

APP_7_Inner_Layer_0:0 0.6 0.6 2.25 2.27 6 31 3.13 1
0
APP_7_Inner_Layer_0:1 0.3333333333333333 0.3333333333333333 1.25 2.32 30 28 3.86 1
0
APP_7_Inner_Layer_0:2 0.3333333333333333 0.3333333333333333 1.25 1.63 15 7 1.95 1
0
APP_7_Inner_Layer_1:0 0.2 0.2 0.75 2.79 20 27 2.84 1
1 2
APP_7_Inner_Layer_1:1 0.3333333333333333 0.3333333333333333 1.25 2.76 3 35 2.25 1
3
APP_7_Inner_Layer_2:0 0.4666666666666667 0.4666666666666667 1.75 1.52 4 22 3.98 1
4 5
APP_7_Output_Layer_0 0.4 0.4 1.5 3.45 26 27 3.12 1
6
10
3.4974684743088535
APP_8_Input_Layer_0 0.6 0.6 2.25 1.94 31 43 1.69 1

APP_8_Inner_Layer_0:0 0.2 0.2 0.75 3.36 18 39 2.15 1
0
APP_8_Inner_Layer_0:1 0.06666666666666667 0.06666666666666667 0.25 3.57 37 47 2.25 1
0
APP_8_Inner_Layer_0:2 0.13333333333333333 0.13333333333333333 0.5 2.68 46 7 2.0 1
0
APP_8_Inner_Layer_0:3 0.13333333333333333 0.13333333333333333 0.5 2.45 20 4 1.02 1
0
APP_8_Inner_Layer_1:0 0.2 0.2 0.75 2.93 34 47 2.12 1
1 2 3 4
APP_8_Inner_Layer_2:0 0.06666666666666667 0.06666666666666667 0.25 2.41 33 15 1.01 1
5
APP_8_Inner_Layer_2:1 0.4 0.4 1.5 3.63 40 26 1.7 1
5
APP_8_Inner_Layer_2:2 0.3333333333333333 0.3333333333333333 1.25 1.88 19 3 1.6 1
5
APP_8_Output_Layer_0 0.4666666666666667 0.4666666666666667 1.75 3.18 47 31 2.64 1
6 7 8
3
4.007737756852622
APP_9_Input_Layer_0 0.26666666666666666 0.26666666666666666 1.0 2.68 45 9 2.81 1

APP_9_Inner_Layer_0:0 0.5333333333333333 0.5333333333333333 2.0 1.26 27 21 3.65 1
0
APP_9_Output_Layer_0 0.3333333333333333 0.3333333333333333 1.25 1.73 20 23 3.88 1
1
9
4.66757373222074
APP_10_Input_Layer_0 0.06666666666666667 0.06666666666666667 0.25 1.9 30 7 3.57 1

APP_10_Inner_Layer_0:0 0.06666666666666667 0.06666666666666667 0.25 3.22 30 19 2.28 1
0
APP_10_Inner_Layer_1:0 0.06666666666666667 0.06666666666666667 0.25 2.72 40 44 3.43 1
1
APP_10_Inner_Layer_2:0 0.4666666666666667 0.4666666666666667 1.75 1.96 43 24 3.57 1
2
APP_10_Inner_Layer_2:1 0.2 0.2 0.75 3.85 41 40 3.23 1
2
APP_10_Inner_Layer_2:2 0.6 0.6 2.25 3.39 18 29 1.17 1
2
APP_10_Inner_Layer_2:3 0.3333333333333333 0.3333333333333333 1.25 1.22 34 8 2.77 1
2
APP_10_Inner_Layer_3:0 0.4 0.4 1.5 1.05 30 32 2.95 1
3 4 5 6
APP_10_Output_Layer_0 0.26666666666666666 0.26666666666666666 1.0 3.4 6 43 1.82 1
7
6
5.399409892070209
APP_11_Input_Layer_0 0.26666666666666666 0.26666666666666666 1.0 2.51 31 7 1.53 1

APP_11_Inner_Layer_0:0 0.13333333333333333 0.13333333333333333 0.5 1.52 39 13 1.89 1
0
APP_11_Inner_Layer_0:1 0.26666666666666666 0.26666666666666666 1.0 2.03 2 23 3.94 1
0
APP_11_Inner_Layer_0:2 0.2 0.2 0.75 1.67 12 28 1.74 1
0
APP_11_Inner_Layer_1:0 0.26666666666666666 0.26666666666666666 1.0 1.3 26 7 2.85 1
1 2 3
APP_11_Output_Layer_0 0.06666666666666667 0.06666666666666667 0.25 2.18 49 35 3.33 1
4
12
5.913420454153767
APP_12_Input_Layer_0 0.3333333333333333 0.3333333333333333 1.25 2.29 9 40 2.78 1

APP_12_Inner_Layer_0:0 0.2 0.2 0.75 3.98 27 6 3.21 1
0
APP_12_Inner_Layer_0:1 0.6 0.6 2.25 3.86 29 17 3.16 1
0
APP_12_Inner_Layer_0:2 0.4666666666666667 0.4666666666666667 1.75 1.9 31 16 1.15 1
0
APP_12_Inner_Layer_1:0 0.2 0.2 0.75 2.28 12 43 1.0 1
1 3
APP_12_Inner_Layer_1:1 0.6 0.6 2.25 3.6 40 37 3.51 1
1 2
APP_12_Inner_Layer_1:2 0.13333333333333333 0.13333333333333333 0.5 3.17 13 30 3.56 1
2 3
APP_12_Inner_Layer_2:0 0.4 0.4 1.5 3.96 5 48 2.14 1
4 6
APP_12_Inner_Layer_2:1 0.4 0.4 1.5 1.57 29 8 2.43 1
4
APP_12_Inner_Layer_2:2 0.5333333333333333 0.5333333333333333 2.0 2.1 49 31 3.02 1
5 6
APP_12_Inner_Layer_2:3 0.13333333333333333 0.13333333333333333 0.5 2.44 6 49 3.6 1
6
APP_12_Output_Layer_0 0.3333333333333333 0.3333333333333333 1.25 2.66 26 15 3.19 1
7 8 9 10
