10
9
12
0
APP_0_Input_Layer_0 0.13333333333333333 0.13333333333333333 0.5 2.37 4 41 1.19 1

APP_0_Inner_Layer_0:0 0.4666666666666667 0.4666666666666667 1.75 3.61 25 17 3.13 1
0
APP_0_Inner_Layer_0:1 0.5333333333333333 0.5333333333333333 2.0 3.99 34 18 2.99 1
0
APP_0_Inner_Layer_0:2 0.4666666666666667 0.4666666666666667 1.75 3.95 40 47 1.87 1
0
APP_0_Inner_Layer_1:0 0.26666666666666666 0.26666666666666666 1.0 3.45 3 42 3.95 1
3 1
APP_0_Inner_Layer_1:1 0.5333333333333333 0.5333333333333333 2.0 3.22 28 44 2.07 1
1 2 3
APP_0_Inner_Layer_1:2 0.06666666666666667 0.06666666666666667 0.25 1.67 37 15 2.05 1
2 3
APP_0_Inner_Layer_2:0 0.3333333333333333 0.3333333333333333 1.25 2.85 44 30 1.58 1
5
APP_0_Inner_Layer_2:1 0.13333333333333333 0.13333333333333333 0.5 3.44 24 47 1.98 0
5 6
APP_0_Inner_Layer_2:2 0.26666666666666666 0.26666666666666666 1.0 1.35 38 31 1.34 0
4 6
APP_0_Inner_Layer_2:3 0.6 0.6 2.25 1.65 41 47 1.13 1
6
APP_0_Output_Layer_0 0.5333333333333333 0.5333333333333333 2.0 3.91 7 19 3.36 1
7 8 9 10
9
1.0970145062331575
APP_1_Input_Layer_0 0.5333333333333333 0.5333333333333333 2.0 1.98 44 2 2.98 1

APP_1_Inner_Layer_0:0 0.06666666666666667 0.06666666666666667 0.25 2.91 38 16 1.15 1
0
APP_1_Inner_Layer_1:0 0.5333333333333333 0.5333333333333333 2.0 2.21 10 24 1.71 1
1
APP_1_Inner_Layer_1:1 0.4 0.4 1.5 2.08 40 17 3.18 0
1
APP_1_Inner_Layer_1:2 0.6 0.6 2.25 3.19 45 45 2.27 1
1
APP_1_Inner_Layer_2:0 0.5333333333333333 0.5333333333333333 2.0 1.13 47 8 1.96 1
4
APP_1_Inner_Layer_2:1 0.6 0.6 2.25 2.64 15 38 2.53 1
2 3
APP_1_Inner_Layer_2:2 0.13333333333333333 0.13333333333333333 0.5 1.25 5 31 1.91 0
3
APP_1_Output_Layer_0 0.06666666666666667 0.06666666666666667 0.25 3.12 13 42 1.98 0
5 6 7
9
1.993584191908015
APP_2_Input_Layer_0 0.4 0.4 1.5 2.03 6 17 2.98 1

APP_2_Inner_Layer_0:0 0.06666666666666667 0.06666666666666667 0.25 2.16 11 1 2.95 1
0
APP_2_Inner_Layer_0:1 0.3333333333333333 0.3333333333333333 1.25 3.43 24 39 2.23 0
0
APP_2_Inner_Layer_0:2 0.5333333333333333 0.5333333333333333 2.0 3.06 7 14 1.3 1
0
APP_2_Inner_Layer_0:3 0.3333333333333333 0.3333333333333333 1.25 3.24 35 14 3.04 0
0
APP_2_Inner_Layer_1:0 0.26666666666666666 0.26666666666666666 1.0 2.63 34 42 3.25 1
1 3 4
APP_2_Inner_Layer_1:1 0.4 0.4 1.5 2.63 25 27 3.59 0
1 2 3
APP_2_Inner_Layer_1:2 0.4 0.4 1.5 1.98 35 16 2.54 0
4
APP_2_Output_Layer_0 0.26666666666666666 0.26666666666666666 1.0 2.17 41 38 2.52 1
5 6 7
3
2.7151516799532445
APP_3_Input_Layer_0 0.4 0.4 1.5 3.53 2 20 1.16 1

APP_3_Inner_Layer_0:0 0.2 0.2 0.75 1.46 44 46 3.09 1
0
APP_3_Output_Layer_0 0.4 0.4 1.5 1.37 25 46 3.39 1
1
4
3.488961026017926
APP_4_Input_Layer_0 0.6 0.6 2.25 2.11 2 47 1.94 1

APP_4_Inner_Layer_0:0 0.5333333333333333 0.5333333333333333 2.0 2.31 3 9 1.16 1
0
APP_4_Inner_Layer_0:1 0.26666666666666666 0.26666666666666666 1.0 2.89 47 13 1.62 1
0
APP_4_Output_Layer_0 0.4 0.4 1.5 2.86 25 29 3.91 1
1 2
9
3.9278057716829218
APP_5_Input_Layer_0 0.06666666666666667 0.06666666666666667 0.25 1.57 14 6 3.92 1

APP_5_Inner_Layer_0:0 0.26666666666666666 0.26666666666666666 1.0 3.59 4 24 2.83 1
0
APP_5_Inner_Layer_0:1 0.5333333333333333 0.5333333333333333 2.0 1.97 42 47 3.93 1
0
APP_5_Inner_Layer_0:2 0.26666666666666666 0.26666666666666666 1.0 2.31 23 40 2.09 1
0
APP_5_Inner_Layer_1:0 0.5333333333333333 0.5333333333333333 2.0 1.11 33 27 2.81 0
3
APP_5_Inner_Layer_1:1 0.4666666666666667 0.4666666666666667 1.75 2.09 38 10 2.8 1
1 2 3
APP_5_Inner_Layer_2:0 0.5333333333333333 0.5333333333333333 2.0 2.78 10 11 1.78 1
4
APP_5_Inner_Layer_2:1 0.2 0.2 0.75 1.08 43 41 2.91 1
5
APP_5_Output_Layer_0 0.2 0.2 0.75 2.87 47 24 1.99 1
6 7
7
4.485018183930948
APP_6_Input_Layer_0 0.4 0.4 1.5 1.2 36 14 1.65 1

APP_6_Inner_Layer_0:0 0.4 0.4 1.5 2.06 12 14 1.14 1
0
APP_6_Inner_Layer_1:0 0.3333333333333333 0.3333333333333333 1.25 2.78 31 19 3.63 1
1
APP_6_Inner_Layer_2:0 0.4 0.4 1.5 2.12 2 41 1.73 0
2
APP_6_Inner_Layer_2:1 0.3333333333333333 0.3333333333333333 1.25 3.79 42 42 1.22 1
2
APP_6_Inner_Layer_2:2 0.4 0.4 1.5 1.36 45 38 1.89 0
2
APP_6_Output_Layer_0 0.13333333333333333 0.13333333333333333 0.5 2.96 40 35 2.46 1
3 4 5
10
5.240347467206433
APP_7_Input_Layer_0 0.6 0.6 2.25 1.88 44 13 3.43 1

APP_7_Inner_Layer_0:0 0.06666666666666667 0.06666666666666667 0.25 2.24 40 15 1.59 0
0
APP_7_Inner_Layer_0:1 0.5333333333333333 0.5333333333333333 2.0 2.77 33 40 2.42 0
0
APP_7_Inner_Layer_0:2 0.26666666666666666 0.26666666666666666 1.0 3.16 19 30 3.79 1
0
APP_7_Inner_Layer_1:0 0.5333333333333333 0.5333333333333333 2.0 3.62 39 31 1.27 1
1
APP_7_Inner_Layer_1:1 0.4666666666666667 0.4666666666666667 1.75 2.77 48 17 3.4 1
2 3
APP_7_Inner_Layer_2:0 0.6 0.6 2.25 1.98 46 13 1.48 1
4 5
APP_7_Inner_Layer_2:1 0.6 0.6 2.25 2.25 48 36 1.68 0
4
APP_7_Inner_Layer_2:2 0.4666666666666667 0.4666666666666667 1.75 2.24 3 45 2.34 1
5
APP_7_Output_Layer_0 0.26666666666666666 0.26666666666666666 1.0 1.47 20 46 3.4 1
6 7 8
5
6.057808952381767
APP_8_Input_Layer_0 0.2 0.2 0.75 2.34 49 4 1.68 1

APP_8_Inner_Layer_0:0 0.4666666666666667 0.4666666666666667 1.75 1.53 29 37 2.29 0
0
APP_8_Inner_Layer_0:1 0.06666666666666667 0.06666666666666667 0.25 3.14 34 7 2.3 0
0
APP_8_Inner_Layer_0:2 0.13333333333333333 0.13333333333333333 0.5 1.59 10 23 1.82 0
0
APP_8_Output_Layer_0 0.6 0.6 2.25 3.94 1 4 3.34 1
1 2 3
