10
9
12
0
APP_0_Input_Layer_0 0.2 0.2 0.75 1.78 38 28 2.22 1

APP_0_Inner_Layer_0:0 0.2 0.2 0.75 2.28 10 42 3.1 1
0
APP_0_Inner_Layer_0:1 0.3333333333333333 0.3333333333333333 1.25 1.04 45 16 1.22 1
0
APP_0_Inner_Layer_1:0 0.6 0.6 2.25 2.24 19 49 3.87 0
2
APP_0_Inner_Layer_1:1 0.6 0.6 2.25 2.39 45 40 3.48 1
1 2
APP_0_Inner_Layer_1:2 0.4666666666666667 0.4666666666666667 1.75 2.73 29 23 3.48 0
2
APP_0_Inner_Layer_2:0 0.3333333333333333 0.3333333333333333 1.25 1.44 6 19 1.52 0
3 4 5
APP_0_Inner_Layer_3:0 0.3333333333333333 0.3333333333333333 1.25 2.11 3 34 1.7 1
6
APP_0_Inner_Layer_3:1 0.5333333333333333 0.5333333333333333 2.0 2.49 22 42 1.15 1
6
APP_0_Inner_Layer_3:2 0.06666666666666667 0.06666666666666667 0.25 1.74 5 36 1.26 1
6
APP_0_Inner_Layer_3:3 0.5333333333333333 0.5333333333333333 2.0 3.75 2 19 1.97 1
6
APP_0_Output_Layer_0 0.13333333333333333 0.13333333333333333 0.5 3.23 48 24 1.51 1
7 8 9 10
5
0.8076875798053211
APP_1_Input_Layer_0 0.5333333333333333 0.5333333333333333 2.0 3.83 48 30 1.76 1

APP_1_Inner_Layer_0:0 0.13333333333333333 0.13333333333333333 0.5 2.5 19 35 3.02 1
0
APP_1_Inner_Layer_0:1 0.26666666666666666 0.26666666666666666 1.0 2.78 36 42 1.35 0
0
APP_1_Inner_Layer_0:2 0.5333333333333333 0.5333333333333333 2.0 1.78 23 18 3.5 0
0
APP_1_Output_Layer_0 0.26666666666666666 0.26666666666666666 1.0 2.18 17 7 2.22 1
1 2 3
6
1.6786489358032806
APP_2_Input_Layer_0 0.13333333333333333 0.13333333333333333 0.5 2.63 24 12 1.69 1

APP_2_Inner_Layer_0:0 0.26666666666666666 0.26666666666666666 1.0 3.46 40 37 3.76 0
0
APP_2_Inner_Layer_0:1 0.3333333333333333 0.3333333333333333 1.25 2.95 43 38 1.83 1
0
APP_2_Inner_Layer_0:2 0.13333333333333333 0.13333333333333333 0.5 1.25 49 14 3.22 1
0
APP_2_Inner_Layer_0:3 0.4666666666666667 0.4666666666666667 1.75 1.61 32 46 2.51 1
0
APP_2_Output_Layer_0 0.26666666666666666 0.26666666666666666 1.0 2.69 43 34 3.65 1
1 2 3 4
8
2.192624755051013
APP_3_Input_Layer_0 0.13333333333333333 0.13333333333333333 0.5 1.71 35 16 1.92 1

APP_3_Inner_Layer_0:0 0.2 0.2 0.75 3.3 38 30 1.89 0
0
APP_3_Inner_Layer_0:1 0.06666666666666667 0.06666666666666667 0.25 1.74 40 1 3.37 0
0
APP_3_Inner_Layer_0:2 0.13333333333333333 0.13333333333333333 0.5 3.89 43 21 1.55 1
0
APP_3_Inner_Layer_1:0 0.6 0.6 2.25 1.84 3 11 2.32 1
1 2 3
APP_3_Inner_Layer_1:1 0.26666666666666666 0.26666666666666666 1.0 3.2 19 15 3.38 1
2
APP_3_Inner_Layer_1:2 0.5333333333333333 0.5333333333333333 2.0 2.93 11 34 1.63 0
3
APP_3_Output_Layer_0 0.6 0.6 2.25 3.61 38 44 2.12 1
4 5 6
11
3.1359335345459574
APP_4_Input_Layer_0 0.4666666666666667 0.4666666666666667 1.75 1.28 4 7 3.69 1

APP_4_Inner_Layer_0:0 0.4666666666666667 0.4666666666666667 1.75 3.11 16 47 2.86 0
0
APP_4_Inner_Layer_0:1 0.26666666666666666 0.26666666666666666 1.0 2.02 8 21 3.25 1
0
APP_4_Inner_Layer_0:2 0.26666666666666666 0.26666666666666666 1.0 3.19 17 4 3.52 1
0
APP_4_Inner_Layer_1:0 0.4666666666666667 0.4666666666666667 1.75 3.2 42 42 2.06 0
2
APP_4_Inner_Layer_1:1 0.5333333333333333 0.5333333333333333 2.0 2.65 42 19 1.26 1
1 3
APP_4_Inner_Layer_1:2 0.6 0.6 2.25 1.46 20 11 2.6 1
2
APP_4_Inner_Layer_2:0 0.3333333333333333 0.3333333333333333 1.25 2.97 45 15 1.71 1
4
APP_4_Inner_Layer_2:1 0.13333333333333333 0.13333333333333333 0.5 2.8 34 11 3.72 0
4 6
APP_4_Inner_Layer_2:2 0.4666666666666667 0.4666666666666667 1.75 2.07 4 8 1.58 0
5
APP_4_Output_Layer_0 0.2 0.2 0.75 2.75 3 42 2.5 1
7 8 9
6
3.554725849313419
APP_5_Input_Layer_0 0.06666666666666667 0.06666666666666667 0.25 2.84 13 42 2.24 0

APP_5_Inner_Layer_0:0 0.5333333333333333 0.5333333333333333 2.0 1.75 46 26 3.43 1
0
APP_5_Inner_Layer_0:1 0.26666666666666666 0.26666666666666666 1.0 1.47 38 21 1.17 1
0
APP_5_Inner_Layer_0:2 0.2 0.2 0.75 2.62 36 6 1.7 1
0
APP_5_Inner_Layer_0:3 0.3333333333333333 0.3333333333333333 1.25 1.0 19 28 1.3 1
0
APP_5_Output_Layer_0 0.13333333333333333 0.13333333333333333 0.5 2.0 16 35 1.36 1
1 2 3 4
5
4.1945771869675035
APP_6_Input_Layer_0 0.4666666666666667 0.4666666666666667 1.75 3.72 9 2 3.96 1

APP_6_Inner_Layer_0:0 0.4 0.4 1.5 2.07 45 1 1.11 1
0
APP_6_Inner_Layer_0:1 0.4 0.4 1.5 3.68 8 11 2.17 1
0
APP_6_Inner_Layer_0:2 0.13333333333333333 0.13333333333333333 0.5 3.22 3 30 3.44 0
0
APP_6_Output_Layer_0 0.4666666666666667 0.4666666666666667 1.75 3.92 11 43 2.65 1
1 2 3
11
4.932895608953618
APP_7_Input_Layer_0 0.4666666666666667 0.4666666666666667 1.75 3.74 36 38 3.97 0

APP_7_Inner_Layer_0:0 0.5333333333333333 0.5333333333333333 2.0 1.33 48 15 2.47 0
0
APP_7_Inner_Layer_0:1 0.4666666666666667 0.4666666666666667 1.75 2.45 12 19 1.97 1
0
APP_7_Inner_Layer_0:2 0.06666666666666667 0.06666666666666667 0.25 1.93 42 3 3.35 1
0
APP_7_Inner_Layer_0:3 0.2 0.2 0.75 1.53 25 1 3.37 1
0
APP_7_Inner_Layer_1:0 0.5333333333333333 0.5333333333333333 2.0 3.73 15 20 3.63 1
1 2 4
APP_7_Inner_Layer_1:1 0.4666666666666667 0.4666666666666667 1.75 3.08 1 49 3.96 1
1 2 3
APP_7_Inner_Layer_1:2 0.06666666666666667 0.06666666666666667 0.25 3.61 30 3 3.17 1
1 4
APP_7_Inner_Layer_1:3 0.13333333333333333 0.13333333333333333 0.5 1.29 19 35 1.17 1
2 4
APP_7_Inner_Layer_2:0 0.13333333333333333 0.13333333333333333 0.5 2.02 29 26 2.2 1
5 6 7 8
APP_7_Output_Layer_0 0.4666666666666667 0.4666666666666667 1.75 1.51 29 29 1.84 1
9
6
6.036963332159555
APP_8_Input_Layer_0 0.06666666666666667 0.06666666666666667 0.25 2.02 41 27 1.12 1

APP_8_Inner_Layer_0:0 0.3333333333333333 0.3333333333333333 1.25 2.18 29 25 2.49 1
0
APP_8_Inner_Layer_0:1 0.06666666666666667 0.06666666666666667 0.25 3.96 16 26 3.33 0
0
APP_8_Inner_Layer_1:0 0.6 0.6 2.25 2.58 35 36 3.06 1
1 2
APP_8_Inner_Layer_1:1 0.26666666666666666 0.26666666666666666 1.0 3.2 37 21 2.94 1
1
APP_8_Output_Layer_0 0.4666666666666667 0.4666666666666667 1.75 1.93 28 1 3.2 1
3 4
