10
9
10
0
APP_0_Input_Layer_0 0.4 0.4 1.5 3.57 25 18 1.14 1

APP_0_Inner_Layer_0:0 0.4666666666666667 0.4666666666666667 1.75 2.19 38 16 3.23 1
0
APP_0_Inner_Layer_0:1 0.2 0.2 0.75 1.93 36 36 1.73 0
0
APP_0_Inner_Layer_0:2 0.26666666666666666 0.26666666666666666 1.0 3.49 12 23 1.16 1
0
APP_0_Inner_Layer_0:3 0.26666666666666666 0.26666666666666666 1.0 3.1 23 28 2.51 0
0
APP_0_Inner_Layer_1:0 0.26666666666666666 0.26666666666666666 1.0 1.99 3 15 1.11 1
1 2
APP_0_Inner_Layer_1:1 0.13333333333333333 0.13333333333333333 0.5 2.41 47 17 1.95 1
3 4
APP_0_Inner_Layer_2:0 0.2 0.2 0.75 1.19 24 45 1.11 1
5 6
APP_0_Inner_Layer_2:1 0.6 0.6 2.25 1.57 1 7 2.95 1
6
APP_0_Output_Layer_0 0.3333333333333333 0.3333333333333333 1.25 2.45 19 1 3.75 1
7 8
15
0.6885452513853548
APP_1_Input_Layer_0 0.4 0.4 1.5 3.83 19 3 3.5 1

APP_1_Inner_Layer_0:0 0.2 0.2 0.75 2.3 1 40 2.1 0
0
APP_1_Inner_Layer_0:1 0.13333333333333333 0.13333333333333333 0.5 3.29 39 15 1.55 1
0
APP_1_Inner_Layer_0:2 0.06666666666666667 0.06666666666666667 0.25 1.85 8 22 1.68 1
0
APP_1_Inner_Layer_0:3 0.26666666666666666 0.26666666666666666 1.0 2.98 34 37 3.22 0
0
APP_1_Inner_Layer_1:0 0.13333333333333333 0.13333333333333333 0.5 2.82 17 15 3.4 0
1 2 3 4
APP_1_Inner_Layer_1:1 0.5333333333333333 0.5333333333333333 2.0 2.39 14 18 2.87 1
1 2 3
APP_1_Inner_Layer_1:2 0.13333333333333333 0.13333333333333333 0.5 1.43 19 46 1.64 1
1 3
APP_1_Inner_Layer_1:3 0.06666666666666667 0.06666666666666667 0.25 2.75 5 7 3.78 1
2
APP_1_Inner_Layer_2:0 0.3333333333333333 0.3333333333333333 1.25 3.52 29 32 3.66 0
6
APP_1_Inner_Layer_2:1 0.4 0.4 1.5 3.48 1 21 3.14 1
5 7
APP_1_Inner_Layer_2:2 0.4 0.4 1.5 2.36 10 12 1.16 1
6 7 8
APP_1_Inner_Layer_3:0 0.5333333333333333 0.5333333333333333 2.0 3.25 34 20 1.63 0
9
APP_1_Inner_Layer_3:1 0.4 0.4 1.5 3.03 48 35 1.33 1
10 11
APP_1_Output_Layer_0 0.4666666666666667 0.4666666666666667 1.75 2.97 36 36 1.37 1
12 13
4
1.1267347912535521
APP_2_Input_Layer_0 0.2 0.2 0.75 3.96 3 45 1.68 1

APP_2_Inner_Layer_0:0 0.4666666666666667 0.4666666666666667 1.75 2.13 7 1 2.55 1
0
APP_2_Inner_Layer_0:1 0.13333333333333333 0.13333333333333333 0.5 3.81 40 1 2.91 1
0
APP_2_Output_Layer_0 0.5333333333333333 0.5333333333333333 2.0 3.82 25 17 1.48 1
1 2
6
1.9533034109257537
APP_3_Input_Layer_0 0.2 0.2 0.75 2.86 19 37 1.87 1

APP_3_Inner_Layer_0:0 0.2 0.2 0.75 2.1 48 3 1.81 0
0
APP_3_Inner_Layer_0:1 0.6 0.6 2.25 1.39 8 35 1.28 1
0
APP_3_Inner_Layer_0:2 0.4666666666666667 0.4666666666666667 1.75 3.0 41 24 3.34 1
0
APP_3_Inner_Layer_0:3 0.2 0.2 0.75 2.07 41 47 1.76 1
0
APP_3_Output_Layer_0 0.4 0.4 1.5 2.11 46 22 3.32 1
1 2 3 4
6
2.9152948874692513
APP_4_Input_Layer_0 0.5333333333333333 0.5333333333333333 2.0 1.0 37 26 3.91 1

APP_4_Inner_Layer_0:0 0.5333333333333333 0.5333333333333333 2.0 2.77 48 17 1.21 0
0
APP_4_Inner_Layer_0:1 0.4666666666666667 0.4666666666666667 1.75 2.43 14 38 1.64 1
0
APP_4_Inner_Layer_0:2 0.06666666666666667 0.06666666666666667 0.25 2.07 8 10 1.89 1
0
APP_4_Inner_Layer_1:0 0.4666666666666667 0.4666666666666667 1.75 1.91 33 18 3.05 1
1 2 3
APP_4_Output_Layer_0 0.13333333333333333 0.13333333333333333 0.5 2.21 38 8 1.82 1
4
8
3.7964517802368185
APP_5_Input_Layer_0 0.4 0.4 1.5 2.52 29 16 3.1 1

APP_5_Inner_Layer_0:0 0.4666666666666667 0.4666666666666667 1.75 2.27 1 27 2.74 1
0
APP_5_Inner_Layer_0:1 0.6 0.6 2.25 1.17 31 24 3.93 0
0
APP_5_Inner_Layer_1:0 0.4666666666666667 0.4666666666666667 1.75 1.05 27 5 2.29 1
1
APP_5_Inner_Layer_1:1 0.06666666666666667 0.06666666666666667 0.25 2.22 3 26 2.49 1
1
APP_5_Inner_Layer_1:2 0.5333333333333333 0.5333333333333333 2.0 3.35 26 26 1.92 0
1 2
APP_5_Inner_Layer_1:3 0.2 0.2 0.75 3.98 5 23 3.45 1
2
APP_5_Output_Layer_0 0.3333333333333333 0.3333333333333333 1.25 2.84 6 4 1.56 1
3 4 5 6
13
4.633678027838806
APP_6_Input_Layer_0 0.6 0.6 2.25 3.13 46 45 1.66 1

APP_6_Inner_Layer_0:0 0.06666666666666667 0.06666666666666667 0.25 1.97 44 7 3.37 1
0
APP_6_Inner_Layer_0:1 0.4 0.4 1.5 1.15 44 43 1.14 1
0
APP_6_Inner_Layer_1:0 0.26666666666666666 0.26666666666666666 1.0 3.59 11 34 3.95 0
1
APP_6_Inner_Layer_1:1 0.6 0.6 2.25 2.88 37 31 2.29 1
2
APP_6_Inner_Layer_1:2 0.2 0.2 0.75 3.01 16 5 2.54 1
2
APP_6_Inner_Layer_1:3 0.26666666666666666 0.26666666666666666 1.0 1.98 39 11 1.12 1
2
APP_6_Inner_Layer_2:0 0.3333333333333333 0.3333333333333333 1.25 3.74 32 32 2.28 1
3 4 5 6
APP_6_Inner_Layer_2:1 0.26666666666666666 0.26666666666666666 1.0 1.42 3 8 2.77 1
3
APP_6_Inner_Layer_2:2 0.13333333333333333 0.13333333333333333 0.5 3.8 5 9 2.43 0
5 6
APP_6_Inner_Layer_2:3 0.5333333333333333 0.5333333333333333 2.0 2.0 19 49 3.69 1
3 5 6
APP_6_Inner_Layer_3:0 0.3333333333333333 0.3333333333333333 1.25 2.86 21 7 3.1 1
7 8 9 10
APP_6_Output_Layer_0 0.3333333333333333 0.3333333333333333 1.25 3.11 24 24 3.55 1
11
8
5.088763724497583
APP_7_Input_Layer_0 0.2 0.2 0.75 2.73 47 31 3.22 1

APP_7_Inner_Layer_0:0 0.5333333333333333 0.5333333333333333 2.0 2.31 23 14 2.95 1
0
APP_7_Inner_Layer_0:1 0.26666666666666666 0.26666666666666666 1.0 1.18 36 39 2.89 0
0
APP_7_Inner_Layer_1:0 0.4666666666666667 0.4666666666666667 1.75 3.91 10 42 2.78 1
1 2
APP_7_Inner_Layer_2:0 0.4 0.4 1.5 2.47 44 28 2.35 1
3
APP_7_Inner_Layer_2:1 0.26666666666666666 0.26666666666666666 1.0 1.88 11 46 2.6 1
3
APP_7_Inner_Layer_2:2 0.2 0.2 0.75 1.49 28 49 2.17 0
3
APP_7_Output_Layer_0 0.26666666666666666 0.26666666666666666 1.0 3.62 30 24 2.0 1
4 5 6
8
6.1177927957027585
APP_8_Input_Layer_0 0.06666666666666667 0.06666666666666667 0.25 3.42 12 33 3.21 1

APP_8_Inner_Layer_0:0 0.4666666666666667 0.4666666666666667 1.75 3.82 36 10 2.71 0
0
APP_8_Inner_Layer_0:1 0.3333333333333333 0.3333333333333333 1.25 1.61 36 37 3.63 1
0
APP_8_Inner_Layer_0:2 0.2 0.2 0.75 1.11 34 27 2.23 0
0
APP_8_Inner_Layer_0:3 0.5333333333333333 0.5333333333333333 2.0 2.61 37 28 3.21 1
0
APP_8_Inner_Layer_1:0 0.13333333333333333 0.13333333333333333 0.5 2.64 34 1 2.13 1
1 2 3 4
APP_8_Inner_Layer_2:0 0.3333333333333333 0.3333333333333333 1.25 1.87 2 41 3.35 1
5
APP_8_Output_Layer_0 0.26666666666666666 0.26666666666666666 1.0 1.38 29 29 3.58 1
6
