10
9
10
0
APP_0_Input_Layer_0 0.2 0.2 0.75 2.14 32 14 1.75 1

APP_0_Inner_Layer_0:0 0.5333333333333333 0.5333333333333333 2.0 2.51 43 30 1.69 1
0
APP_0_Inner_Layer_1:0 0.3333333333333333 0.3333333333333333 1.25 2.19 4 8 2.96 0
1
APP_0_Inner_Layer_2:0 0.4666666666666667 0.4666666666666667 1.75 3.86 38 21 3.08 0
2
APP_0_Inner_Layer_2:1 0.13333333333333333 0.13333333333333333 0.5 2.9 41 16 2.35 0
2
APP_0_Inner_Layer_2:2 0.4 0.4 1.5 3.68 12 32 1.89 1
2
APP_0_Inner_Layer_2:3 0.06666666666666667 0.06666666666666667 0.25 1.6 23 22 2.51 1
2
APP_0_Inner_Layer_3:0 0.5333333333333333 0.5333333333333333 2.0 2.84 23 38 2.85 0
6
APP_0_Inner_Layer_3:1 0.2 0.2 0.75 3.46 35 43 3.06 1
3 4 5
APP_0_Output_Layer_0 0.26666666666666666 0.26666666666666666 1.0 3.51 33 29 3.89 1
7 8
11
0.6092676404698855
APP_1_Input_Layer_0 0.3333333333333333 0.3333333333333333 1.25 3.56 17 10 3.01 0

APP_1_Inner_Layer_0:0 0.4666666666666667 0.4666666666666667 1.75 1.35 27 39 1.14 1
0
APP_1_Inner_Layer_0:1 0.4 0.4 1.5 3.13 25 23 3.32 1
0
APP_1_Inner_Layer_0:2 0.06666666666666667 0.06666666666666667 0.25 3.07 34 43 3.09 1
0
APP_1_Inner_Layer_1:0 0.06666666666666667 0.06666666666666667 0.25 3.79 15 38 1.28 0
1 2 3
APP_1_Inner_Layer_1:1 0.6 0.6 2.25 3.28 9 30 2.15 0
1
APP_1_Inner_Layer_1:2 0.4 0.4 1.5 1.39 16 17 1.14 1
2
APP_1_Inner_Layer_2:0 0.5333333333333333 0.5333333333333333 2.0 2.03 41 35 3.87 1
5
APP_1_Inner_Layer_2:1 0.06666666666666667 0.06666666666666667 0.25 1.28 7 6 1.37 1
4 5 6
APP_1_Inner_Layer_2:2 0.13333333333333333 0.13333333333333333 0.5 2.73 8 20 3.99 1
4 6
APP_1_Output_Layer_0 0.5333333333333333 0.5333333333333333 2.0 1.37 49 14 2.87 1
7 8 9
6
1.3374832298473325
APP_2_Input_Layer_0 0.06666666666666667 0.06666666666666667 0.25 2.6 44 14 3.24 1

APP_2_Inner_Layer_0:0 0.5333333333333333 0.5333333333333333 2.0 2.84 19 26 3.03 0
0
APP_2_Inner_Layer_0:1 0.6 0.6 2.25 1.23 30 21 1.66 1
0
APP_2_Inner_Layer_0:2 0.26666666666666666 0.26666666666666666 1.0 3.93 19 8 1.19 1
0
APP_2_Inner_Layer_0:3 0.5333333333333333 0.5333333333333333 2.0 1.5 4 4 1.21 1
0
APP_2_Output_Layer_0 0.3333333333333333 0.3333333333333333 1.25 1.96 37 37 2.55 1
1 2 3 4
12
2.2594232194592276
APP_3_Input_Layer_0 0.3333333333333333 0.3333333333333333 1.25 1.52 41 41 1.75 1

APP_3_Inner_Layer_0:0 0.13333333333333333 0.13333333333333333 0.5 1.21 23 19 3.15 1
0
APP_3_Inner_Layer_0:1 0.13333333333333333 0.13333333333333333 0.5 1.33 31 16 2.55 1
0
APP_3_Inner_Layer_0:2 0.13333333333333333 0.13333333333333333 0.5 1.6 41 45 1.28 1
0
APP_3_Inner_Layer_0:3 0.3333333333333333 0.3333333333333333 1.25 3.46 1 17 2.73 1
0
APP_3_Inner_Layer_1:0 0.06666666666666667 0.06666666666666667 0.25 1.18 1 21 1.69 1
1 2 3 4
APP_3_Inner_Layer_2:0 0.06666666666666667 0.06666666666666667 0.25 2.12 32 22 3.05 1
5
APP_3_Inner_Layer_3:0 0.4 0.4 1.5 2.8 11 30 2.1 1
6
APP_3_Inner_Layer_3:1 0.13333333333333333 0.13333333333333333 0.5 3.6 7 28 3.53 0
6
APP_3_Inner_Layer_3:2 0.4666666666666667 0.4666666666666667 1.75 1.15 1 1 3.13 1
6
APP_3_Inner_Layer_3:3 0.6 0.6 2.25 2.13 1 33 2.9 1
6
APP_3_Output_Layer_0 0.6 0.6 2.25 3.07 45 22 3.79 1
7 8 9 10
7
3.258632269849624
APP_4_Input_Layer_0 0.2 0.2 0.75 1.37 4 43 3.46 1

APP_4_Inner_Layer_0:0 0.13333333333333333 0.13333333333333333 0.5 2.93 32 23 2.27 1
0
APP_4_Inner_Layer_0:1 0.26666666666666666 0.26666666666666666 1.0 3.07 22 12 3.63 0
0
APP_4_Inner_Layer_0:2 0.2 0.2 0.75 3.27 3 27 1.63 1
0
APP_4_Inner_Layer_1:0 0.13333333333333333 0.13333333333333333 0.5 2.27 5 15 1.69 1
2
APP_4_Inner_Layer_1:1 0.4 0.4 1.5 2.62 32 46 1.16 1
1 2 3
APP_4_Output_Layer_0 0.5333333333333333 0.5333333333333333 2.0 1.88 32 33 3.29 1
4 5
4
3.97785138710542
APP_5_Input_Layer_0 0.2 0.2 0.75 2.38 16 2 3.35 0

APP_5_Inner_Layer_0:0 0.06666666666666667 0.06666666666666667 0.25 3.91 28 30 1.58 0
0
APP_5_Inner_Layer_0:1 0.3333333333333333 0.3333333333333333 1.25 3.61 15 12 1.57 1
0
APP_5_Output_Layer_0 0.3333333333333333 0.3333333333333333 1.25 3.21 45 4 3.41 1
1 2
8
4.7860202456103975
APP_6_Input_Layer_0 0.2 0.2 0.75 3.37 44 36 3.38 1

APP_6_Inner_Layer_0:0 0.4666666666666667 0.4666666666666667 1.75 2.63 40 14 1.91 0
0
APP_6_Inner_Layer_0:1 0.26666666666666666 0.26666666666666666 1.0 1.91 36 44 2.4 0
0
APP_6_Inner_Layer_1:0 0.4666666666666667 0.4666666666666667 1.75 1.34 12 42 3.14 1
2
APP_6_Inner_Layer_1:1 0.3333333333333333 0.3333333333333333 1.25 2.77 45 17 2.63 1
2
APP_6_Inner_Layer_1:2 0.6 0.6 2.25 2.15 13 12 2.88 0
1
APP_6_Inner_Layer_1:3 0.4 0.4 1.5 2.1 16 19 3.06 0
2
APP_6_Output_Layer_0 0.3333333333333333 0.3333333333333333 1.25 3.68 14 27 3.68 1
3 4 5 6
15
5.315359364367502
APP_7_Input_Layer_0 0.3333333333333333 0.3333333333333333 1.25 3.91 43 35 1.11 1

APP_7_Inner_Layer_0:0 0.3333333333333333 0.3333333333333333 1.25 3.95 20 7 1.76 1
0
APP_7_Inner_Layer_0:1 0.2 0.2 0.75 3.0 35 42 1.55 1
0
APP_7_Inner_Layer_1:0 0.06666666666666667 0.06666666666666667 0.25 1.68 32 11 2.36 1
2
APP_7_Inner_Layer_1:1 0.5333333333333333 0.5333333333333333 2.0 2.07 25 1 3.18 1
2
APP_7_Inner_Layer_1:2 0.2 0.2 0.75 3.79 46 5 1.02 0
1
APP_7_Inner_Layer_1:3 0.3333333333333333 0.3333333333333333 1.25 3.49 9 32 3.52 0
1 2
APP_7_Inner_Layer_2:0 0.6 0.6 2.25 2.85 37 42 2.1 1
3 4 5
APP_7_Inner_Layer_2:1 0.5333333333333333 0.5333333333333333 2.0 2.98 10 38 2.35 1
4 6
APP_7_Inner_Layer_2:2 0.5333333333333333 0.5333333333333333 2.0 1.58 29 16 3.58 1
3 5 6
APP_7_Inner_Layer_3:0 0.4 0.4 1.5 2.96 4 8 2.49 1
8 9
APP_7_Inner_Layer_3:1 0.5333333333333333 0.5333333333333333 2.0 2.96 10 7 1.2 1
7 8 9
APP_7_Inner_Layer_3:2 0.13333333333333333 0.13333333333333333 0.5 2.28 17 21 1.05 1
7 8
APP_7_Inner_Layer_3:3 0.3333333333333333 0.3333333333333333 1.25 1.05 10 35 3.11 0
7 9
APP_7_Output_Layer_0 0.26666666666666666 0.26666666666666666 1.0 3.26 3 5 1.97 1
10 11 12 13
5
5.725300216643535
APP_8_Input_Layer_0 0.5333333333333333 0.5333333333333333 2.0 2.23 15 29 2.01 1

APP_8_Inner_Layer_0:0 0.5333333333333333 0.5333333333333333 2.0 2.48 39 29 2.99 1
0
APP_8_Inner_Layer_0:1 0.3333333333333333 0.3333333333333333 1.25 1.79 23 18 3.41 0
0
APP_8_Inner_Layer_1:0 0.2 0.2 0.75 1.36 16 40 3.94 0
1 2
APP_8_Output_Layer_0 0.3333333333333333 0.3333333333333333 1.25 1.51 35 49 1.27 1
3
