10
9
8
0
APP_0_Input_Layer_0 0.4 0.4 1.5 3.02 5 40 1.36 1

APP_0_Inner_Layer_0:0 0.2 0.2 0.75 1.94 2 35 2.89 1
0
APP_0_Inner_Layer_0:1 0.5333333333333333 0.5333333333333333 2.0 1.52 1 49 3.3 1
0
APP_0_Inner_Layer_0:2 0.4 0.4 1.5 2.06 5 40 1.0 1
0
APP_0_Inner_Layer_0:3 0.26666666666666666 0.26666666666666666 1.0 3.08 30 9 1.35 0
0
APP_0_Inner_Layer_1:0 0.6 0.6 2.25 2.3 40 6 2.17 1
1 2 3 4
APP_0_Inner_Layer_2:0 0.06666666666666667 0.06666666666666667 0.25 3.15 47 1 3.19 1
5
APP_0_Output_Layer_0 0.06666666666666667 0.06666666666666667 0.25 2.16 40 6 2.05 1
6
10
0.41998643179229667
APP_1_Input_Layer_0 0.06666666666666667 0.06666666666666667 0.25 3.06 25 3 3.31 1

APP_1_Inner_Layer_0:0 0.06666666666666667 0.06666666666666667 0.25 1.8 5 33 3.93 0
0
APP_1_Inner_Layer_0:1 0.4 0.4 1.5 1.36 41 38 2.67 1
0
APP_1_Inner_Layer_0:2 0.4666666666666667 0.4666666666666667 1.75 2.2 35 9 1.16 0
0
APP_1_Inner_Layer_0:3 0.4 0.4 1.5 3.28 27 41 3.53 1
0
APP_1_Inner_Layer_1:0 0.4666666666666667 0.4666666666666667 1.75 3.96 1 1 1.58 1
2
APP_1_Inner_Layer_1:1 0.4 0.4 1.5 2.91 6 30 2.76 0
1 2 3 4
APP_1_Inner_Layer_1:2 0.3333333333333333 0.3333333333333333 1.25 3.86 6 16 3.09 1
2 3 4
APP_1_Inner_Layer_1:3 0.4 0.4 1.5 3.84 28 4 2.79 1
4
APP_1_Output_Layer_0 0.4666666666666667 0.4666666666666667 1.75 2.54 9 29 3.8 1
5 6 7 8
5
0.8895594739502868
APP_2_Input_Layer_0 0.4666666666666667 0.4666666666666667 1.75 1.66 18 49 3.25 1

APP_2_Inner_Layer_0:0 0.4 0.4 1.5 2.66 10 29 2.46 0
0
APP_2_Inner_Layer_0:1 0.6 0.6 2.25 2.23 16 35 2.66 0
0
APP_2_Inner_Layer_1:0 0.4666666666666667 0.4666666666666667 1.75 2.92 25 46 3.34 1
1 2
APP_2_Output_Layer_0 0.4 0.4 1.5 1.53 17 15 1.27 1
3
9
1.705682743530918
APP_3_Input_Layer_0 0.3333333333333333 0.3333333333333333 1.25 1.3 25 49 3.93 1

APP_3_Inner_Layer_0:0 0.13333333333333333 0.13333333333333333 0.5 3.95 10 24 2.14 1
0
APP_3_Inner_Layer_0:1 0.26666666666666666 0.26666666666666666 1.0 2.68 48 24 2.88 1
0
APP_3_Inner_Layer_1:0 0.26666666666666666 0.26666666666666666 1.0 3.86 44 28 3.35 1
1 2
APP_3_Inner_Layer_2:0 0.2 0.2 0.75 3.48 2 37 1.67 1
3
APP_3_Inner_Layer_2:1 0.26666666666666666 0.26666666666666666 1.0 2.46 6 37 1.61 0
3
APP_3_Inner_Layer_3:0 0.2 0.2 0.75 1.13 22 15 3.31 1
5
APP_3_Inner_Layer_3:1 0.26666666666666666 0.26666666666666666 1.0 3.66 4 22 3.01 0
4 5
APP_3_Output_Layer_0 0.3333333333333333 0.3333333333333333 1.25 1.27 43 3 1.04 0
6 7
4
2.279071199126891
APP_4_Input_Layer_0 0.26666666666666666 0.26666666666666666 1.0 2.04 17 37 3.51 1

APP_4_Inner_Layer_0:0 0.13333333333333333 0.13333333333333333 0.5 1.5 3 31 3.09 1
0
APP_4_Inner_Layer_0:1 0.6 0.6 2.25 2.85 48 8 2.47 1
0
APP_4_Output_Layer_0 0.5333333333333333 0.5333333333333333 2.0 3.44 29 48 2.35 1
1 2
6
2.9335388605682184
APP_5_Input_Layer_0 0.5333333333333333 0.5333333333333333 2.0 3.17 45 3 3.18 0

APP_5_Inner_Layer_0:0 0.6 0.6 2.25 1.65 33 21 2.5 1
0
APP_5_Inner_Layer_0:1 0.06666666666666667 0.06666666666666667 0.25 3.5 18 40 3.88 0
0
APP_5_Inner_Layer_0:2 0.6 0.6 2.25 2.62 27 17 3.04 0
0
APP_5_Inner_Layer_0:3 0.4666666666666667 0.4666666666666667 1.75 3.13 8 49 3.48 1
0
APP_5_Output_Layer_0 0.13333333333333333 0.13333333333333333 0.5 3.13 3 40 2.31 1
1 2 3 4
9
3.9717565614938115
APP_6_Input_Layer_0 0.13333333333333333 0.13333333333333333 0.5 3.42 23 10 3.32 1

APP_6_Inner_Layer_0:0 0.3333333333333333 0.3333333333333333 1.25 3.6 26 29 2.4 1
0
APP_6_Inner_Layer_0:1 0.6 0.6 2.25 3.88 35 40 2.72 1
0
APP_6_Inner_Layer_0:2 0.06666666666666667 0.06666666666666667 0.25 2.99 45 1 3.59 1
0
APP_6_Inner_Layer_1:0 0.3333333333333333 0.3333333333333333 1.25 1.91 15 9 2.23 1
2 3
APP_6_Inner_Layer_1:1 0.06666666666666667 0.06666666666666667 0.25 1.45 49 40 3.01 1
1 3
APP_6_Inner_Layer_1:2 0.4 0.4 1.5 2.15 9 27 2.09 1
2
APP_6_Inner_Layer_2:0 0.06666666666666667 0.06666666666666667 0.25 3.11 43 11 3.62 1
4 5 6
APP_6_Output_Layer_0 0.06666666666666667 0.06666666666666667 0.25 3.81 5 3 1.61 1
7
11
4.719608368581451
APP_7_Input_Layer_0 0.2 0.2 0.75 2.86 35 26 2.88 1

APP_7_Inner_Layer_0:0 0.26666666666666666 0.26666666666666666 1.0 1.7 49 42 1.88 0
0
APP_7_Inner_Layer_0:1 0.4 0.4 1.5 3.96 16 6 2.75 1
0
APP_7_Inner_Layer_1:0 0.6 0.6 2.25 3.91 6 12 1.29 1
2
APP_7_Inner_Layer_1:1 0.3333333333333333 0.3333333333333333 1.25 3.67 11 16 3.17 1
2
APP_7_Inner_Layer_1:2 0.6 0.6 2.25 3.04 41 31 3.08 1
1
APP_7_Inner_Layer_2:0 0.06666666666666667 0.06666666666666667 0.25 2.02 17 19 1.35 1
3
APP_7_Inner_Layer_2:1 0.5333333333333333 0.5333333333333333 2.0 1.83 13 33 2.27 1
4 5
APP_7_Inner_Layer_3:0 0.4666666666666667 0.4666666666666667 1.75 1.18 2 21 1.9 1
6
APP_7_Inner_Layer_3:1 0.3333333333333333 0.3333333333333333 1.25 2.51 33 30 1.0 1
7
APP_7_Output_Layer_0 0.13333333333333333 0.13333333333333333 0.5 1.39 3 23 1.63 1
8 9
6
5.740881551308574
APP_8_Input_Layer_0 0.13333333333333333 0.13333333333333333 0.5 2.08 17 33 1.73 1

APP_8_Inner_Layer_0:0 0.2 0.2 0.75 2.08 16 41 3.72 0
0
APP_8_Inner_Layer_1:0 0.13333333333333333 0.13333333333333333 0.5 2.71 44 36 3.53 0
1
APP_8_Inner_Layer_2:0 0.2 0.2 0.75 1.44 17 42 3.27 1
2
APP_8_Inner_Layer_2:1 0.26666666666666666 0.26666666666666666 1.0 2.24 4 37 1.06 1
2
APP_8_Output_Layer_0 0.06666666666666667 0.06666666666666667 0.25 1.3 43 10 3.55 1
3 4
