10
9
4
0
APP_0_Input_Layer_0 0.4 0.4 1.5 3.72 40 11 3.71 1

APP_0_Inner_Layer_0:0 0.4666666666666667 0.4666666666666667 1.75 2.74 36 25 1.06 0
0
APP_0_Inner_Layer_1:0 0.5333333333333333 0.5333333333333333 2.0 3.4 19 35 3.48 1
1
APP_0_Output_Layer_0 0.4 0.4 1.5 3.11 30 27 2.81 1
2
11
0.7821972682868419
APP_1_Input_Layer_0 0.26666666666666666 0.26666666666666666 1.0 1.84 17 34 3.2 1

APP_1_Inner_Layer_0:0 0.4666666666666667 0.4666666666666667 1.75 2.2 24 32 2.64 1
0
APP_1_Inner_Layer_0:1 0.26666666666666666 0.26666666666666666 1.0 1.4 30 37 2.22 0
0
APP_1_Inner_Layer_0:2 0.6 0.6 2.25 1.89 26 20 2.88 1
0
APP_1_Inner_Layer_1:0 0.06666666666666667 0.06666666666666667 0.25 2.15 38 37 2.4 1
3
APP_1_Inner_Layer_1:1 0.4 0.4 1.5 1.68 26 47 3.31 0
1 2
APP_1_Inner_Layer_2:0 0.5333333333333333 0.5333333333333333 2.0 3.65 28 30 3.62 1
4
APP_1_Inner_Layer_2:1 0.5333333333333333 0.5333333333333333 2.0 3.26 19 40 3.29 1
5
APP_1_Inner_Layer_3:0 0.13333333333333333 0.13333333333333333 0.5 1.7 47 37 1.31 0
7
APP_1_Inner_Layer_3:1 0.6 0.6 2.25 3.4 46 39 1.02 0
6
APP_1_Output_Layer_0 0.06666666666666667 0.06666666666666667 0.25 1.76 30 9 3.29 1
8 9
6
1.3372928288909476
APP_2_Input_Layer_0 0.4 0.4 1.5 2.73 35 14 1.11 1

APP_2_Inner_Layer_0:0 0.26666666666666666 0.26666666666666666 1.0 2.36 40 21 1.27 1
0
APP_2_Inner_Layer_0:1 0.2 0.2 0.75 2.19 31 33 2.57 1
0
APP_2_Inner_Layer_0:2 0.4 0.4 1.5 3.82 47 14 1.2 1
0
APP_2_Inner_Layer_0:3 0.2 0.2 0.75 3.07 29 12 1.89 0
0
APP_2_Output_Layer_0 0.5333333333333333 0.5333333333333333 2.0 2.76 30 19 2.94 1
1 2 3 4
9
1.7833560295295354
APP_3_Input_Layer_0 0.5333333333333333 0.5333333333333333 2.0 1.03 8 4 1.75 0

APP_3_Inner_Layer_0:0 0.6 0.6 2.25 2.46 24 30 3.57 0
0
APP_3_Inner_Layer_0:1 0.5333333333333333 0.5333333333333333 2.0 1.47 49 4 1.17 0
0
APP_3_Inner_Layer_0:2 0.3333333333333333 0.3333333333333333 1.25 2.18 43 49 3.25 0
0
APP_3_Inner_Layer_1:0 0.13333333333333333 0.13333333333333333 0.5 2.47 16 37 3.21 1
1 2 3
APP_3_Inner_Layer_2:0 0.13333333333333333 0.13333333333333333 0.5 2.0 21 40 2.58 0
4
APP_3_Inner_Layer_2:1 0.06666666666666667 0.06666666666666667 0.25 3.07 26 12 2.94 1
4
APP_3_Inner_Layer_3:0 0.06666666666666667 0.06666666666666667 0.25 3.05 42 23 1.47 0
5 6
APP_3_Output_Layer_0 0.4 0.4 1.5 2.41 4 44 3.01 1
7
10
2.224410002622922
APP_4_Input_Layer_0 0.4666666666666667 0.4666666666666667 1.75 1.21 1 28 3.29 1

APP_4_Inner_Layer_0:0 0.4 0.4 1.5 2.96 23 7 1.11 0
0
APP_4_Inner_Layer_0:1 0.26666666666666666 0.26666666666666666 1.0 1.12 10 15 3.07 1
0
APP_4_Inner_Layer_0:2 0.13333333333333333 0.13333333333333333 0.5 3.06 34 26 2.55 1
0
APP_4_Inner_Layer_1:0 0.4666666666666667 0.4666666666666667 1.75 1.09 26 38 2.53 1
1 2 3
APP_4_Inner_Layer_1:1 0.5333333333333333 0.5333333333333333 2.0 1.11 3 17 3.42 1
3 1
APP_4_Inner_Layer_2:0 0.4 0.4 1.5 1.5 31 39 3.02 1
4 5
APP_4_Inner_Layer_3:0 0.4666666666666667 0.4666666666666667 1.75 1.37 13 4 1.97 1
6
APP_4_Inner_Layer_3:1 0.4 0.4 1.5 3.94 3 47 3.56 0
6
APP_4_Output_Layer_0 0.3333333333333333 0.3333333333333333 1.25 3.49 35 19 3.71 1
7 8
11
2.9551253565610898
APP_5_Input_Layer_0 0.3333333333333333 0.3333333333333333 1.25 1.56 40 14 2.47 1

APP_5_Inner_Layer_0:0 0.06666666666666667 0.06666666666666667 0.25 1.05 2 10 1.18 1
0
APP_5_Inner_Layer_0:1 0.2 0.2 0.75 2.91 17 48 1.81 1
0
APP_5_Inner_Layer_0:2 0.26666666666666666 0.26666666666666666 1.0 2.74 49 42 1.1 1
0
APP_5_Inner_Layer_1:0 0.06666666666666667 0.06666666666666667 0.25 3.67 11 39 3.75 1
3
APP_5_Inner_Layer_1:1 0.3333333333333333 0.3333333333333333 1.25 2.29 41 31 2.01 1
1 3
APP_5_Inner_Layer_1:2 0.3333333333333333 0.3333333333333333 1.25 3.85 38 3 1.99 1
1 2 3
APP_5_Inner_Layer_1:3 0.5333333333333333 0.5333333333333333 2.0 3.67 1 34 1.78 0
1 2
APP_5_Inner_Layer_2:0 0.06666666666666667 0.06666666666666667 0.25 2.29 5 22 3.19 1
4 6
APP_5_Inner_Layer_2:1 0.3333333333333333 0.3333333333333333 1.25 1.08 5 38 1.2 0
5 7
APP_5_Output_Layer_0 0.06666666666666667 0.06666666666666667 0.25 1.26 14 12 1.88 1
8 9
6
3.9055328159762763
APP_6_Input_Layer_0 0.4666666666666667 0.4666666666666667 1.75 1.93 26 27 1.16 1

APP_6_Inner_Layer_0:0 0.4666666666666667 0.4666666666666667 1.75 1.37 26 40 1.75 1
0
APP_6_Inner_Layer_0:1 0.6 0.6 2.25 3.14 20 27 3.54 1
0
APP_6_Inner_Layer_0:2 0.6 0.6 2.25 1.93 8 9 1.44 1
0
APP_6_Inner_Layer_0:3 0.5333333333333333 0.5333333333333333 2.0 3.14 30 17 1.67 0
0
APP_6_Output_Layer_0 0.06666666666666667 0.06666666666666667 0.25 3.99 49 26 1.25 1
1 2 3 4
11
4.763676379298872
APP_7_Input_Layer_0 0.6 0.6 2.25 1.58 9 20 3.07 1

APP_7_Inner_Layer_0:0 0.4 0.4 1.5 1.38 8 37 2.18 0
0
APP_7_Inner_Layer_0:1 0.4 0.4 1.5 3.19 5 43 3.73 1
0
APP_7_Inner_Layer_1:0 0.06666666666666667 0.06666666666666667 0.25 3.03 40 21 3.24 1
1 2
APP_7_Inner_Layer_1:1 0.5333333333333333 0.5333333333333333 2.0 3.57 23 33 1.67 1
2
APP_7_Inner_Layer_2:0 0.5333333333333333 0.5333333333333333 2.0 1.17 20 39 3.43 1
3 4
APP_7_Inner_Layer_3:0 0.26666666666666666 0.26666666666666666 1.0 1.62 12 25 1.65 1
5
APP_7_Inner_Layer_3:1 0.26666666666666666 0.26666666666666666 1.0 1.17 5 13 2.87 1
5
APP_7_Inner_Layer_3:2 0.4 0.4 1.5 1.57 31 16 2.11 1
5
APP_7_Inner_Layer_3:3 0.26666666666666666 0.26666666666666666 1.0 2.97 24 43 2.03 0
5
APP_7_Output_Layer_0 0.6 0.6 2.25 3.14 5 25 3.76 1
6 7 8 9
7
5.426863951963428
APP_8_Input_Layer_0 0.5333333333333333 0.5333333333333333 2.0 2.09 43 40 1.73 1

APP_8_Inner_Layer_0:0 0.26666666666666666 0.26666666666666666 1.0 3.92 6 46 3.79 1
0
APP_8_Inner_Layer_1:0 0.26666666666666666 0.26666666666666666 1.0 1.6 7 12 3.2 1
1
APP_8_Inner_Layer_1:1 0.2 0.2 0.75 2.39 44 27 3.53 1
1
APP_8_Inner_Layer_1:2 0.26666666666666666 0.26666666666666666 1.0 1.36 30 43 3.84 1
1
APP_8_Inner_Layer_2:0 0.4 0.4 1.5 3.05 22 15 3.7 0
2 3 4
APP_8_Output_Layer_0 0.4666666666666667 0.4666666666666667 1.75 1.8 44 22 1.37 1
5
