10
9
12
0
APP_0_Input_Layer_0 0.6 0.6 2.25 1.38 32 21 3.83 1

APP_0_Inner_Layer_0:0 0.5333333333333333 0.5333333333333333 2.0 2.53 7 31 3.75 1
0
APP_0_Inner_Layer_0:1 0.3333333333333333 0.3333333333333333 1.25 2.88 16 29 3.34 1
0
APP_0_Inner_Layer_1:0 0.4666666666666667 0.4666666666666667 1.75 3.31 12 40 1.64 1
1 2
APP_0_Inner_Layer_1:1 0.5333333333333333 0.5333333333333333 2.0 3.95 6 48 2.36 1
1
APP_0_Inner_Layer_1:2 0.4666666666666667 0.4666666666666667 1.75 2.67 1 39 3.76 1
1 2
APP_0_Inner_Layer_2:0 0.4666666666666667 0.4666666666666667 1.75 2.2 22 3 3.65 1
3 4 5
APP_0_Inner_Layer_2:1 0.06666666666666667 0.06666666666666667 0.25 2.3 2 33 2.92 0
4
APP_0_Inner_Layer_3:0 0.13333333333333333 0.13333333333333333 0.5 3.94 47 42 1.53 0
6 7
APP_0_Inner_Layer_3:1 0.4666666666666667 0.4666666666666667 1.75 1.89 36 10 2.55 1
7
APP_0_Inner_Layer_3:2 0.06666666666666667 0.06666666666666667 0.25 2.14 33 43 2.34 1
7
APP_0_Output_Layer_0 0.06666666666666667 0.06666666666666667 0.25 1.86 3 45 1.69 1
8 9 10
10
0.9858732054346729
APP_1_Input_Layer_0 0.6 0.6 2.25 2.61 22 1 2.17 1

APP_1_Inner_Layer_0:0 0.4 0.4 1.5 1.16 27 45 1.78 1
0
APP_1_Inner_Layer_1:0 0.2 0.2 0.75 1.85 45 15 3.87 0
1
APP_1_Inner_Layer_1:1 0.06666666666666667 0.06666666666666667 0.25 2.85 10 18 1.12 0
1
APP_1_Inner_Layer_1:2 0.06666666666666667 0.06666666666666667 0.25 3.15 37 40 2.66 1
1
APP_1_Inner_Layer_1:3 0.3333333333333333 0.3333333333333333 1.25 2.68 16 32 1.17 1
1
APP_1_Inner_Layer_2:0 0.5333333333333333 0.5333333333333333 2.0 1.21 23 20 1.23 1
2 4
APP_1_Inner_Layer_2:1 0.2 0.2 0.75 1.1 46 41 2.94 0
3 5
APP_1_Inner_Layer_2:2 0.3333333333333333 0.3333333333333333 1.25 2.56 22 1 3.18 1
3 5
APP_1_Output_Layer_0 0.06666666666666667 0.06666666666666667 0.25 1.46 48 7 3.77 1
6 7 8
10
1.7261886996305003
APP_2_Input_Layer_0 0.06666666666666667 0.06666666666666667 0.25 2.93 26 32 2.19 1

APP_2_Inner_Layer_0:0 0.26666666666666666 0.26666666666666666 1.0 2.82 12 16 2.47 1
0
APP_2_Inner_Layer_0:1 0.4666666666666667 0.4666666666666667 1.75 4.0 26 31 3.44 1
0
APP_2_Inner_Layer_0:2 0.4666666666666667 0.4666666666666667 1.75 1.02 27 30 3.35 0
0
APP_2_Inner_Layer_0:3 0.2 0.2 0.75 2.44 11 34 3.55 1
0
APP_2_Inner_Layer_1:0 0.26666666666666666 0.26666666666666666 1.0 1.37 25 26 3.65 1
3 4
APP_2_Inner_Layer_1:1 0.4666666666666667 0.4666666666666667 1.75 3.13 6 13 2.37 0
1 2
APP_2_Inner_Layer_2:0 0.13333333333333333 0.13333333333333333 0.5 1.24 36 3 3.15 1
5
APP_2_Inner_Layer_2:1 0.2 0.2 0.75 3.0 31 14 1.08 1
5 6
APP_2_Output_Layer_0 0.3333333333333333 0.3333333333333333 1.25 1.36 25 5 2.22 1
7 8
7
2.668140629285978
APP_3_Input_Layer_0 0.2 0.2 0.75 2.87 35 26 3.21 1

APP_3_Inner_Layer_0:0 0.13333333333333333 0.13333333333333333 0.5 1.93 47 18 2.96 0
0
APP_3_Inner_Layer_1:0 0.26666666666666666 0.26666666666666666 1.0 3.7 20 32 2.88 1
1
APP_3_Inner_Layer_2:0 0.06666666666666667 0.06666666666666667 0.25 2.17 12 10 1.11 0
2
APP_3_Inner_Layer_2:1 0.13333333333333333 0.13333333333333333 0.5 2.12 12 30 2.62 1
2
APP_3_Inner_Layer_2:2 0.26666666666666666 0.26666666666666666 1.0 3.3 32 39 2.54 0
2
APP_3_Output_Layer_0 0.2 0.2 0.75 2.91 25 28 2.07 1
3 4 5
4
3.208558483838789
APP_4_Input_Layer_0 0.26666666666666666 0.26666666666666666 1.0 2.66 8 4 1.34 1

APP_4_Inner_Layer_0:0 0.3333333333333333 0.3333333333333333 1.25 2.53 46 17 2.07 0
0
APP_4_Inner_Layer_0:1 0.5333333333333333 0.5333333333333333 2.0 2.43 22 33 2.44 1
0
APP_4_Output_Layer_0 0.26666666666666666 0.26666666666666666 1.0 3.36 36 21 3.56 1
1 2
4
4.061224675422424
APP_5_Input_Layer_0 0.2 0.2 0.75 3.39 20 7 3.62 1

APP_5_Inner_Layer_0:0 0.4666666666666667 0.4666666666666667 1.75 2.01 7 25 1.13 1
0
APP_5_Inner_Layer_0:1 0.5333333333333333 0.5333333333333333 2.0 2.6 48 3 2.46 1
0
APP_5_Output_Layer_0 0.2 0.2 0.75 1.31 30 33 1.54 1
1 2
14
4.829500423686174
APP_6_Input_Layer_0 0.2 0.2 0.75 3.49 14 14 3.94 1

APP_6_Inner_Layer_0:0 0.26666666666666666 0.26666666666666666 1.0 1.47 24 5 1.84 1
0
APP_6_Inner_Layer_0:1 0.4 0.4 1.5 1.52 20 31 1.94 1
0
APP_6_Inner_Layer_1:0 0.13333333333333333 0.13333333333333333 0.5 2.1 8 32 1.72 1
1
APP_6_Inner_Layer_1:1 0.6 0.6 2.25 2.09 10 39 1.85 1
1 2
APP_6_Inner_Layer_1:2 0.5333333333333333 0.5333333333333333 2.0 1.16 46 10 2.45 1
1
APP_6_Inner_Layer_1:3 0.3333333333333333 0.3333333333333333 1.25 2.82 27 25 3.92 1
1
APP_6_Inner_Layer_2:0 0.2 0.2 0.75 3.64 48 5 2.05 0
4 6
APP_6_Inner_Layer_2:1 0.3333333333333333 0.3333333333333333 1.25 2.05 18 26 2.67 1
3
APP_6_Inner_Layer_2:2 0.26666666666666666 0.26666666666666666 1.0 3.57 44 18 1.11 1
3 4
APP_6_Inner_Layer_2:3 0.6 0.6 2.25 3.4 32 19 2.27 0
4 5
APP_6_Inner_Layer_3:0 0.3333333333333333 0.3333333333333333 1.25 2.19 19 48 2.12 1
8 10
APP_6_Inner_Layer_3:1 0.4666666666666667 0.4666666666666667 1.75 1.75 17 36 3.22 0
7 9
APP_6_Output_Layer_0 0.3333333333333333 0.3333333333333333 1.25 3.01 27 23 1.5 1
11 12
5
5.35438643177924
APP_7_Input_Layer_0 0.5333333333333333 0.5333333333333333 2.0 2.48 33 23 1.09 1

APP_7_Inner_Layer_0:0 0.5333333333333333 0.5333333333333333 2.0 3.79 25 6 1.79 1
0
APP_7_Inner_Layer_1:0 0.4666666666666667 0.4666666666666667 1.75 3.57 47 46 2.97 1
1
APP_7_Inner_Layer_1:1 0.26666666666666666 0.26666666666666666 1.0 2.08 26 40 2.86 0
1
APP_7_Output_Layer_0 0.6 0.6 2.25 1.69 5 3 3.51 1
2 3
13
6.1216139948217405
APP_8_Input_Layer_0 0.4 0.4 1.5 3.89 26 29 1.08 1

APP_8_Inner_Layer_0:0 0.4 0.4 1.5 1.2 11 7 3.78 1
0
APP_8_Inner_Layer_0:1 0.26666666666666666 0.26666666666666666 1.0 3.0 8 14 3.79 1
0
APP_8_Inner_Layer_0:2 0.26666666666666666 0.26666666666666666 1.0 1.78 48 26 2.31 0
0
APP_8_Inner_Layer_1:0 0.13333333333333333 0.13333333333333333 0.5 2.41 26 34 3.53 1
1 2 3
APP_8_Inner_Layer_1:1 0.13333333333333333 0.13333333333333333 0.5 3.74 42 33 2.04 1
1
APP_8_Inner_Layer_1:2 0.4 0.4 1.5 2.96 48 49 2.31 1
3
APP_8_Inner_Layer_1:3 0.2 0.2 0.75 3.78 14 25 3.83 1
1 2 3
APP_8_Inner_Layer_2:0 0.3333333333333333 0.3333333333333333 1.25 1.96 36 31 3.41 1
4 5
APP_8_Inner_Layer_2:1 0.13333333333333333 0.13333333333333333 0.5 3.44 1 35 3.97 1
4 7
APP_8_Inner_Layer_2:2 0.06666666666666667 0.06666666666666667 0.25 3.43 27 48 1.65 1
5 6 7
APP_8_Inner_Layer_2:3 0.13333333333333333 0.13333333333333333 0.5 3.48 7 17 1.29 1
4 5 7
APP_8_Output_Layer_0 0.26666666666666666 0.26666666666666666 1.0 3.99 19 6 2.23 1
8 9 10 11
