10
9
5
0
APP_0_Input_Layer_0 0.4 0.4 1.5 1.71 43 38 1.95 1

APP_0_Inner_Layer_0:0 0.4 0.4 1.5 3.53 42 28 2.45 0
0
APP_0_Inner_Layer_0:1 0.6 0.6 2.25 2.11 43 20 3.26 1
0
APP_0_Inner_Layer_0:2 0.06666666666666667 0.06666666666666667 0.25 3.76 13 34 3.48 0
0
APP_0_Output_Layer_0 0.06666666666666667 0.06666666666666667 0.25 2.51 10 36 2.73 1
1 2 3
8
0.6567276742334266
APP_1_Input_Layer_0 0.26666666666666666 0.26666666666666666 1.0 3.87 31 25 1.16 1

APP_1_Inner_Layer_0:0 0.6 0.6 2.25 3.04 9 15 3.5 1
0
APP_1_Inner_Layer_0:1 0.4666666666666667 0.4666666666666667 1.75 3.75 49 9 1.64 0
0
APP_1_Inner_Layer_1:0 0.13333333333333333 0.13333333333333333 0.5 1.53 18 11 2.69 1
1
APP_1_Inner_Layer_1:1 0.6 0.6 2.25 2.71 18 37 3.68 1
2
APP_1_Inner_Layer_2:0 0.3333333333333333 0.3333333333333333 1.25 3.48 48 38 1.37 1
3 4
APP_1_Inner_Layer_3:0 0.13333333333333333 0.13333333333333333 0.5 1.97 43 19 2.77 0
5
APP_1_Output_Layer_0 0.4 0.4 1.5 3.81 6 19 1.08 1
6
10
1.5007397019090805
APP_2_Input_Layer_0 0.4 0.4 1.5 1.79 33 25 1.94 1

APP_2_Inner_Layer_0:0 0.2 0.2 0.75 1.67 27 32 2.26 0
0
APP_2_Inner_Layer_0:1 0.26666666666666666 0.26666666666666666 1.0 2.22 18 22 1.22 0
0
APP_2_Inner_Layer_0:2 0.06666666666666667 0.06666666666666667 0.25 1.67 6 13 3.13 1
0
APP_2_Inner_Layer_0:3 0.3333333333333333 0.3333333333333333 1.25 3.8 2 33 1.88 1
0
APP_2_Inner_Layer_1:0 0.06666666666666667 0.06666666666666667 0.25 1.85 27 45 3.52 1
1 2 3 4
APP_2_Inner_Layer_2:0 0.5333333333333333 0.5333333333333333 2.0 2.01 11 48 1.55 0
5
APP_2_Inner_Layer_2:1 0.06666666666666667 0.06666666666666667 0.25 1.66 42 35 3.38 1
5
APP_2_Inner_Layer_2:2 0.13333333333333333 0.13333333333333333 0.5 1.29 3 15 1.88 1
5
APP_2_Output_Layer_0 0.4666666666666667 0.4666666666666667 1.75 3.97 19 44 3.82 1
6 7 8
9
2.319995795955728
APP_3_Input_Layer_0 0.2 0.2 0.75 3.34 9 17 2.77 0

APP_3_Inner_Layer_0:0 0.4 0.4 1.5 1.31 37 48 1.6 1
0
APP_3_Inner_Layer_0:1 0.06666666666666667 0.06666666666666667 0.25 3.32 11 44 1.2 1
0
APP_3_Inner_Layer_0:2 0.4 0.4 1.5 3.49 24 7 3.2 0
0
APP_3_Inner_Layer_0:3 0.4 0.4 1.5 2.0 43 20 3.35 1
0
APP_3_Inner_Layer_1:0 0.13333333333333333 0.13333333333333333 0.5 2.48 6 18 1.61 1
2
APP_3_Inner_Layer_1:1 0.3333333333333333 0.3333333333333333 1.25 3.05 22 42 3.71 1
2
APP_3_Inner_Layer_1:2 0.4 0.4 1.5 1.91 47 28 2.83 1
1 3 4
APP_3_Output_Layer_0 0.13333333333333333 0.13333333333333333 0.5 2.02 45 17 3.74 1
5 6 7
6
2.9650774094837438
APP_4_Input_Layer_0 0.13333333333333333 0.13333333333333333 0.5 1.72 39 3 2.66 1

APP_4_Inner_Layer_0:0 0.13333333333333333 0.13333333333333333 0.5 3.33 49 42 2.31 1
0
APP_4_Inner_Layer_0:1 0.13333333333333333 0.13333333333333333 0.5 3.06 29 2 1.0 1
0
APP_4_Inner_Layer_0:2 0.5333333333333333 0.5333333333333333 2.0 2.58 17 4 3.48 1
0
APP_4_Inner_Layer_0:3 0.2 0.2 0.75 3.2 24 16 2.51 1
0
APP_4_Output_Layer_0 0.5333333333333333 0.5333333333333333 2.0 1.08 17 24 1.03 1
1 2 3 4
8
3.8297622989787277
APP_5_Input_Layer_0 0.06666666666666667 0.06666666666666667 0.25 3.93 7 23 3.26 1

APP_5_Inner_Layer_0:0 0.06666666666666667 0.06666666666666667 0.25 1.38 3 46 2.04 1
0
APP_5_Inner_Layer_0:1 0.3333333333333333 0.3333333333333333 1.25 2.33 13 20 1.4 0
0
APP_5_Inner_Layer_0:2 0.06666666666666667 0.06666666666666667 0.25 3.13 36 35 3.13 1
0
APP_5_Inner_Layer_1:0 0.2 0.2 0.75 3.64 8 17 1.63 0
1 3
APP_5_Inner_Layer_1:1 0.13333333333333333 0.13333333333333333 0.5 1.52 25 19 1.9 0
2 3
APP_5_Inner_Layer_1:2 0.6 0.6 2.25 2.69 14 18 2.57 0
1 3
APP_5_Output_Layer_0 0.4 0.4 1.5 2.58 26 30 2.24 1
4 5 6
13
4.385063278345238
APP_6_Input_Layer_0 0.2 0.2 0.75 3.6 20 42 2.03 0

APP_6_Inner_Layer_0:0 0.2 0.2 0.75 1.17 24 31 2.06 0
0
APP_6_Inner_Layer_1:0 0.06666666666666667 0.06666666666666667 0.25 1.64 24 19 2.2 1
1
APP_6_Inner_Layer_1:1 0.3333333333333333 0.3333333333333333 1.25 2.88 46 13 3.94 0
1
APP_6_Inner_Layer_2:0 0.4 0.4 1.5 1.71 24 22 1.34 1
3
APP_6_Inner_Layer_2:1 0.3333333333333333 0.3333333333333333 1.25 1.24 7 32 1.74 1
2 3
APP_6_Inner_Layer_2:2 0.5333333333333333 0.5333333333333333 2.0 2.54 13 40 1.73 0
3
APP_6_Inner_Layer_2:3 0.2 0.2 0.75 2.82 35 2 1.84 0
2 3
APP_6_Inner_Layer_3:0 0.6 0.6 2.25 1.17 35 46 3.93 1
4 5 7
APP_6_Inner_Layer_3:1 0.4 0.4 1.5 3.3 42 44 2.9 0
5
APP_6_Inner_Layer_3:2 0.26666666666666666 0.26666666666666666 1.0 1.81 12 29 3.01 1
4 5 6 7
APP_6_Inner_Layer_3:3 0.3333333333333333 0.3333333333333333 1.25 3.74 17 1 2.98 1
7
APP_6_Output_Layer_0 0.26666666666666666 0.26666666666666666 1.0 2.59 5 42 3.7 1
8 9 10 11
3
4.858229091953158
APP_7_Input_Layer_0 0.3333333333333333 0.3333333333333333 1.25 3.31 15 44 2.47 1

APP_7_Inner_Layer_0:0 0.4666666666666667 0.4666666666666667 1.75 3.13 19 45 3.63 1
0
APP_7_Output_Layer_0 0.06666666666666667 0.06666666666666667 0.25 2.37 30 47 3.82 1
1
12
5.547760294973283
APP_8_Input_Layer_0 0.06666666666666667 0.06666666666666667 0.25 1.74 34 48 3.09 1

APP_8_Inner_Layer_0:0 0.5333333333333333 0.5333333333333333 2.0 1.74 26 36 3.65 1
0
APP_8_Inner_Layer_0:1 0.4666666666666667 0.4666666666666667 1.75 1.3 16 10 1.12 0
0
APP_8_Inner_Layer_0:2 0.26666666666666666 0.26666666666666666 1.0 1.72 38 18 3.03 1
0
APP_8_Inner_Layer_0:3 0.6 0.6 2.25 2.21 19 43 1.12 1
0
APP_8_Inner_Layer_1:0 0.6 0.6 2.25 1.77 47 15 2.53 1
4
APP_8_Inner_Layer_1:1 0.26666666666666666 0.26666666666666666 1.0 1.62 40 27 2.88 0
1 2 3
APP_8_Inner_Layer_2:0 0.4666666666666667 0.4666666666666667 1.75 2.44 35 16 1.08 0
6
APP_8_Inner_Layer_2:1 0.3333333333333333 0.3333333333333333 1.25 3.51 44 22 3.71 0
5 6
APP_8_Inner_Layer_2:2 0.06666666666666667 0.06666666666666667 0.25 3.3 32 10 2.86 1
5
APP_8_Inner_Layer_3:0 0.5333333333333333 0.5333333333333333 2.0 1.4 3 9 1.85 1
7 8 9
APP_8_Output_Layer_0 0.26666666666666666 0.26666666666666666 1.0 3.81 19 19 3.17 1
10
