10
2
12
0
APP_0_Input_Layer_0 0.4 0.4 1.5 2.97 46 40 2.53 1

APP_0_Inner_Layer_0:0 0.2 0.2 0.75 2.48 12 48 3.94 0
0
APP_0_Inner_Layer_1:0 0.26666666666666666 0.26666666666666666 1.0 3.33 33 34 1.92 1
1
APP_0_Inner_Layer_1:1 0.26666666666666666 0.26666666666666666 1.0 1.24 39 16 2.02 0
1
APP_0_Inner_Layer_1:2 0.13333333333333333 0.13333333333333333 0.5 2.42 1 9 3.88 1
1
APP_0_Inner_Layer_2:0 0.4 0.4 1.5 2.6 21 2 2.4 1
2 4
APP_0_Inner_Layer_2:1 0.4 0.4 1.5 1.9 25 26 3.2 1
3
APP_0_Inner_Layer_3:0 0.4 0.4 1.5 2.38 38 9 2.86 1
5 6
APP_0_Inner_Layer_3:1 0.4666666666666667 0.4666666666666667 1.75 2.48 16 41 1.29 1
5
APP_0_Inner_Layer_3:2 0.3333333333333333 0.3333333333333333 1.25 3.94 25 49 3.79 1
6
APP_0_Inner_Layer_3:3 0.26666666666666666 0.26666666666666666 1.0 2.57 32 48 1.21 1
5
APP_0_Output_Layer_0 0.5333333333333333 0.5333333333333333 2.0 1.05 33 38 2.42 0
7 8 9 10
3
4.015233981015198
APP_1_Input_Layer_0 0.4666666666666667 0.4666666666666667 1.75 3.94 25 32 2.19 0

APP_1_Inner_Layer_0:0 0.6 0.6 2.25 1.74 29 18 2.22 1
0
APP_1_Output_Layer_0 0.2 0.2 0.75 3.18 27 47 3.08 1
1
