10
2
11
0
APP_0_Input_Layer_0 0.26666666666666666 0.26666666666666666 1.0 3.24 15 14 1.47 1

APP_0_Inner_Layer_0:0 0.06666666666666667 0.06666666666666667 0.25 2.02 32 47 2.61 1
0
APP_0_Inner_Layer_0:1 0.5333333333333333 0.5333333333333333 2.0 1.48 24 46 3.07 0
0
APP_0_Inner_Layer_1:0 0.13333333333333333 0.13333333333333333 0.5 3.48 41 47 1.9 1
1 2
APP_0_Inner_Layer_1:1 0.13333333333333333 0.13333333333333333 0.5 2.9 33 38 1.41 1
2
APP_0_Inner_Layer_1:2 0.4666666666666667 0.4666666666666667 1.75 3.37 14 20 1.63 1
1
APP_0_Inner_Layer_2:0 0.26666666666666666 0.26666666666666666 1.0 2.28 25 11 1.0 1
3
APP_0_Inner_Layer_2:1 0.4 0.4 1.5 1.2 45 19 3.95 1
4 5
APP_0_Inner_Layer_3:0 0.4666666666666667 0.4666666666666667 1.75 3.63 4 36 3.89 1
7
APP_0_Inner_Layer_3:1 0.3333333333333333 0.3333333333333333 1.25 2.71 32 32 1.22 1
6 7
APP_0_Output_Layer_0 0.6 0.6 2.25 1.95 44 10 1.3 1
8 9
9
2.1508212429869364
APP_1_Input_Layer_0 0.4666666666666667 0.4666666666666667 1.75 3.43 26 29 3.51 1

APP_1_Inner_Layer_0:0 0.4666666666666667 0.4666666666666667 1.75 2.17 14 2 2.38 1
0
APP_1_Inner_Layer_0:1 0.13333333333333333 0.13333333333333333 0.5 1.49 15 8 2.68 1
0
APP_1_Inner_Layer_0:2 0.6 0.6 2.25 2.8 11 8 2.32 1
0
APP_1_Inner_Layer_1:0 0.3333333333333333 0.3333333333333333 1.25 3.1 10 15 2.71 1
2 3
APP_1_Inner_Layer_1:1 0.3333333333333333 0.3333333333333333 1.25 3.44 46 46 2.05 1
1
APP_1_Inner_Layer_1:2 0.2 0.2 0.75 2.46 1 30 1.81 1
1
APP_1_Inner_Layer_2:0 0.26666666666666666 0.26666666666666666 1.0 1.47 30 17 2.51 1
4 5 6
APP_1_Output_Layer_0 0.6 0.6 2.25 2.62 40 3 3.06 1
7
