10
2
8
0
APP_0_Input_Layer_0 0.4 0.4 1.5 1.94 41 22 3.25 1

APP_0_Inner_Layer_0:0 0.13333333333333333 0.13333333333333333 0.5 3.65 25 19 2.23 1
0
APP_0_Inner_Layer_0:1 0.6 0.6 2.25 3.73 20 38 3.1 1
0
APP_0_Inner_Layer_0:2 0.3333333333333333 0.3333333333333333 1.25 3.72 7 32 1.74 1
0
APP_0_Inner_Layer_1:0 0.13333333333333333 0.13333333333333333 0.5 2.07 7 11 2.69 1
1 2 3
APP_0_Inner_Layer_2:0 0.3333333333333333 0.3333333333333333 1.25 2.31 47 48 3.42 1
4
APP_0_Inner_Layer_3:0 0.2 0.2 0.75 1.1 4 16 1.39 1
5
APP_0_Output_Layer_0 0.4666666666666667 0.4666666666666667 1.75 3.19 33 41 1.38 1
6
9
2.7073397228974003
APP_1_Input_Layer_0 0.6 0.6 2.25 2.75 25 11 1.18 1

APP_1_Inner_Layer_0:0 0.26666666666666666 0.26666666666666666 1.0 2.75 22 29 3.19 1
0
APP_1_Inner_Layer_0:1 0.13333333333333333 0.13333333333333333 0.5 1.04 18 45 3.54 1
0
APP_1_Inner_Layer_0:2 0.06666666666666667 0.06666666666666667 0.25 2.47 49 2 3.76 1
0
APP_1_Inner_Layer_0:3 0.5333333333333333 0.5333333333333333 2.0 3.76 41 13 2.99 1
0
APP_1_Inner_Layer_1:0 0.4666666666666667 0.4666666666666667 1.75 2.48 19 13 2.77 1
3
APP_1_Inner_Layer_1:1 0.2 0.2 0.75 3.4 30 38 2.96 1
1 2 3 4
APP_1_Inner_Layer_1:2 0.4666666666666667 0.4666666666666667 1.75 2.24 19 32 1.86 1
1
APP_1_Output_Layer_0 0.6 0.6 2.25 1.76 30 49 2.43 1
5 6 7
