10
2
10
0
APP_0_Input_Layer_0 0.26666666666666666 0.26666666666666666 1.0 3.62 7 7 3.0 0

APP_0_Inner_Layer_0:0 0.5333333333333333 0.5333333333333333 2.0 1.5 12 28 1.36 1
0
APP_0_Inner_Layer_1:0 0.06666666666666667 0.06666666666666667 0.25 1.84 16 28 3.84 1
1
APP_0_Inner_Layer_1:1 0.4666666666666667 0.4666666666666667 1.75 2.26 19 17 1.19 1
1
APP_0_Inner_Layer_1:2 0.13333333333333333 0.13333333333333333 0.5 1.82 27 13 3.78 1
1
APP_0_Inner_Layer_1:3 0.3333333333333333 0.3333333333333333 1.25 1.57 37 37 3.39 1
1
APP_0_Inner_Layer_2:0 0.6 0.6 2.25 2.66 8 6 3.54 1
2
APP_0_Inner_Layer_2:1 0.2 0.2 0.75 1.88 3 7 2.03 1
3 5
APP_0_Inner_Layer_2:2 0.4666666666666667 0.4666666666666667 1.75 3.57 9 26 2.37 1
3 4 5
APP_0_Output_Layer_0 0.2 0.2 0.75 3.64 21 8 1.46 1
6 7 8
8
4.008728240331109
APP_1_Input_Layer_0 0.26666666666666666 0.26666666666666666 1.0 1.6 21 13 2.01 1

APP_1_Inner_Layer_0:0 0.26666666666666666 0.26666666666666666 1.0 2.58 15 45 3.06 1
0
APP_1_Inner_Layer_1:0 0.2 0.2 0.75 3.36 10 30 2.8 1
1
APP_1_Inner_Layer_1:1 0.5333333333333333 0.5333333333333333 2.0 1.08 28 17 1.51 1
1
APP_1_Inner_Layer_1:2 0.6 0.6 2.25 2.3 23 48 1.19 1
1
APP_1_Inner_Layer_2:0 0.5333333333333333 0.5333333333333333 2.0 1.72 35 47 2.06 1
2
APP_1_Inner_Layer_2:1 0.26666666666666666 0.26666666666666666 1.0 1.86 21 9 3.42 1
3 4
APP_1_Output_Layer_0 0.4666666666666667 0.4666666666666667 1.75 1.93 46 5 1.54 1
5 6
