10
2
9
0
APP_0_Input_Layer_0 0.2 0.2 0.75 4.0 19 18 3.85 1

APP_0_Inner_Layer_0:0 0.06666666666666667 0.06666666666666667 0.25 2.84 2 20 2.62 0
0
APP_0_Inner_Layer_1:0 0.06666666666666667 0.06666666666666667 0.25 1.33 26 42 3.12 1
1
APP_0_Inner_Layer_2:0 0.5333333333333333 0.5333333333333333 2.0 2.6 16 17 3.63 1
2
APP_0_Inner_Layer_2:1 0.2 0.2 0.75 1.01 13 30 3.51 1
2
APP_0_Inner_Layer_2:2 0.4 0.4 1.5 3.82 6 1 3.51 1
2
APP_0_Inner_Layer_3:0 0.2 0.2 0.75 1.06 17 46 2.67 1
4
APP_0_Inner_Layer_3:1 0.2 0.2 0.75 3.51 20 9 3.06 1
3 5
APP_0_Output_Layer_0 0.5333333333333333 0.5333333333333333 2.0 2.58 15 24 1.25 1
6 7
7
2.7264390354460124
APP_1_Input_Layer_0 0.2 0.2 0.75 1.96 37 37 1.92 1

APP_1_Inner_Layer_0:0 0.26666666666666666 0.26666666666666666 1.0 2.98 20 20 2.86 1
0
APP_1_Inner_Layer_0:1 0.26666666666666666 0.26666666666666666 1.0 1.88 26 1 2.78 1
0
APP_1_Inner_Layer_1:0 0.26666666666666666 0.26666666666666666 1.0 1.74 35 36 1.53 1
1 2
APP_1_Inner_Layer_1:1 0.06666666666666667 0.06666666666666667 0.25 2.01 12 6 2.38 1
1
APP_1_Inner_Layer_2:0 0.06666666666666667 0.06666666666666667 0.25 1.37 39 18 2.53 1
3 4
APP_1_Output_Layer_0 0.4 0.4 1.5 3.47 32 4 3.65 1
5
