10
2
12
0
APP_0_Input_Layer_0 0.2 0.2 0.75 1.5 14 19 1.97 1

APP_0_Inner_Layer_0:0 0.5333333333333333 0.5333333333333333 2.0 3.37 44 35 3.93 1
0
APP_0_Inner_Layer_0:1 0.4 0.4 1.5 2.9 23 17 3.27 1
0
APP_0_Inner_Layer_0:2 0.5333333333333333 0.5333333333333333 2.0 1.38 46 30 1.55 1
0
APP_0_Inner_Layer_0:3 0.5333333333333333 0.5333333333333333 2.0 3.49 41 1 2.32 1
0
APP_0_Inner_Layer_1:0 0.4666666666666667 0.4666666666666667 1.75 3.22 40 36 3.5 1
1
APP_0_Inner_Layer_1:1 0.2 0.2 0.75 3.23 46 18 3.33 0
1 2 3 4
APP_0_Inner_Layer_1:2 0.4666666666666667 0.4666666666666667 1.75 1.32 46 18 3.68 1
2 4
APP_0_Inner_Layer_2:0 0.5333333333333333 0.5333333333333333 2.0 3.91 24 23 3.14 1
5 6
APP_0_Inner_Layer_2:1 0.4 0.4 1.5 2.07 27 8 3.53 1
7
APP_0_Inner_Layer_3:0 0.13333333333333333 0.13333333333333333 0.5 3.48 10 40 2.72 1
8 9
APP_0_Output_Layer_0 0.13333333333333333 0.13333333333333333 0.5 1.65 2 36 2.62 1
10
9
3.354867361330469
APP_1_Input_Layer_0 0.06666666666666667 0.06666666666666667 0.25 1.37 44 6 3.25 1

APP_1_Inner_Layer_0:0 0.4666666666666667 0.4666666666666667 1.75 3.7 33 35 2.44 1
0
APP_1_Inner_Layer_0:1 0.06666666666666667 0.06666666666666667 0.25 3.82 31 46 3.24 1
0
APP_1_Inner_Layer_0:2 0.6 0.6 2.25 1.88 48 11 2.1 1
0
APP_1_Inner_Layer_0:3 0.26666666666666666 0.26666666666666666 1.0 2.41 6 48 1.85 1
0
APP_1_Inner_Layer_1:0 0.6 0.6 2.25 1.15 40 8 1.77 1
2
APP_1_Inner_Layer_1:1 0.4 0.4 1.5 1.48 34 32 3.6 1
1 3 4
APP_1_Inner_Layer_1:2 0.2 0.2 0.75 2.66 35 34 2.74 0
3 4 1
APP_1_Output_Layer_0 0.3333333333333333 0.3333333333333333 1.25 2.73 27 43 3.04 1
5 6 7
