10
2
6
0
APP_0_Input_Layer_0 0.06666666666666667 0.06666666666666667 0.25 1.78 25 45 3.23 1

APP_0_Inner_Layer_0:0 0.4666666666666667 0.4666666666666667 1.75 1.44 41 9 3.28 1
0
APP_0_Inner_Layer_0:1 0.26666666666666666 0.26666666666666666 1.0 3.36 15 18 1.23 1
0
APP_0_Inner_Layer_1:0 0.3333333333333333 0.3333333333333333 1.25 3.57 41 4 3.66 1
2
APP_0_Inner_Layer_1:1 0.4666666666666667 0.4666666666666667 1.75 1.92 10 17 2.04 1
1
APP_0_Output_Layer_0 0.2 0.2 0.75 3.05 9 49 2.76 1
3 4
7
3.6339415747400876
APP_1_Input_Layer_0 0.4666666666666667 0.4666666666666667 1.75 3.07 7 42 2.28 1

APP_1_Inner_Layer_0:0 0.13333333333333333 0.13333333333333333 0.5 1.47 21 2 1.25 0
0
APP_1_Inner_Layer_1:0 0.5333333333333333 0.5333333333333333 2.0 1.46 18 43 1.46 1
1
APP_1_Inner_Layer_2:0 0.6 0.6 2.25 1.5 44 17 2.32 1
2
APP_1_Inner_Layer_2:1 0.06666666666666667 0.06666666666666667 0.25 2.01 41 11 2.01 0
2
APP_1_Inner_Layer_2:2 0.13333333333333333 0.13333333333333333 0.5 1.02 17 9 3.8 1
2
APP_1_Output_Layer_0 0.5333333333333333 0.5333333333333333 2.0 2.79 37 27 2.63 1
3 4 5
