10
2
10
0
APP_0_Input_Layer_0 0.13333333333333333 0.13333333333333333 0.5 3.99 39 38 2.95 1

APP_0_Inner_Layer_0:0 0.4 0.4 1.5 1.74 15 8 1.44 1
0
APP_0_Inner_Layer_0:1 0.26666666666666666 0.26666666666666666 1.0 3.96 1 25 3.2 1
0
APP_0_Inner_Layer_0:2 0.4 0.4 1.5 1.34 37 1 1.34 1
0
APP_0_Inner_Layer_0:3 0.06666666666666667 0.06666666666666667 0.25 1.92 26 35 3.24 1
0
APP_0_Inner_Layer_1:0 0.26666666666666666 0.26666666666666666 1.0 2.44 17 13 1.13 0
1 3
APP_0_Inner_Layer_1:1 0.13333333333333333 0.13333333333333333 0.5 3.5 3 37 1.52 1
1 4
APP_0_Inner_Layer_1:2 0.5333333333333333 0.5333333333333333 2.0 1.16 23 25 1.62 0
1 2 3 4
APP_0_Inner_Layer_1:3 0.06666666666666667 0.06666666666666667 0.25 3.78 1 41 1.54 1
2 3 4
APP_0_Output_Layer_0 0.2 0.2 0.75 1.5 49 1 2.69 1
5 6 7 8
8
2.364556329820148
APP_1_Input_Layer_0 0.4666666666666667 0.4666666666666667 1.75 3.29 17 4 1.21 1

APP_1_Inner_Layer_0:0 0.5333333333333333 0.5333333333333333 2.0 1.56 10 22 3.14 1
0
APP_1_Inner_Layer_0:1 0.4 0.4 1.5 2.87 13 15 2.47 0
0
APP_1_Inner_Layer_1:0 0.2 0.2 0.75 2.95 18 1 3.38 1
1
APP_1_Inner_Layer_1:1 0.2 0.2 0.75 2.24 12 13 1.01 1
2
APP_1_Inner_Layer_1:2 0.4 0.4 1.5 3.78 47 45 1.41 0
1
APP_1_Inner_Layer_2:0 0.13333333333333333 0.13333333333333333 0.5 1.34 31 14 1.03 1
3 4 5
APP_1_Output_Layer_0 0.13333333333333333 0.13333333333333333 0.5 1.09 16 34 3.06 1
6
