10
2
9
0
APP_0_Input_Layer_0 0.26666666666666666 0.26666666666666666 1.0 1.8 9 49 1.96 1

APP_0_Inner_Layer_0:0 0.6 0.6 2.25 2.07 16 48 1.07 1
0
APP_0_Inner_Layer_0:1 0.2 0.2 0.75 1.96 10 47 1.86 1
0
APP_0_Inner_Layer_0:2 0.2 0.2 0.75 2.55 27 2 3.05 1
0
APP_0_Inner_Layer_0:3 0.26666666666666666 0.26666666666666666 1.0 1.74 24 29 1.28 0
0
APP_0_Inner_Layer_1:0 0.5333333333333333 0.5333333333333333 2.0 1.48 12 14 3.93 0
1 3
APP_0_Inner_Layer_1:1 0.2 0.2 0.75 3.8 46 40 1.51 0
2 4
APP_0_Inner_Layer_2:0 0.2 0.2 0.75 3.8 22 18 2.66 1
5 6
APP_0_Output_Layer_0 0.13333333333333333 0.13333333333333333 0.5 3.62 5 38 3.66 1
7
13
3.1669570719150717
APP_1_Input_Layer_0 0.5333333333333333 0.5333333333333333 2.0 2.78 13 34 1.75 1

APP_1_Inner_Layer_0:0 0.4 0.4 1.5 3.61 25 13 2.37 1
0
APP_1_Inner_Layer_0:1 0.6 0.6 2.25 1.12 14 48 3.58 1
0
APP_1_Inner_Layer_1:0 0.4 0.4 1.5 3.52 33 7 3.4 1
1 2
APP_1_Inner_Layer_1:1 0.5333333333333333 0.5333333333333333 2.0 1.18 1 28 2.84 1
2
APP_1_Inner_Layer_1:2 0.26666666666666666 0.26666666666666666 1.0 2.57 15 18 1.81 1
2
APP_1_Inner_Layer_2:0 0.4 0.4 1.5 1.86 14 32 3.27 0
3 4
APP_1_Inner_Layer_2:1 0.6 0.6 2.25 3.01 22 17 3.71 0
3 4 5
APP_1_Inner_Layer_3:0 0.4 0.4 1.5 1.75 47 23 1.18 0
7
APP_1_Inner_Layer_3:1 0.2 0.2 0.75 2.32 25 5 3.21 1
6
APP_1_Inner_Layer_3:2 0.3333333333333333 0.3333333333333333 1.25 2.51 23 38 3.2 0
7
APP_1_Inner_Layer_3:3 0.4 0.4 1.5 1.79 36 1 2.62 0
7
APP_1_Output_Layer_0 0.26666666666666666 0.26666666666666666 1.0 1.1 1 1 3.92 1
8 9 10 11
