10
2
14
0
APP_0_Input_Layer_0 0.26666666666666666 0.26666666666666666 1.0 2.56 46 23 3.33 1

APP_0_Inner_Layer_0:0 0.4 0.4 1.5 2.57 21 33 3.18 0
0
APP_0_Inner_Layer_1:0 0.26666666666666666 0.26666666666666666 1.0 3.24 3 33 2.57 1
1
APP_0_Inner_Layer_1:1 0.2 0.2 0.75 3.79 21 18 3.49 0
1
APP_0_Inner_Layer_1:2 0.2 0.2 0.75 3.34 16 24 3.51 1
1
APP_0_Inner_Layer_1:3 0.5333333333333333 0.5333333333333333 2.0 3.64 13 11 2.6 1
1
APP_0_Inner_Layer_2:0 0.4 0.4 1.5 1.48 35 17 2.84 0
5
APP_0_Inner_Layer_2:1 0.26666666666666666 0.26666666666666666 1.0 3.58 41 22 3.37 1
4
APP_0_Inner_Layer_2:2 0.06666666666666667 0.06666666666666667 0.25 2.33 4 44 3.06 0
2 3 4 5
APP_0_Inner_Layer_2:3 0.6 0.6 2.25 1.49 18 48 2.85 1
3 5
APP_0_Inner_Layer_3:0 0.4666666666666667 0.4666666666666667 1.75 1.19 29 35 1.76 0
7 9
APP_0_Inner_Layer_3:1 0.13333333333333333 0.13333333333333333 0.5 1.41 21 27 2.93 0
6 8
APP_0_Inner_Layer_3:2 0.4666666666666667 0.4666666666666667 1.75 2.33 34 27 2.78 1
6 7 8
APP_0_Output_Layer_0 0.06666666666666667 0.06666666666666667 0.25 3.48 2 5 3.35 0
10 11 12
14
3.668740018360548
APP_1_Input_Layer_0 0.4 0.4 1.5 1.47 22 42 3.96 1

APP_1_Inner_Layer_0:0 0.06666666666666667 0.06666666666666667 0.25 2.05 25 42 2.01 1
0
APP_1_Inner_Layer_0:1 0.6 0.6 2.25 2.55 42 44 1.83 1
0
APP_1_Inner_Layer_0:2 0.13333333333333333 0.13333333333333333 0.5 1.84 13 32 1.25 1
0
APP_1_Inner_Layer_0:3 0.4666666666666667 0.4666666666666667 1.75 1.65 23 39 2.36 1
0
APP_1_Inner_Layer_1:0 0.3333333333333333 0.3333333333333333 1.25 3.02 37 48 2.4 0
1 2 3
APP_1_Inner_Layer_1:1 0.26666666666666666 0.26666666666666666 1.0 3.17 37 9 1.4 1
1 4
APP_1_Inner_Layer_1:2 0.4666666666666667 0.4666666666666667 1.75 3.89 11 45 1.96 0
2 3
APP_1_Inner_Layer_2:0 0.06666666666666667 0.06666666666666667 0.25 1.25 45 21 1.81 0
5 6 7
APP_1_Inner_Layer_3:0 0.4666666666666667 0.4666666666666667 1.75 3.9 32 10 2.23 1
8
APP_1_Inner_Layer_3:1 0.13333333333333333 0.13333333333333333 0.5 1.84 33 40 3.77 0
8
APP_1_Inner_Layer_3:2 0.4666666666666667 0.4666666666666667 1.75 1.37 41 6 3.08 1
8
APP_1_Inner_Layer_3:3 0.6 0.6 2.25 2.52 8 29 1.52 1
8
APP_1_Output_Layer_0 0.4 0.4 1.5 3.37 12 25 2.94 1
9 10 11 12
