10
2
6
0
APP_0_Input_Layer_0 0.3333333333333333 0.3333333333333333 1.25 1.78 21 33 1.47 1

APP_0_Inner_Layer_0:0 0.5333333333333333 0.5333333333333333 2.0 3.66 49 17 1.78 0
0
APP_0_Inner_Layer_1:0 0.26666666666666666 0.26666666666666666 1.0 2.65 6 14 1.07 1
1
APP_0_Inner_Layer_1:1 0.5333333333333333 0.5333333333333333 2.0 1.13 13 21 3.87 1
1
APP_0_Inner_Layer_1:2 0.06666666666666667 0.06666666666666667 0.25 1.47 3 35 2.26 1
1
APP_0_Output_Layer_0 0.26666666666666666 0.26666666666666666 1.0 1.1 32 39 1.79 1
2 3 4
9
3.2456382888019446
APP_1_Input_Layer_0 0.4666666666666667 0.4666666666666667 1.75 3.35 17 41 2.47 0

APP_1_Inner_Layer_0:0 0.06666666666666667 0.06666666666666667 0.25 2.72 11 48 1.96 1
0
APP_1_Inner_Layer_0:1 0.3333333333333333 0.3333333333333333 1.25 3.53 22 9 2.74 1
0
APP_1_Inner_Layer_0:2 0.4 0.4 1.5 2.23 23 2 1.83 1
0
APP_1_Inner_Layer_0:3 0.4666666666666667 0.4666666666666667 1.75 2.26 11 37 3.79 1
0
APP_1_Inner_Layer_1:0 0.4 0.4 1.5 2.51 22 11 3.09 1
1 2 3
APP_1_Inner_Layer_1:1 0.26666666666666666 0.26666666666666666 1.0 2.07 21 32 1.9 1
4
APP_1_Inner_Layer_2:0 0.3333333333333333 0.3333333333333333 1.25 2.94 24 10 3.18 1
5 6
APP_1_Output_Layer_0 0.06666666666666667 0.06666666666666667 0.25 2.95 37 2 3.31 1
7
