10
2
4
0
APP_0_Input_Layer_0 0.4 0.4 1.5 1.62 16 14 3.09 0

APP_0_Inner_Layer_0:0 0.6 0.6 2.25 1.72 38 45 1.97 1
0
APP_0_Inner_Layer_0:1 0.4666666666666667 0.4666666666666667 1.75 2.53 14 37 3.39 0
0
APP_0_Output_Layer_0 0.06666666666666667 0.06666666666666667 0.25 3.82 25 27 2.75 1
1 2
5
2.08285674754257
APP_1_Input_Layer_0 0.3333333333333333 0.3333333333333333 1.25 2.1 31 43 2.1 1

APP_1_Inner_Layer_0:0 0.4666666666666667 0.4666666666666667 1.75 2.98 44 24 1.63 0
0
APP_1_Inner_Layer_0:1 0.5333333333333333 0.5333333333333333 2.0 1.62 30 20 2.63 1
0
APP_1_Inner_Layer_0:2 0.6 0.6 2.25 3.8 42 14 2.28 1
0
APP_1_Output_Layer_0 0.26666666666666666 0.26666666666666666 1.0 2.82 4 20 3.33 1
1 2 3
