10
2
5
0
APP_0_Input_Layer_0 0.4666666666666667 0.4666666666666667 1.75 2.95 6 35 2.69 1

APP_0_Inner_Layer_0:0 0.6 0.6 2.25 2.21 27 46 1.53 0
0
APP_0_Inner_Layer_0:1 0.2 0.2 0.75 2.46 45 38 2.8 1
0
APP_0_Inner_Layer_1:0 0.13333333333333333 0.13333333333333333 0.5 3.24 33 44 3.41 1
1 2
APP_0_Output_Layer_0 0.2 0.2 0.75 2.77 43 11 3.77 0
3
11
2.4698517679869267
APP_1_Input_Layer_0 0.06666666666666667 0.06666666666666667 0.25 2.68 28 17 3.91 1

APP_1_Inner_Layer_0:0 0.06666666666666667 0.06666666666666667 0.25 2.55 36 18 1.71 1
0
APP_1_Inner_Layer_0:1 0.3333333333333333 0.3333333333333333 1.25 1.98 48 22 3.24 1
0
APP_1_Inner_Layer_0:2 0.06666666666666667 0.06666666666666667 0.25 3.82 35 47 2.2 1
0
APP_1_Inner_Layer_0:3 0.5333333333333333 0.5333333333333333 2.0 3.71 24 33 2.41 0
0
APP_1_Inner_Layer_1:0 0.06666666666666667 0.06666666666666667 0.25 1.18 41 35 2.94 0
3
APP_1_Inner_Layer_1:1 0.4 0.4 1.5 2.96 17 4 3.18 1
1 2 4
APP_1_Inner_Layer_2:0 0.06666666666666667 0.06666666666666667 0.25 2.56 34 37 2.12 0
5 6
APP_1_Inner_Layer_3:0 0.5333333333333333 0.5333333333333333 2.0 1.52 7 24 3.88 1
7
APP_1_Inner_Layer_3:1 0.4 0.4 1.5 2.79 41 33 3.75 1
7
APP_1_Output_Layer_0 0.3333333333333333 0.3333333333333333 1.25 2.3 9 46 1.51 1
8 9
