10
2
4
0
APP_0_Input_Layer_0 0.4666666666666667 0.4666666666666667 1.75 2.82 22 19 3.46 1

APP_0_Inner_Layer_0:0 0.4 0.4 1.5 1.81 47 2 1.34 0
0
APP_0_Inner_Layer_0:1 0.4666666666666667 0.4666666666666667 1.75 1.92 33 30 2.01 1
0
APP_0_Output_Layer_0 0.4666666666666667 0.4666666666666667 1.75 1.82 4 21 1.49 1
1 2
10
3.903978864416418
APP_1_Input_Layer_0 0.4 0.4 1.5 1.76 30 11 1.71 1

APP_1_Inner_Layer_0:0 0.13333333333333333 0.13333333333333333 0.5 3.08 9 44 3.96 0
0
APP_1_Inner_Layer_0:1 0.2 0.2 0.75 2.8 36 15 1.0 1
0
APP_1_Inner_Layer_1:0 0.06666666666666667 0.06666666666666667 0.25 3.67 46 36 2.23 0
1 2
APP_1_Inner_Layer_1:1 0.4666666666666667 0.4666666666666667 1.75 3.95 42 32 2.74 0
1 2
APP_1_Inner_Layer_1:2 0.4 0.4 1.5 2.95 36 21 2.68 0
1
APP_1_Inner_Layer_1:3 0.06666666666666667 0.06666666666666667 0.25 2.69 10 1 2.24 1
1
APP_1_Inner_Layer_2:0 0.4 0.4 1.5 2.29 9 34 1.02 1
3 5 6
APP_1_Inner_Layer_2:1 0.13333333333333333 0.13333333333333333 0.5 3.98 46 43 1.78 0
4
APP_1_Output_Layer_0 0.06666666666666667 0.06666666666666667 0.25 1.16 20 10 2.74 1
7 8
