10
2
11
0
APP_0_Input_Layer_0 0.13333333333333333 0.13333333333333333 0.5 3.45 23 42 1.64 1

APP_0_Inner_Layer_0:0 0.6 0.6 2.25 3.13 4 3 3.33 1
0
APP_0_Inner_Layer_0:1 0.3333333333333333 0.3333333333333333 1.25 3.4 16 45 3.87 1
0
APP_0_Inner_Layer_0:2 0.13333333333333333 0.13333333333333333 0.5 2.06 43 10 2.7 1
0
APP_0_Inner_Layer_1:0 0.4666666666666667 0.4666666666666667 1.75 3.23 38 20 3.64 0
2 3
APP_0_Inner_Layer_1:1 0.26666666666666666 0.26666666666666666 1.0 2.89 11 40 3.12 1
1
APP_0_Inner_Layer_1:2 0.3333333333333333 0.3333333333333333 1.25 1.81 37 35 2.75 1
1 2 3
APP_0_Inner_Layer_1:3 0.13333333333333333 0.13333333333333333 0.5 3.16 22 48 3.75 0
1 2
APP_0_Inner_Layer_2:0 0.26666666666666666 0.26666666666666666 1.0 3.6 43 10 3.8 1
7
APP_0_Inner_Layer_2:1 0.26666666666666666 0.26666666666666666 1.0 1.48 25 19 2.44 0
4 5 6
APP_0_Output_Layer_0 0.6 0.6 2.25 2.12 4 11 2.1 1
8 9
3
2.2277839861872613
APP_1_Input_Layer_0 0.6 0.6 2.25 1.53 47 43 1.56 1

APP_1_Inner_Layer_0:0 0.4666666666666667 0.4666666666666667 1.75 1.17 40 2 3.51 1
0
APP_1_Output_Layer_0 0.4 0.4 1.5 3.76 23 36 3.06 1
1
