10
2
6
0
APP_0_Input_Layer_0 0.4 0.4 1.5 1.5 7 19 2.43 1

APP_0_Inner_Layer_0:0 0.4666666666666667 0.4666666666666667 1.75 3.99 29 35 2.92 1
0
APP_0_Inner_Layer_0:1 0.4666666666666667 0.4666666666666667 1.75 1.04 10 14 3.08 1
0
APP_0_Inner_Layer_0:2 0.4666666666666667 0.4666666666666667 1.75 1.46 15 18 3.42 0
0
APP_0_Inner_Layer_1:0 0.3333333333333333 0.3333333333333333 1.25 2.98 9 23 3.79 1
1 2 3
APP_0_Output_Layer_0 0.4666666666666667 0.4666666666666667 1.75 1.76 11 19 1.22 1
4
8
1.99535692694235
APP_1_Input_Layer_0 0.4666666666666667 0.4666666666666667 1.75 3.59 22 25 3.01 1

APP_1_Inner_Layer_0:0 0.4666666666666667 0.4666666666666667 1.75 1.35 23 20 2.36 1
0
APP_1_Inner_Layer_0:1 0.06666666666666667 0.06666666666666667 0.25 1.1 31 20 2.88 1
0
APP_1_Inner_Layer_0:2 0.4 0.4 1.5 1.89 31 44 3.49 0
0
APP_1_Inner_Layer_1:0 0.3333333333333333 0.3333333333333333 1.25 1.5 2 29 1.89 0
3 2
APP_1_Inner_Layer_1:1 0.3333333333333333 0.3333333333333333 1.25 1.82 19 10 2.73 0
2 3
APP_1_Inner_Layer_1:2 0.2 0.2 0.75 3.34 19 42 2.14 1
1 2
APP_1_Output_Layer_0 0.6 0.6 2.25 3.87 43 41 3.24 1
4 5 6
