10
6
12
0
APP_0_Input_Layer_0 0.4 0.4 1.5 2.79 23 33 2.25 1

APP_0_Inner_Layer_0:0 0.3333333333333333 0.3333333333333333 1.25 3.94 36 49 2.3 0
0
APP_0_Inner_Layer_0:1 0.2 0.2 0.75 2.24 39 48 3.64 0
0
APP_0_Inner_Layer_0:2 0.4666666666666667 0.4666666666666667 1.75 1.94 41 5 3.2 1
0
APP_0_Inner_Layer_1:0 0.5333333333333333 0.5333333333333333 2.0 2.74 48 24 3.55 1
3
APP_0_Inner_Layer_1:1 0.5333333333333333 0.5333333333333333 2.0 3.35 48 26 3.7 1
1
APP_0_Inner_Layer_1:2 0.4 0.4 1.5 3.86 37 18 2.06 0
1 2 3
APP_0_Inner_Layer_1:3 0.4666666666666667 0.4666666666666667 1.75 2.73 32 13 3.02 1
2
APP_0_Inner_Layer_2:0 0.3333333333333333 0.3333333333333333 1.25 2.62 29 28 1.39 1
4 7
APP_0_Inner_Layer_2:1 0.26666666666666666 0.26666666666666666 1.0 1.15 14 48 3.62 1
5 6
APP_0_Inner_Layer_2:2 0.5333333333333333 0.5333333333333333 2.0 1.11 30 49 2.28 1
4 6 7
APP_0_Output_Layer_0 0.4 0.4 1.5 3.52 42 4 2.53 1
8 9 10
12
1.252479673781174
APP_1_Input_Layer_0 0.13333333333333333 0.13333333333333333 0.5 1.37 2 43 2.62 1

APP_1_Inner_Layer_0:0 0.6 0.6 2.25 3.42 23 16 2.66 1
0
APP_1_Inner_Layer_0:1 0.26666666666666666 0.26666666666666666 1.0 1.84 40 20 3.63 1
0
APP_1_Inner_Layer_1:0 0.5333333333333333 0.5333333333333333 2.0 2.34 31 17 3.03 1
1 2
APP_1_Inner_Layer_1:1 0.3333333333333333 0.3333333333333333 1.25 2.26 28 32 2.03 1
1
APP_1_Inner_Layer_1:2 0.4666666666666667 0.4666666666666667 1.75 3.73 5 18 1.62 0
2
APP_1_Inner_Layer_2:0 0.13333333333333333 0.13333333333333333 0.5 3.87 33 34 2.77 1
3 5
APP_1_Inner_Layer_2:1 0.13333333333333333 0.13333333333333333 0.5 3.25 10 16 2.57 0
4
APP_1_Inner_Layer_2:2 0.26666666666666666 0.26666666666666666 1.0 3.32 32 24 3.56 1
4
APP_1_Inner_Layer_3:0 0.3333333333333333 0.3333333333333333 1.25 1.87 3 33 3.35 0
6 7
APP_1_Inner_Layer_3:1 0.6 0.6 2.25 1.33 2 26 3.96 0
8
APP_1_Output_Layer_0 0.13333333333333333 0.13333333333333333 0.5 1.29 15 29 1.76 1
9 10
8
2.2324942199490105
APP_2_Input_Layer_0 0.26666666666666666 0.26666666666666666 1.0 2.11 14 22 1.31 1

APP_2_Inner_Layer_0:0 0.26666666666666666 0.26666666666666666 1.0 3.49 25 15 1.99 1
0
APP_2_Inner_Layer_0:1 0.4 0.4 1.5 1.82 47 48 1.5 1
0
APP_2_Inner_Layer_0:2 0.2 0.2 0.75 2.71 34 31 3.24 1
0
APP_2_Inner_Layer_1:0 0.6 0.6 2.25 1.7 13 29 2.27 1
1 2 3
APP_2_Inner_Layer_2:0 0.13333333333333333 0.13333333333333333 0.5 2.51 36 31 1.31 1
4
APP_2_Inner_Layer_2:1 0.06666666666666667 0.06666666666666667 0.25 2.5 29 15 3.35 1
4
APP_2_Output_Layer_0 0.4 0.4 1.5 2.92 39 13 3.97 1
5 6
11
3.076697017879498
APP_3_Input_Layer_0 0.6 0.6 2.25 3.38 19 12 1.63 1

APP_3_Inner_Layer_0:0 0.3333333333333333 0.3333333333333333 1.25 2.37 34 22 1.04 1
0
APP_3_Inner_Layer_0:1 0.06666666666666667 0.06666666666666667 0.25 1.18 4 11 2.02 1
0
APP_3_Inner_Layer_0:2 0.6 0.6 2.25 1.13 17 29 1.53 1
0
APP_3_Inner_Layer_0:3 0.13333333333333333 0.13333333333333333 0.5 1.1 14 4 1.84 1
0
APP_3_Inner_Layer_1:0 0.4666666666666667 0.4666666666666667 1.75 2.61 8 6 1.42 0
1 2 3 4
APP_3_Inner_Layer_2:0 0.6 0.6 2.25 1.63 22 32 2.2 1
5
APP_3_Inner_Layer_2:1 0.3333333333333333 0.3333333333333333 1.25 3.23 11 48 2.19 0
5
APP_3_Inner_Layer_2:2 0.6 0.6 2.25 2.11 30 23 1.53 0
5
APP_3_Inner_Layer_3:0 0.4 0.4 1.5 2.64 10 28 3.83 1
6 7 8
APP_3_Output_Layer_0 0.4666666666666667 0.4666666666666667 1.75 2.46 16 7 3.08 1
9
4
3.9002570940463435
APP_4_Input_Layer_0 0.5333333333333333 0.5333333333333333 2.0 3.62 6 18 3.65 1

APP_4_Inner_Layer_0:0 0.06666666666666667 0.06666666666666667 0.25 1.28 19 29 2.54 1
0
APP_4_Inner_Layer_0:1 0.5333333333333333 0.5333333333333333 2.0 1.16 20 43 3.39 1
0
APP_4_Output_Layer_0 0.26666666666666666 0.26666666666666666 1.0 3.57 42 14 2.82 1
1 2
9
4.679212777856878
APP_5_Input_Layer_0 0.6 0.6 2.25 1.8 39 3 3.14 1

APP_5_Inner_Layer_0:0 0.13333333333333333 0.13333333333333333 0.5 3.61 40 1 3.2 1
0
APP_5_Inner_Layer_1:0 0.4666666666666667 0.4666666666666667 1.75 2.57 47 15 3.28 1
1
APP_5_Inner_Layer_2:0 0.26666666666666666 0.26666666666666666 1.0 3.19 11 7 3.65 1
2
APP_5_Inner_Layer_2:1 0.4 0.4 1.5 1.17 30 3 3.56 1
2
APP_5_Inner_Layer_3:0 0.5333333333333333 0.5333333333333333 2.0 1.98 12 4 2.16 1
3
APP_5_Inner_Layer_3:1 0.4666666666666667 0.4666666666666667 1.75 1.11 17 28 3.68 1
3 4
APP_5_Inner_Layer_3:2 0.26666666666666666 0.26666666666666666 1.0 3.41 35 17 1.45 1
3
APP_5_Output_Layer_0 0.4666666666666667 0.4666666666666667 1.75 3.18 30 6 2.47 1
5 6 7
