10
6
10
0
APP_0_Input_Layer_0 0.6 0.6 2.25 1.12 21 27 2.9 0

APP_0_Inner_Layer_0:0 0.6 0.6 2.25 1.03 40 10 3.77 1
0
APP_0_Inner_Layer_0:1 0.13333333333333333 0.13333333333333333 0.5 2.38 4 38 1.92 1
0
APP_0_Inner_Layer_1:0 0.6 0.6 2.25 2.97 37 6 3.21 1
1
APP_0_Inner_Layer_1:1 0.4666666666666667 0.4666666666666667 1.75 1.07 18 3 2.56 1
2
APP_0_Inner_Layer_1:2 0.3333333333333333 0.3333333333333333 1.25 3.27 40 17 1.57 0
1 2
APP_0_Inner_Layer_2:0 0.26666666666666666 0.26666666666666666 1.0 3.28 1 44 3.84 0
3
APP_0_Inner_Layer_2:1 0.4666666666666667 0.4666666666666667 1.75 2.81 35 15 1.37 0
4
APP_0_Inner_Layer_2:2 0.6 0.6 2.25 1.46 6 48 1.75 1
4 5
APP_0_Output_Layer_0 0.6 0.6 2.25 2.36 19 26 2.94 1
6 7 8
11
1.2204596553482112
APP_1_Input_Layer_0 0.4 0.4 1.5 3.27 21 26 2.34 1

APP_1_Inner_Layer_0:0 0.13333333333333333 0.13333333333333333 0.5 1.68 5 15 2.47 0
0
APP_1_Inner_Layer_1:0 0.5333333333333333 0.5333333333333333 2.0 2.06 21 34 1.4 1
1
APP_1_Inner_Layer_1:1 0.4666666666666667 0.4666666666666667 1.75 2.62 39 47 1.92 1
1
APP_1_Inner_Layer_1:2 0.5333333333333333 0.5333333333333333 2.0 1.83 3 31 3.92 0
1
APP_1_Inner_Layer_1:3 0.4666666666666667 0.4666666666666667 1.75 2.46 3 16 1.85 1
1
APP_1_Inner_Layer_2:0 0.13333333333333333 0.13333333333333333 0.5 1.8 48 9 1.71 0
2 3 4 5
APP_1_Inner_Layer_3:0 0.5333333333333333 0.5333333333333333 2.0 2.83 19 27 3.45 0
6
APP_1_Inner_Layer_3:1 0.4666666666666667 0.4666666666666667 1.75 1.53 12 4 2.3 1
6
APP_1_Inner_Layer_3:2 0.2 0.2 0.75 2.66 33 12 1.63 1
6
APP_1_Output_Layer_0 0.3333333333333333 0.3333333333333333 1.25 1.14 37 8 2.18 1
7 8 9
8
2.186527705908582
APP_2_Input_Layer_0 0.4 0.4 1.5 3.58 15 26 1.78 1

APP_2_Inner_Layer_0:0 0.06666666666666667 0.06666666666666667 0.25 3.9 43 19 1.93 1
0
APP_2_Inner_Layer_0:1 0.6 0.6 2.25 1.82 15 5 3.13 1
0
APP_2_Inner_Layer_1:0 0.5333333333333333 0.5333333333333333 2.0 3.83 2 9 2.03 0
2
APP_2_Inner_Layer_1:1 0.3333333333333333 0.3333333333333333 1.25 3.79 22 13 2.93 0
1 2
APP_2_Inner_Layer_2:0 0.3333333333333333 0.3333333333333333 1.25 1.21 49 35 1.52 1
4
APP_2_Inner_Layer_2:1 0.4 0.4 1.5 3.79 5 43 1.87 0
3
APP_2_Output_Layer_0 0.5333333333333333 0.5333333333333333 2.0 3.23 28 43 3.49 1
5 6
11
3.2387210512430435
APP_3_Input_Layer_0 0.6 0.6 2.25 2.36 47 31 3.66 0

APP_3_Inner_Layer_0:0 0.3333333333333333 0.3333333333333333 1.25 1.1 16 11 2.03 1
0
APP_3_Inner_Layer_0:1 0.5333333333333333 0.5333333333333333 2.0 2.1 19 11 2.43 0
0
APP_3_Inner_Layer_1:0 0.2 0.2 0.75 3.81 15 36 2.8 0
1
APP_3_Inner_Layer_1:1 0.2 0.2 0.75 2.07 26 16 2.5 1
2
APP_3_Inner_Layer_1:2 0.2 0.2 0.75 2.22 22 34 1.54 1
1
APP_3_Inner_Layer_1:3 0.26666666666666666 0.26666666666666666 1.0 1.34 36 44 3.04 1
1 2
APP_3_Inner_Layer_2:0 0.3333333333333333 0.3333333333333333 1.25 2.28 38 18 2.57 1
4 6
APP_3_Inner_Layer_2:1 0.13333333333333333 0.13333333333333333 0.5 2.84 34 30 1.09 1
3 5
APP_3_Inner_Layer_3:0 0.6 0.6 2.25 1.07 24 22 1.7 0
7 8
APP_3_Output_Layer_0 0.13333333333333333 0.13333333333333333 0.5 1.61 7 46 3.12 1
9
11
3.9899952380475434
APP_4_Input_Layer_0 0.5333333333333333 0.5333333333333333 2.0 2.65 45 3 3.67 0

APP_4_Inner_Layer_0:0 0.4666666666666667 0.4666666666666667 1.75 3.14 8 17 3.55 1
0
APP_4_Inner_Layer_0:1 0.06666666666666667 0.06666666666666667 0.25 1.62 11 6 2.1 1
0
APP_4_Inner_Layer_0:2 0.2 0.2 0.75 1.64 15 21 1.48 1
0
APP_4_Inner_Layer_0:3 0.26666666666666666 0.26666666666666666 1.0 2.65 12 14 2.05 1
0
APP_4_Inner_Layer_1:0 0.6 0.6 2.25 2.31 42 18 1.44 0
1 3
APP_4_Inner_Layer_1:1 0.4666666666666667 0.4666666666666667 1.75 3.34 49 5 2.0 0
2 4
APP_4_Inner_Layer_1:2 0.6 0.6 2.25 2.52 24 14 1.86 1
1
APP_4_Inner_Layer_2:0 0.6 0.6 2.25 2.44 26 1 2.21 1
5 6 7
APP_4_Inner_Layer_3:0 0.4666666666666667 0.4666666666666667 1.75 1.9 19 6 2.83 0
8
APP_4_Output_Layer_0 0.06666666666666667 0.06666666666666667 0.25 2.29 3 25 3.07 1
9
6
4.759622543408656
APP_5_Input_Layer_0 0.3333333333333333 0.3333333333333333 1.25 3.76 47 3 2.24 1

APP_5_Inner_Layer_0:0 0.4666666666666667 0.4666666666666667 1.75 2.62 7 30 1.81 0
0
APP_5_Inner_Layer_0:1 0.26666666666666666 0.26666666666666666 1.0 2.04 9 27 2.37 1
0
APP_5_Inner_Layer_0:2 0.5333333333333333 0.5333333333333333 2.0 3.93 38 13 1.73 1
0
APP_5_Inner_Layer_0:3 0.06666666666666667 0.06666666666666667 0.25 3.47 9 40 3.25 0
0
APP_5_Output_Layer_0 0.6 0.6 2.25 1.65 27 4 3.19 0
1 2 3 4
