10
6
6
0
APP_0_Input_Layer_0 0.3333333333333333 0.3333333333333333 1.25 3.63 24 23 2.31 1

APP_0_Inner_Layer_0:0 0.2 0.2 0.75 3.26 46 17 1.33 1
0
APP_0_Inner_Layer_0:1 0.2 0.2 0.75 1.33 40 5 1.91 1
0
APP_0_Inner_Layer_0:2 0.2 0.2 0.75 2.65 48 10 2.2 1
0
APP_0_Inner_Layer_0:3 0.5333333333333333 0.5333333333333333 2.0 2.8 49 23 1.69 1
0
APP_0_Output_Layer_0 0.4 0.4 1.5 2.82 3 41 3.93 1
1 2 3 4
4
0.8524054664910987
APP_1_Input_Layer_0 0.26666666666666666 0.26666666666666666 1.0 3.82 41 49 1.18 0

APP_1_Inner_Layer_0:0 0.3333333333333333 0.3333333333333333 1.25 2.42 13 33 2.8 1
0
APP_1_Inner_Layer_0:1 0.4 0.4 1.5 2.45 9 40 1.98 1
0
APP_1_Output_Layer_0 0.6 0.6 2.25 1.9 49 21 2.04 1
1 2
7
1.8630679041205063
APP_2_Input_Layer_0 0.13333333333333333 0.13333333333333333 0.5 3.13 21 1 3.3 1

APP_2_Inner_Layer_0:0 0.4 0.4 1.5 2.03 46 18 1.27 0
0
APP_2_Inner_Layer_0:1 0.3333333333333333 0.3333333333333333 1.25 3.08 11 1 1.29 1
0
APP_2_Inner_Layer_0:2 0.06666666666666667 0.06666666666666667 0.25 2.72 34 21 1.21 1
0
APP_2_Inner_Layer_0:3 0.3333333333333333 0.3333333333333333 1.25 1.58 18 41 2.97 1
0
APP_2_Inner_Layer_1:0 0.13333333333333333 0.13333333333333333 0.5 1.99 21 31 2.58 1
1 2 3 4
APP_2_Output_Layer_0 0.13333333333333333 0.13333333333333333 0.5 2.18 21 14 2.68 1
5
8
3.1468546511186806
APP_3_Input_Layer_0 0.06666666666666667 0.06666666666666667 0.25 3.43 16 43 3.31 1

APP_3_Inner_Layer_0:0 0.5333333333333333 0.5333333333333333 2.0 2.35 43 18 3.44 1
0
APP_3_Inner_Layer_0:1 0.3333333333333333 0.3333333333333333 1.25 3.67 48 17 3.7 1
0
APP_3_Inner_Layer_0:2 0.26666666666666666 0.26666666666666666 1.0 2.2 26 36 2.79 1
0
APP_3_Inner_Layer_1:0 0.5333333333333333 0.5333333333333333 2.0 3.61 5 34 3.05 1
1 3
APP_3_Inner_Layer_1:1 0.13333333333333333 0.13333333333333333 0.5 2.89 35 19 2.57 1
1 2
APP_3_Inner_Layer_1:2 0.5333333333333333 0.5333333333333333 2.0 1.74 43 47 1.83 1
1 2 3
APP_3_Output_Layer_0 0.2 0.2 0.75 1.66 44 9 3.07 1
4 5 6
9
4.807485741506317
APP_4_Input_Layer_0 0.5333333333333333 0.5333333333333333 2.0 2.2 32 2 1.87 1

APP_4_Inner_Layer_0:0 0.26666666666666666 0.26666666666666666 1.0 3.5 29 30 1.3 1
0
APP_4_Inner_Layer_0:1 0.13333333333333333 0.13333333333333333 0.5 2.89 16 36 3.22 1
0
APP_4_Inner_Layer_0:2 0.2 0.2 0.75 3.2 42 23 3.89 0
0
APP_4_Inner_Layer_1:0 0.06666666666666667 0.06666666666666667 0.25 3.09 22 36 2.58 0
1 2 3
APP_4_Inner_Layer_2:0 0.6 0.6 2.25 3.92 13 16 3.17 1
4
APP_4_Inner_Layer_3:0 0.4 0.4 1.5 3.65 49 46 1.63 1
5
APP_4_Inner_Layer_3:1 0.26666666666666666 0.26666666666666666 1.0 2.57 44 21 3.7 1
5
APP_4_Output_Layer_0 0.5333333333333333 0.5333333333333333 2.0 3.25 10 12 1.69 1
6 7
15
5.910930043165898
APP_5_Input_Layer_0 0.3333333333333333 0.3333333333333333 1.25 3.34 31 31 3.5 1

APP_5_Inner_Layer_0:0 0.4 0.4 1.5 1.37 43 8 3.57 1
0
APP_5_Inner_Layer_0:1 0.06666666666666667 0.06666666666666667 0.25 3.07 14 20 3.18 1
0
APP_5_Inner_Layer_0:2 0.3333333333333333 0.3333333333333333 1.25 3.79 49 14 2.37 1
0
APP_5_Inner_Layer_1:0 0.4666666666666667 0.4666666666666667 1.75 2.71 39 4 2.44 1
3 2
APP_5_Inner_Layer_1:1 0.13333333333333333 0.13333333333333333 0.5 2.24 24 11 2.93 1
1 2 3
APP_5_Inner_Layer_2:0 0.3333333333333333 0.3333333333333333 1.25 2.06 44 47 1.43 1
4
APP_5_Inner_Layer_2:1 0.2 0.2 0.75 2.94 14 16 2.18 1
4 5
APP_5_Inner_Layer_2:2 0.2 0.2 0.75 1.09 24 45 2.33 1
4
APP_5_Inner_Layer_2:3 0.06666666666666667 0.06666666666666667 0.25 1.16 38 40 2.53 1
5
APP_5_Inner_Layer_3:0 0.5333333333333333 0.5333333333333333 2.0 1.28 9 33 2.57 0
7 8
APP_5_Inner_Layer_3:1 0.4666666666666667 0.4666666666666667 1.75 3.41 31 17 1.63 1
6 7 8
APP_5_Inner_Layer_3:2 0.6 0.6 2.25 1.34 2 44 1.19 1
6 9
APP_5_Inner_Layer_3:3 0.4 0.4 1.5 1.9 32 17 1.05 1
6 7 8 9
APP_5_Output_Layer_0 0.13333333333333333 0.13333333333333333 0.5 1.75 11 47 2.79 1
10 11 12 13
