10
6
8
0
APP_0_Input_Layer_0 0.6 0.6 2.25 2.87 34 46 2.07 1

APP_0_Inner_Layer_0:0 0.6 0.6 2.25 3.72 45 24 3.35 0
0
APP_0_Inner_Layer_0:1 0.5333333333333333 0.5333333333333333 2.0 1.66 6 19 1.91 1
0
APP_0_Inner_Layer_0:2 0.06666666666666667 0.06666666666666667 0.25 2.98 16 21 3.53 1
0
APP_0_Inner_Layer_1:0 0.26666666666666666 0.26666666666666666 1.0 2.08 46 46 2.61 0
2
APP_0_Inner_Layer_1:1 0.06666666666666667 0.06666666666666667 0.25 2.7 47 11 1.26 1
2 3
APP_0_Inner_Layer_1:2 0.26666666666666666 0.26666666666666666 1.0 2.56 35 3 2.34 0
1 3
APP_0_Output_Layer_0 0.13333333333333333 0.13333333333333333 0.5 1.19 9 21 1.53 1
4 5 6
6
1.2164103138022206
APP_1_Input_Layer_0 0.5333333333333333 0.5333333333333333 2.0 2.18 28 11 1.58 1

APP_1_Inner_Layer_0:0 0.4666666666666667 0.4666666666666667 1.75 1.22 21 24 1.67 1
0
APP_1_Inner_Layer_0:1 0.5333333333333333 0.5333333333333333 2.0 1.79 7 17 1.56 1
0
APP_1_Inner_Layer_1:0 0.13333333333333333 0.13333333333333333 0.5 3.3 21 26 1.04 0
1 2
APP_1_Inner_Layer_1:1 0.06666666666666667 0.06666666666666667 0.25 1.74 23 43 1.0 1
1
APP_1_Output_Layer_0 0.3333333333333333 0.3333333333333333 1.25 3.43 31 24 2.01 1
3 4
10
2.6066027102121163
APP_2_Input_Layer_0 0.3333333333333333 0.3333333333333333 1.25 3.79 17 44 1.97 0

APP_2_Inner_Layer_0:0 0.5333333333333333 0.5333333333333333 2.0 1.01 22 24 3.21 1
0
APP_2_Inner_Layer_0:1 0.2 0.2 0.75 2.93 18 29 3.18 1
0
APP_2_Inner_Layer_0:2 0.13333333333333333 0.13333333333333333 0.5 2.4 46 3 3.66 1
0
APP_2_Inner_Layer_1:0 0.4666666666666667 0.4666666666666667 1.75 2.39 26 38 3.67 1
3
APP_2_Inner_Layer_1:1 0.26666666666666666 0.26666666666666666 1.0 3.32 40 16 3.67 0
1 2 3
APP_2_Inner_Layer_1:2 0.4666666666666667 0.4666666666666667 1.75 2.62 25 11 3.48 0
2
APP_2_Inner_Layer_2:0 0.13333333333333333 0.13333333333333333 0.5 2.55 4 41 3.98 1
6
APP_2_Inner_Layer_2:1 0.4 0.4 1.5 3.6 28 11 1.6 1
4 5
APP_2_Output_Layer_0 0.4666666666666667 0.4666666666666667 1.75 3.56 23 12 2.36 1
7 8
6
3.2877324441095612
APP_3_Input_Layer_0 0.3333333333333333 0.3333333333333333 1.25 2.58 26 34 3.92 1

APP_3_Inner_Layer_0:0 0.2 0.2 0.75 1.67 35 30 3.69 1
0
APP_3_Inner_Layer_0:1 0.4666666666666667 0.4666666666666667 1.75 1.08 15 41 2.57 1
0
APP_3_Inner_Layer_0:2 0.2 0.2 0.75 3.5 25 11 3.68 0
0
APP_3_Inner_Layer_0:3 0.6 0.6 2.25 1.18 41 26 3.14 1
0
APP_3_Output_Layer_0 0.2 0.2 0.75 2.78 30 42 2.55 1
1 2 3 4
4
3.9509535761930894
APP_4_Input_Layer_0 0.3333333333333333 0.3333333333333333 1.25 1.68 41 19 2.07 1

APP_4_Inner_Layer_0:0 0.3333333333333333 0.3333333333333333 1.25 1.14 25 12 3.25 0
0
APP_4_Inner_Layer_0:1 0.4666666666666667 0.4666666666666667 1.75 2.43 47 32 1.79 1
0
APP_4_Output_Layer_0 0.2 0.2 0.75 3.8 22 43 2.83 1
1 2
12
5.231709370481546
APP_5_Input_Layer_0 0.06666666666666667 0.06666666666666667 0.25 3.41 6 14 2.32 1

APP_5_Inner_Layer_0:0 0.5333333333333333 0.5333333333333333 2.0 2.95 35 13 2.51 1
0
APP_5_Inner_Layer_0:1 0.5333333333333333 0.5333333333333333 2.0 1.4 31 2 2.59 1
0
APP_5_Inner_Layer_0:2 0.2 0.2 0.75 2.67 38 46 1.49 1
0
APP_5_Inner_Layer_1:0 0.3333333333333333 0.3333333333333333 1.25 2.32 48 10 2.38 1
2
APP_5_Inner_Layer_1:1 0.4666666666666667 0.4666666666666667 1.75 2.35 8 39 1.54 0
1 2
APP_5_Inner_Layer_1:2 0.26666666666666666 0.26666666666666666 1.0 1.1 2 44 3.8 1
1 3
APP_5_Inner_Layer_2:0 0.26666666666666666 0.26666666666666666 1.0 1.19 38 38 2.44 1
4 6
APP_5_Inner_Layer_2:1 0.4666666666666667 0.4666666666666667 1.75 1.46 34 22 1.16 0
5
APP_5_Inner_Layer_3:0 0.26666666666666666 0.26666666666666666 1.0 1.2 21 43 1.02 1
7 8
APP_5_Inner_Layer_3:1 0.26666666666666666 0.26666666666666666 1.0 2.68 15 21 1.51 1
8
APP_5_Output_Layer_0 0.3333333333333333 0.3333333333333333 1.25 1.31 5 19 3.2 1
9 10
