10
6
4
0
APP_0_Input_Layer_0 0.4 0.4 1.5 2.28 17 18 2.26 1

APP_0_Inner_Layer_0:0 0.3333333333333333 0.3333333333333333 1.25 2.56 37 28 3.27 1
0
APP_0_Inner_Layer_0:1 0.06666666666666667 0.06666666666666667 0.25 2.57 26 22 1.14 1
0
APP_0_Output_Layer_0 0.2 0.2 0.75 3.36 22 49 1.65 1
1 2
14
1.3510134883652634
APP_1_Input_Layer_0 0.6 0.6 2.25 3.46 24 38 3.83 1

APP_1_Inner_Layer_0:0 0.6 0.6 2.25 1.3 13 14 3.75 1
0
APP_1_Inner_Layer_0:1 0.5333333333333333 0.5333333333333333 2.0 2.11 28 45 3.03 1
0
APP_1_Inner_Layer_0:2 0.4666666666666667 0.4666666666666667 1.75 1.05 43 40 2.75 1
0
APP_1_Inner_Layer_0:3 0.4 0.4 1.5 1.15 15 34 2.74 1
0
APP_1_Inner_Layer_1:0 0.4666666666666667 0.4666666666666667 1.75 3.72 45 45 3.54 1
2 4
APP_1_Inner_Layer_1:1 0.5333333333333333 0.5333333333333333 2.0 2.15 4 49 3.89 1
1 2 3
APP_1_Inner_Layer_1:2 0.4 0.4 1.5 1.07 7 36 3.19 0
4
APP_1_Inner_Layer_1:3 0.26666666666666666 0.26666666666666666 1.0 3.9 22 16 2.73 1
1 3 4
APP_1_Inner_Layer_2:0 0.3333333333333333 0.3333333333333333 1.25 1.77 1 21 3.59 1
5 8
APP_1_Inner_Layer_2:1 0.3333333333333333 0.3333333333333333 1.25 2.74 26 40 2.73 1
6 8
APP_1_Inner_Layer_2:2 0.4666666666666667 0.4666666666666667 1.75 1.86 49 33 3.46 1
5 6 7
APP_1_Inner_Layer_3:0 0.5333333333333333 0.5333333333333333 2.0 3.35 44 11 1.68 1
9 10 11
APP_1_Output_Layer_0 0.6 0.6 2.25 2.97 41 10 2.95 1
12
10
2.393019146348884
APP_2_Input_Layer_0 0.2 0.2 0.75 3.43 2 40 3.87 1

APP_2_Inner_Layer_0:0 0.26666666666666666 0.26666666666666666 1.0 1.02 31 24 2.55 1
0
APP_2_Inner_Layer_0:1 0.06666666666666667 0.06666666666666667 0.25 3.94 15 24 3.58 0
0
APP_2_Inner_Layer_0:2 0.13333333333333333 0.13333333333333333 0.5 3.7 26 11 2.27 1
0
APP_2_Inner_Layer_1:0 0.2 0.2 0.75 3.66 29 2 3.83 1
1
APP_2_Inner_Layer_1:1 0.3333333333333333 0.3333333333333333 1.25 1.38 40 45 2.46 0
1 2 3
APP_2_Inner_Layer_1:2 0.2 0.2 0.75 1.01 46 21 2.95 0
3
APP_2_Inner_Layer_2:0 0.06666666666666667 0.06666666666666667 0.25 2.07 28 6 1.65 0
4 5 6
APP_2_Inner_Layer_3:0 0.5333333333333333 0.5333333333333333 2.0 1.19 44 31 2.47 1
7
APP_2_Output_Layer_0 0.6 0.6 2.25 2.52 46 26 3.01 1
8
5
3.368204494385547
APP_3_Input_Layer_0 0.3333333333333333 0.3333333333333333 1.25 3.82 15 44 2.82 1

APP_3_Inner_Layer_0:0 0.4666666666666667 0.4666666666666667 1.75 1.39 47 13 1.5 1
0
APP_3_Inner_Layer_0:1 0.26666666666666666 0.26666666666666666 1.0 1.93 17 11 2.77 1
0
APP_3_Inner_Layer_0:2 0.06666666666666667 0.06666666666666667 0.25 3.47 6 41 2.49 0
0
APP_3_Output_Layer_0 0.4 0.4 1.5 3.82 48 2 2.84 1
1 2 3
12
4.028821223156959
APP_4_Input_Layer_0 0.5333333333333333 0.5333333333333333 2.0 2.28 35 15 1.95 1

APP_4_Inner_Layer_0:0 0.6 0.6 2.25 3.24 39 41 3.38 1
0
APP_4_Inner_Layer_0:1 0.06666666666666667 0.06666666666666667 0.25 1.72 13 12 2.73 1
0
APP_4_Inner_Layer_0:2 0.4 0.4 1.5 2.79 6 18 3.71 0
0
APP_4_Inner_Layer_0:3 0.4666666666666667 0.4666666666666667 1.75 2.2 3 21 2.06 1
0
APP_4_Inner_Layer_1:0 0.6 0.6 2.25 2.08 22 29 1.74 1
1 3 4
APP_4_Inner_Layer_1:1 0.5333333333333333 0.5333333333333333 2.0 2.44 14 21 3.38 1
1
APP_4_Inner_Layer_1:2 0.26666666666666666 0.26666666666666666 1.0 1.8 22 3 3.76 1
2 3
APP_4_Inner_Layer_2:0 0.26666666666666666 0.26666666666666666 1.0 2.48 48 7 2.06 1
5 6 7
APP_4_Inner_Layer_3:0 0.2 0.2 0.75 2.25 27 30 2.2 1
8
APP_4_Inner_Layer_3:1 0.06666666666666667 0.06666666666666667 0.25 3.73 28 4 1.61 1
8
APP_4_Output_Layer_0 0.13333333333333333 0.13333333333333333 0.5 2.44 6 29 1.6 1
9 10
11
4.825809547803427
APP_5_Input_Layer_0 0.3333333333333333 0.3333333333333333 1.25 3.75 16 34 2.88 1

APP_5_Inner_Layer_0:0 0.4 0.4 1.5 1.3 43 7 2.28 1
0
APP_5_Inner_Layer_1:0 0.3333333333333333 0.3333333333333333 1.25 3.65 40 48 1.48 1
1
APP_5_Inner_Layer_2:0 0.26666666666666666 0.26666666666666666 1.0 2.62 17 14 3.06 1
2
APP_5_Inner_Layer_2:1 0.3333333333333333 0.3333333333333333 1.25 2.92 6 20 3.63 0
2
APP_5_Inner_Layer_2:2 0.3333333333333333 0.3333333333333333 1.25 2.57 12 12 3.71 0
2
APP_5_Inner_Layer_2:3 0.2 0.2 0.75 2.31 31 26 3.23 0
2
APP_5_Inner_Layer_3:0 0.26666666666666666 0.26666666666666666 1.0 1.1 26 42 2.79 0
4
APP_5_Inner_Layer_3:1 0.13333333333333333 0.13333333333333333 0.5 2.25 6 10 3.86 0
3 4
APP_5_Inner_Layer_3:2 0.4666666666666667 0.4666666666666667 1.75 3.0 36 20 3.9 1
3 5 6
APP_5_Output_Layer_0 0.4 0.4 1.5 3.68 11 48 3.16 1
7 8 9
