10
6
4
0
APP_0_Input_Layer_0 0.26666666666666666 0.26666666666666666 1.0 3.71 20 38 1.46 1

APP_0_Inner_Layer_0:0 0.4 0.4 1.5 3.04 13 5 2.08 0
0
APP_0_Inner_Layer_1:0 0.5333333333333333 0.5333333333333333 2.0 3.73 13 27 3.55 1
1
APP_0_Output_Layer_0 0.06666666666666667 0.06666666666666667 0.25 2.56 37 28 1.0 1
2
6
1.0501394540925177
APP_1_Input_Layer_0 0.5333333333333333 0.5333333333333333 2.0 2.54 4 16 2.57 1

APP_1_Inner_Layer_0:0 0.26666666666666666 0.26666666666666666 1.0 1.48 42 27 3.25 1
0
APP_1_Inner_Layer_0:1 0.3333333333333333 0.3333333333333333 1.25 3.99 44 6 2.61 0
0
APP_1_Inner_Layer_1:0 0.3333333333333333 0.3333333333333333 1.25 2.68 37 46 1.16 1
2
APP_1_Inner_Layer_1:1 0.06666666666666667 0.06666666666666667 0.25 1.06 23 15 3.47 1
1
APP_1_Output_Layer_0 0.06666666666666667 0.06666666666666667 0.25 2.16 7 26 1.48 1
3 4
4
1.9977805412377743
APP_2_Input_Layer_0 0.5333333333333333 0.5333333333333333 2.0 3.21 24 19 3.35 1

APP_2_Inner_Layer_0:0 0.26666666666666666 0.26666666666666666 1.0 3.92 44 43 3.61 1
0
APP_2_Inner_Layer_0:1 0.4666666666666667 0.4666666666666667 1.75 3.43 38 23 2.5 1
0
APP_2_Output_Layer_0 0.5333333333333333 0.5333333333333333 2.0 2.49 7 39 1.76 1
1 2
7
2.729935543401907
APP_3_Input_Layer_0 0.06666666666666667 0.06666666666666667 0.25 1.31 26 8 1.01 1

APP_3_Inner_Layer_0:0 0.6 0.6 2.25 1.39 8 2 2.61 0
0
APP_3_Inner_Layer_0:1 0.6 0.6 2.25 2.56 41 43 1.86 0
0
APP_3_Inner_Layer_0:2 0.4 0.4 1.5 2.18 17 45 3.05 0
0
APP_3_Inner_Layer_1:0 0.4 0.4 1.5 3.87 10 12 2.94 1
3 2
APP_3_Inner_Layer_1:1 0.26666666666666666 0.26666666666666666 1.0 3.99 19 41 2.63 0
1 2 3
APP_3_Output_Layer_0 0.5333333333333333 0.5333333333333333 2.0 1.4 6 33 2.05 0
4 5
10
4.040844976339529
APP_4_Input_Layer_0 0.3333333333333333 0.3333333333333333 1.25 1.9 40 11 1.82 1

APP_4_Inner_Layer_0:0 0.06666666666666667 0.06666666666666667 0.25 1.7 8 42 2.99 0
0
APP_4_Inner_Layer_0:1 0.4 0.4 1.5 1.06 25 30 2.64 0
0
APP_4_Inner_Layer_0:2 0.26666666666666666 0.26666666666666666 1.0 3.01 42 29 3.86 1
0
APP_4_Inner_Layer_1:0 0.5333333333333333 0.5333333333333333 2.0 2.84 39 19 3.69 1
1
APP_4_Inner_Layer_1:1 0.6 0.6 2.25 1.31 12 1 1.8 0
2
APP_4_Inner_Layer_1:2 0.06666666666666667 0.06666666666666667 0.25 1.55 45 42 2.98 1
2 3
APP_4_Inner_Layer_2:0 0.4 0.4 1.5 2.9 35 39 2.91 1
5 6
APP_4_Inner_Layer_2:1 0.5333333333333333 0.5333333333333333 2.0 3.2 49 31 3.11 0
4
APP_4_Output_Layer_0 0.26666666666666666 0.26666666666666666 1.0 3.15 19 47 3.06 1
7 8
6
5.027981268312579
APP_5_Input_Layer_0 0.4 0.4 1.5 1.73 47 20 1.82 1

APP_5_Inner_Layer_0:0 0.4 0.4 1.5 1.48 18 10 1.55 0
0
APP_5_Inner_Layer_1:0 0.13333333333333333 0.13333333333333333 0.5 2.39 3 36 2.87 1
1
APP_5_Inner_Layer_2:0 0.5333333333333333 0.5333333333333333 2.0 2.21 34 31 2.35 1
2
APP_5_Inner_Layer_2:1 0.2 0.2 0.75 3.63 48 12 2.01 1
2
APP_5_Output_Layer_0 0.6 0.6 2.25 1.12 33 1 1.66 1
3 4
