10
15
11
0
APP_0_Input_Layer_0 0.3333333333333333 0.3333333333333333 1.25 2.93 23 23 3.86 1

APP_0_Inner_Layer_0:0 0.26666666666666666 0.26666666666666666 1.0 3.2 35 14 2.47 1
0
APP_0_Inner_Layer_0:1 0.6 0.6 2.25 2.44 13 14 3.21 1
0
APP_0_Inner_Layer_1:0 0.4 0.4 1.5 3.06 32 10 1.49 1
2
APP_0_Inner_Layer_1:1 0.06666666666666667 0.06666666666666667 0.25 2.56 2 22 3.99 1
1 2
APP_0_Inner_Layer_1:2 0.4666666666666667 0.4666666666666667 1.75 3.86 19 49 3.24 1
2
APP_0_Inner_Layer_1:3 0.4 0.4 1.5 1.59 36 21 1.33 1
1 2
APP_0_Inner_Layer_2:0 0.13333333333333333 0.13333333333333333 0.5 3.89 29 40 1.7 1
3
APP_0_Inner_Layer_2:1 0.13333333333333333 0.13333333333333333 0.5 1.9 49 48 1.49 1
5
APP_0_Inner_Layer_2:2 0.4 0.4 1.5 1.45 47 15 2.54 1
3 4 6
APP_0_Output_Layer_0 0.5333333333333333 0.5333333333333333 2.0 3.28 4 8 3.63 1
7 8 9
10
0.34322989643151197
APP_1_Input_Layer_0 0.13333333333333333 0.13333333333333333 0.5 1.01 42 31 3.25 1

APP_1_Inner_Layer_0:0 0.06666666666666667 0.06666666666666667 0.25 2.55 22 48 3.82 1
0
APP_1_Inner_Layer_1:0 0.26666666666666666 0.26666666666666666 1.0 2.99 31 17 3.05 1
1
APP_1_Inner_Layer_1:1 0.26666666666666666 0.26666666666666666 1.0 2.28 27 11 3.69 1
1
APP_1_Inner_Layer_1:2 0.5333333333333333 0.5333333333333333 2.0 3.69 27 4 1.11 1
1
APP_1_Inner_Layer_2:0 0.4 0.4 1.5 1.03 3 21 2.03 1
3
APP_1_Inner_Layer_2:1 0.26666666666666666 0.26666666666666666 1.0 2.25 44 22 3.21 1
2 3
APP_1_Inner_Layer_2:2 0.4 0.4 1.5 2.48 17 40 1.59 1
4
APP_1_Inner_Layer_2:3 0.26666666666666666 0.26666666666666666 1.0 1.68 2 39 2.29 1
2 3
APP_1_Output_Layer_0 0.3333333333333333 0.3333333333333333 1.25 1.41 35 18 2.94 1
5 6 7 8
9
0.7359186628480101
APP_2_Input_Layer_0 0.06666666666666667 0.06666666666666667 0.25 1.85 27 24 2.51 0

APP_2_Inner_Layer_0:0 0.4 0.4 1.5 2.37 33 41 3.08 1
0
APP_2_Inner_Layer_0:1 0.5333333333333333 0.5333333333333333 2.0 2.74 32 30 1.6 1
0
APP_2_Inner_Layer_0:2 0.6 0.6 2.25 2.54 29 3 1.23 1
0
APP_2_Inner_Layer_0:3 0.2 0.2 0.75 2.19 37 23 3.4 1
0
APP_2_Inner_Layer_1:0 0.2 0.2 0.75 1.41 25 15 2.87 1
1 2 3 4
APP_2_Inner_Layer_2:0 0.3333333333333333 0.3333333333333333 1.25 1.38 15 25 3.4 1
5
APP_2_Inner_Layer_3:0 0.5333333333333333 0.5333333333333333 2.0 1.4 39 34 3.14 1
6
APP_2_Output_Layer_0 0.13333333333333333 0.13333333333333333 0.5 3.83 31 7 1.36 1
7
4
1.0971255237955029
APP_3_Input_Layer_0 0.4 0.4 1.5 1.0 12 35 1.84 1

APP_3_Inner_Layer_0:0 0.4 0.4 1.5 1.2 19 47 3.08 1
0
APP_3_Inner_Layer_0:1 0.2 0.2 0.75 2.14 22 36 1.24 1
0
APP_3_Output_Layer_0 0.4 0.4 1.5 2.8 43 9 1.81 1
1 2
5
1.6112192662058544
APP_4_Input_Layer_0 0.2 0.2 0.75 1.04 7 39 2.18 1

APP_4_Inner_Layer_0:0 0.4666666666666667 0.4666666666666667 1.75 1.57 39 21 1.39 1
0
APP_4_Inner_Layer_0:1 0.2 0.2 0.75 2.67 6 46 1.53 1
0
APP_4_Inner_Layer_0:2 0.3333333333333333 0.3333333333333333 1.25 1.7 33 25 3.14 1
0
APP_4_Output_Layer_0 0.3333333333333333 0.3333333333333333 1.25 3.73 25 20 1.82 1
1 2 3
6
2.0661095483996395
APP_5_Input_Layer_0 0.26666666666666666 0.26666666666666666 1.0 3.6 37 17 2.96 1

APP_5_Inner_Layer_0:0 0.3333333333333333 0.3333333333333333 1.25 2.26 6 39 1.81 1
0
APP_5_Inner_Layer_0:1 0.2 0.2 0.75 3.96 35 47 1.83 1
0
APP_5_Inner_Layer_0:2 0.13333333333333333 0.13333333333333333 0.5 2.17 24 43 2.47 1
0
APP_5_Inner_Layer_0:3 0.4 0.4 1.5 1.59 20 13 2.43 1
0
APP_5_Output_Layer_0 0.2 0.2 0.75 2.26 21 6 3.88 1
1 2 3 4
5
2.3241184343627004
APP_6_Input_Layer_0 0.5333333333333333 0.5333333333333333 2.0 1.12 49 34 2.78 1

APP_6_Inner_Layer_0:0 0.2 0.2 0.75 1.07 14 1 3.08 1
0
APP_6_Inner_Layer_1:0 0.26666666666666666 0.26666666666666666 1.0 1.27 36 6 3.85 1
1
APP_6_Inner_Layer_2:0 0.6 0.6 2.25 1.03 19 39 3.47 1
2
APP_6_Output_Layer_0 0.13333333333333333 0.13333333333333333 0.5 3.44 31 36 3.67 1
3
9
2.69508424828882
APP_7_Input_Layer_0 0.3333333333333333 0.3333333333333333 1.25 3.33 46 2 2.39 1

APP_7_Inner_Layer_0:0 0.4666666666666667 0.4666666666666667 1.75 2.17 17 3 1.49 1
0
APP_7_Inner_Layer_0:1 0.5333333333333333 0.5333333333333333 2.0 2.57 47 28 2.76 1
0
APP_7_Inner_Layer_1:0 0.13333333333333333 0.13333333333333333 0.5 3.83 19 45 1.26 1
2
APP_7_Inner_Layer_1:1 0.4666666666666667 0.4666666666666667 1.75 3.73 11 11 3.7 1
1
APP_7_Inner_Layer_1:2 0.5333333333333333 0.5333333333333333 2.0 3.3 24 28 1.01 1
2
APP_7_Inner_Layer_2:0 0.06666666666666667 0.06666666666666667 0.25 1.65 33 20 3.76 1
4
APP_7_Inner_Layer_2:1 0.4666666666666667 0.4666666666666667 1.75 3.34 46 47 2.5 1
3 5
APP_7_Output_Layer_0 0.3333333333333333 0.3333333333333333 1.25 3.36 14 11 3.95 1
6 7
8
3.0285944044421207
APP_8_Input_Layer_0 0.26666666666666666 0.26666666666666666 1.0 2.25 13 37 3.68 1

APP_8_Inner_Layer_0:0 0.26666666666666666 0.26666666666666666 1.0 1.77 30 39 1.35 1
0
APP_8_Inner_Layer_0:1 0.5333333333333333 0.5333333333333333 2.0 2.26 5 41 3.56 1
0
APP_8_Inner_Layer_1:0 0.06666666666666667 0.06666666666666667 0.25 1.08 15 27 3.49 1
1 2
APP_8_Inner_Layer_1:1 0.26666666666666666 0.26666666666666666 1.0 1.3 49 36 2.3 1
1
APP_8_Inner_Layer_1:2 0.5333333333333333 0.5333333333333333 2.0 2.84 2 3 2.21 1
2
APP_8_Inner_Layer_1:3 0.4 0.4 1.5 3.5 6 24 1.66 1
2
APP_8_Output_Layer_0 0.4 0.4 1.5 1.8 23 48 3.68 1
3 4 5 6
4
3.3833097718979475
APP_9_Input_Layer_0 0.13333333333333333 0.13333333333333333 0.5 3.09 20 28 3.35 1

APP_9_Inner_Layer_0:0 0.6 0.6 2.25 3.44 25 32 3.9 1
0
APP_9_Inner_Layer_0:1 0.26666666666666666 0.26666666666666666 1.0 1.61 14 22 3.12 1
0
APP_9_Output_Layer_0 0.6 0.6 2.25 1.69 23 1 1.11 0
1 2
3
4.025476253388545
APP_10_Input_Layer_0 0.2 0.2 0.75 1.89 48 48 3.09 1

APP_10_Inner_Layer_0:0 0.5333333333333333 0.5333333333333333 2.0 3.73 20 43 3.61 1
0
APP_10_Output_Layer_0 0.6 0.6 2.25 1.96 7 43 1.81 1
1
7
4.541733549828029
APP_11_Input_Layer_0 0.26666666666666666 0.26666666666666666 1.0 2.24 22 8 1.42 1

APP_11_Inner_Layer_0:0 0.13333333333333333 0.13333333333333333 0.5 3.54 43 23 2.83 1
0
APP_11_Inner_Layer_0:1 0.6 0.6 2.25 1.18 13 27 3.32 1
0
APP_11_Inner_Layer_0:2 0.2 0.2 0.75 1.99 28 46 1.49 1
0
APP_11_Inner_Layer_1:0 0.3333333333333333 0.3333333333333333 1.25 2.27 7 44 3.29 1
3
APP_11_Inner_Layer_1:1 0.06666666666666667 0.06666666666666667 0.25 1.53 3 9 3.07 1
1 2
APP_11_Output_Layer_0 0.4 0.4 1.5 3.25 42 47 3.12 0
4 5
16
4.855055538146924
APP_12_Input_Layer_0 0.13333333333333333 0.13333333333333333 0.5 1.81 23 25 3.26 1

APP_12_Inner_Layer_0:0 0.13333333333333333 0.13333333333333333 0.5 3.11 3 38 3.22 1
0
APP_12_Inner_Layer_0:1 0.06666666666666667 0.06666666666666667 0.25 2.04 19 7 3.09 1
0
APP_12_Inner_Layer_0:2 0.3333333333333333 0.3333333333333333 1.25 2.79 22 21 2.59 1
0
APP_12_Inner_Layer_0:3 0.26666666666666666 0.26666666666666666 1.0 3.48 45 11 3.98 1
0
APP_12_Inner_Layer_1:0 0.6 0.6 2.25 1.06 25 8 1.15 1
2 3
APP_12_Inner_Layer_1:1 0.3333333333333333 0.3333333333333333 1.25 1.75 24 10 2.12 1
4
APP_12_Inner_Layer_1:2 0.4 0.4 1.5 1.53 1 35 1.74 1
1 4
APP_12_Inner_Layer_2:0 0.4 0.4 1.5 3.46 42 16 2.51 1
6
APP_12_Inner_Layer_2:1 0.4666666666666667 0.4666666666666667 1.75 2.61 33 16 2.99 1
5 7
APP_12_Inner_Layer_2:2 0.2 0.2 0.75 1.65 32 31 3.06 1
5 6 7
APP_12_Inner_Layer_3:0 0.5333333333333333 0.5333333333333333 2.0 1.3 1 6 1.55 1
8 9
APP_12_Inner_Layer_3:1 0.06666666666666667 0.06666666666666667 0.25 2.58 35 24 3.99 1
10
APP_12_Inner_Layer_3:2 0.26666666666666666 0.26666666666666666 1.0 1.69 49 23 3.16 1
8 10
APP_12_Inner_Layer_3:3 0.4666666666666667 0.4666666666666667 1.75 2.19 17 20 3.03 1
8 9
APP_12_Output_Layer_0 0.3333333333333333 0.3333333333333333 1.25 3.63 5 43 1.17 1
11 12 13 14
3
5.487784206744336
APP_13_Input_Layer_0 0.4 0.4 1.5 3.97 41 31 2.84 1

APP_13_Inner_Layer_0:0 0.26666666666666666 0.26666666666666666 1.0 1.92 39 25 3.41 1
0
APP_13_Output_Layer_0 0.06666666666666667 0.06666666666666667 0.25 1.66 44 4 2.97 0
1
4
5.753447967364984
APP_14_Input_Layer_0 0.3333333333333333 0.3333333333333333 1.25 2.56 15 34 1.14 1

APP_14_Inner_Layer_0:0 0.6 0.6 2.25 3.8 16 36 1.35 1
0
APP_14_Inner_Layer_1:0 0.4 0.4 1.5 3.8 36 39 1.79 1
1
APP_14_Output_Layer_0 0.4 0.4 1.5 3.94 48 16 3.16 1
2
