10
15
7
0
APP_0_Input_Layer_0 0.6 0.6 2.25 2.46 25 39 1.43 1

APP_0_Inner_Layer_0:0 0.2 0.2 0.75 1.74 23 48 1.14 1
0
APP_0_Inner_Layer_0:1 0.3333333333333333 0.3333333333333333 1.25 1.06 5 16 1.01 1
0
APP_0_Inner_Layer_1:0 0.5333333333333333 0.5333333333333333 2.0 1.13 37 24 1.87 1
2
APP_0_Inner_Layer_1:1 0.3333333333333333 0.3333333333333333 1.25 2.58 20 35 1.75 1
1
APP_0_Inner_Layer_1:2 0.3333333333333333 0.3333333333333333 1.25 3.53 30 41 2.36 1
2
APP_0_Output_Layer_0 0.13333333333333333 0.13333333333333333 0.5 1.77 15 42 2.11 1
3 4 5
12
0.45741502489013564
APP_1_Input_Layer_0 0.13333333333333333 0.13333333333333333 0.5 2.64 28 46 3.25 0

APP_1_Inner_Layer_0:0 0.4 0.4 1.5 3.56 21 41 3.19 1
0
APP_1_Inner_Layer_0:1 0.4666666666666667 0.4666666666666667 1.75 2.26 31 29 1.91 1
0
APP_1_Inner_Layer_0:2 0.13333333333333333 0.13333333333333333 0.5 1.57 19 49 2.84 1
0
APP_1_Inner_Layer_0:3 0.13333333333333333 0.13333333333333333 0.5 2.84 19 31 3.5 1
0
APP_1_Inner_Layer_1:0 0.5333333333333333 0.5333333333333333 2.0 1.31 34 48 2.05 1
1 2 3 4
APP_1_Inner_Layer_2:0 0.06666666666666667 0.06666666666666667 0.25 3.26 25 36 2.07 1
5
APP_1_Inner_Layer_2:1 0.13333333333333333 0.13333333333333333 0.5 2.19 34 26 2.34 1
5
APP_1_Inner_Layer_2:2 0.26666666666666666 0.26666666666666666 1.0 1.83 45 13 2.58 1
5
APP_1_Inner_Layer_3:0 0.06666666666666667 0.06666666666666667 0.25 2.06 34 22 3.2 1
6
APP_1_Inner_Layer_3:1 0.06666666666666667 0.06666666666666667 0.25 1.07 20 20 2.53 1
6 7 8
APP_1_Output_Layer_0 0.4 0.4 1.5 3.46 29 46 3.91 1
9 10
6
0.9887036930088214
APP_2_Input_Layer_0 0.4 0.4 1.5 3.36 46 20 2.16 1

APP_2_Inner_Layer_0:0 0.4 0.4 1.5 1.5 41 38 1.44 1
0
APP_2_Inner_Layer_0:1 0.13333333333333333 0.13333333333333333 0.5 3.14 26 41 2.09 1
0
APP_2_Inner_Layer_1:0 0.13333333333333333 0.13333333333333333 0.5 3.89 28 46 3.92 1
1 2
APP_2_Inner_Layer_1:1 0.06666666666666667 0.06666666666666667 0.25 1.08 21 11 1.12 1
1
APP_2_Output_Layer_0 0.26666666666666666 0.26666666666666666 1.0 2.51 41 7 1.66 1
3 4
9
1.279346944491713
APP_3_Input_Layer_0 0.26666666666666666 0.26666666666666666 1.0 2.11 46 47 1.59 1

APP_3_Inner_Layer_0:0 0.6 0.6 2.25 1.14 3 31 1.53 1
0
APP_3_Inner_Layer_0:1 0.13333333333333333 0.13333333333333333 0.5 3.67 45 17 1.91 1
0
APP_3_Inner_Layer_0:2 0.06666666666666667 0.06666666666666667 0.25 2.53 26 3 3.45 1
0
APP_3_Inner_Layer_1:0 0.6 0.6 2.25 3.99 26 15 3.08 1
1 3
APP_3_Inner_Layer_1:1 0.4 0.4 1.5 2.56 24 46 3.67 1
1
APP_3_Inner_Layer_1:2 0.26666666666666666 0.26666666666666666 1.0 3.99 22 29 2.58 1
2 3
APP_3_Inner_Layer_1:3 0.6 0.6 2.25 2.46 41 40 2.86 1
1 2 3
APP_3_Output_Layer_0 0.26666666666666666 0.26666666666666666 1.0 1.58 40 26 2.15 1
4 5 6 7
11
1.6177958575105265
APP_4_Input_Layer_0 0.6 0.6 2.25 3.63 6 26 1.12 1

APP_4_Inner_Layer_0:0 0.26666666666666666 0.26666666666666666 1.0 1.66 7 38 2.21 1
0
APP_4_Inner_Layer_0:1 0.4 0.4 1.5 2.24 1 47 2.07 1
0
APP_4_Inner_Layer_0:2 0.5333333333333333 0.5333333333333333 2.0 1.5 26 32 3.63 1
0
APP_4_Inner_Layer_0:3 0.2 0.2 0.75 1.44 30 27 3.82 1
0
APP_4_Inner_Layer_1:0 0.4 0.4 1.5 1.14 9 13 3.17 1
1 2 3 4
APP_4_Inner_Layer_2:0 0.2 0.2 0.75 3.11 12 15 1.73 1
5
APP_4_Inner_Layer_2:1 0.06666666666666667 0.06666666666666667 0.25 1.79 5 20 3.16 1
5
APP_4_Inner_Layer_3:0 0.06666666666666667 0.06666666666666667 0.25 3.79 7 19 3.64 1
7
APP_4_Inner_Layer_3:1 0.3333333333333333 0.3333333333333333 1.25 2.69 45 47 3.41 1
6
APP_4_Output_Layer_0 0.5333333333333333 0.5333333333333333 2.0 1.33 21 4 2.85 1
8 9
9
1.9040204934517226
APP_5_Input_Layer_0 0.6 0.6 2.25 3.52 40 44 2.02 1

APP_5_Inner_Layer_0:0 0.5333333333333333 0.5333333333333333 2.0 3.64 4 16 2.19 1
0
APP_5_Inner_Layer_1:0 0.6 0.6 2.25 1.02 28 29 1.19 1
1
APP_5_Inner_Layer_1:1 0.4 0.4 1.5 1.43 16 8 1.52 1
1
APP_5_Inner_Layer_1:2 0.4666666666666667 0.4666666666666667 1.75 2.61 35 25 1.23 1
1
APP_5_Inner_Layer_1:3 0.4666666666666667 0.4666666666666667 1.75 1.94 41 9 2.67 1
1
APP_5_Inner_Layer_2:0 0.4 0.4 1.5 1.57 11 29 2.03 1
4 5
APP_5_Inner_Layer_2:1 0.5333333333333333 0.5333333333333333 2.0 3.35 33 2 1.46 1
2 3
APP_5_Output_Layer_0 0.5333333333333333 0.5333333333333333 2.0 3.84 10 24 1.2 1
6 7
10
2.369304324399248
APP_6_Input_Layer_0 0.3333333333333333 0.3333333333333333 1.25 2.27 24 37 1.18 1

APP_6_Inner_Layer_0:0 0.4666666666666667 0.4666666666666667 1.75 1.01 1 4 2.54 1
0
APP_6_Inner_Layer_0:1 0.4 0.4 1.5 1.33 34 35 1.26 1
0
APP_6_Inner_Layer_0:2 0.3333333333333333 0.3333333333333333 1.25 3.01 23 37 2.61 1
0
APP_6_Inner_Layer_1:0 0.5333333333333333 0.5333333333333333 2.0 1.46 25 42 1.93 1
1 2
APP_6_Inner_Layer_1:1 0.4666666666666667 0.4666666666666667 1.75 2.0 11 40 1.17 1
3
APP_6_Inner_Layer_2:0 0.5333333333333333 0.5333333333333333 2.0 1.47 23 14 2.22 1
4
APP_6_Inner_Layer_2:1 0.3333333333333333 0.3333333333333333 1.25 2.91 1 22 2.4 1
5
APP_6_Inner_Layer_2:2 0.13333333333333333 0.13333333333333333 0.5 1.98 21 31 2.88 1
4 5
APP_6_Output_Layer_0 0.4 0.4 1.5 2.67 25 37 1.16 1
6 7 8
6
2.7556933620276434
APP_7_Input_Layer_0 0.3333333333333333 0.3333333333333333 1.25 2.39 23 29 1.99 1

APP_7_Inner_Layer_0:0 0.13333333333333333 0.13333333333333333 0.5 1.9 34 26 1.98 1
0
APP_7_Inner_Layer_0:1 0.4666666666666667 0.4666666666666667 1.75 3.56 18 2 3.57 1
0
APP_7_Inner_Layer_1:0 0.4666666666666667 0.4666666666666667 1.75 1.26 29 29 1.47 1
1 2
APP_7_Inner_Layer_2:0 0.3333333333333333 0.3333333333333333 1.25 2.0 9 45 2.93 1
3
APP_7_Output_Layer_0 0.4666666666666667 0.4666666666666667 1.75 1.76 45 29 2.21 1
4
7
3.07280665891092
APP_8_Input_Layer_0 0.4 0.4 1.5 1.18 47 29 2.39 1

APP_8_Inner_Layer_0:0 0.2 0.2 0.75 3.29 18 11 2.79 1
0
APP_8_Inner_Layer_1:0 0.26666666666666666 0.26666666666666666 1.0 2.13 49 33 3.31 1
1
APP_8_Inner_Layer_1:1 0.6 0.6 2.25 2.08 5 4 3.83 1
1
APP_8_Inner_Layer_1:2 0.26666666666666666 0.26666666666666666 1.0 3.96 35 18 2.44 1
1
APP_8_Inner_Layer_1:3 0.4666666666666667 0.4666666666666667 1.75 1.01 48 37 2.65 1
1
APP_8_Output_Layer_0 0.26666666666666666 0.26666666666666666 1.0 2.98 33 27 3.79 1
2 3 4 5
13
3.6354366426152858
APP_9_Input_Layer_0 0.26666666666666666 0.26666666666666666 1.0 3.14 1 23 3.79 1

APP_9_Inner_Layer_0:0 0.6 0.6 2.25 2.68 42 30 2.28 1
0
APP_9_Inner_Layer_0:1 0.2 0.2 0.75 1.06 45 21 3.37 1
0
APP_9_Inner_Layer_1:0 0.06666666666666667 0.06666666666666667 0.25 3.24 42 9 2.18 1
1 2
APP_9_Inner_Layer_1:1 0.26666666666666666 0.26666666666666666 1.0 3.3 42 43 2.28 1
2
APP_9_Inner_Layer_1:2 0.3333333333333333 0.3333333333333333 1.25 3.58 7 16 3.33 1
1 2
APP_9_Inner_Layer_1:3 0.13333333333333333 0.13333333333333333 0.5 1.86 45 40 2.28 1
2
APP_9_Inner_Layer_2:0 0.6 0.6 2.25 3.91 6 3 3.76 1
3 4 5 6
APP_9_Inner_Layer_3:0 0.3333333333333333 0.3333333333333333 1.25 2.76 7 8 1.69 1
7
APP_9_Inner_Layer_3:1 0.4 0.4 1.5 2.66 48 24 2.85 1
7
APP_9_Inner_Layer_3:2 0.26666666666666666 0.26666666666666666 1.0 1.85 39 8 3.61 1
7
APP_9_Inner_Layer_3:3 0.3333333333333333 0.3333333333333333 1.25 3.84 13 46 3.39 1
7
APP_9_Output_Layer_0 0.4666666666666667 0.4666666666666667 1.75 2.22 24 16 3.48 1
8 9 10 11
5
4.180303583381523
APP_10_Input_Layer_0 0.2 0.2 0.75 3.17 16 1 2.45 1

APP_10_Inner_Layer_0:0 0.06666666666666667 0.06666666666666667 0.25 1.51 16 25 2.4 1
0
APP_10_Inner_Layer_0:1 0.26666666666666666 0.26666666666666666 1.0 1.56 23 6 3.04 1
0
APP_10_Inner_Layer_0:2 0.4 0.4 1.5 3.8 21 13 1.92 1
0
APP_10_Output_Layer_0 0.26666666666666666 0.26666666666666666 1.0 3.04 12 12 2.11 1
1 2 3
5
4.53031243627171
APP_11_Input_Layer_0 0.5333333333333333 0.5333333333333333 2.0 2.83 28 24 3.86 0

APP_11_Inner_Layer_0:0 0.06666666666666667 0.06666666666666667 0.25 1.73 35 44 3.7 1
0
APP_11_Inner_Layer_0:1 0.3333333333333333 0.3333333333333333 1.25 2.53 43 24 2.14 1
0
APP_11_Inner_Layer_0:2 0.26666666666666666 0.26666666666666666 1.0 3.87 40 19 3.01 1
0
APP_11_Output_Layer_0 0.06666666666666667 0.06666666666666667 0.25 1.57 20 29 3.78 1
1 2 3
15
5.060032753546236
APP_12_Input_Layer_0 0.5333333333333333 0.5333333333333333 2.0 3.07 20 16 3.59 1

APP_12_Inner_Layer_0:0 0.5333333333333333 0.5333333333333333 2.0 3.35 20 30 1.55 1
0
APP_12_Inner_Layer_0:1 0.2 0.2 0.75 3.27 45 7 3.2 1
0
APP_12_Inner_Layer_0:2 0.4 0.4 1.5 3.64 17 41 3.37 1
0
APP_12_Inner_Layer_1:0 0.4666666666666667 0.4666666666666667 1.75 1.86 46 19 1.63 1
1
APP_12_Inner_Layer_1:1 0.4666666666666667 0.4666666666666667 1.75 2.58 16 6 1.78 1
2 3
APP_12_Inner_Layer_2:0 0.4 0.4 1.5 3.05 26 23 1.77 1
5
APP_12_Inner_Layer_2:1 0.06666666666666667 0.06666666666666667 0.25 2.33 34 18 1.59 1
4 5
APP_12_Inner_Layer_2:2 0.5333333333333333 0.5333333333333333 2.0 1.56 14 9 3.17 1
5
APP_12_Inner_Layer_2:3 0.4 0.4 1.5 1.97 40 37 2.67 1
4
APP_12_Inner_Layer_3:0 0.26666666666666666 0.26666666666666666 1.0 1.52 18 25 3.6 1
8
APP_12_Inner_Layer_3:1 0.3333333333333333 0.3333333333333333 1.25 1.33 12 25 3.83 1
6
APP_12_Inner_Layer_3:2 0.5333333333333333 0.5333333333333333 2.0 2.51 21 27 3.74 1
6 7 9
APP_12_Inner_Layer_3:3 0.4 0.4 1.5 2.44 42 38 1.08 1
9
APP_12_Output_Layer_0 0.2 0.2 0.75 2.09 20 4 2.4 1
10 11 12 13
14
5.557154646368883
APP_13_Input_Layer_0 0.26666666666666666 0.26666666666666666 1.0 2.23 39 41 2.11 0

APP_13_Inner_Layer_0:0 0.13333333333333333 0.13333333333333333 0.5 3.82 33 16 3.94 1
0
APP_13_Inner_Layer_0:1 0.2 0.2 0.75 2.58 3 31 2.27 1
0
APP_13_Inner_Layer_0:2 0.13333333333333333 0.13333333333333333 0.5 3.1 15 25 2.08 1
0
APP_13_Inner_Layer_0:3 0.13333333333333333 0.13333333333333333 0.5 2.13 32 2 2.34 1
0
APP_13_Inner_Layer_1:0 0.3333333333333333 0.3333333333333333 1.25 1.09 35 20 1.98 1
3
APP_13_Inner_Layer_1:1 0.06666666666666667 0.06666666666666667 0.25 3.96 15 17 2.49 1
1 2 4
APP_13_Inner_Layer_1:2 0.4 0.4 1.5 2.17 16 5 1.96 1
2 3 4
APP_13_Inner_Layer_2:0 0.26666666666666666 0.26666666666666666 1.0 2.6 45 2 3.63 1
5 7
APP_13_Inner_Layer_2:1 0.3333333333333333 0.3333333333333333 1.25 1.34 22 1 2.34 1
7
APP_13_Inner_Layer_2:2 0.3333333333333333 0.3333333333333333 1.25 1.78 13 38 1.76 1
5
APP_13_Inner_Layer_2:3 0.5333333333333333 0.5333333333333333 2.0 1.84 10 33 3.21 1
5 6
APP_13_Inner_Layer_3:0 0.3333333333333333 0.3333333333333333 1.25 3.15 8 32 2.63 1
8 9 10 11
APP_13_Output_Layer_0 0.26666666666666666 0.26666666666666666 1.0 2.22 48 3 3.24 1
12
12
6.1014995228661695
APP_14_Input_Layer_0 0.4666666666666667 0.4666666666666667 1.75 2.98 24 11 2.22 1

APP_14_Inner_Layer_0:0 0.4666666666666667 0.4666666666666667 1.75 2.85 40 41 3.03 1
0
APP_14_Inner_Layer_0:1 0.2 0.2 0.75 1.26 22 3 1.11 1
0
APP_14_Inner_Layer_0:2 0.26666666666666666 0.26666666666666666 1.0 2.14 20 5 1.32 1
0
APP_14_Inner_Layer_0:3 0.06666666666666667 0.06666666666666667 0.25 3.9 26 16 3.31 1
0
APP_14_Inner_Layer_1:0 0.26666666666666666 0.26666666666666666 1.0 1.15 19 7 2.61 1
1 3
APP_14_Inner_Layer_1:1 0.6 0.6 2.25 2.42 31 15 1.66 1
2
APP_14_Inner_Layer_1:2 0.5333333333333333 0.5333333333333333 2.0 2.95 30 18 2.35 1
3
APP_14_Inner_Layer_1:3 0.5333333333333333 0.5333333333333333 2.0 3.67 42 31 1.78 1
2 3 4
APP_14_Inner_Layer_2:0 0.3333333333333333 0.3333333333333333 1.25 1.54 25 17 3.19 1
8
APP_14_Inner_Layer_2:1 0.5333333333333333 0.5333333333333333 2.0 1.17 7 1 3.77 1
5 6 7
APP_14_Output_Layer_0 0.2 0.2 0.75 1.38 38 22 1.73 0
9 10
