10
15
10
0
APP_0_Input_Layer_0 0.2 0.2 0.75 2.03 15 40 2.4 1

APP_0_Inner_Layer_0:0 0.6 0.6 2.25 1.9 22 34 1.5 1
0
APP_0_Inner_Layer_0:1 0.13333333333333333 0.13333333333333333 0.5 2.16 37 3 2.1 1
0
APP_0_Inner_Layer_1:0 0.4 0.4 1.5 1.06 1 41 2.05 1
2
APP_0_Inner_Layer_1:1 0.26666666666666666 0.26666666666666666 1.0 2.0 24 18 3.38 1
2
APP_0_Inner_Layer_1:2 0.2 0.2 0.75 1.83 22 46 1.92 1
1
APP_0_Inner_Layer_1:3 0.3333333333333333 0.3333333333333333 1.25 1.59 20 41 1.4 1
2
APP_0_Inner_Layer_2:0 0.5333333333333333 0.5333333333333333 2.0 1.87 39 3 1.03 1
3 4 5 6
APP_0_Inner_Layer_2:1 0.4 0.4 1.5 1.31 45 47 1.11 1
3
APP_0_Output_Layer_0 0.4666666666666667 0.4666666666666667 1.75 1.6 8 14 1.66 0
7 8
12
0.6031715210577966
APP_1_Input_Layer_0 0.06666666666666667 0.06666666666666667 0.25 1.03 20 12 2.13 1

APP_1_Inner_Layer_0:0 0.13333333333333333 0.13333333333333333 0.5 1.8 48 45 1.91 1
0
APP_1_Inner_Layer_0:1 0.4 0.4 1.5 2.02 39 28 3.16 1
0
APP_1_Inner_Layer_0:2 0.3333333333333333 0.3333333333333333 1.25 3.67 27 7 1.57 1
0
APP_1_Inner_Layer_1:0 0.26666666666666666 0.26666666666666666 1.0 2.06 6 49 1.53 1
1 2
APP_1_Inner_Layer_1:1 0.5333333333333333 0.5333333333333333 2.0 2.47 13 24 2.46 1
1 3
APP_1_Inner_Layer_1:2 0.5333333333333333 0.5333333333333333 2.0 3.68 4 42 3.06 1
3 2
APP_1_Inner_Layer_2:0 0.4 0.4 1.5 2.04 38 38 2.64 1
4 6
APP_1_Inner_Layer_2:1 0.2 0.2 0.75 3.25 40 5 3.8 1
4
APP_1_Inner_Layer_2:2 0.13333333333333333 0.13333333333333333 0.5 2.58 3 12 2.97 1
5 6
APP_1_Inner_Layer_3:0 0.4666666666666667 0.4666666666666667 1.75 3.22 38 14 1.01 1
7 8 9
APP_1_Output_Layer_0 0.4 0.4 1.5 3.49 44 49 3.27 1
10
4
1.0445828989499883
APP_2_Input_Layer_0 0.4666666666666667 0.4666666666666667 1.75 2.45 22 46 2.21 1

APP_2_Inner_Layer_0:0 0.4 0.4 1.5 2.59 17 17 3.3 1
0
APP_2_Inner_Layer_0:1 0.5333333333333333 0.5333333333333333 2.0 3.07 15 19 1.53 1
0
APP_2_Output_Layer_0 0.06666666666666667 0.06666666666666667 0.25 1.19 22 41 3.82 1
1 2
14
1.5226775813397875
APP_3_Input_Layer_0 0.6 0.6 2.25 3.02 23 4 2.04 0

APP_3_Inner_Layer_0:0 0.6 0.6 2.25 1.05 2 18 3.72 1
0
APP_3_Inner_Layer_0:1 0.26666666666666666 0.26666666666666666 1.0 2.74 7 41 1.32 1
0
APP_3_Inner_Layer_0:2 0.26666666666666666 0.26666666666666666 1.0 1.46 6 43 1.97 1
0
APP_3_Inner_Layer_0:3 0.5333333333333333 0.5333333333333333 2.0 1.97 49 19 1.01 1
0
APP_3_Inner_Layer_1:0 0.2 0.2 0.75 2.99 34 17 2.1 1
3 4
APP_3_Inner_Layer_1:1 0.26666666666666666 0.26666666666666666 1.0 2.58 12 26 3.84 1
1 4
APP_3_Inner_Layer_1:2 0.4666666666666667 0.4666666666666667 1.75 1.57 34 2 3.69 1
4
APP_3_Inner_Layer_1:3 0.2 0.2 0.75 1.2 17 40 1.85 1
2
APP_3_Inner_Layer_2:0 0.4 0.4 1.5 2.45 30 43 1.99 1
7 8
APP_3_Inner_Layer_2:1 0.26666666666666666 0.26666666666666666 1.0 3.44 25 27 3.23 1
6
APP_3_Inner_Layer_2:2 0.5333333333333333 0.5333333333333333 2.0 1.9 2 1 2.23 1
5
APP_3_Inner_Layer_2:3 0.4666666666666667 0.4666666666666667 1.75 1.43 42 18 3.7 1
5 7
APP_3_Output_Layer_0 0.2 0.2 0.75 1.48 32 7 2.16 1
9 10 11 12
3
1.7962391939763265
APP_4_Input_Layer_0 0.4666666666666667 0.4666666666666667 1.75 2.55 23 27 1.81 1

APP_4_Inner_Layer_0:0 0.6 0.6 2.25 2.52 12 27 2.83 1
0
APP_4_Output_Layer_0 0.4 0.4 1.5 1.6 9 14 3.37 0
1
10
2.3864550132261115
APP_5_Input_Layer_0 0.6 0.6 2.25 1.5 22 43 1.29 1

APP_5_Inner_Layer_0:0 0.6 0.6 2.25 3.05 32 6 3.62 1
0
APP_5_Inner_Layer_0:1 0.3333333333333333 0.3333333333333333 1.25 3.75 8 21 2.88 1
0
APP_5_Inner_Layer_0:2 0.06666666666666667 0.06666666666666667 0.25 3.66 4 46 1.12 1
0
APP_5_Inner_Layer_0:3 0.4 0.4 1.5 2.79 49 6 3.57 1
0
APP_5_Inner_Layer_1:0 0.4 0.4 1.5 2.13 24 15 3.89 1
2 3
APP_5_Inner_Layer_1:1 0.06666666666666667 0.06666666666666667 0.25 1.12 18 11 2.61 1
1 2 4
APP_5_Inner_Layer_1:2 0.4 0.4 1.5 3.04 29 41 2.55 1
1 3
APP_5_Inner_Layer_1:3 0.4 0.4 1.5 1.37 2 32 2.49 1
1 2 3
APP_5_Output_Layer_0 0.26666666666666666 0.26666666666666666 1.0 1.43 41 15 1.91 1
5 6 7 8
10
2.7145443745079865
APP_6_Input_Layer_0 0.6 0.6 2.25 3.65 11 10 2.15 1

APP_6_Inner_Layer_0:0 0.4 0.4 1.5 1.57 41 43 3.5 1
0
APP_6_Inner_Layer_1:0 0.4666666666666667 0.4666666666666667 1.75 1.74 46 40 3.21 1
1
APP_6_Inner_Layer_1:1 0.13333333333333333 0.13333333333333333 0.5 2.82 22 12 1.4 1
1
APP_6_Inner_Layer_1:2 0.4666666666666667 0.4666666666666667 1.75 3.34 11 37 2.36 1
1
APP_6_Inner_Layer_1:3 0.06666666666666667 0.06666666666666667 0.25 2.43 6 19 2.07 1
1
APP_6_Inner_Layer_2:0 0.3333333333333333 0.3333333333333333 1.25 1.51 4 44 4.0 1
2 3 5
APP_6_Inner_Layer_2:1 0.4 0.4 1.5 1.07 37 27 2.27 1
2 4
APP_6_Inner_Layer_2:2 0.13333333333333333 0.13333333333333333 0.5 2.03 18 10 3.89 1
3
APP_6_Output_Layer_0 0.06666666666666667 0.06666666666666667 0.25 1.64 4 3 3.1 1
6 7 8
8
3.283211957089781
APP_7_Input_Layer_0 0.13333333333333333 0.13333333333333333 0.5 3.89 27 31 2.42 1

APP_7_Inner_Layer_0:0 0.13333333333333333 0.13333333333333333 0.5 3.28 38 46 1.35 1
0
APP_7_Inner_Layer_0:1 0.4 0.4 1.5 3.81 46 39 2.06 1
0
APP_7_Inner_Layer_1:0 0.4666666666666667 0.4666666666666667 1.75 1.73 15 48 1.12 1
1
APP_7_Inner_Layer_1:1 0.4666666666666667 0.4666666666666667 1.75 1.51 1 21 1.14 1
2
APP_7_Inner_Layer_1:2 0.3333333333333333 0.3333333333333333 1.25 1.94 5 4 2.37 1
1 2
APP_7_Inner_Layer_1:3 0.4 0.4 1.5 3.46 17 1 3.89 1
2
APP_7_Output_Layer_0 0.4666666666666667 0.4666666666666667 1.75 2.11 48 16 1.08 1
3 4 5 6
6
3.6329147209112493
APP_8_Input_Layer_0 0.06666666666666667 0.06666666666666667 0.25 3.93 18 14 3.41 1

APP_8_Inner_Layer_0:0 0.6 0.6 2.25 3.42 49 25 2.54 1
0
APP_8_Inner_Layer_0:1 0.6 0.6 2.25 2.67 24 22 3.88 1
0
APP_8_Inner_Layer_0:2 0.4666666666666667 0.4666666666666667 1.75 1.09 14 30 1.46 1
0
APP_8_Inner_Layer_0:3 0.4 0.4 1.5 3.45 13 35 2.89 1
0
APP_8_Output_Layer_0 0.13333333333333333 0.13333333333333333 0.5 1.83 6 7 2.58 1
1 2 3 4
4
3.9599905546317524
APP_9_Input_Layer_0 0.3333333333333333 0.3333333333333333 1.25 1.39 39 38 3.85 1

APP_9_Inner_Layer_0:0 0.26666666666666666 0.26666666666666666 1.0 1.37 9 3 2.63 1
0
APP_9_Inner_Layer_0:1 0.06666666666666667 0.06666666666666667 0.25 2.33 42 20 1.97 1
0
APP_9_Output_Layer_0 0.2 0.2 0.75 2.9 3 10 2.46 1
1 2
8
4.278703166580502
APP_10_Input_Layer_0 0.06666666666666667 0.06666666666666667 0.25 1.95 1 8 3.06 1

APP_10_Inner_Layer_0:0 0.4 0.4 1.5 3.9 9 6 2.13 1
0
APP_10_Inner_Layer_1:0 0.26666666666666666 0.26666666666666666 1.0 3.07 28 43 2.12 1
1
APP_10_Inner_Layer_1:1 0.13333333333333333 0.13333333333333333 0.5 2.17 8 1 1.75 1
1
APP_10_Inner_Layer_1:2 0.06666666666666667 0.06666666666666667 0.25 1.7 16 35 2.4 1
1
APP_10_Inner_Layer_2:0 0.3333333333333333 0.3333333333333333 1.25 2.11 45 37 3.54 1
3 4
APP_10_Inner_Layer_2:1 0.5333333333333333 0.5333333333333333 2.0 1.74 29 41 1.23 1
2
APP_10_Output_Layer_0 0.4 0.4 1.5 1.87 16 5 3.15 1
5 6
9
4.885823874328028
APP_11_Input_Layer_0 0.2 0.2 0.75 3.37 38 14 3.4 1

APP_11_Inner_Layer_0:0 0.06666666666666667 0.06666666666666667 0.25 3.22 28 19 3.55 1
0
APP_11_Inner_Layer_0:1 0.4666666666666667 0.4666666666666667 1.75 2.91 41 10 2.43 1
0
APP_11_Inner_Layer_1:0 0.4 0.4 1.5 3.09 16 9 1.66 1
1
APP_11_Inner_Layer_1:1 0.06666666666666667 0.06666666666666667 0.25 2.75 32 45 3.73 1
1 2
APP_11_Inner_Layer_2:0 0.6 0.6 2.25 3.43 49 44 1.79 1
3 4
APP_11_Inner_Layer_3:0 0.26666666666666666 0.26666666666666666 1.0 3.18 21 34 2.85 1
5
APP_11_Inner_Layer_3:1 0.5333333333333333 0.5333333333333333 2.0 1.25 24 19 3.27 1
5
APP_11_Output_Layer_0 0.06666666666666667 0.06666666666666667 0.25 2.3 23 30 3.01 1
6 7
4
5.402928341768376
APP_12_Input_Layer_0 0.13333333333333333 0.13333333333333333 0.5 2.35 18 30 2.44 1

APP_12_Inner_Layer_0:0 0.4 0.4 1.5 2.37 26 23 1.06 1
0
APP_12_Inner_Layer_0:1 0.06666666666666667 0.06666666666666667 0.25 1.78 13 26 2.66 1
0
APP_12_Output_Layer_0 0.6 0.6 2.25 2.44 25 28 3.73 0
1 2
10
5.98789012649201
APP_13_Input_Layer_0 0.13333333333333333 0.13333333333333333 0.5 3.66 3 30 2.82 1

APP_13_Inner_Layer_0:0 0.13333333333333333 0.13333333333333333 0.5 1.1 29 49 1.24 1
0
APP_13_Inner_Layer_0:1 0.06666666666666667 0.06666666666666667 0.25 2.07 16 45 3.35 1
0
APP_13_Inner_Layer_0:2 0.4 0.4 1.5 2.22 22 35 3.74 1
0
APP_13_Inner_Layer_0:3 0.6 0.6 2.25 3.25 41 23 2.03 1
0
APP_13_Inner_Layer_1:0 0.3333333333333333 0.3333333333333333 1.25 1.59 45 6 3.7 1
2 4
APP_13_Inner_Layer_1:1 0.26666666666666666 0.26666666666666666 1.0 3.88 12 16 3.93 1
1 4
APP_13_Inner_Layer_1:2 0.13333333333333333 0.13333333333333333 0.5 2.1 38 8 3.65 1
1 3
APP_13_Inner_Layer_1:3 0.5333333333333333 0.5333333333333333 2.0 2.12 15 39 2.36 1
1 3 4
APP_13_Output_Layer_0 0.2 0.2 0.75 1.9 20 24 1.1 0
5 6 7 8
14
6.478809549495347
APP_14_Input_Layer_0 0.4666666666666667 0.4666666666666667 1.75 2.18 18 37 2.82 1

APP_14_Inner_Layer_0:0 0.13333333333333333 0.13333333333333333 0.5 1.35 47 44 1.7 1
0
APP_14_Inner_Layer_0:1 0.3333333333333333 0.3333333333333333 1.25 1.03 36 34 1.77 1
0
APP_14_Inner_Layer_1:0 0.2 0.2 0.75 3.61 43 46 1.56 1
2
APP_14_Inner_Layer_1:1 0.3333333333333333 0.3333333333333333 1.25 1.29 3 31 2.64 1
1
APP_14_Inner_Layer_1:2 0.13333333333333333 0.13333333333333333 0.5 2.12 29 14 3.83 1
2
APP_14_Inner_Layer_1:3 0.13333333333333333 0.13333333333333333 0.5 2.02 13 35 3.2 1
1
APP_14_Inner_Layer_2:0 0.6 0.6 2.25 1.33 12 48 2.17 1
6
APP_14_Inner_Layer_2:1 0.4 0.4 1.5 2.01 45 19 3.61 1
3 5
APP_14_Inner_Layer_2:2 0.26666666666666666 0.26666666666666666 1.0 2.78 27 10 1.53 1
4 5 6
APP_14_Inner_Layer_2:3 0.06666666666666667 0.06666666666666667 0.25 3.17 40 31 2.58 1
6
APP_14_Inner_Layer_3:0 0.2 0.2 0.75 1.45 16 48 3.19 1
8 9
APP_14_Inner_Layer_3:1 0.3333333333333333 0.3333333333333333 1.25 3.42 29 21 1.86 1
7 10
APP_14_Output_Layer_0 0.6 0.6 2.25 1.87 8 36 3.18 1
11 12
