10
15
3
0
APP_0_Input_Layer_0 0.6 0.6 2.25 1.59 10 46 1.96 1

APP_0_Inner_Layer_0:0 0.13333333333333333 0.13333333333333333 0.5 3.39 25 37 2.0 1
0
APP_0_Output_Layer_0 0.13333333333333333 0.13333333333333333 0.5 3.53 40 36 3.57 1
1
9
0.3028635539140729
APP_1_Input_Layer_0 0.4666666666666667 0.4666666666666667 1.75 2.01 19 24 3.57 1

APP_1_Inner_Layer_0:0 0.3333333333333333 0.3333333333333333 1.25 2.21 26 7 1.12 1
0
APP_1_Inner_Layer_0:1 0.06666666666666667 0.06666666666666667 0.25 2.8 44 49 2.76 1
0
APP_1_Inner_Layer_1:0 0.26666666666666666 0.26666666666666666 1.0 2.74 5 22 3.4 1
1
APP_1_Inner_Layer_1:1 0.3333333333333333 0.3333333333333333 1.25 2.18 48 9 3.62 1
1 2
APP_1_Inner_Layer_2:0 0.5333333333333333 0.5333333333333333 2.0 1.22 21 44 2.67 1
4
APP_1_Inner_Layer_2:1 0.5333333333333333 0.5333333333333333 2.0 2.77 46 37 2.34 1
4
APP_1_Inner_Layer_2:2 0.06666666666666667 0.06666666666666667 0.25 2.89 8 37 2.03 1
3 4
APP_1_Output_Layer_0 0.4 0.4 1.5 1.64 42 35 2.17 1
5 6 7
10
0.5499616008642314
APP_2_Input_Layer_0 0.6 0.6 2.25 1.25 49 19 2.75 1

APP_2_Inner_Layer_0:0 0.26666666666666666 0.26666666666666666 1.0 3.02 36 36 1.52 1
0
APP_2_Inner_Layer_0:1 0.5333333333333333 0.5333333333333333 2.0 3.84 19 4 1.02 1
0
APP_2_Inner_Layer_1:0 0.4666666666666667 0.4666666666666667 1.75 2.91 35 17 2.03 1
1 2
APP_2_Inner_Layer_2:0 0.06666666666666667 0.06666666666666667 0.25 1.75 22 26 3.79 1
3
APP_2_Inner_Layer_3:0 0.2 0.2 0.75 2.79 47 21 3.92 1
4
APP_2_Inner_Layer_3:1 0.4666666666666667 0.4666666666666667 1.75 1.47 30 15 2.79 1
4
APP_2_Inner_Layer_3:2 0.26666666666666666 0.26666666666666666 1.0 2.32 30 10 3.35 1
4
APP_2_Inner_Layer_3:3 0.5333333333333333 0.5333333333333333 2.0 3.06 15 33 2.63 1
4
APP_2_Output_Layer_0 0.26666666666666666 0.26666666666666666 1.0 2.59 30 24 3.95 1
5 6 7 8
13
0.8755546789371188
APP_3_Input_Layer_0 0.13333333333333333 0.13333333333333333 0.5 1.25 43 41 2.78 1

APP_3_Inner_Layer_0:0 0.4666666666666667 0.4666666666666667 1.75 2.51 3 30 3.88 1
0
APP_3_Inner_Layer_0:1 0.13333333333333333 0.13333333333333333 0.5 3.79 17 2 3.43 1
0
APP_3_Inner_Layer_0:2 0.6 0.6 2.25 3.51 13 19 2.41 1
0
APP_3_Inner_Layer_0:3 0.6 0.6 2.25 2.78 18 13 1.82 1
0
APP_3_Inner_Layer_1:0 0.4666666666666667 0.4666666666666667 1.75 2.42 37 19 1.83 1
1 4 2
APP_3_Inner_Layer_1:1 0.3333333333333333 0.3333333333333333 1.25 3.07 45 34 1.55 1
1 2 3 4
APP_3_Inner_Layer_2:0 0.26666666666666666 0.26666666666666666 1.0 3.95 22 28 3.93 1
5
APP_3_Inner_Layer_2:1 0.5333333333333333 0.5333333333333333 2.0 2.75 46 12 1.35 1
5
APP_3_Inner_Layer_2:2 0.5333333333333333 0.5333333333333333 2.0 2.88 2 43 3.59 1
6
APP_3_Inner_Layer_3:0 0.2 0.2 0.75 1.97 14 3 2.34 1
7 9
APP_3_Inner_Layer_3:1 0.4666666666666667 0.4666666666666667 1.75 1.45 8 9 2.06 1
8
APP_3_Output_Layer_0 0.3333333333333333 0.3333333333333333 1.25 1.95 19 32 3.89 1
10 11
4
1.416687663941346
APP_4_Input_Layer_0 0.06666666666666667 0.06666666666666667 0.25 2.01 5 33 1.39 1

APP_4_Inner_Layer_0:0 0.06666666666666667 0.06666666666666667 0.25 3.24 23 33 3.57 1
0
APP_4_Inner_Layer_1:0 0.5333333333333333 0.5333333333333333 2.0 2.61 15 37 3.43 1
1
APP_4_Output_Layer_0 0.5333333333333333 0.5333333333333333 2.0 1.52 46 18 1.05 1
2
7
1.8972775533393313
APP_5_Input_Layer_0 0.2 0.2 0.75 2.56 25 31 1.71 1

APP_5_Inner_Layer_0:0 0.3333333333333333 0.3333333333333333 1.25 2.34 25 13 1.58 1
0
APP_5_Inner_Layer_1:0 0.5333333333333333 0.5333333333333333 2.0 3.85 25 39 3.2 1
1
APP_5_Inner_Layer_1:1 0.4 0.4 1.5 2.79 47 1 3.9 1
1
APP_5_Inner_Layer_1:2 0.4 0.4 1.5 1.9 17 36 2.43 1
1
APP_5_Inner_Layer_1:3 0.3333333333333333 0.3333333333333333 1.25 2.66 38 33 1.71 1
1
APP_5_Output_Layer_0 0.5333333333333333 0.5333333333333333 2.0 3.71 39 17 1.11 1
2 3 4 5
13
2.400957783873734
APP_6_Input_Layer_0 0.4 0.4 1.5 1.82 28 3 1.68 1

APP_6_Inner_Layer_0:0 0.4666666666666667 0.4666666666666667 1.75 1.38 5 7 1.82 1
0
APP_6_Inner_Layer_0:1 0.06666666666666667 0.06666666666666667 0.25 2.4 35 10 2.82 1
0
APP_6_Inner_Layer_1:0 0.13333333333333333 0.13333333333333333 0.5 3.54 4 48 1.43 1
1
APP_6_Inner_Layer_1:1 0.3333333333333333 0.3333333333333333 1.25 2.42 43 37 3.82 1
2
APP_6_Inner_Layer_1:2 0.06666666666666667 0.06666666666666667 0.25 2.79 40 39 2.02 1
1
APP_6_Inner_Layer_1:3 0.4 0.4 1.5 1.47 39 36 3.15 1
1
APP_6_Inner_Layer_2:0 0.2 0.2 0.75 2.09 30 49 3.66 1
3 4 5 6
APP_6_Inner_Layer_3:0 0.5333333333333333 0.5333333333333333 2.0 3.89 44 1 1.35 1
7
APP_6_Inner_Layer_3:1 0.6 0.6 2.25 2.49 10 42 3.82 1
7
APP_6_Inner_Layer_3:2 0.26666666666666666 0.26666666666666666 1.0 2.72 31 19 3.15 1
7
APP_6_Inner_Layer_3:3 0.3333333333333333 0.3333333333333333 1.25 1.26 29 10 2.11 1
7
APP_6_Output_Layer_0 0.26666666666666666 0.26666666666666666 1.0 2.09 6 24 2.13 1
8 9 10 11
12
2.9979723245683525
APP_7_Input_Layer_0 0.06666666666666667 0.06666666666666667 0.25 2.86 2 1 1.03 1

APP_7_Inner_Layer_0:0 0.5333333333333333 0.5333333333333333 2.0 3.99 25 31 1.99 1
0
APP_7_Inner_Layer_0:1 0.3333333333333333 0.3333333333333333 1.25 3.01 28 31 3.32 1
0
APP_7_Inner_Layer_0:2 0.4 0.4 1.5 1.21 39 7 3.02 1
0
APP_7_Inner_Layer_0:3 0.26666666666666666 0.26666666666666666 1.0 3.87 14 35 2.38 1
0
APP_7_Inner_Layer_1:0 0.6 0.6 2.25 1.96 1 11 2.01 1
2
APP_7_Inner_Layer_1:1 0.2 0.2 0.75 2.45 18 22 3.81 1
1
APP_7_Inner_Layer_1:2 0.2 0.2 0.75 1.23 27 30 2.63 1
1 2 3 4
APP_7_Inner_Layer_2:0 0.13333333333333333 0.13333333333333333 0.5 2.74 8 43 2.78 1
5 6 7
APP_7_Inner_Layer_3:0 0.3333333333333333 0.3333333333333333 1.25 1.9 6 2 3.36 1
8
APP_7_Inner_Layer_3:1 0.6 0.6 2.25 2.71 28 19 3.65 1
8
APP_7_Output_Layer_0 0.06666666666666667 0.06666666666666667 0.25 1.71 28 40 1.35 1
9 10
11
3.3990916753563516
APP_8_Input_Layer_0 0.5333333333333333 0.5333333333333333 2.0 3.97 44 18 2.41 1

APP_8_Inner_Layer_0:0 0.5333333333333333 0.5333333333333333 2.0 2.44 43 47 1.23 1
0
APP_8_Inner_Layer_1:0 0.2 0.2 0.75 3.14 39 38 2.85 1
1
APP_8_Inner_Layer_1:1 0.5333333333333333 0.5333333333333333 2.0 2.77 25 45 1.89 1
1
APP_8_Inner_Layer_1:2 0.6 0.6 2.25 1.6 34 49 1.56 1
1
APP_8_Inner_Layer_2:0 0.3333333333333333 0.3333333333333333 1.25 1.0 4 28 3.16 1
2 3 4
APP_8_Inner_Layer_3:0 0.5333333333333333 0.5333333333333333 2.0 3.68 47 4 2.17 1
5
APP_8_Inner_Layer_3:1 0.2 0.2 0.75 1.42 28 8 3.38 1
5
APP_8_Inner_Layer_3:2 0.5333333333333333 0.5333333333333333 2.0 2.05 45 17 3.03 1
5
APP_8_Inner_Layer_3:3 0.26666666666666666 0.26666666666666666 1.0 2.1 40 43 1.9 1
5
APP_8_Output_Layer_0 0.13333333333333333 0.13333333333333333 0.5 2.17 15 46 2.6 1
6 7 8 9
5
3.6682470595227157
APP_9_Input_Layer_0 0.4 0.4 1.5 1.47 36 38 2.14 1

APP_9_Inner_Layer_0:0 0.3333333333333333 0.3333333333333333 1.25 3.55 46 23 3.38 1
0
APP_9_Inner_Layer_1:0 0.4666666666666667 0.4666666666666667 1.75 2.82 29 43 3.38 1
1
APP_9_Inner_Layer_1:1 0.3333333333333333 0.3333333333333333 1.25 2.18 34 47 2.38 1
1
APP_9_Output_Layer_0 0.26666666666666666 0.26666666666666666 1.0 2.44 35 34 1.24 1
2 3
9
4.302017523502897
APP_10_Input_Layer_0 0.2 0.2 0.75 3.0 36 40 1.17 1

APP_10_Inner_Layer_0:0 0.4666666666666667 0.4666666666666667 1.75 1.42 46 6 1.47 1
0
APP_10_Inner_Layer_0:1 0.5333333333333333 0.5333333333333333 2.0 1.63 6 47 1.17 1
0
APP_10_Inner_Layer_0:2 0.6 0.6 2.25 3.4 22 38 2.75 1
0
APP_10_Inner_Layer_1:0 0.26666666666666666 0.26666666666666666 1.0 3.46 45 11 1.67 1
1
APP_10_Inner_Layer_1:1 0.06666666666666667 0.06666666666666667 0.25 2.6 2 5 3.4 1
1 2 3
APP_10_Inner_Layer_1:2 0.4 0.4 1.5 2.31 5 41 1.48 1
2
APP_10_Inner_Layer_1:3 0.5333333333333333 0.5333333333333333 2.0 1.78 11 14 2.54 1
3
APP_10_Output_Layer_0 0.5333333333333333 0.5333333333333333 2.0 2.02 5 12 1.46 1
4 5 6 7
7
4.747804416336479
APP_11_Input_Layer_0 0.2 0.2 0.75 1.19 28 41 1.14 1

APP_11_Inner_Layer_0:0 0.5333333333333333 0.5333333333333333 2.0 2.39 13 7 1.08 1
0
APP_11_Inner_Layer_1:0 0.4666666666666667 0.4666666666666667 1.75 2.52 15 23 3.07 1
1
APP_11_Inner_Layer_1:1 0.4666666666666667 0.4666666666666667 1.75 1.14 14 36 3.32 1
1
APP_11_Inner_Layer_2:0 0.2 0.2 0.75 3.1 4 16 1.76 1
3
APP_11_Inner_Layer_2:1 0.6 0.6 2.25 2.33 33 6 2.96 1
2
APP_11_Output_Layer_0 0.5333333333333333 0.5333333333333333 2.0 2.46 16 17 3.51 1
4 5
9
5.240600502394983
APP_12_Input_Layer_0 0.5333333333333333 0.5333333333333333 2.0 1.5 16 5 1.07 1

APP_12_Inner_Layer_0:0 0.26666666666666666 0.26666666666666666 1.0 2.39 31 34 1.93 1
0
APP_12_Inner_Layer_1:0 0.4 0.4 1.5 1.19 13 19 3.95 1
1
APP_12_Inner_Layer_1:1 0.4666666666666667 0.4666666666666667 1.75 1.59 35 4 2.58 1
1
APP_12_Inner_Layer_1:2 0.3333333333333333 0.3333333333333333 1.25 2.05 20 5 2.25 1
1
APP_12_Inner_Layer_2:0 0.3333333333333333 0.3333333333333333 1.25 1.79 22 14 2.64 1
2 3
APP_12_Inner_Layer_2:1 0.2 0.2 0.75 3.52 22 20 1.49 1
4
APP_12_Inner_Layer_3:0 0.3333333333333333 0.3333333333333333 1.25 2.23 47 20 1.85 1
5 6
APP_12_Output_Layer_0 0.2 0.2 0.75 3.9 5 17 2.89 0
7
7
5.560870639974292
APP_13_Input_Layer_0 0.2 0.2 0.75 2.45 1 7 1.2 1

APP_13_Inner_Layer_0:0 0.3333333333333333 0.3333333333333333 1.25 3.82 32 5 3.04 1
0
APP_13_Inner_Layer_0:1 0.2 0.2 0.75 2.38 27 43 2.21 1
0
APP_13_Inner_Layer_1:0 0.13333333333333333 0.13333333333333333 0.5 2.27 44 7 3.35 1
1
APP_13_Inner_Layer_1:1 0.4 0.4 1.5 2.35 21 22 2.31 1
1 2
APP_13_Inner_Layer_2:0 0.3333333333333333 0.3333333333333333 1.25 2.79 29 38 1.62 1
3 4
APP_13_Output_Layer_0 0.06666666666666667 0.06666666666666667 0.25 2.48 29 33 3.6 1
5
4
5.9088235816657555
APP_14_Input_Layer_0 0.3333333333333333 0.3333333333333333 1.25 2.51 48 43 3.87 1

APP_14_Inner_Layer_0:0 0.6 0.6 2.25 3.59 33 26 3.52 1
0
APP_14_Inner_Layer_1:0 0.13333333333333333 0.13333333333333333 0.5 3.97 18 49 1.8 1
1
APP_14_Output_Layer_0 0.13333333333333333 0.13333333333333333 0.5 3.2 28 29 2.67 1
2
