10
15
5
0
APP_0_Input_Layer_0 0.13333333333333333 0.13333333333333333 0.5 3.75 25 13 3.6 1

APP_0_Inner_Layer_0:0 0.5333333333333333 0.5333333333333333 2.0 3.06 48 44 1.21 1
0
APP_0_Inner_Layer_0:1 0.3333333333333333 0.3333333333333333 1.25 3.28 3 31 2.48 1
0
APP_0_Inner_Layer_0:2 0.2 0.2 0.75 1.8 6 41 1.42 1
0
APP_0_Output_Layer_0 0.5333333333333333 0.5333333333333333 2.0 2.32 15 27 3.46 1
1 2 3
9
0.2723279575091006
APP_1_Input_Layer_0 0.26666666666666666 0.26666666666666666 1.0 3.18 25 49 1.36 1

APP_1_Inner_Layer_0:0 0.13333333333333333 0.13333333333333333 0.5 2.83 42 48 3.84 1
0
APP_1_Inner_Layer_1:0 0.13333333333333333 0.13333333333333333 0.5 1.62 1 23 1.08 1
1
APP_1_Inner_Layer_1:1 0.2 0.2 0.75 3.91 5 41 3.88 1
1
APP_1_Inner_Layer_2:0 0.3333333333333333 0.3333333333333333 1.25 1.08 37 1 1.91 1
2
APP_1_Inner_Layer_2:1 0.3333333333333333 0.3333333333333333 1.25 1.78 15 39 3.91 1
3
APP_1_Inner_Layer_2:2 0.5333333333333333 0.5333333333333333 2.0 2.9 39 4 2.47 1
3
APP_1_Inner_Layer_2:3 0.26666666666666666 0.26666666666666666 1.0 1.74 46 7 1.14 1
2 3
APP_1_Output_Layer_0 0.6 0.6 2.25 1.09 10 12 1.74 1
4 5 6 7
6
0.7835826404588133
APP_2_Input_Layer_0 0.26666666666666666 0.26666666666666666 1.0 1.52 10 18 2.72 1

APP_2_Inner_Layer_0:0 0.4666666666666667 0.4666666666666667 1.75 3.24 32 49 2.66 1
0
APP_2_Inner_Layer_0:1 0.06666666666666667 0.06666666666666667 0.25 2.68 8 34 3.84 1
0
APP_2_Inner_Layer_0:2 0.6 0.6 2.25 1.07 7 8 3.06 1
0
APP_2_Inner_Layer_1:0 0.4 0.4 1.5 2.81 44 23 1.69 1
1 2 3
APP_2_Output_Layer_0 0.13333333333333333 0.13333333333333333 0.5 1.55 18 40 1.63 1
4
9
1.082241409618228
APP_3_Input_Layer_0 0.26666666666666666 0.26666666666666666 1.0 3.57 7 46 2.51 1

APP_3_Inner_Layer_0:0 0.26666666666666666 0.26666666666666666 1.0 2.0 22 16 2.04 1
0
APP_3_Inner_Layer_0:1 0.3333333333333333 0.3333333333333333 1.25 2.28 16 25 1.68 1
0
APP_3_Inner_Layer_0:2 0.4 0.4 1.5 3.62 24 21 1.44 1
0
APP_3_Inner_Layer_1:0 0.26666666666666666 0.26666666666666666 1.0 3.36 17 48 1.3 1
2
APP_3_Inner_Layer_1:1 0.5333333333333333 0.5333333333333333 2.0 1.6 25 42 1.89 1
1 2 3
APP_3_Inner_Layer_1:2 0.4 0.4 1.5 1.09 39 6 2.5 1
1
APP_3_Inner_Layer_2:0 0.5333333333333333 0.5333333333333333 2.0 2.41 23 48 2.34 1
4 5 6
APP_3_Output_Layer_0 0.4666666666666667 0.4666666666666667 1.75 1.31 2 5 2.16 1
7
9
1.4854928549403255
APP_4_Input_Layer_0 0.6 0.6 2.25 1.12 9 38 1.51 1

APP_4_Inner_Layer_0:0 0.4 0.4 1.5 2.63 42 42 3.34 1
0
APP_4_Inner_Layer_0:1 0.5333333333333333 0.5333333333333333 2.0 3.18 41 45 2.38 1
0
APP_4_Inner_Layer_0:2 0.06666666666666667 0.06666666666666667 0.25 3.13 33 4 1.24 1
0
APP_4_Inner_Layer_0:3 0.13333333333333333 0.13333333333333333 0.5 1.43 45 29 2.13 1
0
APP_4_Inner_Layer_1:0 0.3333333333333333 0.3333333333333333 1.25 3.75 16 2 1.45 1
2 3 4
APP_4_Inner_Layer_1:1 0.4666666666666667 0.4666666666666667 1.75 3.37 41 42 1.14 1
1 4
APP_4_Inner_Layer_1:2 0.4 0.4 1.5 2.69 43 16 2.2 1
2
APP_4_Output_Layer_0 0.4666666666666667 0.4666666666666667 1.75 3.74 33 49 1.47 1
5 6 7
5
2.0133210968811297
APP_5_Input_Layer_0 0.3333333333333333 0.3333333333333333 1.25 1.05 10 34 3.74 1

APP_5_Inner_Layer_0:0 0.4 0.4 1.5 2.59 38 26 2.87 1
0
APP_5_Inner_Layer_0:1 0.06666666666666667 0.06666666666666667 0.25 3.84 13 46 3.59 1
0
APP_5_Inner_Layer_1:0 0.3333333333333333 0.3333333333333333 1.25 1.57 19 11 3.99 1
1 2
APP_5_Output_Layer_0 0.2 0.2 0.75 3.83 30 49 2.79 1
3
9
2.430067391076643
APP_6_Input_Layer_0 0.26666666666666666 0.26666666666666666 1.0 1.21 15 15 2.36 0

APP_6_Inner_Layer_0:0 0.06666666666666667 0.06666666666666667 0.25 1.19 31 41 1.52 1
0
APP_6_Inner_Layer_1:0 0.13333333333333333 0.13333333333333333 0.5 3.24 16 6 1.7 1
1
APP_6_Inner_Layer_1:1 0.13333333333333333 0.13333333333333333 0.5 3.62 5 19 3.13 1
1
APP_6_Inner_Layer_2:0 0.06666666666666667 0.06666666666666667 0.25 3.56 6 25 2.46 1
2
APP_6_Inner_Layer_2:1 0.4 0.4 1.5 3.55 17 46 3.17 1
3
APP_6_Inner_Layer_2:2 0.5333333333333333 0.5333333333333333 2.0 2.38 39 32 2.35 1
2 3
APP_6_Inner_Layer_2:3 0.13333333333333333 0.13333333333333333 0.5 3.53 5 10 2.2 1
3
APP_6_Output_Layer_0 0.6 0.6 2.25 3.67 27 46 3.13 1
4 5 6 7
10
3.0386346382175002
APP_7_Input_Layer_0 0.4666666666666667 0.4666666666666667 1.75 3.91 27 5 2.42 1

APP_7_Inner_Layer_0:0 0.5333333333333333 0.5333333333333333 2.0 2.24 49 4 1.95 1
0
APP_7_Inner_Layer_0:1 0.4 0.4 1.5 3.99 22 28 3.79 1
0
APP_7_Inner_Layer_1:0 0.26666666666666666 0.26666666666666666 1.0 1.77 15 20 1.73 1
1 2
APP_7_Inner_Layer_2:0 0.2 0.2 0.75 3.94 45 41 1.5 1
3
APP_7_Inner_Layer_2:1 0.5333333333333333 0.5333333333333333 2.0 2.64 25 28 3.56 1
3
APP_7_Inner_Layer_2:2 0.4666666666666667 0.4666666666666667 1.75 1.11 13 36 2.3 1
3
APP_7_Inner_Layer_3:0 0.6 0.6 2.25 1.58 12 7 3.49 1
4
APP_7_Inner_Layer_3:1 0.6 0.6 2.25 1.26 14 25 3.04 1
4 5 6
APP_7_Output_Layer_0 0.13333333333333333 0.13333333333333333 0.5 2.95 38 47 3.43 1
7 8
9
3.41947679352723
APP_8_Input_Layer_0 0.06666666666666667 0.06666666666666667 0.25 1.54 10 14 2.2 1

APP_8_Inner_Layer_0:0 0.13333333333333333 0.13333333333333333 0.5 2.46 42 12 2.23 1
0
APP_8_Inner_Layer_0:1 0.06666666666666667 0.06666666666666667 0.25 1.69 23 37 2.99 1
0
APP_8_Inner_Layer_0:2 0.4666666666666667 0.4666666666666667 1.75 1.51 42 17 3.64 1
0
APP_8_Inner_Layer_0:3 0.2 0.2 0.75 2.49 8 33 3.54 1
0
APP_8_Inner_Layer_1:0 0.6 0.6 2.25 1.27 9 43 2.39 1
2 4
APP_8_Inner_Layer_1:1 0.13333333333333333 0.13333333333333333 0.5 3.25 23 14 3.04 1
3 4
APP_8_Inner_Layer_1:2 0.4 0.4 1.5 1.01 43 14 1.83 1
1 2
APP_8_Output_Layer_0 0.13333333333333333 0.13333333333333333 0.5 1.51 46 10 3.42 1
5 6 7
9
3.715633705205555
APP_9_Input_Layer_0 0.26666666666666666 0.26666666666666666 1.0 1.19 38 6 1.61 1

APP_9_Inner_Layer_0:0 0.3333333333333333 0.3333333333333333 1.25 3.49 4 7 2.85 1
0
APP_9_Inner_Layer_0:1 0.2 0.2 0.75 3.18 35 22 1.09 1
0
APP_9_Inner_Layer_1:0 0.13333333333333333 0.13333333333333333 0.5 2.38 18 23 3.84 1
1 2
APP_9_Inner_Layer_2:0 0.5333333333333333 0.5333333333333333 2.0 2.7 3 39 2.37 1
3
APP_9_Inner_Layer_2:1 0.06666666666666667 0.06666666666666667 0.25 3.62 8 16 1.13 1
3
APP_9_Inner_Layer_3:0 0.2 0.2 0.75 3.33 11 7 3.49 1
4
APP_9_Inner_Layer_3:1 0.3333333333333333 0.3333333333333333 1.25 1.63 48 21 2.56 1
5
APP_9_Output_Layer_0 0.13333333333333333 0.13333333333333333 0.5 2.51 30 11 3.49 0
6 7
6
4.002801579615963
APP_10_Input_Layer_0 0.13333333333333333 0.13333333333333333 0.5 1.08 13 45 2.66 1

APP_10_Inner_Layer_0:0 0.5333333333333333 0.5333333333333333 2.0 1.8 10 44 3.51 1
0
APP_10_Inner_Layer_0:1 0.4 0.4 1.5 3.17 18 39 3.81 1
0
APP_10_Inner_Layer_0:2 0.4666666666666667 0.4666666666666667 1.75 3.81 40 20 1.24 1
0
APP_10_Inner_Layer_1:0 0.4666666666666667 0.4666666666666667 1.75 3.78 39 37 1.04 1
1 2 3
APP_10_Output_Layer_0 0.13333333333333333 0.13333333333333333 0.5 1.97 48 45 1.28 1
4
12
4.334978251425697
APP_11_Input_Layer_0 0.4 0.4 1.5 3.03 23 40 1.43 1

APP_11_Inner_Layer_0:0 0.2 0.2 0.75 3.76 27 1 1.76 1
0
APP_11_Inner_Layer_0:1 0.4666666666666667 0.4666666666666667 1.75 1.66 3 45 1.28 1
0
APP_11_Inner_Layer_1:0 0.3333333333333333 0.3333333333333333 1.25 2.83 5 3 1.55 1
2
APP_11_Inner_Layer_1:1 0.6 0.6 2.25 2.59 1 10 2.16 1
1 2
APP_11_Inner_Layer_1:2 0.06666666666666667 0.06666666666666667 0.25 1.69 49 15 1.38 1
1
APP_11_Inner_Layer_2:0 0.26666666666666666 0.26666666666666666 1.0 1.55 8 35 3.0 1
3 4
APP_11_Inner_Layer_2:1 0.4666666666666667 0.4666666666666667 1.75 2.2 9 35 3.55 1
5
APP_11_Inner_Layer_3:0 0.4666666666666667 0.4666666666666667 1.75 1.87 12 48 1.66 1
6
APP_11_Inner_Layer_3:1 0.2 0.2 0.75 3.21 17 26 3.19 1
6 7
APP_11_Inner_Layer_3:2 0.2 0.2 0.75 3.27 32 43 1.54 1
6 7
APP_11_Output_Layer_0 0.2 0.2 0.75 2.26 39 10 3.87 1
8 9 10
12
4.718366658204534
APP_12_Input_Layer_0 0.4 0.4 1.5 1.05 11 20 3.42 1

APP_12_Inner_Layer_0:0 0.13333333333333333 0.13333333333333333 0.5 3.6 17 33 3.05 1
0
APP_12_Inner_Layer_0:1 0.6 0.6 2.25 3.49 4 45 1.73 1
0
APP_12_Inner_Layer_0:2 0.2 0.2 0.75 2.17 22 29 3.57 1
0
APP_12_Inner_Layer_1:0 0.6 0.6 2.25 3.61 14 45 1.02 1
1
APP_12_Inner_Layer_1:1 0.2 0.2 0.75 2.39 41 1 1.52 1
3
APP_12_Inner_Layer_1:2 0.4666666666666667 0.4666666666666667 1.75 1.84 33 25 1.02 1
2 3
APP_12_Inner_Layer_2:0 0.4666666666666667 0.4666666666666667 1.75 2.81 5 49 2.01 1
4 5 6
APP_12_Inner_Layer_2:1 0.4666666666666667 0.4666666666666667 1.75 3.32 21 30 3.51 1
4 5
APP_12_Inner_Layer_2:2 0.2 0.2 0.75 1.92 34 41 2.49 1
6
APP_12_Inner_Layer_3:0 0.3333333333333333 0.3333333333333333 1.25 2.11 33 11 2.95 1
7 8 9
APP_12_Output_Layer_0 0.06666666666666667 0.06666666666666667 0.25 1.47 44 41 2.91 1
10
6
5.220545907786977
APP_13_Input_Layer_0 0.3333333333333333 0.3333333333333333 1.25 2.92 28 24 3.68 1

APP_13_Inner_Layer_0:0 0.4666666666666667 0.4666666666666667 1.75 2.31 29 22 2.95 1
0
APP_13_Inner_Layer_0:1 0.26666666666666666 0.26666666666666666 1.0 1.45 44 17 1.31 1
0
APP_13_Inner_Layer_1:0 0.4666666666666667 0.4666666666666667 1.75 1.94 4 7 1.57 1
1
APP_13_Inner_Layer_1:1 0.4666666666666667 0.4666666666666667 1.75 3.95 8 39 3.02 1
1 2
APP_13_Output_Layer_0 0.2 0.2 0.75 1.13 34 42 2.36 1
3 4
10
5.664979912071451
APP_14_Input_Layer_0 0.26666666666666666 0.26666666666666666 1.0 3.53 41 15 1.88 1

APP_14_Inner_Layer_0:0 0.2 0.2 0.75 2.35 7 10 1.79 1
0
APP_14_Inner_Layer_0:1 0.5333333333333333 0.5333333333333333 2.0 2.05 6 44 1.21 1
0
APP_14_Inner_Layer_0:2 0.4 0.4 1.5 2.23 32 43 2.22 1
0
APP_14_Inner_Layer_0:3 0.06666666666666667 0.06666666666666667 0.25 2.92 21 46 1.02 1
0
APP_14_Inner_Layer_1:0 0.13333333333333333 0.13333333333333333 0.5 3.31 40 7 1.57 1
3
APP_14_Inner_Layer_1:1 0.26666666666666666 0.26666666666666666 1.0 1.51 22 12 3.18 1
2 3
APP_14_Inner_Layer_1:2 0.6 0.6 2.25 2.11 38 18 2.86 1
4
APP_14_Inner_Layer_1:3 0.5333333333333333 0.5333333333333333 2.0 2.92 29 37 3.21 1
1 3
APP_14_Output_Layer_0 0.13333333333333333 0.13333333333333333 0.5 3.45 23 41 3.79 1
5 6 7 8
