10
15
7
0
APP_0_Input_Layer_0 0.2 0.2 0.75 1.85 39 6 3.82 1

APP_0_Inner_Layer_0:0 0.5333333333333333 0.5333333333333333 2.0 2.66 41 31 2.29 1
0
APP_0_Inner_Layer_0:1 0.6 0.6 2.25 2.26 27 6 2.44 1
0
APP_0_Inner_Layer_1:0 0.26666666666666666 0.26666666666666666 1.0 1.45 6 9 3.81 1
1 2
APP_0_Inner_Layer_2:0 0.6 0.6 2.25 1.27 37 23 1.25 1
3
APP_0_Inner_Layer_3:0 0.4666666666666667 0.4666666666666667 1.75 3.05 34 36 2.92 1
4
APP_0_Output_Layer_0 0.3333333333333333 0.3333333333333333 1.25 1.6 28 15 3.33 1
5
11
0.5818055329459266
APP_1_Input_Layer_0 0.06666666666666667 0.06666666666666667 0.25 1.89 19 14 2.71 1

APP_1_Inner_Layer_0:0 0.13333333333333333 0.13333333333333333 0.5 1.41 38 11 2.16 1
0
APP_1_Inner_Layer_1:0 0.4 0.4 1.5 1.97 43 46 1.95 1
1
APP_1_Inner_Layer_1:1 0.13333333333333333 0.13333333333333333 0.5 1.16 6 8 3.16 1
1
APP_1_Inner_Layer_1:2 0.2 0.2 0.75 1.51 25 49 3.94 1
1
APP_1_Inner_Layer_1:3 0.26666666666666666 0.26666666666666666 1.0 2.14 17 3 3.13 1
1
APP_1_Inner_Layer_2:0 0.13333333333333333 0.13333333333333333 0.5 2.87 11 3 3.53 1
2
APP_1_Inner_Layer_2:1 0.26666666666666666 0.26666666666666666 1.0 2.72 27 12 2.95 1
2 3 4
APP_1_Inner_Layer_2:2 0.3333333333333333 0.3333333333333333 1.25 2.62 2 2 2.38 1
3 4 5
APP_1_Inner_Layer_2:3 0.3333333333333333 0.3333333333333333 1.25 3.96 48 34 3.53 1
2
APP_1_Output_Layer_0 0.4666666666666667 0.4666666666666667 1.75 2.0 13 1 1.23 1
6 7 8 9
7
1.2363094770625507
APP_2_Input_Layer_0 0.2 0.2 0.75 1.14 24 23 3.14 1

APP_2_Inner_Layer_0:0 0.3333333333333333 0.3333333333333333 1.25 2.44 46 9 3.82 1
0
APP_2_Inner_Layer_0:1 0.5333333333333333 0.5333333333333333 2.0 3.58 19 25 1.7 1
0
APP_2_Inner_Layer_1:0 0.4 0.4 1.5 2.57 49 48 2.97 1
1
APP_2_Inner_Layer_1:1 0.4666666666666667 0.4666666666666667 1.75 1.6 29 29 3.23 1
2
APP_2_Inner_Layer_2:0 0.5333333333333333 0.5333333333333333 2.0 2.03 22 2 1.38 1
3 4
APP_2_Output_Layer_0 0.4 0.4 1.5 1.11 46 49 1.23 1
5
5
1.4855462231077767
APP_3_Input_Layer_0 0.3333333333333333 0.3333333333333333 1.25 1.2 3 28 2.6 1

APP_3_Inner_Layer_0:0 0.4 0.4 1.5 3.84 49 2 2.57 1
0
APP_3_Inner_Layer_1:0 0.5333333333333333 0.5333333333333333 2.0 3.82 1 18 2.05 1
1
APP_3_Inner_Layer_1:1 0.4666666666666667 0.4666666666666667 1.75 1.56 22 12 3.87 1
1
APP_3_Output_Layer_0 0.2 0.2 0.75 3.75 24 27 3.5 1
2 3
9
2.086987107676075
APP_4_Input_Layer_0 0.4 0.4 1.5 3.34 18 37 2.27 1

APP_4_Inner_Layer_0:0 0.26666666666666666 0.26666666666666666 1.0 3.08 11 43 2.79 1
0
APP_4_Inner_Layer_0:1 0.3333333333333333 0.3333333333333333 1.25 2.7 5 16 1.61 1
0
APP_4_Inner_Layer_0:2 0.2 0.2 0.75 3.27 25 49 1.73 1
0
APP_4_Inner_Layer_1:0 0.26666666666666666 0.26666666666666666 1.0 1.89 42 23 1.87 1
1 2
APP_4_Inner_Layer_1:1 0.4 0.4 1.5 2.91 3 4 2.81 1
1
APP_4_Inner_Layer_1:2 0.4 0.4 1.5 3.3 22 3 3.24 1
1 3
APP_4_Inner_Layer_1:3 0.4666666666666667 0.4666666666666667 1.75 3.27 38 32 3.97 1
2
APP_4_Output_Layer_0 0.5333333333333333 0.5333333333333333 2.0 3.48 2 39 3.77 1
4 5 6 7
9
2.5728174998471216
APP_5_Input_Layer_0 0.4666666666666667 0.4666666666666667 1.75 2.38 24 48 2.27 1

APP_5_Inner_Layer_0:0 0.6 0.6 2.25 2.6 49 15 2.46 1
0
APP_5_Inner_Layer_0:1 0.06666666666666667 0.06666666666666667 0.25 1.08 33 46 1.78 1
0
APP_5_Inner_Layer_1:0 0.26666666666666666 0.26666666666666666 1.0 2.36 18 22 1.6 1
1 2
APP_5_Inner_Layer_2:0 0.6 0.6 2.25 3.31 37 14 2.11 1
3
APP_5_Inner_Layer_2:1 0.3333333333333333 0.3333333333333333 1.25 3.33 42 46 2.17 1
3
APP_5_Inner_Layer_2:2 0.5333333333333333 0.5333333333333333 2.0 3.75 33 21 3.72 1
3
APP_5_Inner_Layer_2:3 0.5333333333333333 0.5333333333333333 2.0 3.71 41 31 2.57 1
3
APP_5_Output_Layer_0 0.4666666666666667 0.4666666666666667 1.75 1.77 21 41 1.63 1
4 5 6 7
5
2.8991373580612354
APP_6_Input_Layer_0 0.4666666666666667 0.4666666666666667 1.75 2.14 48 29 2.38 1

APP_6_Inner_Layer_0:0 0.4666666666666667 0.4666666666666667 1.75 3.7 40 20 2.77 1
0
APP_6_Inner_Layer_0:1 0.06666666666666667 0.06666666666666667 0.25 2.16 19 12 1.13 1
0
APP_6_Inner_Layer_0:2 0.4 0.4 1.5 1.56 47 41 3.47 1
0
APP_6_Output_Layer_0 0.3333333333333333 0.3333333333333333 1.25 3.12 27 44 1.01 1
1 2 3
4
3.503268841975051
APP_7_Input_Layer_0 0.4666666666666667 0.4666666666666667 1.75 3.39 32 32 2.71 1

APP_7_Inner_Layer_0:0 0.4 0.4 1.5 3.07 15 1 3.49 1
0
APP_7_Inner_Layer_0:1 0.13333333333333333 0.13333333333333333 0.5 3.38 2 27 3.01 1
0
APP_7_Output_Layer_0 0.5333333333333333 0.5333333333333333 2.0 1.39 24 32 3.86 1
1 2
8
3.7703642531636885
APP_8_Input_Layer_0 0.26666666666666666 0.26666666666666666 1.0 1.03 24 19 1.84 1

APP_8_Inner_Layer_0:0 0.26666666666666666 0.26666666666666666 1.0 2.79 13 6 3.0 1
0
APP_8_Inner_Layer_0:1 0.26666666666666666 0.26666666666666666 1.0 1.78 15 46 2.15 1
0
APP_8_Inner_Layer_0:2 0.4 0.4 1.5 3.27 19 47 2.46 1
0
APP_8_Inner_Layer_1:0 0.3333333333333333 0.3333333333333333 1.25 3.61 41 1 3.24 1
3
APP_8_Inner_Layer_1:1 0.2 0.2 0.75 1.82 12 20 3.84 1
1 2
APP_8_Inner_Layer_1:2 0.13333333333333333 0.13333333333333333 0.5 3.0 16 47 3.59 1
1
APP_8_Output_Layer_0 0.06666666666666667 0.06666666666666667 0.25 1.68 44 30 1.17 1
4 5 6
7
4.2425109979383775
APP_9_Input_Layer_0 0.06666666666666667 0.06666666666666667 0.25 3.73 40 19 3.87 1

APP_9_Inner_Layer_0:0 0.13333333333333333 0.13333333333333333 0.5 2.13 30 46 3.84 1
0
APP_9_Inner_Layer_0:1 0.06666666666666667 0.06666666666666667 0.25 3.89 3 47 1.97 1
0
APP_9_Inner_Layer_0:2 0.4 0.4 1.5 3.44 13 49 3.0 1
0
APP_9_Inner_Layer_1:0 0.3333333333333333 0.3333333333333333 1.25 3.66 25 37 3.76 1
1 2 3
APP_9_Inner_Layer_1:1 0.4 0.4 1.5 2.66 18 45 2.69 1
2 3
APP_9_Output_Layer_0 0.2 0.2 0.75 2.43 24 28 3.76 1
4 5
7
4.725944253806554
APP_10_Input_Layer_0 0.4666666666666667 0.4666666666666667 1.75 2.9 26 46 3.28 1

APP_10_Inner_Layer_0:0 0.2 0.2 0.75 2.92 17 34 2.37 1
0
APP_10_Inner_Layer_0:1 0.3333333333333333 0.3333333333333333 1.25 2.45 6 49 1.01 1
0
APP_10_Inner_Layer_1:0 0.06666666666666667 0.06666666666666667 0.25 2.55 10 10 1.15 1
1 2
APP_10_Inner_Layer_1:1 0.5333333333333333 0.5333333333333333 2.0 3.78 39 30 3.77 1
1
APP_10_Inner_Layer_2:0 0.5333333333333333 0.5333333333333333 2.0 3.81 10 16 1.55 1
3 4
APP_10_Output_Layer_0 0.4 0.4 1.5 2.67 36 45 2.12 1
5
12
5.345359548703594
APP_11_Input_Layer_0 0.2 0.2 0.75 1.5 27 24 1.7 1

APP_11_Inner_Layer_0:0 0.3333333333333333 0.3333333333333333 1.25 1.6 42 44 1.66 1
0
APP_11_Inner_Layer_0:1 0.5333333333333333 0.5333333333333333 2.0 3.99 49 1 1.32 1
0
APP_11_Inner_Layer_1:0 0.26666666666666666 0.26666666666666666 1.0 1.17 14 35 1.03 1
1
APP_11_Inner_Layer_1:1 0.06666666666666667 0.06666666666666667 0.25 1.54 28 2 2.13 1
2
APP_11_Inner_Layer_1:2 0.4666666666666667 0.4666666666666667 1.75 2.35 28 35 2.19 1
1 2
APP_11_Inner_Layer_1:3 0.26666666666666666 0.26666666666666666 1.0 1.65 42 34 3.17 1
2
APP_11_Inner_Layer_2:0 0.4666666666666667 0.4666666666666667 1.75 3.57 6 49 3.03 1
3 6
APP_11_Inner_Layer_2:1 0.6 0.6 2.25 2.68 18 28 1.7 1
4
APP_11_Inner_Layer_2:2 0.26666666666666666 0.26666666666666666 1.0 2.0 13 40 2.19 1
4
APP_11_Inner_Layer_2:3 0.06666666666666667 0.06666666666666667 0.25 2.01 35 28 1.39 1
3 4 5
APP_11_Output_Layer_0 0.26666666666666666 0.26666666666666666 1.0 2.89 32 24 3.8 1
7 8 9 10
13
5.638351011130414
APP_12_Input_Layer_0 0.6 0.6 2.25 3.85 14 16 3.69 0

APP_12_Inner_Layer_0:0 0.3333333333333333 0.3333333333333333 1.25 2.77 10 28 3.33 1
0
APP_12_Inner_Layer_0:1 0.4666666666666667 0.4666666666666667 1.75 2.41 24 36 1.64 1
0
APP_12_Inner_Layer_0:2 0.13333333333333333 0.13333333333333333 0.5 2.67 9 34 3.26 1
0
APP_12_Inner_Layer_1:0 0.5333333333333333 0.5333333333333333 2.0 2.17 28 13 1.06 1
1 2 3
APP_12_Inner_Layer_2:0 0.4666666666666667 0.4666666666666667 1.75 3.7 43 32 1.44 1
4
APP_12_Inner_Layer_2:1 0.4666666666666667 0.4666666666666667 1.75 1.31 11 9 3.67 1
4
APP_12_Inner_Layer_2:2 0.06666666666666667 0.06666666666666667 0.25 2.31 8 10 2.22 1
4
APP_12_Inner_Layer_2:3 0.5333333333333333 0.5333333333333333 2.0 3.52 38 7 2.43 1
4
APP_12_Inner_Layer_3:0 0.5333333333333333 0.5333333333333333 2.0 1.21 27 21 2.26 1
5 8
APP_12_Inner_Layer_3:1 0.3333333333333333 0.3333333333333333 1.25 1.19 34 45 1.68 1
5 6 7 8
APP_12_Inner_Layer_3:2 0.2 0.2 0.75 1.63 15 38 3.37 1
6
APP_12_Output_Layer_0 0.26666666666666666 0.26666666666666666 1.0 1.12 12 32 1.14 1
9 10 11
8
5.975786628323051
APP_13_Input_Layer_0 0.5333333333333333 0.5333333333333333 2.0 3.74 7 44 2.24 1

APP_13_Inner_Layer_0:0 0.6 0.6 2.25 1.14 14 46 1.84 1
0
APP_13_Inner_Layer_0:1 0.5333333333333333 0.5333333333333333 2.0 3.98 40 46 3.68 1
0
APP_13_Inner_Layer_0:2 0.13333333333333333 0.13333333333333333 0.5 1.21 5 23 3.0 1
0
APP_13_Inner_Layer_1:0 0.4666666666666667 0.4666666666666667 1.75 3.99 26 24 2.05 1
1 3
APP_13_Inner_Layer_1:1 0.2 0.2 0.75 3.07 1 2 3.09 1
1 2
APP_13_Inner_Layer_1:2 0.06666666666666667 0.06666666666666667 0.25 1.55 20 22 2.66 1
2 3
APP_13_Output_Layer_0 0.6 0.6 2.25 3.94 36 29 3.84 1
4 5 6
9
6.605603540698582
APP_14_Input_Layer_0 0.13333333333333333 0.13333333333333333 0.5 1.55 44 1 3.48 1

APP_14_Inner_Layer_0:0 0.26666666666666666 0.26666666666666666 1.0 2.18 48 40 1.06 1
0
APP_14_Inner_Layer_0:1 0.4666666666666667 0.4666666666666667 1.75 2.34 27 43 3.67 1
0
APP_14_Inner_Layer_1:0 0.6 0.6 2.25 1.84 17 49 1.3 1
2
APP_14_Inner_Layer_1:1 0.3333333333333333 0.3333333333333333 1.25 1.25 27 11 1.67 1
2
APP_14_Inner_Layer_1:2 0.6 0.6 2.25 2.48 16 6 3.34 1
1
APP_14_Inner_Layer_1:3 0.2 0.2 0.75 3.13 19 1 1.83 1
1 2
APP_14_Inner_Layer_2:0 0.13333333333333333 0.13333333333333333 0.5 1.34 19 21 2.6 1
3 4 5 6
APP_14_Output_Layer_0 0.13333333333333333 0.13333333333333333 0.5 3.21 47 49 1.44 1
7
