10
15
3
0
APP_0_Input_Layer_0 0.3333333333333333 0.3333333333333333 1.25 3.56 31 38 2.07 1

APP_0_Inner_Layer_0:0 0.06666666666666667 0.06666666666666667 0.25 2.3 37 30 1.6 1
0
APP_0_Output_Layer_0 0.13333333333333333 0.13333333333333333 0.5 3.16 31 3 3.71 1
1
8
0.3074775180080827
APP_1_Input_Layer_0 0.26666666666666666 0.26666666666666666 1.0 1.72 11 14 2.78 1

APP_1_Inner_Layer_0:0 0.6 0.6 2.25 3.73 4 6 2.63 1
0
APP_1_Inner_Layer_0:1 0.5333333333333333 0.5333333333333333 2.0 3.46 36 40 1.32 1
0
APP_1_Inner_Layer_0:2 0.4666666666666667 0.4666666666666667 1.75 3.73 12 36 1.42 1
0
APP_1_Inner_Layer_0:3 0.4666666666666667 0.4666666666666667 1.75 2.24 42 33 1.58 1
0
APP_1_Inner_Layer_1:0 0.26666666666666666 0.26666666666666666 1.0 1.78 49 9 2.22 1
1 2
APP_1_Inner_Layer_1:1 0.6 0.6 2.25 1.46 12 32 2.39 1
3 4
APP_1_Output_Layer_0 0.5333333333333333 0.5333333333333333 2.0 1.3 20 11 2.26 1
5 6
8
0.812541263599007
APP_2_Input_Layer_0 0.2 0.2 0.75 1.55 38 40 1.63 1

APP_2_Inner_Layer_0:0 0.13333333333333333 0.13333333333333333 0.5 1.69 9 27 2.44 1
0
APP_2_Inner_Layer_0:1 0.6 0.6 2.25 2.33 49 37 2.27 1
0
APP_2_Inner_Layer_0:2 0.4666666666666667 0.4666666666666667 1.75 2.54 44 2 2.03 1
0
APP_2_Inner_Layer_0:3 0.26666666666666666 0.26666666666666666 1.0 1.61 38 20 3.3 1
0
APP_2_Inner_Layer_1:0 0.2 0.2 0.75 3.28 10 38 3.25 1
1 2
APP_2_Inner_Layer_1:1 0.6 0.6 2.25 2.91 19 9 3.1 1
3 4
APP_2_Output_Layer_0 0.26666666666666666 0.26666666666666666 1.0 3.61 13 11 1.65 1
5 6
15
1.1421412224288479
APP_3_Input_Layer_0 0.4 0.4 1.5 2.35 5 39 2.26 1

APP_3_Inner_Layer_0:0 0.2 0.2 0.75 1.51 29 37 1.72 1
0
APP_3_Inner_Layer_0:1 0.4 0.4 1.5 3.32 4 10 3.84 1
0
APP_3_Inner_Layer_0:2 0.06666666666666667 0.06666666666666667 0.25 2.39 12 6 2.57 1
0
APP_3_Inner_Layer_0:3 0.6 0.6 2.25 2.2 1 14 2.48 1
0
APP_3_Inner_Layer_1:0 0.5333333333333333 0.5333333333333333 2.0 1.53 12 5 1.0 1
3
APP_3_Inner_Layer_1:1 0.2 0.2 0.75 1.65 19 45 1.3 1
1 2 4
APP_3_Inner_Layer_2:0 0.13333333333333333 0.13333333333333333 0.5 3.26 6 28 3.15 1
5
APP_3_Inner_Layer_2:1 0.06666666666666667 0.06666666666666667 0.25 1.87 49 7 1.43 1
5
APP_3_Inner_Layer_2:2 0.26666666666666666 0.26666666666666666 1.0 2.64 36 40 2.18 1
6
APP_3_Inner_Layer_2:3 0.6 0.6 2.25 2.57 22 41 2.48 1
5
APP_3_Inner_Layer_3:0 0.2 0.2 0.75 2.72 35 45 1.43 1
7 10
APP_3_Inner_Layer_3:1 0.26666666666666666 0.26666666666666666 1.0 3.72 11 43 3.06 1
7 9
APP_3_Inner_Layer_3:2 0.3333333333333333 0.3333333333333333 1.25 1.81 1 10 2.9 1
8 9
APP_3_Output_Layer_0 0.26666666666666666 0.26666666666666666 1.0 1.92 23 27 2.9 1
11 12 13
8
1.5579142746459085
APP_4_Input_Layer_0 0.6 0.6 2.25 2.43 38 30 2.39 1

APP_4_Inner_Layer_0:0 0.06666666666666667 0.06666666666666667 0.25 2.25 46 47 2.81 1
0
APP_4_Inner_Layer_0:1 0.5333333333333333 0.5333333333333333 2.0 3.84 36 3 3.62 1
0
APP_4_Inner_Layer_0:2 0.3333333333333333 0.3333333333333333 1.25 2.67 7 27 2.07 1
0
APP_4_Inner_Layer_1:0 0.6 0.6 2.25 2.53 46 44 2.34 1
1 2 3
APP_4_Inner_Layer_1:1 0.6 0.6 2.25 2.87 17 25 3.95 1
3
APP_4_Inner_Layer_1:2 0.2 0.2 0.75 1.61 1 40 3.26 1
1
APP_4_Output_Layer_0 0.13333333333333333 0.13333333333333333 0.5 2.76 25 4 3.84 1
4 5 6
4
2.0291843078936274
APP_5_Input_Layer_0 0.2 0.2 0.75 2.22 22 47 2.5 1

APP_5_Inner_Layer_0:0 0.5333333333333333 0.5333333333333333 2.0 3.17 43 35 1.4 1
0
APP_5_Inner_Layer_0:1 0.4 0.4 1.5 1.17 42 10 1.68 1
0
APP_5_Output_Layer_0 0.6 0.6 2.25 1.99 47 11 1.97 1
1 2
6
2.430557754218532
APP_6_Input_Layer_0 0.13333333333333333 0.13333333333333333 0.5 3.37 9 36 3.47 1

APP_6_Inner_Layer_0:0 0.2 0.2 0.75 1.06 23 3 1.75 1
0
APP_6_Inner_Layer_0:1 0.2 0.2 0.75 2.45 17 34 2.87 1
0
APP_6_Inner_Layer_0:2 0.13333333333333333 0.13333333333333333 0.5 2.01 20 19 3.0 1
0
APP_6_Inner_Layer_0:3 0.2 0.2 0.75 1.63 3 30 3.23 1
0
APP_6_Output_Layer_0 0.4666666666666667 0.4666666666666667 1.75 2.43 6 17 3.01 1
1 2 3 4
8
2.9269532915788545
APP_7_Input_Layer_0 0.3333333333333333 0.3333333333333333 1.25 3.58 10 15 1.0 1

APP_7_Inner_Layer_0:0 0.26666666666666666 0.26666666666666666 1.0 2.85 12 8 2.98 1
0
APP_7_Inner_Layer_0:1 0.06666666666666667 0.06666666666666667 0.25 1.76 40 1 2.69 1
0
APP_7_Inner_Layer_0:2 0.6 0.6 2.25 1.29 25 23 3.6 1
0
APP_7_Inner_Layer_0:3 0.3333333333333333 0.3333333333333333 1.25 4.0 33 38 3.71 1
0
APP_7_Inner_Layer_1:0 0.2 0.2 0.75 3.25 33 45 1.18 1
1 4
APP_7_Inner_Layer_1:1 0.06666666666666667 0.06666666666666667 0.25 2.89 19 30 1.23 1
2 3
APP_7_Output_Layer_0 0.4 0.4 1.5 2.8 41 29 1.02 1
5 6
13
3.5533164469899963
APP_8_Input_Layer_0 0.3333333333333333 0.3333333333333333 1.25 2.41 32 24 3.74 1

APP_8_Inner_Layer_0:0 0.06666666666666667 0.06666666666666667 0.25 1.4 38 18 2.18 1
0
APP_8_Inner_Layer_1:0 0.2 0.2 0.75 3.49 11 25 2.53 1
1
APP_8_Inner_Layer_1:1 0.26666666666666666 0.26666666666666666 1.0 3.57 40 16 3.76 1
1
APP_8_Inner_Layer_2:0 0.3333333333333333 0.3333333333333333 1.25 2.32 40 10 1.33 1
2
APP_8_Inner_Layer_2:1 0.13333333333333333 0.13333333333333333 0.5 3.59 11 30 1.28 1
3
APP_8_Inner_Layer_2:2 0.4 0.4 1.5 1.86 44 31 2.23 1
2
APP_8_Inner_Layer_2:3 0.13333333333333333 0.13333333333333333 0.5 3.46 36 11 1.18 1
3
APP_8_Inner_Layer_3:0 0.3333333333333333 0.3333333333333333 1.25 1.32 45 42 2.35 1
5
APP_8_Inner_Layer_3:1 0.6 0.6 2.25 2.3 49 20 1.83 1
4 6
APP_8_Inner_Layer_3:2 0.6 0.6 2.25 1.21 27 22 3.51 1
4 7
APP_8_Inner_Layer_3:3 0.5333333333333333 0.5333333333333333 2.0 2.75 35 26 1.7 1
5
APP_8_Output_Layer_0 0.26666666666666666 0.26666666666666666 1.0 3.45 44 21 2.62 1
8 9 10 11
9
3.9345615591545875
APP_9_Input_Layer_0 0.6 0.6 2.25 3.27 23 20 2.86 0

APP_9_Inner_Layer_0:0 0.26666666666666666 0.26666666666666666 1.0 2.63 5 49 3.34 1
0
APP_9_Inner_Layer_0:1 0.5333333333333333 0.5333333333333333 2.0 1.21 24 41 3.58 1
0
APP_9_Inner_Layer_0:2 0.3333333333333333 0.3333333333333333 1.25 3.91 13 2 3.25 1
0
APP_9_Inner_Layer_1:0 0.6 0.6 2.25 2.06 20 39 3.14 1
2 3
APP_9_Inner_Layer_1:1 0.2 0.2 0.75 1.28 4 15 2.02 1
1
APP_9_Inner_Layer_2:0 0.26666666666666666 0.26666666666666666 1.0 2.87 14 8 2.14 1
4
APP_9_Inner_Layer_2:1 0.2 0.2 0.75 2.57 37 24 3.35 1
5
APP_9_Output_Layer_0 0.06666666666666667 0.06666666666666667 0.25 2.96 42 48 1.47 1
6 7
12
4.440163254796504
APP_10_Input_Layer_0 0.3333333333333333 0.3333333333333333 1.25 3.6 28 44 2.48 0

APP_10_Inner_Layer_0:0 0.13333333333333333 0.13333333333333333 0.5 3.17 44 5 2.77 1
0
APP_10_Inner_Layer_0:1 0.6 0.6 2.25 3.48 12 10 2.26 1
0
APP_10_Inner_Layer_1:0 0.06666666666666667 0.06666666666666667 0.25 2.86 17 36 2.23 1
2
APP_10_Inner_Layer_1:1 0.3333333333333333 0.3333333333333333 1.25 1.02 5 41 3.6 1
1
APP_10_Inner_Layer_1:2 0.5333333333333333 0.5333333333333333 2.0 2.38 26 7 3.07 1
2
APP_10_Inner_Layer_2:0 0.5333333333333333 0.5333333333333333 2.0 1.22 48 26 3.76 1
3 4 5
APP_10_Inner_Layer_3:0 0.3333333333333333 0.3333333333333333 1.25 2.71 9 3 1.69 1
6
APP_10_Inner_Layer_3:1 0.3333333333333333 0.3333333333333333 1.25 1.15 37 22 1.25 1
6
APP_10_Inner_Layer_3:2 0.26666666666666666 0.26666666666666666 1.0 2.7 48 2 2.99 1
6
APP_10_Inner_Layer_3:3 0.06666666666666667 0.06666666666666667 0.25 3.01 19 47 2.28 1
6
APP_10_Output_Layer_0 0.4666666666666667 0.4666666666666667 1.75 2.39 1 30 2.56 0
7 8 9 10
5
4.809670391852429
APP_11_Input_Layer_0 0.26666666666666666 0.26666666666666666 1.0 3.55 6 5 2.36 1

APP_11_Inner_Layer_0:0 0.06666666666666667 0.06666666666666667 0.25 2.32 40 8 3.53 1
0
APP_11_Inner_Layer_1:0 0.13333333333333333 0.13333333333333333 0.5 2.85 34 49 3.12 1
1
APP_11_Inner_Layer_1:1 0.4 0.4 1.5 2.38 40 5 3.82 1
1
APP_11_Output_Layer_0 0.2 0.2 0.75 2.85 35 33 2.16 1
2 3
14
5.346948042072439
APP_12_Input_Layer_0 0.13333333333333333 0.13333333333333333 0.5 1.44 34 35 2.14 1

APP_12_Inner_Layer_0:0 0.2 0.2 0.75 3.96 4 32 1.39 1
0
APP_12_Inner_Layer_0:1 0.13333333333333333 0.13333333333333333 0.5 2.53 29 35 1.9 1
0
APP_12_Inner_Layer_0:2 0.6 0.6 2.25 1.75 41 24 3.23 1
0
APP_12_Inner_Layer_1:0 0.06666666666666667 0.06666666666666667 0.25 1.71 29 8 1.3 1
1 2
APP_12_Inner_Layer_1:1 0.2 0.2 0.75 3.2 29 21 3.42 1
3
APP_12_Inner_Layer_2:0 0.5333333333333333 0.5333333333333333 2.0 3.5 18 38 2.23 1
4
APP_12_Inner_Layer_2:1 0.13333333333333333 0.13333333333333333 0.5 2.97 46 15 2.81 1
4
APP_12_Inner_Layer_2:2 0.4666666666666667 0.4666666666666667 1.75 2.15 43 8 1.8 1
5
APP_12_Inner_Layer_2:3 0.4 0.4 1.5 2.73 17 15 2.79 1
4 5
APP_12_Inner_Layer_3:0 0.3333333333333333 0.3333333333333333 1.25 1.05 24 35 3.99 1
7
APP_12_Inner_Layer_3:1 0.4666666666666667 0.4666666666666667 1.75 1.21 22 31 2.33 1
6 7
APP_12_Inner_Layer_3:2 0.6 0.6 2.25 3.55 34 43 3.6 1
6 8 9
APP_12_Output_Layer_0 0.06666666666666667 0.06666666666666667 0.25 3.88 5 35 3.32 1
10 11 12
13
5.714610160831437
APP_13_Input_Layer_0 0.4666666666666667 0.4666666666666667 1.75 1.74 1 36 3.39 0

APP_13_Inner_Layer_0:0 0.4 0.4 1.5 3.67 27 17 1.82 1
0
APP_13_Inner_Layer_0:1 0.4 0.4 1.5 1.7 18 49 3.26 1
0
APP_13_Inner_Layer_1:0 0.3333333333333333 0.3333333333333333 1.25 3.76 36 26 3.1 1
1 2
APP_13_Inner_Layer_1:1 0.3333333333333333 0.3333333333333333 1.25 1.99 39 8 1.33 1
2
APP_13_Inner_Layer_1:2 0.5333333333333333 0.5333333333333333 2.0 2.77 3 3 3.67 1
2
APP_13_Inner_Layer_1:3 0.4666666666666667 0.4666666666666667 1.75 1.48 16 18 3.84 1
1
APP_13_Inner_Layer_2:0 0.13333333333333333 0.13333333333333333 0.5 3.56 19 20 2.72 1
3 4 5 6
APP_13_Inner_Layer_2:1 0.4666666666666667 0.4666666666666667 1.75 3.13 26 36 3.11 1
5 3 6
APP_13_Inner_Layer_2:2 0.26666666666666666 0.26666666666666666 1.0 3.53 37 47 1.21 1
3 4
APP_13_Inner_Layer_3:0 0.2 0.2 0.75 3.82 19 49 3.11 1
9
APP_13_Inner_Layer_3:1 0.3333333333333333 0.3333333333333333 1.25 2.34 17 17 2.2 1
7 8
APP_13_Output_Layer_0 0.26666666666666666 0.26666666666666666 1.0 1.1 32 21 2.59 1
10 11
6
6.0687586615501425
APP_14_Input_Layer_0 0.3333333333333333 0.3333333333333333 1.25 1.78 20 33 1.87 1

APP_14_Inner_Layer_0:0 0.26666666666666666 0.26666666666666666 1.0 2.3 31 38 3.64 1
0
APP_14_Inner_Layer_0:1 0.2 0.2 0.75 3.43 49 26 3.17 1
0
APP_14_Inner_Layer_0:2 0.4 0.4 1.5 1.78 46 31 2.88 1
0
APP_14_Inner_Layer_0:3 0.13333333333333333 0.13333333333333333 0.5 2.52 9 13 2.89 1
0
APP_14_Output_Layer_0 0.26666666666666666 0.26666666666666666 1.0 2.34 42 14 1.68 0
1 2 3 4
