10
15
10
0
APP_0_Input_Layer_0 0.26666666666666666 0.26666666666666666 1.0 1.47 22 40 1.77 1

APP_0_Inner_Layer_0:0 0.6 0.6 2.25 1.46 29 17 2.53 1
0
APP_0_Inner_Layer_0:1 0.3333333333333333 0.3333333333333333 1.25 1.05 40 39 2.98 1
0
APP_0_Inner_Layer_0:2 0.26666666666666666 0.26666666666666666 1.0 3.45 24 32 3.39 1
0
APP_0_Inner_Layer_0:3 0.6 0.6 2.25 1.66 27 28 2.63 1
0
APP_0_Inner_Layer_1:0 0.2 0.2 0.75 1.08 27 34 2.61 1
2 4
APP_0_Inner_Layer_1:1 0.2 0.2 0.75 3.62 35 45 3.23 1
1 3
APP_0_Inner_Layer_2:0 0.13333333333333333 0.13333333333333333 0.5 3.83 35 43 1.35 1
5
APP_0_Inner_Layer_2:1 0.26666666666666666 0.26666666666666666 1.0 2.7 42 34 3.47 1
5 6
APP_0_Output_Layer_0 0.2 0.2 0.75 1.12 44 31 3.74 1
7 8
4
0.4812162339898102
APP_1_Input_Layer_0 0.13333333333333333 0.13333333333333333 0.5 3.82 28 48 3.5 1

APP_1_Inner_Layer_0:0 0.26666666666666666 0.26666666666666666 1.0 3.4 30 18 1.39 1
0
APP_1_Inner_Layer_1:0 0.06666666666666667 0.06666666666666667 0.25 3.65 5 15 3.07 1
1
APP_1_Output_Layer_0 0.13333333333333333 0.13333333333333333 0.5 3.49 20 30 3.41 1
2
11
0.9041924257190175
APP_2_Input_Layer_0 0.2 0.2 0.75 1.21 36 34 1.95 1

APP_2_Inner_Layer_0:0 0.2 0.2 0.75 1.07 29 16 2.58 1
0
APP_2_Inner_Layer_0:1 0.2 0.2 0.75 2.46 46 10 1.04 1
0
APP_2_Inner_Layer_0:2 0.6 0.6 2.25 1.66 43 7 1.84 1
0
APP_2_Inner_Layer_0:3 0.5333333333333333 0.5333333333333333 2.0 1.07 1 11 1.13 1
0
APP_2_Inner_Layer_1:0 0.26666666666666666 0.26666666666666666 1.0 2.18 7 23 1.78 1
1 2 3 4
APP_2_Inner_Layer_2:0 0.6 0.6 2.25 3.72 42 39 2.41 1
5
APP_2_Inner_Layer_2:1 0.13333333333333333 0.13333333333333333 0.5 2.87 31 48 3.16 1
5
APP_2_Inner_Layer_3:0 0.06666666666666667 0.06666666666666667 0.25 2.28 3 5 3.55 1
7
APP_2_Inner_Layer_3:1 0.4666666666666667 0.4666666666666667 1.75 1.53 16 29 3.03 1
6
APP_2_Output_Layer_0 0.26666666666666666 0.26666666666666666 1.0 2.85 37 22 3.62 1
8 9
4
1.2382820796890643
APP_3_Input_Layer_0 0.5333333333333333 0.5333333333333333 2.0 2.68 22 29 3.28 1

APP_3_Inner_Layer_0:0 0.26666666666666666 0.26666666666666666 1.0 2.14 9 49 3.13 1
0
APP_3_Inner_Layer_0:1 0.4 0.4 1.5 1.38 47 3 2.1 1
0
APP_3_Output_Layer_0 0.4 0.4 1.5 1.73 4 35 2.3 1
1 2
10
1.4851407943140362
APP_4_Input_Layer_0 0.3333333333333333 0.3333333333333333 1.25 1.68 24 49 1.95 1

APP_4_Inner_Layer_0:0 0.6 0.6 2.25 1.52 40 33 2.36 1
0
APP_4_Inner_Layer_1:0 0.4666666666666667 0.4666666666666667 1.75 1.12 38 13 1.43 1
1
APP_4_Inner_Layer_2:0 0.4666666666666667 0.4666666666666667 1.75 1.81 20 18 2.03 1
2
APP_4_Inner_Layer_2:1 0.4 0.4 1.5 3.5 34 31 2.89 1
2
APP_4_Inner_Layer_2:2 0.3333333333333333 0.3333333333333333 1.25 2.44 11 3 1.19 1
2
APP_4_Inner_Layer_2:3 0.13333333333333333 0.13333333333333333 0.5 1.36 18 21 3.75 1
2
APP_4_Inner_Layer_3:0 0.4666666666666667 0.4666666666666667 1.75 1.2 26 13 3.64 1
3 4 5
APP_4_Inner_Layer_3:1 0.26666666666666666 0.26666666666666666 1.0 1.79 3 48 3.83 1
6
APP_4_Output_Layer_0 0.4 0.4 1.5 1.91 10 19 2.05 1
7 8
4
1.9631478579362494
APP_5_Input_Layer_0 0.13333333333333333 0.13333333333333333 0.5 3.31 19 49 1.5 1

APP_5_Inner_Layer_0:0 0.13333333333333333 0.13333333333333333 0.5 1.24 44 46 1.86 1
0
APP_5_Inner_Layer_0:1 0.6 0.6 2.25 3.57 32 24 3.11 1
0
APP_5_Output_Layer_0 0.06666666666666667 0.06666666666666667 0.25 2.0 23 35 2.76 1
1 2
11
2.2375760500677977
APP_6_Input_Layer_0 0.26666666666666666 0.26666666666666666 1.0 2.87 14 37 1.7 0

APP_6_Inner_Layer_0:0 0.5333333333333333 0.5333333333333333 2.0 3.48 35 1 3.67 1
0
APP_6_Inner_Layer_0:1 0.4 0.4 1.5 2.47 26 15 3.11 1
0
APP_6_Inner_Layer_0:2 0.4 0.4 1.5 1.82 8 3 1.07 1
0
APP_6_Inner_Layer_1:0 0.4666666666666667 0.4666666666666667 1.75 3.15 32 3 1.33 1
1 2 3
APP_6_Inner_Layer_2:0 0.06666666666666667 0.06666666666666667 0.25 1.61 43 3 3.48 1
4
APP_6_Inner_Layer_2:1 0.3333333333333333 0.3333333333333333 1.25 2.23 12 48 1.94 1
4
APP_6_Inner_Layer_2:2 0.13333333333333333 0.13333333333333333 0.5 2.18 16 45 1.3 1
4
APP_6_Inner_Layer_3:0 0.3333333333333333 0.3333333333333333 1.25 3.82 16 49 3.04 1
5 6
APP_6_Inner_Layer_3:1 0.4 0.4 1.5 1.28 3 34 1.57 1
7
APP_6_Output_Layer_0 0.06666666666666667 0.06666666666666667 0.25 1.14 17 37 2.44 1
8 9
13
2.483488297906052
APP_7_Input_Layer_0 0.13333333333333333 0.13333333333333333 0.5 3.65 24 22 2.49 1

APP_7_Inner_Layer_0:0 0.2 0.2 0.75 2.09 24 47 3.05 1
0
APP_7_Inner_Layer_0:1 0.26666666666666666 0.26666666666666666 1.0 1.88 4 33 1.34 1
0
APP_7_Inner_Layer_0:2 0.13333333333333333 0.13333333333333333 0.5 2.44 18 6 1.63 1
0
APP_7_Inner_Layer_0:3 0.6 0.6 2.25 1.87 6 44 1.5 1
0
APP_7_Inner_Layer_1:0 0.5333333333333333 0.5333333333333333 2.0 3.13 17 5 3.06 1
1 2 4
APP_7_Inner_Layer_1:1 0.4 0.4 1.5 1.05 31 31 3.96 1
3
APP_7_Inner_Layer_1:2 0.4666666666666667 0.4666666666666667 1.75 2.45 28 8 1.98 1
1 3 4
APP_7_Inner_Layer_1:3 0.4666666666666667 0.4666666666666667 1.75 3.82 11 48 1.87 1
3
APP_7_Inner_Layer_2:0 0.13333333333333333 0.13333333333333333 0.5 3.03 47 2 1.78 1
5
APP_7_Inner_Layer_2:1 0.2 0.2 0.75 1.82 15 46 2.2 1
7
APP_7_Inner_Layer_2:2 0.06666666666666667 0.06666666666666667 0.25 1.42 26 4 2.47 1
6 7 8
APP_7_Output_Layer_0 0.6 0.6 2.25 3.89 27 38 2.11 1
9 10 11
7
2.7545194403679987
APP_8_Input_Layer_0 0.5333333333333333 0.5333333333333333 2.0 1.38 21 19 3.98 1

APP_8_Inner_Layer_0:0 0.4 0.4 1.5 3.07 8 35 2.95 1
0
APP_8_Inner_Layer_0:1 0.4 0.4 1.5 1.14 11 34 2.79 1
0
APP_8_Inner_Layer_1:0 0.06666666666666667 0.06666666666666667 0.25 2.64 17 34 1.23 1
1 2
APP_8_Inner_Layer_1:1 0.5333333333333333 0.5333333333333333 2.0 3.09 40 1 2.17 1
1
APP_8_Inner_Layer_1:2 0.3333333333333333 0.3333333333333333 1.25 2.1 4 4 3.79 1
1
APP_8_Output_Layer_0 0.4666666666666667 0.4666666666666667 1.75 2.53 41 39 3.72 1
3 4 5
4
3.035590264386751
APP_9_Input_Layer_0 0.06666666666666667 0.06666666666666667 0.25 2.84 17 33 2.7 1

APP_9_Inner_Layer_0:0 0.2 0.2 0.75 2.83 37 42 3.41 1
0
APP_9_Inner_Layer_0:1 0.6 0.6 2.25 2.04 11 4 3.17 1
0
APP_9_Output_Layer_0 0.6 0.6 2.25 3.86 44 8 1.47 1
1 2
4
3.696657141527625
APP_10_Input_Layer_0 0.4666666666666667 0.4666666666666667 1.75 2.4 23 3 3.55 1

APP_10_Inner_Layer_0:0 0.6 0.6 2.25 3.52 27 8 2.0 1
0
APP_10_Inner_Layer_0:1 0.2 0.2 0.75 1.89 1 44 2.34 1
0
APP_10_Output_Layer_0 0.4 0.4 1.5 1.41 9 29 2.81 1
1 2
9
3.976891476417697
APP_11_Input_Layer_0 0.26666666666666666 0.26666666666666666 1.0 2.83 25 12 2.01 1

APP_11_Inner_Layer_0:0 0.6 0.6 2.25 2.47 27 33 2.86 1
0
APP_11_Inner_Layer_1:0 0.3333333333333333 0.3333333333333333 1.25 2.51 46 45 2.53 1
1
APP_11_Inner_Layer_1:1 0.5333333333333333 0.5333333333333333 2.0 2.23 27 15 1.4 1
1
APP_11_Inner_Layer_2:0 0.06666666666666667 0.06666666666666667 0.25 3.5 49 24 3.59 1
2 3
APP_11_Inner_Layer_2:1 0.06666666666666667 0.06666666666666667 0.25 3.2 40 32 1.72 1
2 3
APP_11_Inner_Layer_2:2 0.06666666666666667 0.06666666666666667 0.25 2.41 19 37 3.12 1
2 3
APP_11_Inner_Layer_2:3 0.4 0.4 1.5 2.18 4 46 2.59 1
2
APP_11_Output_Layer_0 0.3333333333333333 0.3333333333333333 1.25 1.62 41 27 2.13 1
4 5 6 7
6
4.308362063074758
APP_12_Input_Layer_0 0.4 0.4 1.5 2.28 23 12 3.86 1

APP_12_Inner_Layer_0:0 0.13333333333333333 0.13333333333333333 0.5 2.64 22 30 3.06 1
0
APP_12_Inner_Layer_0:1 0.2 0.2 0.75 1.01 18 42 1.43 1
0
APP_12_Inner_Layer_0:2 0.2 0.2 0.75 3.36 29 33 2.0 1
0
APP_12_Inner_Layer_0:3 0.2 0.2 0.75 2.71 29 24 2.4 1
0
APP_12_Output_Layer_0 0.4 0.4 1.5 1.49 10 36 3.69 1
1 2 3 4
6
4.772582313350478
APP_13_Input_Layer_0 0.2 0.2 0.75 1.48 40 46 3.22 1

APP_13_Inner_Layer_0:0 0.3333333333333333 0.3333333333333333 1.25 1.79 9 33 2.94 1
0
APP_13_Inner_Layer_1:0 0.3333333333333333 0.3333333333333333 1.25 3.08 47 35 2.76 1
1
APP_13_Inner_Layer_2:0 0.4666666666666667 0.4666666666666667 1.75 2.89 7 30 3.32 1
2
APP_13_Inner_Layer_2:1 0.2 0.2 0.75 1.99 3 27 2.61 1
2
APP_13_Output_Layer_0 0.3333333333333333 0.3333333333333333 1.25 1.95 24 46 3.1 1
3 4
11
5.03361153178254
APP_14_Input_Layer_0 0.5333333333333333 0.5333333333333333 2.0 3.26 1 34 2.56 1

APP_14_Inner_Layer_0:0 0.2 0.2 0.75 3.43 27 45 2.06 1
0
APP_14_Inner_Layer_0:1 0.13333333333333333 0.13333333333333333 0.5 3.84 2 46 3.07 1
0
APP_14_Inner_Layer_1:0 0.26666666666666666 0.26666666666666666 1.0 3.87 30 16 1.6 1
1 2
APP_14_Inner_Layer_2:0 0.6 0.6 2.25 2.94 48 42 3.6 1
3
APP_14_Inner_Layer_2:1 0.06666666666666667 0.06666666666666667 0.25 1.38 10 25 1.68 1
3
APP_14_Inner_Layer_3:0 0.13333333333333333 0.13333333333333333 0.5 1.39 40 38 1.94 1
4 5
APP_14_Inner_Layer_3:1 0.5333333333333333 0.5333333333333333 2.0 2.49 41 42 2.17 1
5
APP_14_Inner_Layer_3:2 0.4 0.4 1.5 3.5 40 29 2.14 1
4
APP_14_Inner_Layer_3:3 0.6 0.6 2.25 3.74 29 1 2.92 1
5
APP_14_Output_Layer_0 0.26666666666666666 0.26666666666666666 1.0 1.6 49 26 1.78 1
6 7 8 9
