10
1
9
0
APP_0_Input_Layer_0 0.4666666666666667 0.4666666666666667 1.75 3.72 25 16 1.86 1

APP_0_Inner_Layer_0:0 0.4666666666666667 0.4666666666666667 1.75 3.45 44 26 2.52 1
0
APP_0_Inner_Layer_0:1 0.3333333333333333 0.3333333333333333 1.25 2.25 9 2 2.55 1
0
APP_0_Inner_Layer_0:2 0.3333333333333333 0.3333333333333333 1.25 1.93 20 47 1.96 1
0
APP_0_Inner_Layer_1:0 0.06666666666666667 0.06666666666666667 0.25 2.63 45 34 1.2 1
1 2 3
APP_0_Inner_Layer_2:0 0.3333333333333333 0.3333333333333333 1.25 1.34 20 38 2.65 1
4
APP_0_Inner_Layer_2:1 0.06666666666666667 0.06666666666666667 0.25 2.21 24 37 1.6 1
4
APP_0_Inner_Layer_2:2 0.3333333333333333 0.3333333333333333 1.25 1.1 16 2 3.45 1
4
APP_0_Output_Layer_0 0.6 0.6 2.25 2.55 4 6 3.59 0
5 6 7
