10
20
7
0
APP_0_Input_Layer_0 0.6 0.6 2.25 1.22 7 2 1.68 1

APP_0_Inner_Layer_0:0 0.26666666666666666 0.26666666666666666 1.0 1.26 38 25 1.94 0
0
APP_0_Inner_Layer_1:0 0.13333333333333333 0.13333333333333333 0.5 2.48 31 29 1.88 1
1
APP_0_Inner_Layer_2:0 0.3333333333333333 0.3333333333333333 1.25 2.82 44 40 2.67 0
2
APP_0_Inner_Layer_2:1 0.4 0.4 1.5 3.86 3 4 3.26 1
2
APP_0_Inner_Layer_3:0 0.3333333333333333 0.3333333333333333 1.25 1.34 25 19 2.93 1
3 4
APP_0_Output_Layer_0 0.13333333333333333 0.13333333333333333 0.5 3.6 22 43 1.03 1
5
13
0.24705379172496483
APP_1_Input_Layer_0 0.6 0.6 2.25 2.87 17 43 3.06 1

APP_1_Inner_Layer_0:0 0.4 0.4 1.5 2.13 45 32 2.44 1
0
APP_1_Inner_Layer_0:1 0.4666666666666667 0.4666666666666667 1.75 2.74 33 41 2.63 1
0
APP_1_Inner_Layer_0:2 0.06666666666666667 0.06666666666666667 0.25 2.08 2 8 2.4 1
0
APP_1_Inner_Layer_1:0 0.4 0.4 1.5 3.47 45 46 2.25 0
1
APP_1_Inner_Layer_1:1 0.4 0.4 1.5 1.37 16 35 3.48 1
1
APP_1_Inner_Layer_1:2 0.2 0.2 0.75 2.03 23 30 3.69 1
2 3
APP_1_Inner_Layer_1:3 0.4666666666666667 0.4666666666666667 1.75 3.28 33 15 2.17 0
1 2
APP_1_Inner_Layer_2:0 0.4 0.4 1.5 1.18 40 7 3.16 0
4 5 6
APP_1_Inner_Layer_2:1 0.13333333333333333 0.13333333333333333 0.5 3.05 30 27 1.8 1
4
APP_1_Inner_Layer_2:2 0.4 0.4 1.5 3.19 17 42 1.14 1
4 7
APP_1_Inner_Layer_2:3 0.3333333333333333 0.3333333333333333 1.25 3.33 34 34 2.75 1
5
APP_1_Output_Layer_0 0.4666666666666667 0.4666666666666667 1.75 3.07 18 41 3.67 1
8 9 10 11
7
0.4747673046853728
APP_2_Input_Layer_0 0.4 0.4 1.5 3.18 25 23 1.95 1

APP_2_Inner_Layer_0:0 0.6 0.6 2.25 3.83 22 31 3.5 1
0
APP_2_Inner_Layer_0:1 0.06666666666666667 0.06666666666666667 0.25 2.32 26 34 3.36 0
0
APP_2_Inner_Layer_1:0 0.2 0.2 0.75 3.61 23 2 1.14 0
1
APP_2_Inner_Layer_1:1 0.26666666666666666 0.26666666666666666 1.0 1.09 26 39 1.79 1
2
APP_2_Inner_Layer_2:0 0.3333333333333333 0.3333333333333333 1.25 3.23 4 2 3.98 0
3 4
APP_2_Output_Layer_0 0.06666666666666667 0.06666666666666667 0.25 1.4 41 9 3.86 1
5
8
0.8292556596827116
APP_3_Input_Layer_0 0.6 0.6 2.25 1.14 42 7 2.68 1

APP_3_Inner_Layer_0:0 0.5333333333333333 0.5333333333333333 2.0 3.23 20 16 2.72 1
0
APP_3_Inner_Layer_0:1 0.3333333333333333 0.3333333333333333 1.25 2.03 7 35 2.55 1
0
APP_3_Inner_Layer_1:0 0.26666666666666666 0.26666666666666666 1.0 3.75 14 38 2.58 0
2
APP_3_Inner_Layer_1:1 0.26666666666666666 0.26666666666666666 1.0 2.77 37 10 2.63 0
2
APP_3_Inner_Layer_1:2 0.4 0.4 1.5 2.82 33 43 3.52 1
1
APP_3_Inner_Layer_1:3 0.2 0.2 0.75 3.68 6 12 2.39 1
2
APP_3_Output_Layer_0 0.26666666666666666 0.26666666666666666 1.0 2.27 1 1 2.29 0
3 4 5 6
12
1.0699011153171665
APP_4_Input_Layer_0 0.3333333333333333 0.3333333333333333 1.25 1.06 3 49 1.8 1

APP_4_Inner_Layer_0:0 0.06666666666666667 0.06666666666666667 0.25 3.37 18 16 1.51 0
0
APP_4_Inner_Layer_0:1 0.06666666666666667 0.06666666666666667 0.25 3.3 17 11 3.06 1
0
APP_4_Inner_Layer_0:2 0.4 0.4 1.5 1.99 4 48 3.94 1
0
APP_4_Inner_Layer_1:0 0.2 0.2 0.75 3.9 24 16 3.51 1
1 3
APP_4_Inner_Layer_1:1 0.13333333333333333 0.13333333333333333 0.5 3.23 30 46 1.36 1
1
APP_4_Inner_Layer_1:2 0.5333333333333333 0.5333333333333333 2.0 1.36 28 32 1.6 0
3
APP_4_Inner_Layer_1:3 0.5333333333333333 0.5333333333333333 2.0 2.49 41 23 3.09 1
1 2
APP_4_Inner_Layer_2:0 0.3333333333333333 0.3333333333333333 1.25 1.43 41 25 1.51 1
5 7
APP_4_Inner_Layer_2:1 0.4 0.4 1.5 2.31 44 6 1.11 1
6
APP_4_Inner_Layer_2:2 0.4666666666666667 0.4666666666666667 1.75 1.34 35 34 3.87 1
4 6
APP_4_Output_Layer_0 0.4666666666666667 0.4666666666666667 1.75 2.49 6 20 2.2 1
8 9 10
5
1.2827854498145084
APP_5_Input_Layer_0 0.5333333333333333 0.5333333333333333 2.0 3.32 27 18 3.72 0

APP_5_Inner_Layer_0:0 0.4 0.4 1.5 2.42 15 14 1.33 1
0
APP_5_Inner_Layer_0:1 0.4666666666666667 0.4666666666666667 1.75 2.22 1 18 1.61 1
0
APP_5_Inner_Layer_0:2 0.6 0.6 2.25 3.43 37 42 1.41 1
0
APP_5_Output_Layer_0 0.2 0.2 0.75 2.59 47 27 3.59 1
1 2 3
7
1.6249428637011243
APP_6_Input_Layer_0 0.06666666666666667 0.06666666666666667 0.25 2.64 21 19 2.75 1

APP_6_Inner_Layer_0:0 0.5333333333333333 0.5333333333333333 2.0 3.76 49 31 3.75 1
0
APP_6_Inner_Layer_0:1 0.3333333333333333 0.3333333333333333 1.25 3.07 12 8 3.3 1
0
APP_6_Inner_Layer_0:2 0.4 0.4 1.5 2.83 1 19 2.87 1
0
APP_6_Inner_Layer_1:0 0.5333333333333333 0.5333333333333333 2.0 2.27 11 49 2.94 0
2
APP_6_Inner_Layer_1:1 0.06666666666666667 0.06666666666666667 0.25 3.9 10 29 3.42 0
1 2 3
APP_6_Output_Layer_0 0.06666666666666667 0.06666666666666667 0.25 1.62 45 1 1.45 1
4 5
5
1.9570221884963233
APP_7_Input_Layer_0 0.26666666666666666 0.26666666666666666 1.0 2.41 3 1 2.74 1

APP_7_Inner_Layer_0:0 0.06666666666666667 0.06666666666666667 0.25 2.86 2 2 1.11 1
0
APP_7_Inner_Layer_0:1 0.4666666666666667 0.4666666666666667 1.75 3.25 6 16 1.02 1
0
APP_7_Inner_Layer_0:2 0.6 0.6 2.25 3.69 13 17 1.15 1
0
APP_7_Output_Layer_0 0.06666666666666667 0.06666666666666667 0.25 3.23 11 12 3.71 1
1 2 3
8
2.3804104464093037
APP_8_Input_Layer_0 0.13333333333333333 0.13333333333333333 0.5 2.24 33 49 3.8 1

APP_8_Inner_Layer_0:0 0.4 0.4 1.5 1.22 20 26 2.29 1
0
APP_8_Inner_Layer_0:1 0.13333333333333333 0.13333333333333333 0.5 3.48 24 40 3.41 0
0
APP_8_Inner_Layer_0:2 0.4666666666666667 0.4666666666666667 1.75 2.75 33 46 2.22 1
0
APP_8_Inner_Layer_1:0 0.13333333333333333 0.13333333333333333 0.5 1.37 24 25 2.34 0
1
APP_8_Inner_Layer_1:1 0.5333333333333333 0.5333333333333333 2.0 2.49 20 13 2.31 1
2
APP_8_Inner_Layer_1:2 0.5333333333333333 0.5333333333333333 2.0 1.15 16 18 3.17 1
1 2 3
APP_8_Output_Layer_0 0.3333333333333333 0.3333333333333333 1.25 2.97 32 45 1.46 1
4 5 6
11
2.8301026103687943
APP_9_Input_Layer_0 0.13333333333333333 0.13333333333333333 0.5 2.34 20 36 1.72 1

APP_9_Inner_Layer_0:0 0.06666666666666667 0.06666666666666667 0.25 3.4 3 8 2.0 0
0
APP_9_Inner_Layer_1:0 0.3333333333333333 0.3333333333333333 1.25 2.24 31 5 3.89 1
1
APP_9_Inner_Layer_1:1 0.2 0.2 0.75 2.32 47 37 2.97 1
1
APP_9_Inner_Layer_1:2 0.2 0.2 0.75 2.77 13 16 2.72 0
1
APP_9_Inner_Layer_1:3 0.13333333333333333 0.13333333333333333 0.5 2.9 44 24 3.2 0
1
APP_9_Inner_Layer_2:0 0.6 0.6 2.25 2.52 8 46 2.09 1
3
APP_9_Inner_Layer_2:1 0.5333333333333333 0.5333333333333333 2.0 2.15 15 14 2.37 1
5
APP_9_Inner_Layer_2:2 0.26666666666666666 0.26666666666666666 1.0 1.05 14 40 1.93 1
3
APP_9_Inner_Layer_2:3 0.2 0.2 0.75 2.54 43 40 2.96 1
2 3 4 5
APP_9_Output_Layer_0 0.26666666666666666 0.26666666666666666 1.0 3.1 43 11 1.75 1
6 7 8 9
10
3.0497745002098737
APP_10_Input_Layer_0 0.5333333333333333 0.5333333333333333 2.0 1.26 6 44 1.75 1

APP_10_Inner_Layer_0:0 0.26666666666666666 0.26666666666666666 1.0 2.58 29 39 3.24 0
0
APP_10_Inner_Layer_0:1 0.13333333333333333 0.13333333333333333 0.5 3.89 28 32 2.13 0
0
APP_10_Inner_Layer_0:2 0.06666666666666667 0.06666666666666667 0.25 2.06 34 34 2.17 1
0
APP_10_Inner_Layer_0:3 0.13333333333333333 0.13333333333333333 0.5 1.29 27 12 1.49 1
0
APP_10_Inner_Layer_1:0 0.6 0.6 2.25 3.18 36 21 2.68 0
1 3 4
APP_10_Inner_Layer_1:1 0.6 0.6 2.25 2.19 38 10 1.19 0
2
APP_10_Inner_Layer_2:0 0.2 0.2 0.75 1.69 24 1 1.03 1
5
APP_10_Inner_Layer_2:1 0.13333333333333333 0.13333333333333333 0.5 2.79 28 18 1.34 1
5 6
APP_10_Output_Layer_0 0.4666666666666667 0.4666666666666667 1.75 2.48 30 11 3.8 1
7 8
15
3.245617833458157
APP_11_Input_Layer_0 0.6 0.6 2.25 1.06 41 46 2.71 1

APP_11_Inner_Layer_0:0 0.26666666666666666 0.26666666666666666 1.0 2.09 46 6 2.45 1
0
APP_11_Inner_Layer_0:1 0.4 0.4 1.5 3.03 40 6 1.89 1
0
APP_11_Inner_Layer_0:2 0.6 0.6 2.25 3.79 6 27 2.38 1
0
APP_11_Inner_Layer_1:0 0.6 0.6 2.25 1.39 48 49 4.0 0
2
APP_11_Inner_Layer_1:1 0.3333333333333333 0.3333333333333333 1.25 3.45 16 43 2.25 1
3 2
APP_11_Inner_Layer_1:2 0.5333333333333333 0.5333333333333333 2.0 1.32 16 37 2.55 1
1 3
APP_11_Inner_Layer_2:0 0.06666666666666667 0.06666666666666667 0.25 3.57 23 29 2.88 0
4
APP_11_Inner_Layer_2:1 0.6 0.6 2.25 2.98 24 27 1.73 1
4 6
APP_11_Inner_Layer_2:2 0.5333333333333333 0.5333333333333333 2.0 1.71 42 33 2.49 1
4
APP_11_Inner_Layer_2:3 0.4666666666666667 0.4666666666666667 1.75 1.2 26 38 1.54 1
5 6
APP_11_Inner_Layer_3:0 0.26666666666666666 0.26666666666666666 1.0 3.61 21 36 3.18 1
7 9 10
APP_11_Inner_Layer_3:1 0.3333333333333333 0.3333333333333333 1.25 3.82 19 10 1.75 1
8
APP_11_Inner_Layer_3:2 0.26666666666666666 0.26666666666666666 1.0 3.97 17 8 2.24 1
7 8 9
APP_11_Output_Layer_0 0.6 0.6 2.25 2.05 36 21 3.34 1
11 12 13
7
3.441428963429782
APP_12_Input_Layer_0 0.6 0.6 2.25 1.51 46 17 1.34 1

APP_12_Inner_Layer_0:0 0.5333333333333333 0.5333333333333333 2.0 1.4 38 47 3.24 0
0
APP_12_Inner_Layer_0:1 0.13333333333333333 0.13333333333333333 0.5 3.7 24 13 2.85 1
0
APP_12_Inner_Layer_0:2 0.4666666666666667 0.4666666666666667 1.75 3.94 24 14 3.53 1
0
APP_12_Inner_Layer_1:0 0.13333333333333333 0.13333333333333333 0.5 1.08 22 10 2.34 0
1
APP_12_Inner_Layer_1:1 0.5333333333333333 0.5333333333333333 2.0 3.95 10 40 2.46 1
1 2 3
APP_12_Output_Layer_0 0.5333333333333333 0.5333333333333333 2.0 1.16 21 26 1.29 1
4 5
11
3.6710735005762465
APP_13_Input_Layer_0 0.13333333333333333 0.13333333333333333 0.5 3.78 43 4 3.34 0

APP_13_Inner_Layer_0:0 0.4666666666666667 0.4666666666666667 1.75 3.26 7 21 2.01 1
0
APP_13_Inner_Layer_0:1 0.4 0.4 1.5 2.55 13 4 1.92 1
0
APP_13_Inner_Layer_0:2 0.26666666666666666 0.26666666666666666 1.0 2.73 6 43 2.7 0
0
APP_13_Inner_Layer_1:0 0.13333333333333333 0.13333333333333333 0.5 1.83 35 22 2.17 1
1 2 3
APP_13_Inner_Layer_1:1 0.06666666666666667 0.06666666666666667 0.25 1.81 46 11 3.62 1
2 3
APP_13_Inner_Layer_2:0 0.3333333333333333 0.3333333333333333 1.25 3.83 12 16 3.83 1
4 5
APP_13_Inner_Layer_3:0 0.5333333333333333 0.5333333333333333 2.0 1.38 22 9 1.03 1
6
APP_13_Inner_Layer_3:1 0.2 0.2 0.75 1.49 45 1 3.02 1
6
APP_13_Inner_Layer_3:2 0.2 0.2 0.75 3.63 34 45 3.66 1
6
APP_13_Output_Layer_0 0.3333333333333333 0.3333333333333333 1.25 2.32 42 30 1.24 1
7 8 9
6
3.857318514889521
APP_14_Input_Layer_0 0.4 0.4 1.5 3.58 9 3 3.07 1

APP_14_Inner_Layer_0:0 0.13333333333333333 0.13333333333333333 0.5 2.79 37 8 1.98 1
0
APP_14_Inner_Layer_0:1 0.6 0.6 2.25 1.25 49 37 1.6 1
0
APP_14_Inner_Layer_1:0 0.13333333333333333 0.13333333333333333 0.5 1.44 42 13 3.14 1
1 2
APP_14_Inner_Layer_2:0 0.13333333333333333 0.13333333333333333 0.5 3.8 9 43 1.85 1
3
APP_14_Output_Layer_0 0.26666666666666666 0.26666666666666666 1.0 3.87 34 37 1.04 0
4
3
4.305706113281284
APP_15_Input_Layer_0 0.06666666666666667 0.06666666666666667 0.25 1.93 3 30 1.64 1

APP_15_Inner_Layer_0:0 0.13333333333333333 0.13333333333333333 0.5 2.17 34 13 2.23 0
0
APP_15_Output_Layer_0 0.06666666666666667 0.06666666666666667 0.25 1.46 38 26 3.35 1
1
6
4.526506049234704
APP_16_Input_Layer_0 0.06666666666666667 0.06666666666666667 0.25 2.48 44 4 3.76 1

APP_16_Inner_Layer_0:0 0.4 0.4 1.5 1.33 28 24 2.15 1
0
APP_16_Inner_Layer_0:1 0.4 0.4 1.5 3.08 41 33 3.36 1
0
APP_16_Inner_Layer_0:2 0.26666666666666666 0.26666666666666666 1.0 1.9 41 49 2.18 1
0
APP_16_Inner_Layer_0:3 0.6 0.6 2.25 2.11 35 29 2.04 0
0
APP_16_Output_Layer_0 0.6 0.6 2.25 3.2 21 6 2.61 1
1 2 3 4
12
4.812524477511791
APP_17_Input_Layer_0 0.26666666666666666 0.26666666666666666 1.0 2.9 34 2 2.69 0

APP_17_Inner_Layer_0:0 0.2 0.2 0.75 2.89 24 47 3.23 1
0
APP_17_Inner_Layer_1:0 0.5333333333333333 0.5333333333333333 2.0 2.89 8 7 1.57 1
1
APP_17_Inner_Layer_1:1 0.13333333333333333 0.13333333333333333 0.5 3.48 12 7 1.27 0
1
APP_17_Inner_Layer_1:2 0.26666666666666666 0.26666666666666666 1.0 2.19 22 43 3.06 0
1
APP_17_Inner_Layer_2:0 0.4666666666666667 0.4666666666666667 1.75 3.82 33 3 1.3 1
3
APP_17_Inner_Layer_2:1 0.3333333333333333 0.3333333333333333 1.25 3.39 15 28 1.91 0
4
APP_17_Inner_Layer_2:2 0.26666666666666666 0.26666666666666666 1.0 2.73 47 14 1.56 1
2 4
APP_17_Inner_Layer_3:0 0.2 0.2 0.75 1.26 1 30 2.59 1
5
APP_17_Inner_Layer_3:1 0.6 0.6 2.25 3.62 47 34 1.34 1
5 6 7
APP_17_Inner_Layer_3:2 0.4 0.4 1.5 1.41 29 37 1.17 1
7
APP_17_Output_Layer_0 0.26666666666666666 0.26666666666666666 1.0 2.27 13 33 1.09 1
8 9 10
12
5.066777148487506
APP_18_Input_Layer_0 0.3333333333333333 0.3333333333333333 1.25 1.37 1 30 3.91 1

APP_18_Inner_Layer_0:0 0.4 0.4 1.5 3.31 11 47 1.91 0
0
APP_18_Inner_Layer_1:0 0.4666666666666667 0.4666666666666667 1.75 3.3 35 14 3.1 1
1
APP_18_Inner_Layer_1:1 0.13333333333333333 0.13333333333333333 0.5 2.08 34 49 1.15 1
1
APP_18_Inner_Layer_1:2 0.06666666666666667 0.06666666666666667 0.25 2.23 49 30 3.22 1
1
APP_18_Inner_Layer_2:0 0.5333333333333333 0.5333333333333333 2.0 3.05 39 18 2.09 1
2 3 4
APP_18_Inner_Layer_2:1 0.26666666666666666 0.26666666666666666 1.0 3.27 42 23 2.49 1
3
APP_18_Inner_Layer_2:2 0.2 0.2 0.75 2.32 12 33 3.19 1
2 4
APP_18_Inner_Layer_2:3 0.06666666666666667 0.06666666666666667 0.25 3.69 31 17 1.87 1
2 3 4
APP_18_Inner_Layer_3:0 0.5333333333333333 0.5333333333333333 2.0 3.8 36 37 3.71 0
5 6 7
APP_18_Inner_Layer_3:1 0.06666666666666667 0.06666666666666667 0.25 3.26 13 23 1.89 1
8
APP_18_Output_Layer_0 0.3333333333333333 0.3333333333333333 1.25 1.33 18 3 1.22 1
9 10
14
5.270169115164588
APP_19_Input_Layer_0 0.4 0.4 1.5 3.08 48 31 2.3 1

APP_19_Inner_Layer_0:0 0.13333333333333333 0.13333333333333333 0.5 2.23 24 39 3.62 1
0
APP_19_Inner_Layer_0:1 0.2 0.2 0.75 1.47 31 37 3.26 1
0
APP_19_Inner_Layer_0:2 0.4666666666666667 0.4666666666666667 1.75 1.49 12 4 1.43 1
0
APP_19_Inner_Layer_1:0 0.3333333333333333 0.3333333333333333 1.25 2.95 29 1 2.85 1
1 2 3
APP_19_Inner_Layer_2:0 0.6 0.6 2.25 2.91 6 20 1.63 1
4
APP_19_Inner_Layer_2:1 0.26666666666666666 0.26666666666666666 1.0 1.62 40 44 1.74 1
4
APP_19_Inner_Layer_2:2 0.06666666666666667 0.06666666666666667 0.25 1.02 46 17 2.02 1
4
APP_19_Inner_Layer_2:3 0.3333333333333333 0.3333333333333333 1.25 2.25 27 1 1.28 1
4
APP_19_Inner_Layer_3:0 0.06666666666666667 0.06666666666666667 0.25 1.6 43 1 3.69 0
5
APP_19_Inner_Layer_3:1 0.26666666666666666 0.26666666666666666 1.0 1.14 18 21 2.16 1
5 6 7 8
APP_19_Inner_Layer_3:2 0.26666666666666666 0.26666666666666666 1.0 3.45 10 45 2.01 1
5 8
APP_19_Inner_Layer_3:3 0.13333333333333333 0.13333333333333333 0.5 1.27 5 20 3.45 1
8
APP_19_Output_Layer_0 0.26666666666666666 0.26666666666666666 1.0 2.75 15 5 2.95 0
9 10 11 12
