10
20
14
0
APP_0_Input_Layer_0 0.6 0.6 2.25 2.34 49 42 3.47 1

APP_0_Inner_Layer_0:0 0.2 0.2 0.75 1.3 5 33 2.81 1
0
APP_0_Inner_Layer_0:1 0.5333333333333333 0.5333333333333333 2.0 1.09 25 44 2.72 1
0
APP_0_Inner_Layer_0:2 0.26666666666666666 0.26666666666666666 1.0 3.89 48 26 1.95 1
0
APP_0_Inner_Layer_0:3 0.6 0.6 2.25 2.23 4 36 1.69 1
0
APP_0_Inner_Layer_1:0 0.4666666666666667 0.4666666666666667 1.75 3.42 15 39 1.71 1
4
APP_0_Inner_Layer_1:1 0.13333333333333333 0.13333333333333333 0.5 2.51 4 24 1.09 0
1 2 3
APP_0_Inner_Layer_2:0 0.4 0.4 1.5 2.02 38 20 3.47 1
6
APP_0_Inner_Layer_2:1 0.06666666666666667 0.06666666666666667 0.25 2.76 37 48 3.49 1
5
APP_0_Inner_Layer_2:2 0.4666666666666667 0.4666666666666667 1.75 3.66 10 34 2.33 1
5
APP_0_Inner_Layer_2:3 0.4666666666666667 0.4666666666666667 1.75 3.54 41 32 3.12 1
5 6
APP_0_Inner_Layer_3:0 0.26666666666666666 0.26666666666666666 1.0 1.16 40 3 2.26 1
7 8 9
APP_0_Inner_Layer_3:1 0.6 0.6 2.25 1.4 25 47 3.18 0
10
APP_0_Output_Layer_0 0.4666666666666667 0.4666666666666667 1.75 3.98 30 16 2.67 1
11 12
8
0.41214098391761833
APP_1_Input_Layer_0 0.5333333333333333 0.5333333333333333 2.0 2.04 30 7 1.59 1

APP_1_Inner_Layer_0:0 0.06666666666666667 0.06666666666666667 0.25 3.5 9 1 1.28 1
0
APP_1_Inner_Layer_1:0 0.2 0.2 0.75 3.62 31 45 3.02 1
1
APP_1_Inner_Layer_1:1 0.06666666666666667 0.06666666666666667 0.25 3.36 14 25 3.03 1
1
APP_1_Inner_Layer_1:2 0.4666666666666667 0.4666666666666667 1.75 1.87 27 2 3.13 1
1
APP_1_Inner_Layer_1:3 0.6 0.6 2.25 2.49 12 6 2.07 1
1
APP_1_Inner_Layer_2:0 0.2 0.2 0.75 2.46 15 10 1.59 1
2 3 4 5
APP_1_Output_Layer_0 0.4666666666666667 0.4666666666666667 1.75 3.86 19 14 2.95 1
6
6
0.7064941225963643
APP_2_Input_Layer_0 0.2 0.2 0.75 2.12 15 40 3.0 1

APP_2_Inner_Layer_0:0 0.3333333333333333 0.3333333333333333 1.25 3.67 36 24 1.18 1
0
APP_2_Inner_Layer_0:1 0.4666666666666667 0.4666666666666667 1.75 1.15 7 47 3.16 1
0
APP_2_Inner_Layer_0:2 0.3333333333333333 0.3333333333333333 1.25 2.02 4 6 3.45 0
0
APP_2_Inner_Layer_0:3 0.4 0.4 1.5 3.18 34 24 2.11 1
0
APP_2_Output_Layer_0 0.13333333333333333 0.13333333333333333 0.5 1.04 46 7 1.54 1
1 2 3 4
16
1.0010025556251578
APP_3_Input_Layer_0 0.2 0.2 0.75 3.94 34 36 2.2 1

APP_3_Inner_Layer_0:0 0.4666666666666667 0.4666666666666667 1.75 3.7 2 10 2.04 0
0
APP_3_Inner_Layer_0:1 0.26666666666666666 0.26666666666666666 1.0 3.27 6 19 1.19 1
0
APP_3_Inner_Layer_1:0 0.5333333333333333 0.5333333333333333 2.0 2.47 41 31 2.9 1
2
APP_3_Inner_Layer_1:1 0.2 0.2 0.75 2.54 11 21 2.57 0
1 2
APP_3_Inner_Layer_1:2 0.5333333333333333 0.5333333333333333 2.0 3.48 34 31 3.31 1
1
APP_3_Inner_Layer_1:3 0.6 0.6 2.25 1.74 5 49 3.5 1
2
APP_3_Inner_Layer_2:0 0.13333333333333333 0.13333333333333333 0.5 3.42 28 43 3.7 1
3 4
APP_3_Inner_Layer_2:1 0.2 0.2 0.75 2.78 34 28 1.64 1
4 6
APP_3_Inner_Layer_2:2 0.6 0.6 2.25 3.28 28 11 2.42 1
5 6
APP_3_Inner_Layer_2:3 0.4666666666666667 0.4666666666666667 1.75 3.47 39 47 2.33 1
5 6
APP_3_Inner_Layer_3:0 0.3333333333333333 0.3333333333333333 1.25 3.4 7 4 3.46 1
7 8 9
APP_3_Inner_Layer_3:1 0.3333333333333333 0.3333333333333333 1.25 1.82 5 4 1.17 1
8 9 10
APP_3_Inner_Layer_3:2 0.26666666666666666 0.26666666666666666 1.0 3.59 37 49 3.52 0
8
APP_3_Inner_Layer_3:3 0.06666666666666667 0.06666666666666667 0.25 2.7 42 22 3.84 1
7 9
APP_3_Output_Layer_0 0.5333333333333333 0.5333333333333333 2.0 3.63 12 44 1.98 1
11 12 13 14
5
1.2657426286328457
APP_4_Input_Layer_0 0.26666666666666666 0.26666666666666666 1.0 1.92 45 5 3.01 1

APP_4_Inner_Layer_0:0 0.13333333333333333 0.13333333333333333 0.5 3.34 13 45 3.31 1
0
APP_4_Inner_Layer_0:1 0.13333333333333333 0.13333333333333333 0.5 1.29 45 32 1.71 1
0
APP_4_Inner_Layer_0:2 0.26666666666666666 0.26666666666666666 1.0 1.16 15 10 3.82 1
0
APP_4_Output_Layer_0 0.4666666666666667 0.4666666666666667 1.75 1.73 28 30 1.08 1
1 2 3
9
1.645500466854935
APP_5_Input_Layer_0 0.6 0.6 2.25 3.63 44 47 3.94 1

APP_5_Inner_Layer_0:0 0.6 0.6 2.25 1.29 1 36 1.7 1
0
APP_5_Inner_Layer_0:1 0.6 0.6 2.25 3.55 39 14 3.12 1
0
APP_5_Inner_Layer_1:0 0.06666666666666667 0.06666666666666667 0.25 1.7 30 38 1.55 1
2
APP_5_Inner_Layer_1:1 0.4 0.4 1.5 2.31 42 21 3.92 1
1
APP_5_Inner_Layer_2:0 0.4666666666666667 0.4666666666666667 1.75 2.56 22 47 1.48 1
4
APP_5_Inner_Layer_2:1 0.5333333333333333 0.5333333333333333 2.0 3.17 32 13 1.75 0
3
APP_5_Inner_Layer_2:2 0.2 0.2 0.75 3.23 49 44 2.28 1
3 4
APP_5_Output_Layer_0 0.4 0.4 1.5 2.89 18 6 3.46 0
5 6 7
5
1.88254217647039
APP_6_Input_Layer_0 0.6 0.6 2.25 1.11 2 28 1.39 0

APP_6_Inner_Layer_0:0 0.5333333333333333 0.5333333333333333 2.0 2.99 13 3 2.87 1
0
APP_6_Inner_Layer_0:1 0.2 0.2 0.75 2.75 27 10 1.51 1
0
APP_6_Inner_Layer_0:2 0.06666666666666667 0.06666666666666667 0.25 1.9 42 44 2.1 1
0
APP_6_Output_Layer_0 0.06666666666666667 0.06666666666666667 0.25 3.33 42 15 2.31 1
1 2 3
9
2.144155794162269
APP_7_Input_Layer_0 0.13333333333333333 0.13333333333333333 0.5 2.17 39 16 2.26 1

APP_7_Inner_Layer_0:0 0.4666666666666667 0.4666666666666667 1.75 2.45 27 42 1.87 0
0
APP_7_Inner_Layer_0:1 0.06666666666666667 0.06666666666666667 0.25 3.24 7 16 1.92 0
0
APP_7_Inner_Layer_0:2 0.26666666666666666 0.26666666666666666 1.0 3.34 20 48 2.88 1
0
APP_7_Inner_Layer_0:3 0.6 0.6 2.25 1.71 29 45 3.03 1
0
APP_7_Inner_Layer_1:0 0.4666666666666667 0.4666666666666667 1.75 1.55 26 38 1.39 0
3
APP_7_Inner_Layer_1:1 0.4 0.4 1.5 1.15 46 20 1.9 0
1 2 4
APP_7_Inner_Layer_1:2 0.3333333333333333 0.3333333333333333 1.25 3.52 23 10 1.31 1
2 3
APP_7_Output_Layer_0 0.26666666666666666 0.26666666666666666 1.0 3.65 20 14 3.72 1
5 6 7
14
2.441837503292443
APP_8_Input_Layer_0 0.2 0.2 0.75 2.11 16 47 2.4 1

APP_8_Inner_Layer_0:0 0.3333333333333333 0.3333333333333333 1.25 3.69 1 38 1.85 1
0
APP_8_Inner_Layer_0:1 0.5333333333333333 0.5333333333333333 2.0 2.08 30 12 2.28 0
0
APP_8_Inner_Layer_0:2 0.3333333333333333 0.3333333333333333 1.25 2.75 27 37 1.75 1
0
APP_8_Inner_Layer_0:3 0.26666666666666666 0.26666666666666666 1.0 3.02 30 23 2.61 1
0
APP_8_Inner_Layer_1:0 0.06666666666666667 0.06666666666666667 0.25 1.0 34 2 2.96 1
2
APP_8_Inner_Layer_1:1 0.4666666666666667 0.4666666666666667 1.75 1.62 25 47 3.89 1
1 3 4
APP_8_Inner_Layer_2:0 0.06666666666666667 0.06666666666666667 0.25 3.62 7 40 3.65 0
5
APP_8_Inner_Layer_2:1 0.06666666666666667 0.06666666666666667 0.25 3.2 3 12 1.55 0
6
APP_8_Inner_Layer_3:0 0.3333333333333333 0.3333333333333333 1.25 2.53 37 20 1.12 1
7
APP_8_Inner_Layer_3:1 0.06666666666666667 0.06666666666666667 0.25 2.07 30 49 3.55 1
8
APP_8_Inner_Layer_3:2 0.13333333333333333 0.13333333333333333 0.5 3.86 19 2 3.8 1
7 8
APP_8_Inner_Layer_3:3 0.26666666666666666 0.26666666666666666 1.0 2.44 45 40 2.34 1
8
APP_8_Output_Layer_0 0.06666666666666667 0.06666666666666667 0.25 3.93 20 39 3.01 1
9 10 11 12
6
2.817328274693181
APP_9_Input_Layer_0 0.13333333333333333 0.13333333333333333 0.5 2.47 26 39 1.73 1

APP_9_Inner_Layer_0:0 0.26666666666666666 0.26666666666666666 1.0 3.86 49 19 2.43 1
0
APP_9_Inner_Layer_0:1 0.3333333333333333 0.3333333333333333 1.25 2.76 40 30 1.96 1
0
APP_9_Inner_Layer_0:2 0.26666666666666666 0.26666666666666666 1.0 2.05 43 25 2.83 0
0
APP_9_Inner_Layer_0:3 0.2 0.2 0.75 1.66 2 31 2.25 0
0
APP_9_Output_Layer_0 0.5333333333333333 0.5333333333333333 2.0 2.16 42 26 1.76 1
1 2 3 4
13
3.016611963777281
APP_10_Input_Layer_0 0.5333333333333333 0.5333333333333333 2.0 3.2 7 20 1.88 1

APP_10_Inner_Layer_0:0 0.26666666666666666 0.26666666666666666 1.0 2.43 35 41 3.11 1
0
APP_10_Inner_Layer_0:1 0.5333333333333333 0.5333333333333333 2.0 1.52 15 15 2.19 1
0
APP_10_Inner_Layer_0:2 0.13333333333333333 0.13333333333333333 0.5 2.29 21 32 2.6 1
0
APP_10_Inner_Layer_0:3 0.2 0.2 0.75 3.83 27 25 3.97 1
0
APP_10_Inner_Layer_1:0 0.06666666666666667 0.06666666666666667 0.25 2.68 40 18 3.25 0
1 3
APP_10_Inner_Layer_1:1 0.4666666666666667 0.4666666666666667 1.75 3.17 25 23 3.45 1
1 2 4
APP_10_Inner_Layer_1:2 0.5333333333333333 0.5333333333333333 2.0 2.16 49 13 3.39 0
3 4
APP_10_Inner_Layer_2:0 0.13333333333333333 0.13333333333333333 0.5 1.72 11 13 1.03 0
5 6
APP_10_Inner_Layer_2:1 0.13333333333333333 0.13333333333333333 0.5 2.97 10 14 1.85 0
7
APP_10_Inner_Layer_2:2 0.6 0.6 2.25 3.73 46 45 2.63 0
5 6
APP_10_Inner_Layer_2:3 0.4 0.4 1.5 3.21 36 18 2.16 1
5
APP_10_Output_Layer_0 0.26666666666666666 0.26666666666666666 1.0 2.62 24 47 2.21 1
8 9 10 11
7
3.274391870097229
APP_11_Input_Layer_0 0.26666666666666666 0.26666666666666666 1.0 1.29 29 8 1.64 1

APP_11_Inner_Layer_0:0 0.06666666666666667 0.06666666666666667 0.25 2.19 11 42 2.16 1
0
APP_11_Inner_Layer_1:0 0.6 0.6 2.25 3.05 23 36 1.16 1
1
APP_11_Inner_Layer_1:1 0.6 0.6 2.25 3.53 34 35 2.91 1
1
APP_11_Inner_Layer_1:2 0.6 0.6 2.25 2.78 36 48 3.67 0
1
APP_11_Inner_Layer_1:3 0.26666666666666666 0.26666666666666666 1.0 1.26 4 34 3.0 1
1
APP_11_Output_Layer_0 0.13333333333333333 0.13333333333333333 0.5 3.92 33 34 2.18 1
2 3 4 5
13
3.51114388021886
APP_12_Input_Layer_0 0.26666666666666666 0.26666666666666666 1.0 3.51 19 23 1.77 1

APP_12_Inner_Layer_0:0 0.06666666666666667 0.06666666666666667 0.25 3.37 30 12 1.13 1
0
APP_12_Inner_Layer_0:1 0.26666666666666666 0.26666666666666666 1.0 3.58 12 14 3.79 0
0
APP_12_Inner_Layer_1:0 0.13333333333333333 0.13333333333333333 0.5 1.02 29 48 2.94 0
2
APP_12_Inner_Layer_1:1 0.06666666666666667 0.06666666666666667 0.25 3.13 31 36 1.33 1
1
APP_12_Inner_Layer_1:2 0.6 0.6 2.25 2.26 35 17 2.09 1
1 2
APP_12_Inner_Layer_1:3 0.2 0.2 0.75 2.49 16 38 3.91 1
1 2
APP_12_Inner_Layer_2:0 0.06666666666666667 0.06666666666666667 0.25 2.6 11 13 1.3 1
3 4 5 6
APP_12_Inner_Layer_3:0 0.6 0.6 2.25 3.1 30 4 2.29 0
7
APP_12_Inner_Layer_3:1 0.3333333333333333 0.3333333333333333 1.25 2.17 14 25 1.23 0
7
APP_12_Inner_Layer_3:2 0.3333333333333333 0.3333333333333333 1.25 2.11 8 47 2.63 1
7
APP_12_Inner_Layer_3:3 0.06666666666666667 0.06666666666666667 0.25 1.81 27 43 3.65 1
7
APP_12_Output_Layer_0 0.4 0.4 1.5 2.5 6 5 1.31 1
8 9 10 11
6
3.771807997152925
APP_13_Input_Layer_0 0.4 0.4 1.5 1.64 32 2 2.88 1

APP_13_Inner_Layer_0:0 0.5333333333333333 0.5333333333333333 2.0 2.83 24 14 2.95 1
0
APP_13_Inner_Layer_0:1 0.13333333333333333 0.13333333333333333 0.5 1.97 45 18 3.81 0
0
APP_13_Inner_Layer_0:2 0.3333333333333333 0.3333333333333333 1.25 1.14 39 49 2.41 1
0
APP_13_Inner_Layer_0:3 0.5333333333333333 0.5333333333333333 2.0 2.29 49 27 1.61 0
0
APP_13_Output_Layer_0 0.2 0.2 0.75 2.57 38 32 3.92 0
1 2 3 4
16
4.1431795280013795
APP_14_Input_Layer_0 0.13333333333333333 0.13333333333333333 0.5 3.65 37 19 1.36 1

APP_14_Inner_Layer_0:0 0.06666666666666667 0.06666666666666667 0.25 2.57 38 19 3.89 0
0
APP_14_Inner_Layer_0:1 0.4 0.4 1.5 2.86 17 48 1.11 1
0
APP_14_Inner_Layer_0:2 0.4666666666666667 0.4666666666666667 1.75 1.69 6 24 3.93 0
0
APP_14_Inner_Layer_0:3 0.2 0.2 0.75 3.81 29 12 1.84 1
0
APP_14_Inner_Layer_1:0 0.13333333333333333 0.13333333333333333 0.5 2.93 6 29 1.67 0
1 3 4
APP_14_Inner_Layer_1:1 0.13333333333333333 0.13333333333333333 0.5 3.98 36 36 1.55 1
2
APP_14_Inner_Layer_2:0 0.4666666666666667 0.4666666666666667 1.75 3.21 9 21 1.9 0
5 6
APP_14_Inner_Layer_2:1 0.26666666666666666 0.26666666666666666 1.0 2.96 46 40 2.16 1
5
APP_14_Inner_Layer_2:2 0.4 0.4 1.5 2.35 6 41 3.92 1
6
APP_14_Inner_Layer_2:3 0.5333333333333333 0.5333333333333333 2.0 1.65 31 19 3.78 1
5 6
APP_14_Inner_Layer_3:0 0.4666666666666667 0.4666666666666667 1.75 3.95 9 33 1.73 1
7 9
APP_14_Inner_Layer_3:1 0.26666666666666666 0.26666666666666666 1.0 2.75 25 29 2.94 1
7 8 10
APP_14_Inner_Layer_3:2 0.2 0.2 0.75 2.21 3 8 1.11 1
7 8
APP_14_Inner_Layer_3:3 0.3333333333333333 0.3333333333333333 1.25 3.09 20 25 2.21 0
9
APP_14_Output_Layer_0 0.13333333333333333 0.13333333333333333 0.5 2.0 31 10 2.01 1
11 12 13 14
5
4.5461348753197734
APP_15_Input_Layer_0 0.6 0.6 2.25 3.89 44 49 3.84 1

APP_15_Inner_Layer_0:0 0.2 0.2 0.75 3.26 49 48 2.6 0
0
APP_15_Inner_Layer_1:0 0.6 0.6 2.25 3.83 5 3 1.45 1
1
APP_15_Inner_Layer_1:1 0.6 0.6 2.25 3.33 46 48 3.52 1
1
APP_15_Output_Layer_0 0.3333333333333333 0.3333333333333333 1.25 3.09 15 41 1.96 1
2 3
11
4.954952076193907
APP_16_Input_Layer_0 0.06666666666666667 0.06666666666666667 0.25 3.24 15 44 2.9 1

APP_16_Inner_Layer_0:0 0.06666666666666667 0.06666666666666667 0.25 3.35 34 2 2.85 0
0
APP_16_Inner_Layer_0:1 0.4666666666666667 0.4666666666666667 1.75 2.49 27 34 1.33 1
0
APP_16_Inner_Layer_0:2 0.6 0.6 2.25 2.29 31 26 3.51 0
0
APP_16_Inner_Layer_1:0 0.06666666666666667 0.06666666666666667 0.25 3.93 32 35 1.76 1
1 2
APP_16_Inner_Layer_1:1 0.2 0.2 0.75 1.73 7 7 1.02 0
3
APP_16_Inner_Layer_2:0 0.4 0.4 1.5 2.75 17 32 1.74 1
4 5
APP_16_Inner_Layer_3:0 0.6 0.6 2.25 1.54 13 8 3.03 1
6
APP_16_Inner_Layer_3:1 0.5333333333333333 0.5333333333333333 2.0 2.89 23 5 2.0 1
6
APP_16_Inner_Layer_3:2 0.13333333333333333 0.13333333333333333 0.5 2.86 48 12 3.76 1
6
APP_16_Output_Layer_0 0.4 0.4 1.5 1.24 1 3 1.62 1
7 8 9
9
5.331327766229421
APP_17_Input_Layer_0 0.13333333333333333 0.13333333333333333 0.5 1.64 23 27 3.22 1

APP_17_Inner_Layer_0:0 0.4 0.4 1.5 3.61 35 3 2.99 1
0
APP_17_Inner_Layer_0:1 0.3333333333333333 0.3333333333333333 1.25 3.07 39 13 1.78 1
0
APP_17_Inner_Layer_0:2 0.4 0.4 1.5 3.35 7 33 1.01 1
0
APP_17_Inner_Layer_1:0 0.13333333333333333 0.13333333333333333 0.5 1.35 41 49 2.32 1
1 2 3
APP_17_Inner_Layer_2:0 0.06666666666666667 0.06666666666666667 0.25 3.75 23 1 2.05 1
4
APP_17_Inner_Layer_2:1 0.13333333333333333 0.13333333333333333 0.5 1.9 17 40 1.18 1
4
APP_17_Inner_Layer_2:2 0.5333333333333333 0.5333333333333333 2.0 1.23 37 14 1.51 1
4
APP_17_Output_Layer_0 0.6 0.6 2.25 1.58 11 38 1.64 1
5 6 7
3
5.532523427746781
APP_18_Input_Layer_0 0.4666666666666667 0.4666666666666667 1.75 3.42 46 17 1.87 1

APP_18_Inner_Layer_0:0 0.06666666666666667 0.06666666666666667 0.25 3.96 46 15 3.99 1
0
APP_18_Output_Layer_0 0.13333333333333333 0.13333333333333333 0.5 1.37 20 8 2.84 1
1
7
5.782022916161283
APP_19_Input_Layer_0 0.3333333333333333 0.3333333333333333 1.25 1.91 44 16 3.37 1

APP_19_Inner_Layer_0:0 0.6 0.6 2.25 1.2 49 17 3.59 1
0
APP_19_Inner_Layer_0:1 0.13333333333333333 0.13333333333333333 0.5 3.13 49 20 1.64 1
0
APP_19_Inner_Layer_0:2 0.6 0.6 2.25 1.25 24 11 1.22 1
0
APP_19_Inner_Layer_0:3 0.4 0.4 1.5 2.62 43 17 2.24 1
0
APP_19_Inner_Layer_1:0 0.13333333333333333 0.13333333333333333 0.5 3.62 27 35 1.4 0
1 2 3 4
APP_19_Output_Layer_0 0.13333333333333333 0.13333333333333333 0.5 2.85 49 40 2.99 1
5
