10
20
10
0
APP_0_Input_Layer_0 0.5333333333333333 0.5333333333333333 2.0 3.92 34 19 3.41 1

APP_0_Inner_Layer_0:0 0.13333333333333333 0.13333333333333333 0.5 2.29 46 23 1.87 1
0
APP_0_Inner_Layer_1:0 0.26666666666666666 0.26666666666666666 1.0 2.13 43 26 3.91 1
1
APP_0_Inner_Layer_1:1 0.3333333333333333 0.3333333333333333 1.25 2.22 45 17 2.96 0
1
APP_0_Inner_Layer_1:2 0.3333333333333333 0.3333333333333333 1.25 1.24 2 9 2.41 1
1
APP_0_Inner_Layer_2:0 0.4 0.4 1.5 2.52 35 28 1.47 1
3 4
APP_0_Inner_Layer_2:1 0.2 0.2 0.75 3.16 28 28 3.88 1
2
APP_0_Inner_Layer_2:2 0.3333333333333333 0.3333333333333333 1.25 1.18 9 42 1.87 1
2 3
APP_0_Inner_Layer_2:3 0.26666666666666666 0.26666666666666666 1.0 2.36 28 9 3.38 1
2 3
APP_0_Output_Layer_0 0.2 0.2 0.75 2.0 22 38 1.38 0
5 6 7 8
13
0.34268183106865774
APP_1_Input_Layer_0 0.5333333333333333 0.5333333333333333 2.0 1.3 2 44 2.66 1

APP_1_Inner_Layer_0:0 0.4 0.4 1.5 1.12 16 9 1.08 0
0
APP_1_Inner_Layer_1:0 0.06666666666666667 0.06666666666666667 0.25 3.11 41 20 3.25 0
1
APP_1_Inner_Layer_1:1 0.26666666666666666 0.26666666666666666 1.0 2.28 6 11 2.26 0
1
APP_1_Inner_Layer_1:2 0.6 0.6 2.25 3.85 21 10 1.85 1
1
APP_1_Inner_Layer_1:3 0.06666666666666667 0.06666666666666667 0.25 3.22 26 39 3.05 1
1
APP_1_Inner_Layer_2:0 0.2 0.2 0.75 3.04 39 39 3.11 1
2 3 5
APP_1_Inner_Layer_2:1 0.4 0.4 1.5 3.26 35 31 1.68 1
5
APP_1_Inner_Layer_2:2 0.4 0.4 1.5 2.29 5 31 3.21 1
4
APP_1_Inner_Layer_3:0 0.4666666666666667 0.4666666666666667 1.75 1.06 19 43 3.39 0
6 7 8
APP_1_Inner_Layer_3:1 0.13333333333333333 0.13333333333333333 0.5 1.17 15 48 3.72 1
6 8
APP_1_Inner_Layer_3:2 0.26666666666666666 0.26666666666666666 1.0 2.04 48 13 1.92 0
6
APP_1_Output_Layer_0 0.13333333333333333 0.13333333333333333 0.5 3.92 41 28 2.76 1
9 10 11
15
0.6086932057381711
APP_2_Input_Layer_0 0.06666666666666667 0.06666666666666667 0.25 3.66 10 37 3.46 1

APP_2_Inner_Layer_0:0 0.4666666666666667 0.4666666666666667 1.75 1.41 11 43 2.12 1
0
APP_2_Inner_Layer_0:1 0.2 0.2 0.75 3.88 40 33 2.94 0
0
APP_2_Inner_Layer_0:2 0.5333333333333333 0.5333333333333333 2.0 1.98 41 40 1.53 1
0
APP_2_Inner_Layer_1:0 0.6 0.6 2.25 1.29 45 9 3.88 1
1 2
APP_2_Inner_Layer_1:1 0.06666666666666667 0.06666666666666667 0.25 1.57 2 44 3.01 0
2 3
APP_2_Inner_Layer_1:2 0.6 0.6 2.25 1.75 44 37 3.74 0
1 3
APP_2_Inner_Layer_2:0 0.3333333333333333 0.3333333333333333 1.25 3.75 12 9 1.37 0
5 6
APP_2_Inner_Layer_2:1 0.06666666666666667 0.06666666666666667 0.25 3.27 31 38 1.5 0
6 4
APP_2_Inner_Layer_2:2 0.3333333333333333 0.3333333333333333 1.25 2.17 47 46 3.36 0
5
APP_2_Inner_Layer_2:3 0.06666666666666667 0.06666666666666667 0.25 1.34 26 19 3.96 0
4 5 6
APP_2_Inner_Layer_3:0 0.4666666666666667 0.4666666666666667 1.75 2.24 20 8 2.98 1
7 8
APP_2_Inner_Layer_3:1 0.5333333333333333 0.5333333333333333 2.0 2.26 11 6 3.38 0
8 9 10
APP_2_Inner_Layer_3:2 0.4666666666666667 0.4666666666666667 1.75 2.62 40 7 1.21 0
7 9 10
APP_2_Output_Layer_0 0.6 0.6 2.25 3.02 5 26 3.3 1
11 12 13
9
0.8048151707483467
APP_3_Input_Layer_0 0.06666666666666667 0.06666666666666667 0.25 2.31 19 21 2.82 1

APP_3_Inner_Layer_0:0 0.4666666666666667 0.4666666666666667 1.75 1.76 17 45 1.57 0
0
APP_3_Inner_Layer_0:1 0.5333333333333333 0.5333333333333333 2.0 2.22 41 8 1.12 1
0
APP_3_Inner_Layer_0:2 0.06666666666666667 0.06666666666666667 0.25 2.44 41 17 2.29 1
0
APP_3_Inner_Layer_0:3 0.26666666666666666 0.26666666666666666 1.0 3.87 13 48 2.98 1
0
APP_3_Inner_Layer_1:0 0.13333333333333333 0.13333333333333333 0.5 3.3 28 41 1.36 1
3
APP_3_Inner_Layer_1:1 0.3333333333333333 0.3333333333333333 1.25 3.21 20 26 3.98 1
1 2 3
APP_3_Inner_Layer_1:2 0.06666666666666667 0.06666666666666667 0.25 3.92 47 13 2.08 1
1 2 4
APP_3_Output_Layer_0 0.06666666666666667 0.06666666666666667 0.25 1.5 26 2 1.78 0
5 6 7
4
1.2862141950234796
APP_4_Input_Layer_0 0.4 0.4 1.5 3.28 15 23 2.15 1

APP_4_Inner_Layer_0:0 0.6 0.6 2.25 3.61 9 18 3.55 1
0
APP_4_Inner_Layer_0:1 0.06666666666666667 0.06666666666666667 0.25 3.39 16 11 1.79 0
0
APP_4_Output_Layer_0 0.6 0.6 2.25 2.13 33 48 1.23 1
1 2
6
1.6030604109777893
APP_5_Input_Layer_0 0.26666666666666666 0.26666666666666666 1.0 1.44 29 42 2.92 1

APP_5_Inner_Layer_0:0 0.06666666666666667 0.06666666666666667 0.25 1.05 45 13 3.8 1
0
APP_5_Inner_Layer_0:1 0.3333333333333333 0.3333333333333333 1.25 2.22 15 15 2.73 1
0
APP_5_Inner_Layer_1:0 0.6 0.6 2.25 2.19 32 39 3.45 1
1 2
APP_5_Inner_Layer_2:0 0.4 0.4 1.5 2.28 48 18 3.35 1
3
APP_5_Output_Layer_0 0.3333333333333333 0.3333333333333333 1.25 2.68 17 8 1.47 1
4
8
1.8371160621948595
APP_6_Input_Layer_0 0.13333333333333333 0.13333333333333333 0.5 1.78 1 30 2.25 1

APP_6_Inner_Layer_0:0 0.5333333333333333 0.5333333333333333 2.0 2.15 8 41 2.33 1
0
APP_6_Inner_Layer_0:1 0.26666666666666666 0.26666666666666666 1.0 2.37 39 8 1.28 0
0
APP_6_Inner_Layer_0:2 0.3333333333333333 0.3333333333333333 1.25 2.81 16 43 3.76 1
0
APP_6_Inner_Layer_0:3 0.6 0.6 2.25 3.31 36 23 2.23 1
0
APP_6_Inner_Layer_1:0 0.4666666666666667 0.4666666666666667 1.75 3.55 17 10 1.28 1
1 4
APP_6_Inner_Layer_1:1 0.26666666666666666 0.26666666666666666 1.0 1.9 36 48 3.67 1
2 3
APP_6_Output_Layer_0 0.26666666666666666 0.26666666666666666 1.0 1.89 12 14 2.93 1
5 6
10
2.145174809179295
APP_7_Input_Layer_0 0.13333333333333333 0.13333333333333333 0.5 2.74 39 42 2.06 1

APP_7_Inner_Layer_0:0 0.13333333333333333 0.13333333333333333 0.5 2.07 14 40 2.98 1
0
APP_7_Inner_Layer_0:1 0.3333333333333333 0.3333333333333333 1.25 3.27 30 28 3.36 1
0
APP_7_Inner_Layer_1:0 0.4666666666666667 0.4666666666666667 1.75 2.06 1 22 1.71 0
2
APP_7_Inner_Layer_1:1 0.6 0.6 2.25 3.36 32 9 3.0 1
2
APP_7_Inner_Layer_1:2 0.4666666666666667 0.4666666666666667 1.75 2.49 49 13 3.4 0
1 2
APP_7_Inner_Layer_1:3 0.4 0.4 1.5 1.42 31 31 2.09 1
2
APP_7_Inner_Layer_2:0 0.3333333333333333 0.3333333333333333 1.25 1.12 38 1 3.94 1
3 4 5 6
APP_7_Inner_Layer_3:0 0.13333333333333333 0.13333333333333333 0.5 3.46 4 12 1.71 1
7
APP_7_Output_Layer_0 0.2 0.2 0.75 2.36 14 49 3.96 1
8
9
2.393280318407722
APP_8_Input_Layer_0 0.4666666666666667 0.4666666666666667 1.75 3.96 8 47 1.98 1

APP_8_Inner_Layer_0:0 0.3333333333333333 0.3333333333333333 1.25 1.47 36 49 2.22 0
0
APP_8_Inner_Layer_0:1 0.2 0.2 0.75 1.68 4 38 1.62 1
0
APP_8_Inner_Layer_0:2 0.6 0.6 2.25 1.31 25 22 3.42 1
0
APP_8_Inner_Layer_1:0 0.3333333333333333 0.3333333333333333 1.25 3.64 24 47 2.88 0
2 3
APP_8_Inner_Layer_1:1 0.4666666666666667 0.4666666666666667 1.75 1.04 23 39 1.17 1
3 1
APP_8_Inner_Layer_1:2 0.2 0.2 0.75 1.48 5 19 2.06 1
1 3
APP_8_Inner_Layer_1:3 0.2 0.2 0.75 1.23 47 45 3.21 0
3
APP_8_Output_Layer_0 0.5333333333333333 0.5333333333333333 2.0 2.09 19 49 1.87 1
4 5 6 7
8
2.614699270818644
APP_9_Input_Layer_0 0.4666666666666667 0.4666666666666667 1.75 2.14 28 41 2.41 0

APP_9_Inner_Layer_0:0 0.06666666666666667 0.06666666666666667 0.25 2.08 19 46 2.73 1
0
APP_9_Inner_Layer_1:0 0.6 0.6 2.25 1.21 23 46 1.19 1
1
APP_9_Inner_Layer_1:1 0.4 0.4 1.5 3.77 28 44 3.7 0
1
APP_9_Inner_Layer_1:2 0.06666666666666667 0.06666666666666667 0.25 2.3 2 38 2.1 1
1
APP_9_Inner_Layer_2:0 0.2 0.2 0.75 1.08 42 16 2.94 1
2 4
APP_9_Inner_Layer_2:1 0.5333333333333333 0.5333333333333333 2.0 2.06 13 2 1.87 0
3
APP_9_Output_Layer_0 0.26666666666666666 0.26666666666666666 1.0 3.89 7 45 1.75 1
5 6
8
2.9510220362827537
APP_10_Input_Layer_0 0.4 0.4 1.5 2.69 8 26 3.23 1

APP_10_Inner_Layer_0:0 0.06666666666666667 0.06666666666666667 0.25 1.19 20 20 3.85 1
0
APP_10_Inner_Layer_1:0 0.4 0.4 1.5 2.73 43 30 2.63 1
1
APP_10_Inner_Layer_1:1 0.4 0.4 1.5 3.39 22 39 1.89 0
1
APP_10_Inner_Layer_2:0 0.06666666666666667 0.06666666666666667 0.25 2.34 34 5 2.22 0
2 3
APP_10_Inner_Layer_3:0 0.3333333333333333 0.3333333333333333 1.25 2.1 45 16 1.31 1
4
APP_10_Inner_Layer_3:1 0.26666666666666666 0.26666666666666666 1.0 1.11 46 19 1.4 1
4
APP_10_Output_Layer_0 0.2 0.2 0.75 3.45 43 12 2.51 1
5 6
4
3.3175894742639924
APP_11_Input_Layer_0 0.13333333333333333 0.13333333333333333 0.5 1.15 28 1 2.07 1

APP_11_Inner_Layer_0:0 0.26666666666666666 0.26666666666666666 1.0 2.68 3 30 3.28 1
0
APP_11_Inner_Layer_0:1 0.5333333333333333 0.5333333333333333 2.0 3.62 44 17 1.56 1
0
APP_11_Output_Layer_0 0.26666666666666666 0.26666666666666666 1.0 3.16 46 7 3.12 1
1 2
9
3.5031397894599987
APP_12_Input_Layer_0 0.3333333333333333 0.3333333333333333 1.25 3.93 40 31 3.41 1

APP_12_Inner_Layer_0:0 0.5333333333333333 0.5333333333333333 2.0 3.13 11 30 2.88 1
0
APP_12_Inner_Layer_0:1 0.2 0.2 0.75 2.46 40 1 1.76 1
0
APP_12_Inner_Layer_0:2 0.4666666666666667 0.4666666666666667 1.75 3.58 19 25 3.92 0
0
APP_12_Inner_Layer_0:3 0.4 0.4 1.5 3.38 26 19 3.05 0
0
APP_12_Inner_Layer_1:0 0.3333333333333333 0.3333333333333333 1.25 3.36 32 41 2.14 1
1 3
APP_12_Inner_Layer_1:1 0.26666666666666666 0.26666666666666666 1.0 3.19 20 13 3.99 1
2 3
APP_12_Inner_Layer_1:2 0.13333333333333333 0.13333333333333333 0.5 1.17 38 35 3.49 1
1 4
APP_12_Output_Layer_0 0.26666666666666666 0.26666666666666666 1.0 3.65 26 46 3.33 1
5 6 7
7
3.845964891093481
APP_13_Input_Layer_0 0.5333333333333333 0.5333333333333333 2.0 1.82 44 16 2.23 1

APP_13_Inner_Layer_0:0 0.5333333333333333 0.5333333333333333 2.0 3.37 2 33 1.85 0
0
APP_13_Inner_Layer_0:1 0.6 0.6 2.25 1.58 13 48 3.4 0
0
APP_13_Inner_Layer_1:0 0.06666666666666667 0.06666666666666667 0.25 3.68 40 4 3.32 0
2
APP_13_Inner_Layer_1:1 0.2 0.2 0.75 3.99 31 16 2.5 1
1
APP_13_Inner_Layer_1:2 0.2 0.2 0.75 1.92 5 17 2.34 1
1
APP_13_Output_Layer_0 0.13333333333333333 0.13333333333333333 0.5 1.77 27 22 3.13 1
3 4 5
9
4.056484943494582
APP_14_Input_Layer_0 0.5333333333333333 0.5333333333333333 2.0 1.07 10 3 1.25 1

APP_14_Inner_Layer_0:0 0.3333333333333333 0.3333333333333333 1.25 2.49 16 6 3.33 1
0
APP_14_Inner_Layer_0:1 0.13333333333333333 0.13333333333333333 0.5 3.21 28 39 2.74 1
0
APP_14_Inner_Layer_0:2 0.3333333333333333 0.3333333333333333 1.25 1.2 43 1 3.54 0
0
APP_14_Inner_Layer_0:3 0.4 0.4 1.5 3.85 34 36 3.75 1
0
APP_14_Inner_Layer_1:0 0.06666666666666667 0.06666666666666667 0.25 3.54 12 28 3.6 0
1 3
APP_14_Inner_Layer_1:1 0.2 0.2 0.75 2.29 41 32 3.01 1
2
APP_14_Inner_Layer_1:2 0.06666666666666667 0.06666666666666667 0.25 2.0 19 23 3.76 1
3 4
APP_14_Output_Layer_0 0.6 0.6 2.25 1.63 20 35 1.43 1
5 6 7
6
4.483687849901321
APP_15_Input_Layer_0 0.6 0.6 2.25 3.36 33 4 3.51 1

APP_15_Inner_Layer_0:0 0.13333333333333333 0.13333333333333333 0.5 3.28 4 26 2.88 0
0
APP_15_Inner_Layer_0:1 0.6 0.6 2.25 3.59 13 37 1.2 0
0
APP_15_Inner_Layer_1:0 0.4666666666666667 0.4666666666666667 1.75 3.12 34 11 1.66 1
2
APP_15_Inner_Layer_1:1 0.4 0.4 1.5 1.21 16 48 3.59 0
1
APP_15_Output_Layer_0 0.13333333333333333 0.13333333333333333 0.5 2.82 9 32 2.94 1
3 4
12
4.766560711514163
APP_16_Input_Layer_0 0.6 0.6 2.25 3.63 32 48 2.22 1

APP_16_Inner_Layer_0:0 0.26666666666666666 0.26666666666666666 1.0 2.43 17 29 1.85 0
0
APP_16_Inner_Layer_0:1 0.5333333333333333 0.5333333333333333 2.0 2.46 45 48 1.55 1
0
APP_16_Inner_Layer_1:0 0.3333333333333333 0.3333333333333333 1.25 3.47 11 44 1.97 1
1
APP_16_Inner_Layer_1:1 0.4 0.4 1.5 3.59 14 11 3.14 1
2
APP_16_Inner_Layer_1:2 0.6 0.6 2.25 2.8 44 47 1.24 1
1 2
APP_16_Inner_Layer_2:0 0.3333333333333333 0.3333333333333333 1.25 2.07 40 22 2.24 1
3 4
APP_16_Inner_Layer_2:1 0.26666666666666666 0.26666666666666666 1.0 3.8 21 27 2.94 0
5
APP_16_Inner_Layer_3:0 0.4666666666666667 0.4666666666666667 1.75 2.51 46 27 1.42 1
7
APP_16_Inner_Layer_3:1 0.4 0.4 1.5 1.28 26 46 3.15 0
6
APP_16_Inner_Layer_3:2 0.13333333333333333 0.13333333333333333 0.5 2.89 13 46 2.99 0
6 7
APP_16_Output_Layer_0 0.13333333333333333 0.13333333333333333 0.5 3.91 31 25 3.89 1
8 9 10
9
5.18232509547841
APP_17_Input_Layer_0 0.2 0.2 0.75 2.62 14 47 2.17 1

APP_17_Inner_Layer_0:0 0.5333333333333333 0.5333333333333333 2.0 1.24 21 36 2.96 1
0
APP_17_Inner_Layer_0:1 0.4 0.4 1.5 3.32 26 8 3.9 0
0
APP_17_Inner_Layer_0:2 0.6 0.6 2.25 2.88 26 26 1.88 1
0
APP_17_Inner_Layer_1:0 0.13333333333333333 0.13333333333333333 0.5 1.92 48 17 3.71 0
2 3
APP_17_Inner_Layer_1:1 0.2 0.2 0.75 2.68 33 10 3.59 0
1
APP_17_Inner_Layer_2:0 0.4666666666666667 0.4666666666666667 1.75 2.4 47 45 1.57 1
5
APP_17_Inner_Layer_2:1 0.5333333333333333 0.5333333333333333 2.0 2.38 45 11 2.66 1
4
APP_17_Output_Layer_0 0.26666666666666666 0.26666666666666666 1.0 3.73 10 6 3.74 1
6 7
9
5.56033254462569
APP_18_Input_Layer_0 0.4 0.4 1.5 3.19 49 1 2.13 1

APP_18_Inner_Layer_0:0 0.3333333333333333 0.3333333333333333 1.25 2.54 31 23 3.34 0
0
APP_18_Inner_Layer_1:0 0.13333333333333333 0.13333333333333333 0.5 1.28 10 33 1.68 1
1
APP_18_Inner_Layer_2:0 0.13333333333333333 0.13333333333333333 0.5 3.07 15 3 2.36 1
2
APP_18_Inner_Layer_2:1 0.6 0.6 2.25 2.42 24 20 2.52 0
2
APP_18_Inner_Layer_2:2 0.2 0.2 0.75 2.88 38 44 3.26 1
2
APP_18_Inner_Layer_3:0 0.5333333333333333 0.5333333333333333 2.0 1.27 19 23 1.02 1
4 5
APP_18_Inner_Layer_3:1 0.06666666666666667 0.06666666666666667 0.25 2.29 2 2 2.12 0
3
APP_18_Output_Layer_0 0.4666666666666667 0.4666666666666667 1.75 3.77 33 42 1.32 1
6 7
3
5.768877080294534
APP_19_Input_Layer_0 0.3333333333333333 0.3333333333333333 1.25 2.91 33 43 1.65 1

APP_19_Inner_Layer_0:0 0.2 0.2 0.75 3.98 44 42 1.54 0
0
APP_19_Output_Layer_0 0.3333333333333333 0.3333333333333333 1.25 3.9 46 29 2.45 1
1
