10
20
7
0
APP_0_Input_Layer_0 0.3333333333333333 0.3333333333333333 1.25 1.51 49 19 3.92 1

APP_0_Inner_Layer_0:0 0.06666666666666667 0.06666666666666667 0.25 1.47 39 42 3.91 0
0
APP_0_Inner_Layer_0:1 0.26666666666666666 0.26666666666666666 1.0 3.52 43 22 3.99 1
0
APP_0_Inner_Layer_0:2 0.26666666666666666 0.26666666666666666 1.0 2.02 26 45 1.03 1
0
APP_0_Inner_Layer_1:0 0.3333333333333333 0.3333333333333333 1.25 1.23 7 14 2.55 1
2
APP_0_Inner_Layer_1:1 0.6 0.6 2.25 2.58 13 23 1.3 1
1 3
APP_0_Output_Layer_0 0.5333333333333333 0.5333333333333333 2.0 2.77 45 14 2.46 1
4 5
8
0.2968453909660375
APP_1_Input_Layer_0 0.4666666666666667 0.4666666666666667 1.75 1.83 32 31 3.37 1

APP_1_Inner_Layer_0:0 0.4 0.4 1.5 1.51 25 42 2.06 1
0
APP_1_Inner_Layer_0:1 0.4666666666666667 0.4666666666666667 1.75 2.42 36 24 1.27 1
0
APP_1_Inner_Layer_0:2 0.4 0.4 1.5 2.36 16 11 1.4 1
0
APP_1_Inner_Layer_0:3 0.13333333333333333 0.13333333333333333 0.5 1.54 3 5 2.23 1
0
APP_1_Inner_Layer_1:0 0.3333333333333333 0.3333333333333333 1.25 2.08 38 10 2.79 1
4
APP_1_Inner_Layer_1:1 0.6 0.6 2.25 2.18 11 34 3.55 1
1 2 3
APP_1_Output_Layer_0 0.4 0.4 1.5 2.62 13 19 3.17 1
5 6
4
0.6332798898380272
APP_2_Input_Layer_0 0.6 0.6 2.25 3.54 46 1 2.46 1

APP_2_Inner_Layer_0:0 0.4666666666666667 0.4666666666666667 1.75 3.84 24 39 1.07 0
0
APP_2_Inner_Layer_0:1 0.6 0.6 2.25 1.36 36 16 2.08 0
0
APP_2_Output_Layer_0 0.06666666666666667 0.06666666666666667 0.25 3.4 18 22 2.96 1
1 2
7
0.9512742770587093
APP_3_Input_Layer_0 0.3333333333333333 0.3333333333333333 1.25 1.94 3 16 3.08 1

APP_3_Inner_Layer_0:0 0.3333333333333333 0.3333333333333333 1.25 1.03 4 1 3.41 0
0
APP_3_Inner_Layer_1:0 0.4 0.4 1.5 1.91 19 37 3.89 0
1
APP_3_Inner_Layer_1:1 0.4 0.4 1.5 1.68 28 48 1.1 1
1
APP_3_Inner_Layer_1:2 0.4 0.4 1.5 2.57 34 5 1.97 1
1
APP_3_Inner_Layer_1:3 0.5333333333333333 0.5333333333333333 2.0 3.15 38 25 3.59 0
1
APP_3_Output_Layer_0 0.26666666666666666 0.26666666666666666 1.0 2.87 37 23 3.57 1
2 3 4 5
3
1.2787984559564949
APP_4_Input_Layer_0 0.3333333333333333 0.3333333333333333 1.25 3.52 10 40 1.72 1

APP_4_Inner_Layer_0:0 0.3333333333333333 0.3333333333333333 1.25 3.1 35 1 2.45 0
0
APP_4_Output_Layer_0 0.06666666666666667 0.06666666666666667 0.25 2.29 20 14 2.93 1
1
9
1.4835117959748985
APP_5_Input_Layer_0 0.13333333333333333 0.13333333333333333 0.5 2.77 42 18 2.32 1

APP_5_Inner_Layer_0:0 0.26666666666666666 0.26666666666666666 1.0 1.78 30 20 3.79 1
0
APP_5_Inner_Layer_1:0 0.5333333333333333 0.5333333333333333 2.0 3.49 47 34 3.71 1
1
APP_5_Inner_Layer_2:0 0.5333333333333333 0.5333333333333333 2.0 2.96 19 29 2.15 1
2
APP_5_Inner_Layer_3:0 0.26666666666666666 0.26666666666666666 1.0 1.03 2 34 3.26 1
3
APP_5_Inner_Layer_3:1 0.2 0.2 0.75 2.54 5 7 2.13 1
3
APP_5_Inner_Layer_3:2 0.6 0.6 2.25 1.31 5 35 1.07 1
3
APP_5_Inner_Layer_3:3 0.13333333333333333 0.13333333333333333 0.5 3.7 44 10 3.96 0
3
APP_5_Output_Layer_0 0.26666666666666666 0.26666666666666666 1.0 3.63 46 21 1.95 1
4 5 6 7
6
1.6734025318091317
APP_6_Input_Layer_0 0.13333333333333333 0.13333333333333333 0.5 1.86 13 42 1.39 1

APP_6_Inner_Layer_0:0 0.3333333333333333 0.3333333333333333 1.25 1.11 36 27 1.55 1
0
APP_6_Inner_Layer_0:1 0.3333333333333333 0.3333333333333333 1.25 3.51 28 6 2.38 1
0
APP_6_Inner_Layer_0:2 0.06666666666666667 0.06666666666666667 0.25 3.17 7 12 3.77 1
0
APP_6_Inner_Layer_0:3 0.4666666666666667 0.4666666666666667 1.75 3.78 45 2 1.52 1
0
APP_6_Output_Layer_0 0.6 0.6 2.25 3.92 1 40 1.08 1
1 2 3 4
5
1.9899388384261285
APP_7_Input_Layer_0 0.26666666666666666 0.26666666666666666 1.0 3.03 13 36 2.54 1

APP_7_Inner_Layer_0:0 0.26666666666666666 0.26666666666666666 1.0 3.45 32 17 3.63 0
0
APP_7_Inner_Layer_0:1 0.13333333333333333 0.13333333333333333 0.5 3.02 24 30 2.7 1
0
APP_7_Inner_Layer_0:2 0.13333333333333333 0.13333333333333333 0.5 2.84 1 45 1.76 0
0
APP_7_Output_Layer_0 0.2 0.2 0.75 1.19 17 21 3.53 1
1 2 3
11
2.201647360420239
APP_8_Input_Layer_0 0.26666666666666666 0.26666666666666666 1.0 2.92 28 48 1.82 1

APP_8_Inner_Layer_0:0 0.4 0.4 1.5 1.82 3 49 3.02 0
0
APP_8_Inner_Layer_0:1 0.13333333333333333 0.13333333333333333 0.5 1.37 6 39 3.43 0
0
APP_8_Inner_Layer_0:2 0.26666666666666666 0.26666666666666666 1.0 3.17 10 47 2.66 1
0
APP_8_Inner_Layer_1:0 0.06666666666666667 0.06666666666666667 0.25 2.36 12 16 2.23 1
1 2
APP_8_Inner_Layer_1:1 0.13333333333333333 0.13333333333333333 0.5 2.34 44 10 3.61 1
1 2 3
APP_8_Inner_Layer_1:2 0.4 0.4 1.5 2.66 42 14 1.28 1
1 3
APP_8_Inner_Layer_1:3 0.5333333333333333 0.5333333333333333 2.0 3.14 31 29 2.71 1
2
APP_8_Inner_Layer_2:0 0.2 0.2 0.75 3.69 45 39 3.16 0
5 7
APP_8_Inner_Layer_2:1 0.4666666666666667 0.4666666666666667 1.75 3.88 10 20 1.05 1
4 6
APP_8_Output_Layer_0 0.4666666666666667 0.4666666666666667 1.75 2.32 44 34 3.16 1
8 9
8
2.54862679029564
APP_9_Input_Layer_0 0.4666666666666667 0.4666666666666667 1.75 2.17 22 45 2.1 1

APP_9_Inner_Layer_0:0 0.26666666666666666 0.26666666666666666 1.0 1.61 29 24 1.61 1
0
APP_9_Inner_Layer_1:0 0.3333333333333333 0.3333333333333333 1.25 1.57 17 49 3.96 1
1
APP_9_Inner_Layer_2:0 0.4 0.4 1.5 1.22 23 38 1.41 1
2
APP_9_Inner_Layer_2:1 0.6 0.6 2.25 1.95 3 45 2.13 1
2
APP_9_Inner_Layer_3:0 0.5333333333333333 0.5333333333333333 2.0 2.95 8 26 1.65 1
3 4
APP_9_Inner_Layer_3:1 0.13333333333333333 0.13333333333333333 0.5 1.74 20 44 2.26 1
3
APP_9_Output_Layer_0 0.2 0.2 0.75 1.69 11 34 2.25 1
5 6
11
3.033042822506276
APP_10_Input_Layer_0 0.6 0.6 2.25 1.09 41 12 1.58 1

APP_10_Inner_Layer_0:0 0.4 0.4 1.5 2.18 28 46 2.83 1
0
APP_10_Inner_Layer_0:1 0.4 0.4 1.5 2.71 35 4 1.05 0
0
APP_10_Inner_Layer_0:2 0.4666666666666667 0.4666666666666667 1.75 3.29 4 32 3.32 0
0
APP_10_Inner_Layer_1:0 0.4 0.4 1.5 3.57 18 12 1.44 1
1 2 3
APP_10_Inner_Layer_2:0 0.4666666666666667 0.4666666666666667 1.75 1.55 14 34 2.4 1
4
APP_10_Inner_Layer_3:0 0.5333333333333333 0.5333333333333333 2.0 1.23 35 27 3.72 1
5
APP_10_Inner_Layer_3:1 0.3333333333333333 0.3333333333333333 1.25 1.43 31 41 1.94 0
5
APP_10_Inner_Layer_3:2 0.26666666666666666 0.26666666666666666 1.0 1.52 36 21 1.57 0
5
APP_10_Inner_Layer_3:3 0.13333333333333333 0.13333333333333333 0.5 2.99 16 7 1.04 0
5
APP_10_Output_Layer_0 0.4666666666666667 0.4666666666666667 1.75 1.62 24 15 1.33 1
6 7 8 9
10
3.3459372820755124
APP_11_Input_Layer_0 0.26666666666666666 0.26666666666666666 1.0 2.23 29 25 1.5 1

APP_11_Inner_Layer_0:0 0.06666666666666667 0.06666666666666667 0.25 2.32 48 15 1.27 1
0
APP_11_Inner_Layer_0:1 0.4 0.4 1.5 2.33 18 24 3.57 1
0
APP_11_Inner_Layer_1:0 0.13333333333333333 0.13333333333333333 0.5 3.01 46 35 1.12 1
1 2
APP_11_Inner_Layer_2:0 0.06666666666666667 0.06666666666666667 0.25 2.75 8 30 3.45 1
3
APP_11_Inner_Layer_2:1 0.4666666666666667 0.4666666666666667 1.75 1.94 8 48 1.78 1
3
APP_11_Inner_Layer_3:0 0.4 0.4 1.5 2.24 38 26 2.07 1
4
APP_11_Inner_Layer_3:1 0.2 0.2 0.75 1.88 6 14 3.26 1
4 5
APP_11_Inner_Layer_3:2 0.4 0.4 1.5 1.83 26 21 1.95 0
5
APP_11_Output_Layer_0 0.26666666666666666 0.26666666666666666 1.0 2.09 16 11 3.16 1
6 7 8
5
3.753698624926442
APP_12_Input_Layer_0 0.4666666666666667 0.4666666666666667 1.75 3.05 42 2 2.16 1

APP_12_Inner_Layer_0:0 0.4666666666666667 0.4666666666666667 1.75 3.88 11 33 2.01 1
0
APP_12_Inner_Layer_0:1 0.13333333333333333 0.13333333333333333 0.5 2.64 42 7 2.5 1
0
APP_12_Inner_Layer_0:2 0.4 0.4 1.5 1.25 10 11 3.87 0
0
APP_12_Output_Layer_0 0.4 0.4 1.5 2.99 1 49 2.39 1
1 2 3
11
4.235579430667197
APP_13_Input_Layer_0 0.4666666666666667 0.4666666666666667 1.75 2.17 38 19 3.83 1

APP_13_Inner_Layer_0:0 0.26666666666666666 0.26666666666666666 1.0 1.02 39 42 3.57 0
0
APP_13_Inner_Layer_0:1 0.3333333333333333 0.3333333333333333 1.25 2.34 16 18 1.68 1
0
APP_13_Inner_Layer_0:2 0.2 0.2 0.75 1.63 41 2 3.34 1
0
APP_13_Inner_Layer_1:0 0.4 0.4 1.5 2.94 39 23 3.0 1
1
APP_13_Inner_Layer_1:1 0.2 0.2 0.75 3.2 33 42 1.92 1
2 3
APP_13_Inner_Layer_2:0 0.4666666666666667 0.4666666666666667 1.75 3.34 35 14 3.81 0
4
APP_13_Inner_Layer_2:1 0.26666666666666666 0.26666666666666666 1.0 2.82 33 34 2.72 1
4
APP_13_Inner_Layer_2:2 0.2 0.2 0.75 3.91 16 20 3.95 1
5
APP_13_Inner_Layer_2:3 0.06666666666666667 0.06666666666666667 0.25 1.3 23 31 3.57 0
5
APP_13_Output_Layer_0 0.3333333333333333 0.3333333333333333 1.25 1.55 48 44 4.0 1
6 7 8 9
8
4.4999229312205165
APP_14_Input_Layer_0 0.2 0.2 0.75 2.09 27 28 3.88 1

APP_14_Inner_Layer_0:0 0.13333333333333333 0.13333333333333333 0.5 2.89 26 36 3.82 1
0
APP_14_Inner_Layer_0:1 0.06666666666666667 0.06666666666666667 0.25 3.32 34 31 2.81 1
0
APP_14_Inner_Layer_0:2 0.5333333333333333 0.5333333333333333 2.0 3.51 27 29 2.03 0
0
APP_14_Inner_Layer_1:0 0.4 0.4 1.5 2.8 7 9 2.56 1
1 2 3
APP_14_Inner_Layer_1:1 0.2 0.2 0.75 3.77 12 17 2.59 1
3
APP_14_Inner_Layer_1:2 0.26666666666666666 0.26666666666666666 1.0 2.11 36 25 3.92 1
1
APP_14_Output_Layer_0 0.3333333333333333 0.3333333333333333 1.25 2.71 27 8 2.77 1
4 5 6
8
4.750427463603706
APP_15_Input_Layer_0 0.4 0.4 1.5 1.17 21 40 1.26 1

APP_15_Inner_Layer_0:0 0.13333333333333333 0.13333333333333333 0.5 2.46 32 1 3.45 1
0
APP_15_Inner_Layer_0:1 0.2 0.2 0.75 3.82 39 30 3.84 1
0
APP_15_Inner_Layer_1:0 0.3333333333333333 0.3333333333333333 1.25 2.42 4 3 1.04 1
1 2
APP_15_Inner_Layer_1:1 0.13333333333333333 0.13333333333333333 0.5 1.4 29 44 1.86 0
2
APP_15_Inner_Layer_1:2 0.4 0.4 1.5 2.88 5 12 1.58 0
2
APP_15_Inner_Layer_1:3 0.13333333333333333 0.13333333333333333 0.5 1.14 44 41 2.59 1
2
APP_15_Output_Layer_0 0.3333333333333333 0.3333333333333333 1.25 1.05 3 45 2.8 0
3 4 5 6
9
4.934599092266397
APP_16_Input_Layer_0 0.26666666666666666 0.26666666666666666 1.0 3.29 7 32 1.09 1

APP_16_Inner_Layer_0:0 0.4666666666666667 0.4666666666666667 1.75 3.17 31 9 3.16 1
0
APP_16_Inner_Layer_1:0 0.13333333333333333 0.13333333333333333 0.5 2.84 21 23 2.76 1
1
APP_16_Inner_Layer_1:1 0.13333333333333333 0.13333333333333333 0.5 3.0 12 34 1.92 1
1
APP_16_Inner_Layer_1:2 0.6 0.6 2.25 2.28 39 30 3.21 1
1
APP_16_Inner_Layer_1:3 0.06666666666666667 0.06666666666666667 0.25 2.96 49 3 3.31 1
1
APP_16_Inner_Layer_2:0 0.4 0.4 1.5 1.58 4 11 3.85 1
2 3 4 5
APP_16_Inner_Layer_3:0 0.3333333333333333 0.3333333333333333 1.25 3.83 28 16 3.81 1
6
APP_16_Output_Layer_0 0.3333333333333333 0.3333333333333333 1.25 3.23 31 33 1.32 1
7
14
5.287723454965666
APP_17_Input_Layer_0 0.4666666666666667 0.4666666666666667 1.75 3.1 15 20 1.37 1

APP_17_Inner_Layer_0:0 0.4666666666666667 0.4666666666666667 1.75 3.88 41 21 3.11 1
0
APP_17_Inner_Layer_0:1 0.6 0.6 2.25 3.19 18 43 1.05 1
0
APP_17_Inner_Layer_1:0 0.4666666666666667 0.4666666666666667 1.75 1.29 31 32 3.57 1
1
APP_17_Inner_Layer_1:1 0.2 0.2 0.75 3.23 26 21 1.27 1
2
APP_17_Inner_Layer_2:0 0.13333333333333333 0.13333333333333333 0.5 3.04 36 31 3.85 1
4
APP_17_Inner_Layer_2:1 0.3333333333333333 0.3333333333333333 1.25 2.0 43 38 1.55 1
4
APP_17_Inner_Layer_2:2 0.6 0.6 2.25 3.57 11 17 1.64 1
3
APP_17_Inner_Layer_2:3 0.3333333333333333 0.3333333333333333 1.25 3.53 48 48 1.62 1
3
APP_17_Inner_Layer_3:0 0.13333333333333333 0.13333333333333333 0.5 1.53 22 3 1.2 0
5 6 7 8
APP_17_Inner_Layer_3:1 0.06666666666666667 0.06666666666666667 0.25 3.95 6 18 3.2 1
6 7
APP_17_Inner_Layer_3:2 0.26666666666666666 0.26666666666666666 1.0 1.56 37 36 2.54 0
7
APP_17_Inner_Layer_3:3 0.6 0.6 2.25 2.56 46 25 3.44 1
6 7 8
APP_17_Output_Layer_0 0.5333333333333333 0.5333333333333333 2.0 2.67 17 18 1.35 0
9 10 11 12
5
5.533262055605129
APP_18_Input_Layer_0 0.4666666666666667 0.4666666666666667 1.75 2.1 13 2 2.14 0

APP_18_Inner_Layer_0:0 0.3333333333333333 0.3333333333333333 1.25 1.78 33 28 1.07 0
0
APP_18_Inner_Layer_0:1 0.06666666666666667 0.06666666666666667 0.25 3.0 42 47 3.61 1
0
APP_18_Inner_Layer_0:2 0.5333333333333333 0.5333333333333333 2.0 2.55 49 26 2.37 0
0
APP_18_Output_Layer_0 0.4 0.4 1.5 3.25 11 30 1.95 1
1 2 3
13
5.728836990755814
APP_19_Input_Layer_0 0.2 0.2 0.75 2.58 42 31 2.46 1

APP_19_Inner_Layer_0:0 0.06666666666666667 0.06666666666666667 0.25 3.41 39 36 3.16 1
0
APP_19_Inner_Layer_0:1 0.2 0.2 0.75 2.76 13 24 2.57 1
0
APP_19_Inner_Layer_0:2 0.2 0.2 0.75 1.96 48 31 1.3 1
0
APP_19_Inner_Layer_1:0 0.3333333333333333 0.3333333333333333 1.25 2.23 9 11 1.17 1
2
APP_19_Inner_Layer_1:1 0.4 0.4 1.5 2.06 13 46 1.84 0
1
APP_19_Inner_Layer_1:2 0.6 0.6 2.25 2.6 29 30 2.31 1
1 2
APP_19_Inner_Layer_1:3 0.13333333333333333 0.13333333333333333 0.5 3.29 32 25 2.19 0
3
APP_19_Inner_Layer_2:0 0.3333333333333333 0.3333333333333333 1.25 3.3 34 13 2.1 1
5 7
APP_19_Inner_Layer_2:1 0.13333333333333333 0.13333333333333333 0.5 3.77 41 12 1.39 1
6
APP_19_Inner_Layer_2:2 0.6 0.6 2.25 3.1 45 25 3.67 1
4 5
APP_19_Inner_Layer_2:3 0.06666666666666667 0.06666666666666667 0.25 2.37 26 47 3.02 0
6 4 7
APP_19_Output_Layer_0 0.5333333333333333 0.5333333333333333 2.0 2.45 5 45 1.68 0
8 9 10 11
