10
20
17
0
APP_0_Input_Layer_0 0.6 0.6 2.25 2.48 19 35 1.03 1

APP_0_Inner_Layer_0:0 0.4666666666666667 0.4666666666666667 1.75 1.36 10 37 2.85 0
0
APP_0_Inner_Layer_0:1 0.4 0.4 1.5 1.01 46 7 2.83 1
0
APP_0_Inner_Layer_0:2 0.4 0.4 1.5 2.03 26 23 1.64 1
0
APP_0_Inner_Layer_0:3 0.4666666666666667 0.4666666666666667 1.75 1.74 32 46 2.37 1
0
APP_0_Inner_Layer_1:0 0.6 0.6 2.25 3.12 31 20 1.73 0
2 3
APP_0_Inner_Layer_1:1 0.06666666666666667 0.06666666666666667 0.25 1.92 4 37 1.62 0
2 4
APP_0_Inner_Layer_1:2 0.6 0.6 2.25 1.21 33 11 1.37 0
1 2 3 4
APP_0_Inner_Layer_1:3 0.2 0.2 0.75 3.87 22 36 2.98 1
1 4
APP_0_Inner_Layer_2:0 0.2 0.2 0.75 2.65 32 14 3.42 1
5 8
APP_0_Inner_Layer_2:1 0.4 0.4 1.5 2.61 20 48 3.32 1
5 7
APP_0_Inner_Layer_2:2 0.6 0.6 2.25 2.6 24 8 2.67 1
6 7
APP_0_Inner_Layer_3:0 0.4666666666666667 0.4666666666666667 1.75 3.92 42 9 3.74 1
9 10 11
APP_0_Inner_Layer_3:1 0.5333333333333333 0.5333333333333333 2.0 2.3 24 10 3.24 1
10
APP_0_Inner_Layer_3:2 0.2 0.2 0.75 3.13 12 22 1.37 1
9
APP_0_Inner_Layer_3:3 0.06666666666666667 0.06666666666666667 0.25 3.88 40 17 3.81 0
9 10
APP_0_Output_Layer_0 0.5333333333333333 0.5333333333333333 2.0 3.64 17 10 2.95 1
12 13 14 15
3
0.28694972880144687
APP_1_Input_Layer_0 0.26666666666666666 0.26666666666666666 1.0 1.87 6 48 1.04 0

APP_1_Inner_Layer_0:0 0.13333333333333333 0.13333333333333333 0.5 3.91 47 25 3.55 1
0
APP_1_Output_Layer_0 0.3333333333333333 0.3333333333333333 1.25 2.06 49 10 2.55 1
1
13
0.5202669811311292
APP_2_Input_Layer_0 0.3333333333333333 0.3333333333333333 1.25 3.94 23 36 1.17 1

APP_2_Inner_Layer_0:0 0.26666666666666666 0.26666666666666666 1.0 2.47 38 7 2.02 1
0
APP_2_Inner_Layer_0:1 0.13333333333333333 0.13333333333333333 0.5 3.19 28 3 1.56 0
0
APP_2_Inner_Layer_0:2 0.4 0.4 1.5 3.27 49 46 2.94 1
0
APP_2_Inner_Layer_0:3 0.06666666666666667 0.06666666666666667 0.25 2.61 40 43 3.41 1
0
APP_2_Inner_Layer_1:0 0.2 0.2 0.75 1.37 11 3 1.64 1
2
APP_2_Inner_Layer_1:1 0.6 0.6 2.25 1.48 46 22 2.71 1
1 2 3 4
APP_2_Inner_Layer_1:2 0.13333333333333333 0.13333333333333333 0.5 1.15 38 30 1.24 0
2
APP_2_Inner_Layer_1:3 0.5333333333333333 0.5333333333333333 2.0 1.89 7 20 1.67 1
2 3 4
APP_2_Inner_Layer_2:0 0.4666666666666667 0.4666666666666667 1.75 3.07 3 16 3.12 1
6
APP_2_Inner_Layer_2:1 0.13333333333333333 0.13333333333333333 0.5 2.62 40 49 3.25 1
7 8
APP_2_Inner_Layer_2:2 0.26666666666666666 0.26666666666666666 1.0 3.09 19 49 2.17 1
5 6 8
APP_2_Output_Layer_0 0.3333333333333333 0.3333333333333333 1.25 2.38 38 1 2.3 1
9 10 11
15
0.9816633748955503
APP_3_Input_Layer_0 0.5333333333333333 0.5333333333333333 2.0 3.78 22 31 3.43 1

APP_3_Inner_Layer_0:0 0.26666666666666666 0.26666666666666666 1.0 3.96 43 34 1.85 1
0
APP_3_Inner_Layer_0:1 0.26666666666666666 0.26666666666666666 1.0 3.79 17 43 1.87 1
0
APP_3_Inner_Layer_0:2 0.06666666666666667 0.06666666666666667 0.25 1.45 40 35 1.46 0
0
APP_3_Inner_Layer_0:3 0.4666666666666667 0.4666666666666667 1.75 3.58 49 46 1.52 1
0
APP_3_Inner_Layer_1:0 0.2 0.2 0.75 2.91 41 37 2.77 0
1 2 3 4
APP_3_Inner_Layer_2:0 0.2 0.2 0.75 3.02 43 27 2.2 0
5
APP_3_Inner_Layer_2:1 0.4 0.4 1.5 3.5 17 17 3.19 1
5
APP_3_Inner_Layer_2:2 0.06666666666666667 0.06666666666666667 0.25 3.66 29 36 2.03 1
5
APP_3_Inner_Layer_2:3 0.3333333333333333 0.3333333333333333 1.25 1.02 25 5 3.01 1
5
APP_3_Inner_Layer_3:0 0.4 0.4 1.5 3.77 12 21 1.18 1
7 9
APP_3_Inner_Layer_3:1 0.4 0.4 1.5 2.41 9 40 2.63 1
7
APP_3_Inner_Layer_3:2 0.13333333333333333 0.13333333333333333 0.5 3.0 3 26 3.73 0
7 8
APP_3_Inner_Layer_3:3 0.2 0.2 0.75 2.85 20 9 2.0 1
6 9
APP_3_Output_Layer_0 0.3333333333333333 0.3333333333333333 1.25 2.37 4 6 1.18 1
10 11 12 13
6
1.2271769980584222
APP_4_Input_Layer_0 0.3333333333333333 0.3333333333333333 1.25 2.98 19 20 2.02 1

APP_4_Inner_Layer_0:0 0.2 0.2 0.75 1.79 3 42 3.65 1
0
APP_4_Inner_Layer_0:1 0.6 0.6 2.25 3.17 27 14 3.6 1
0
APP_4_Inner_Layer_0:2 0.5333333333333333 0.5333333333333333 2.0 3.63 23 1 2.82 1
0
APP_4_Inner_Layer_0:3 0.06666666666666667 0.06666666666666667 0.25 2.99 43 42 3.48 0
0
APP_4_Output_Layer_0 0.4666666666666667 0.4666666666666667 1.75 1.58 10 9 3.81 1
1 2 3 4
12
1.4739537245736352
APP_5_Input_Layer_0 0.26666666666666666 0.26666666666666666 1.0 2.66 34 29 2.14 0

APP_5_Inner_Layer_0:0 0.26666666666666666 0.26666666666666666 1.0 1.59 6 5 3.88 0
0
APP_5_Inner_Layer_0:1 0.3333333333333333 0.3333333333333333 1.25 3.71 26 1 3.58 0
0
APP_5_Inner_Layer_0:2 0.3333333333333333 0.3333333333333333 1.25 3.52 18 39 3.98 1
0
APP_5_Inner_Layer_0:3 0.06666666666666667 0.06666666666666667 0.25 2.58 29 32 2.71 0
0
APP_5_Inner_Layer_1:0 0.4 0.4 1.5 3.26 30 40 1.53 1
1
APP_5_Inner_Layer_1:1 0.13333333333333333 0.13333333333333333 0.5 3.4 39 33 1.04 1
2 3 4
APP_5_Inner_Layer_2:0 0.2 0.2 0.75 1.9 19 13 2.77 1
5 6
APP_5_Inner_Layer_2:1 0.26666666666666666 0.26666666666666666 1.0 1.63 38 40 1.62 0
6
APP_5_Inner_Layer_2:2 0.3333333333333333 0.3333333333333333 1.25 1.26 39 24 3.3 1
5
APP_5_Inner_Layer_3:0 0.5333333333333333 0.5333333333333333 2.0 3.4 14 14 2.76 1
7 8 9
APP_5_Output_Layer_0 0.4 0.4 1.5 3.08 18 40 1.56 1
10
10
1.736980415042898
APP_6_Input_Layer_0 0.4666666666666667 0.4666666666666667 1.75 1.45 33 33 2.11 1

APP_6_Inner_Layer_0:0 0.3333333333333333 0.3333333333333333 1.25 1.48 34 45 2.64 0
0
APP_6_Inner_Layer_0:1 0.26666666666666666 0.26666666666666666 1.0 2.1 27 14 2.8 1
0
APP_6_Inner_Layer_1:0 0.5333333333333333 0.5333333333333333 2.0 2.0 49 40 1.3 0
1
APP_6_Inner_Layer_1:1 0.4666666666666667 0.4666666666666667 1.75 2.63 35 25 2.59 0
1
APP_6_Inner_Layer_1:2 0.4 0.4 1.5 1.48 37 24 2.12 1
2
APP_6_Inner_Layer_1:3 0.13333333333333333 0.13333333333333333 0.5 1.16 3 19 2.1 1
1 2
APP_6_Inner_Layer_2:0 0.2 0.2 0.75 1.43 25 21 2.8 0
4 5
APP_6_Inner_Layer_2:1 0.13333333333333333 0.13333333333333333 0.5 2.48 7 30 3.86 1
3 4 5 6
APP_6_Output_Layer_0 0.3333333333333333 0.3333333333333333 1.25 1.87 12 49 1.51 1
7 8
4
1.947989373488813
APP_7_Input_Layer_0 0.3333333333333333 0.3333333333333333 1.25 2.05 14 27 2.32 1

APP_7_Inner_Layer_0:0 0.5333333333333333 0.5333333333333333 2.0 2.41 12 29 2.28 1
0
APP_7_Inner_Layer_0:1 0.5333333333333333 0.5333333333333333 2.0 3.39 49 38 2.26 1
0
APP_7_Output_Layer_0 0.6 0.6 2.25 2.77 43 13 2.93 0
1 2
4
2.3694922565187695
APP_8_Input_Layer_0 0.26666666666666666 0.26666666666666666 1.0 1.59 36 46 2.33 0

APP_8_Inner_Layer_0:0 0.6 0.6 2.25 3.55 3 6 2.47 1
0
APP_8_Inner_Layer_0:1 0.4 0.4 1.5 1.75 46 36 2.5 1
0
APP_8_Output_Layer_0 0.5333333333333333 0.5333333333333333 2.0 3.54 14 18 2.78 1
1 2
6
2.7464149253166195
APP_9_Input_Layer_0 0.4 0.4 1.5 3.07 16 42 1.46 1

APP_9_Inner_Layer_0:0 0.6 0.6 2.25 1.33 18 45 2.3 1
0
APP_9_Inner_Layer_0:1 0.2 0.2 0.75 2.78 45 37 2.15 1
0
APP_9_Inner_Layer_0:2 0.6 0.6 2.25 2.44 20 23 3.83 1
0
APP_9_Inner_Layer_0:3 0.5333333333333333 0.5333333333333333 2.0 2.34 41 2 2.66 0
0
APP_9_Output_Layer_0 0.5333333333333333 0.5333333333333333 2.0 2.11 6 39 1.28 1
1 2 3 4
5
3.169781847083756
APP_10_Input_Layer_0 0.4666666666666667 0.4666666666666667 1.75 2.85 1 30 2.76 1

APP_10_Inner_Layer_0:0 0.26666666666666666 0.26666666666666666 1.0 1.69 28 14 1.04 0
0
APP_10_Inner_Layer_1:0 0.06666666666666667 0.06666666666666667 0.25 3.76 28 14 2.68 1
1
APP_10_Inner_Layer_1:1 0.2 0.2 0.75 2.93 35 12 2.21 1
1
APP_10_Output_Layer_0 0.06666666666666667 0.06666666666666667 0.25 2.83 3 31 2.61 1
2 3
6
3.5857469561882525
APP_11_Input_Layer_0 0.5333333333333333 0.5333333333333333 2.0 2.38 15 13 2.86 0

APP_11_Inner_Layer_0:0 0.26666666666666666 0.26666666666666666 1.0 1.16 30 23 2.19 1
0
APP_11_Inner_Layer_0:1 0.2 0.2 0.75 3.68 45 47 1.62 1
0
APP_11_Inner_Layer_0:2 0.06666666666666667 0.06666666666666667 0.25 3.57 45 8 2.56 1
0
APP_11_Inner_Layer_0:3 0.5333333333333333 0.5333333333333333 2.0 2.41 2 31 3.41 1
0
APP_11_Output_Layer_0 0.2 0.2 0.75 2.22 32 47 3.87 1
1 2 3 4
3
3.799216182307741
APP_12_Input_Layer_0 0.2 0.2 0.75 2.49 8 31 1.36 1

APP_12_Inner_Layer_0:0 0.06666666666666667 0.06666666666666667 0.25 2.82 13 11 3.85 1
0
APP_12_Output_Layer_0 0.26666666666666666 0.26666666666666666 1.0 3.12 28 5 1.36 1
1
9
4.098233610056676
APP_13_Input_Layer_0 0.4 0.4 1.5 2.42 46 33 1.16 1

APP_13_Inner_Layer_0:0 0.13333333333333333 0.13333333333333333 0.5 2.64 23 19 3.51 0
0
APP_13_Inner_Layer_0:1 0.13333333333333333 0.13333333333333333 0.5 1.23 16 48 1.42 1
0
APP_13_Inner_Layer_0:2 0.4666666666666667 0.4666666666666667 1.75 3.61 30 7 2.82 1
0
APP_13_Inner_Layer_1:0 0.26666666666666666 0.26666666666666666 1.0 1.6 9 10 2.39 1
1 2 3
APP_13_Inner_Layer_1:1 0.4 0.4 1.5 3.98 16 5 1.89 0
1 2
APP_13_Inner_Layer_1:2 0.3333333333333333 0.3333333333333333 1.25 1.73 42 18 3.3 1
1 2
APP_13_Inner_Layer_1:3 0.4 0.4 1.5 1.84 13 40 2.59 0
1 3
APP_13_Output_Layer_0 0.6 0.6 2.25 3.86 27 36 2.65 1
4 5 6 7
4
4.401664724856828
APP_14_Input_Layer_0 0.26666666666666666 0.26666666666666666 1.0 2.03 15 16 2.67 1

APP_14_Inner_Layer_0:0 0.26666666666666666 0.26666666666666666 1.0 1.19 12 35 3.48 1
0
APP_14_Inner_Layer_0:1 0.2 0.2 0.75 2.22 24 2 1.6 1
0
APP_14_Output_Layer_0 0.06666666666666667 0.06666666666666667 0.25 3.86 44 37 3.94 1
1 2
3
4.872635940824457
APP_15_Input_Layer_0 0.4666666666666667 0.4666666666666667 1.75 1.79 3 36 3.43 1

APP_15_Inner_Layer_0:0 0.06666666666666667 0.06666666666666667 0.25 1.45 12 11 2.21 1
0
APP_15_Output_Layer_0 0.06666666666666667 0.06666666666666667 0.25 1.86 32 17 2.37 1
1
10
5.321950218870246
APP_16_Input_Layer_0 0.2 0.2 0.75 2.52 17 22 1.91 1

APP_16_Inner_Layer_0:0 0.4666666666666667 0.4666666666666667 1.75 3.59 35 1 2.39 1
0
APP_16_Inner_Layer_0:1 0.4 0.4 1.5 1.23 4 40 3.49 0
0
APP_16_Inner_Layer_0:2 0.26666666666666666 0.26666666666666666 1.0 3.3 41 26 3.44 1
0
APP_16_Inner_Layer_0:3 0.06666666666666667 0.06666666666666667 0.25 2.09 36 34 3.85 1
0
APP_16_Inner_Layer_1:0 0.3333333333333333 0.3333333333333333 1.25 1.01 3 5 1.96 0
1 3
APP_16_Inner_Layer_1:1 0.3333333333333333 0.3333333333333333 1.25 3.87 32 31 1.42 1
2 4
APP_16_Inner_Layer_1:2 0.13333333333333333 0.13333333333333333 0.5 2.84 48 3 3.47 1
1
APP_16_Inner_Layer_1:3 0.06666666666666667 0.06666666666666667 0.25 3.87 10 49 3.92 0
1
APP_16_Output_Layer_0 0.4666666666666667 0.4666666666666667 1.75 3.68 26 4 1.18 1
5 6 7 8
6
5.650096872592868
APP_17_Input_Layer_0 0.5333333333333333 0.5333333333333333 2.0 1.9 22 41 2.42 0

APP_17_Inner_Layer_0:0 0.6 0.6 2.25 1.09 38 27 3.06 1
0
APP_17_Inner_Layer_0:1 0.3333333333333333 0.3333333333333333 1.25 2.79 42 8 3.4 1
0
APP_17_Inner_Layer_1:0 0.4 0.4 1.5 1.67 19 42 1.93 1
1
APP_17_Inner_Layer_1:1 0.2 0.2 0.75 3.41 21 35 3.7 1
2
APP_17_Output_Layer_0 0.3333333333333333 0.3333333333333333 1.25 1.86 43 44 3.02 1
3 4
4
6.011236681520542
APP_18_Input_Layer_0 0.13333333333333333 0.13333333333333333 0.5 1.92 30 13 2.64 1

APP_18_Inner_Layer_0:0 0.2 0.2 0.75 2.21 31 16 1.06 1
0
APP_18_Inner_Layer_0:1 0.3333333333333333 0.3333333333333333 1.25 2.94 46 10 2.66 0
0
APP_18_Output_Layer_0 0.06666666666666667 0.06666666666666667 0.25 1.85 30 34 2.19 1
1 2
10
6.392363853936212
APP_19_Input_Layer_0 0.6 0.6 2.25 2.47 7 16 2.79 1

APP_19_Inner_Layer_0:0 0.13333333333333333 0.13333333333333333 0.5 1.83 6 29 2.43 0
0
APP_19_Inner_Layer_0:1 0.26666666666666666 0.26666666666666666 1.0 1.06 24 27 2.55 0
0
APP_19_Inner_Layer_0:2 0.3333333333333333 0.3333333333333333 1.25 1.04 40 23 3.96 0
0
APP_19_Inner_Layer_0:3 0.3333333333333333 0.3333333333333333 1.25 1.16 25 15 1.87 1
0
APP_19_Inner_Layer_1:0 0.3333333333333333 0.3333333333333333 1.25 3.45 28 45 1.76 1
3
APP_19_Inner_Layer_1:1 0.2 0.2 0.75 1.65 13 6 2.44 0
1 2 4
APP_19_Inner_Layer_1:2 0.2 0.2 0.75 3.54 25 5 2.59 0
2
APP_19_Inner_Layer_1:3 0.5333333333333333 0.5333333333333333 2.0 1.43 32 27 1.31 1
4 3 2
APP_19_Output_Layer_0 0.6 0.6 2.25 1.45 8 16 3.67 1
5 6 7 8
