10
20
12
0
APP_0_Input_Layer_0 0.13333333333333333 0.13333333333333333 0.5 2.14 10 24 3.3 1

APP_0_Inner_Layer_0:0 0.2 0.2 0.75 3.31 48 33 3.71 1
0
APP_0_Inner_Layer_0:1 0.4 0.4 1.5 2.1 29 9 3.17 1
0
APP_0_Inner_Layer_1:0 0.2 0.2 0.75 3.5 17 48 2.94 1
1 2
APP_0_Inner_Layer_1:1 0.4 0.4 1.5 3.94 30 44 3.59 1
2
APP_0_Inner_Layer_1:2 0.4 0.4 1.5 2.55 13 19 1.73 1
2
APP_0_Inner_Layer_1:3 0.5333333333333333 0.5333333333333333 2.0 1.55 28 21 3.08 1
2
APP_0_Inner_Layer_2:0 0.5333333333333333 0.5333333333333333 2.0 1.93 30 12 2.39 1
3 5 6
APP_0_Inner_Layer_2:1 0.4 0.4 1.5 2.9 20 24 1.37 1
4
APP_0_Inner_Layer_3:0 0.3333333333333333 0.3333333333333333 1.25 1.62 6 49 1.26 1
8
APP_0_Inner_Layer_3:1 0.6 0.6 2.25 2.04 34 49 2.56 1
7 8
APP_0_Output_Layer_0 0.13333333333333333 0.13333333333333333 0.5 3.71 8 5 3.49 1
9 10
6
0.49143388087195067
APP_1_Input_Layer_0 0.06666666666666667 0.06666666666666667 0.25 3.71 3 35 2.01 1

APP_1_Inner_Layer_0:0 0.4666666666666667 0.4666666666666667 1.75 3.92 47 33 2.22 1
0
APP_1_Inner_Layer_0:1 0.13333333333333333 0.13333333333333333 0.5 3.15 33 19 3.91 1
0
APP_1_Inner_Layer_1:0 0.3333333333333333 0.3333333333333333 1.25 3.05 45 39 1.67 0
1 2
APP_1_Inner_Layer_1:1 0.4666666666666667 0.4666666666666667 1.75 2.48 21 18 3.22 0
2
APP_1_Output_Layer_0 0.4666666666666667 0.4666666666666667 1.75 3.68 14 43 2.72 1
3 4
8
0.7050027560224489
APP_2_Input_Layer_0 0.5333333333333333 0.5333333333333333 2.0 1.19 22 44 3.01 1

APP_2_Inner_Layer_0:0 0.4666666666666667 0.4666666666666667 1.75 1.95 5 47 3.18 1
0
APP_2_Inner_Layer_0:1 0.06666666666666667 0.06666666666666667 0.25 3.06 6 5 3.95 0
0
APP_2_Inner_Layer_1:0 0.3333333333333333 0.3333333333333333 1.25 1.93 20 3 1.55 1
2
APP_2_Inner_Layer_1:1 0.5333333333333333 0.5333333333333333 2.0 2.88 2 45 2.05 0
1
APP_2_Inner_Layer_2:0 0.26666666666666666 0.26666666666666666 1.0 2.42 27 4 3.22 0
4
APP_2_Inner_Layer_2:1 0.6 0.6 2.25 2.48 3 40 1.19 0
3 4
APP_2_Output_Layer_0 0.4 0.4 1.5 3.48 20 19 1.34 1
5 6
3
1.0421477490389033
APP_3_Input_Layer_0 0.5333333333333333 0.5333333333333333 2.0 1.4 39 19 3.94 1

APP_3_Inner_Layer_0:0 0.3333333333333333 0.3333333333333333 1.25 3.63 45 24 3.81 1
0
APP_3_Output_Layer_0 0.5333333333333333 0.5333333333333333 2.0 2.94 35 33 2.48 0
1
10
1.2964172215540286
APP_4_Input_Layer_0 0.4666666666666667 0.4666666666666667 1.75 2.31 32 40 1.38 1

APP_4_Inner_Layer_0:0 0.2 0.2 0.75 3.33 38 7 2.09 1
0
APP_4_Inner_Layer_0:1 0.06666666666666667 0.06666666666666667 0.25 2.13 10 28 3.09 0
0
APP_4_Inner_Layer_0:2 0.2 0.2 0.75 3.88 16 37 3.87 1
0
APP_4_Inner_Layer_0:3 0.06666666666666667 0.06666666666666667 0.25 3.33 40 7 2.2 1
0
APP_4_Inner_Layer_1:0 0.5333333333333333 0.5333333333333333 2.0 3.5 31 7 3.2 0
3
APP_4_Inner_Layer_1:1 0.4666666666666667 0.4666666666666667 1.75 3.18 27 40 3.42 1
1 4
APP_4_Inner_Layer_1:2 0.6 0.6 2.25 1.27 24 19 2.06 1
2 4
APP_4_Inner_Layer_2:0 0.6 0.6 2.25 1.86 9 37 1.65 1
5 6 7
APP_4_Output_Layer_0 0.2 0.2 0.75 1.57 37 19 3.29 1
8
8
1.6756427613785756
APP_5_Input_Layer_0 0.5333333333333333 0.5333333333333333 2.0 1.81 21 21 1.67 1

APP_5_Inner_Layer_0:0 0.6 0.6 2.25 2.2 17 14 2.37 1
0
APP_5_Inner_Layer_0:1 0.5333333333333333 0.5333333333333333 2.0 3.82 44 6 2.56 1
0
APP_5_Inner_Layer_1:0 0.4 0.4 1.5 3.07 17 38 1.34 1
2
APP_5_Inner_Layer_1:1 0.3333333333333333 0.3333333333333333 1.25 2.29 12 43 2.22 1
2
APP_5_Inner_Layer_1:2 0.2 0.2 0.75 1.1 19 13 1.45 1
2
APP_5_Inner_Layer_1:3 0.4 0.4 1.5 1.94 1 14 2.21 1
1 2
APP_5_Output_Layer_0 0.26666666666666666 0.26666666666666666 1.0 1.83 48 21 3.37 1
3 4 5 6
5
1.935535469818024
APP_6_Input_Layer_0 0.2 0.2 0.75 1.82 28 4 2.03 1

APP_6_Inner_Layer_0:0 0.4666666666666667 0.4666666666666667 1.75 3.45 30 30 2.82 0
0
APP_6_Inner_Layer_0:1 0.3333333333333333 0.3333333333333333 1.25 1.77 37 11 2.24 1
0
APP_6_Inner_Layer_0:2 0.06666666666666667 0.06666666666666667 0.25 1.05 17 29 1.94 1
0
APP_6_Output_Layer_0 0.06666666666666667 0.06666666666666667 0.25 2.56 47 47 3.79 1
1 2 3
8
2.2056022526814174
APP_7_Input_Layer_0 0.6 0.6 2.25 3.09 42 21 2.15 1

APP_7_Inner_Layer_0:0 0.5333333333333333 0.5333333333333333 2.0 3.8 25 6 3.72 0
0
APP_7_Inner_Layer_0:1 0.4666666666666667 0.4666666666666667 1.75 2.96 25 32 1.2 1
0
APP_7_Inner_Layer_0:2 0.13333333333333333 0.13333333333333333 0.5 2.62 32 35 1.88 1
0
APP_7_Inner_Layer_1:0 0.4 0.4 1.5 1.07 19 3 1.32 1
1 2
APP_7_Inner_Layer_1:1 0.5333333333333333 0.5333333333333333 2.0 2.81 14 47 2.26 1
3
APP_7_Inner_Layer_1:2 0.06666666666666667 0.06666666666666667 0.25 2.33 7 8 2.69 0
1 2
APP_7_Output_Layer_0 0.6 0.6 2.25 2.43 41 12 1.19 1
4 5 6
7
2.6424792724542754
APP_8_Input_Layer_0 0.2 0.2 0.75 3.13 28 27 1.4 1

APP_8_Inner_Layer_0:0 0.4666666666666667 0.4666666666666667 1.75 2.11 41 48 2.52 0
0
APP_8_Inner_Layer_1:0 0.5333333333333333 0.5333333333333333 2.0 3.93 30 48 3.3 0
1
APP_8_Inner_Layer_1:1 0.2 0.2 0.75 3.66 22 40 1.92 0
1
APP_8_Inner_Layer_1:2 0.26666666666666666 0.26666666666666666 1.0 3.1 49 27 1.01 0
1
APP_8_Inner_Layer_1:3 0.26666666666666666 0.26666666666666666 1.0 1.59 20 2 3.39 1
1
APP_8_Output_Layer_0 0.5333333333333333 0.5333333333333333 2.0 3.24 15 2 2.5 1
2 3 4 5
11
2.9553948764094864
APP_9_Input_Layer_0 0.2 0.2 0.75 3.41 32 43 1.26 1

APP_9_Inner_Layer_0:0 0.5333333333333333 0.5333333333333333 2.0 2.98 1 4 3.12 0
0
APP_9_Inner_Layer_0:1 0.3333333333333333 0.3333333333333333 1.25 2.56 7 8 1.04 0
0
APP_9_Inner_Layer_0:2 0.4 0.4 1.5 1.46 21 16 1.47 0
0
APP_9_Inner_Layer_1:0 0.4 0.4 1.5 2.91 15 21 3.12 1
1 2 3
APP_9_Inner_Layer_2:0 0.5333333333333333 0.5333333333333333 2.0 2.33 24 29 3.73 1
4
APP_9_Inner_Layer_2:1 0.06666666666666667 0.06666666666666667 0.25 3.25 7 26 1.59 0
4
APP_9_Inner_Layer_2:2 0.2 0.2 0.75 1.96 34 4 1.73 1
4
APP_9_Inner_Layer_2:3 0.5333333333333333 0.5333333333333333 2.0 2.26 15 24 1.85 1
4
APP_9_Inner_Layer_3:0 0.4 0.4 1.5 1.27 43 28 1.36 0
5 6 7 8
APP_9_Output_Layer_0 0.4666666666666667 0.4666666666666667 1.75 2.8 21 33 3.81 0
9
4
3.254164878720281
APP_10_Input_Layer_0 0.3333333333333333 0.3333333333333333 1.25 3.01 44 14 1.59 1

APP_10_Inner_Layer_0:0 0.6 0.6 2.25 1.34 15 2 3.64 1
0
APP_10_Inner_Layer_0:1 0.13333333333333333 0.13333333333333333 0.5 3.44 9 36 2.84 1
0
APP_10_Output_Layer_0 0.26666666666666666 0.26666666666666666 1.0 3.9 37 13 3.86 1
1 2
11
3.479446764481052
APP_11_Input_Layer_0 0.6 0.6 2.25 1.66 27 47 2.75 1

APP_11_Inner_Layer_0:0 0.06666666666666667 0.06666666666666667 0.25 3.89 44 20 3.1 1
0
APP_11_Inner_Layer_0:1 0.5333333333333333 0.5333333333333333 2.0 2.69 40 24 2.01 0
0
APP_11_Inner_Layer_0:2 0.13333333333333333 0.13333333333333333 0.5 1.53 38 44 1.7 1
0
APP_11_Inner_Layer_0:3 0.4 0.4 1.5 2.75 18 48 2.35 1
0
APP_11_Inner_Layer_1:0 0.06666666666666667 0.06666666666666667 0.25 2.27 27 18 2.51 1
1 2 3 4
APP_11_Inner_Layer_2:0 0.06666666666666667 0.06666666666666667 0.25 2.99 17 39 1.63 1
5
APP_11_Inner_Layer_2:1 0.2 0.2 0.75 2.49 12 11 3.9 1
5
APP_11_Inner_Layer_2:2 0.2 0.2 0.75 3.99 38 27 3.84 1
5
APP_11_Inner_Layer_2:3 0.4 0.4 1.5 3.1 21 35 2.42 1
5
APP_11_Output_Layer_0 0.2 0.2 0.75 3.98 33 14 2.03 1
6 7 8 9
5
3.751791910400511
APP_12_Input_Layer_0 0.26666666666666666 0.26666666666666666 1.0 3.11 33 7 1.8 1

APP_12_Inner_Layer_0:0 0.6 0.6 2.25 3.07 45 14 2.21 0
0
APP_12_Inner_Layer_0:1 0.4666666666666667 0.4666666666666667 1.75 1.93 28 35 1.72 1
0
APP_12_Inner_Layer_0:2 0.5333333333333333 0.5333333333333333 2.0 3.98 10 27 3.41 1
0
APP_12_Output_Layer_0 0.26666666666666666 0.26666666666666666 1.0 1.55 27 7 2.99 1
1 2 3
8
4.022975621087075
APP_13_Input_Layer_0 0.4 0.4 1.5 3.08 33 28 2.05 1

APP_13_Inner_Layer_0:0 0.6 0.6 2.25 1.37 12 15 2.27 0
0
APP_13_Inner_Layer_1:0 0.5333333333333333 0.5333333333333333 2.0 2.74 49 14 3.12 1
1
APP_13_Inner_Layer_2:0 0.4 0.4 1.5 3.29 32 31 2.48 0
2
APP_13_Inner_Layer_3:0 0.4 0.4 1.5 1.74 16 18 1.73 1
3
APP_13_Inner_Layer_3:1 0.06666666666666667 0.06666666666666667 0.25 1.94 41 10 2.32 0
3
APP_13_Inner_Layer_3:2 0.5333333333333333 0.5333333333333333 2.0 3.46 9 37 2.34 0
3
APP_13_Output_Layer_0 0.5333333333333333 0.5333333333333333 2.0 1.7 23 11 2.98 1
4 5 6
14
4.372108441244208
APP_14_Input_Layer_0 0.4 0.4 1.5 3.91 43 11 3.46 1

APP_14_Inner_Layer_0:0 0.6 0.6 2.25 3.97 30 8 2.94 1
0
APP_14_Inner_Layer_0:1 0.4666666666666667 0.4666666666666667 1.75 3.88 4 48 1.15 1
0
APP_14_Inner_Layer_0:2 0.2 0.2 0.75 3.72 46 3 1.73 1
0
APP_14_Inner_Layer_0:3 0.13333333333333333 0.13333333333333333 0.5 2.42 32 49 3.13 1
0
APP_14_Inner_Layer_1:0 0.6 0.6 2.25 3.76 36 1 1.74 1
2 3 4
APP_14_Inner_Layer_1:1 0.2 0.2 0.75 3.85 16 44 3.07 1
3
APP_14_Inner_Layer_1:2 0.13333333333333333 0.13333333333333333 0.5 3.33 1 44 3.17 1
1 4
APP_14_Inner_Layer_2:0 0.06666666666666667 0.06666666666666667 0.25 3.18 26 47 2.5 1
5 6
APP_14_Inner_Layer_2:1 0.13333333333333333 0.13333333333333333 0.5 1.61 45 24 2.85 0
7
APP_14_Inner_Layer_3:0 0.3333333333333333 0.3333333333333333 1.25 2.55 46 35 2.49 1
8
APP_14_Inner_Layer_3:1 0.2 0.2 0.75 1.52 42 37 1.84 0
8
APP_14_Inner_Layer_3:2 0.5333333333333333 0.5333333333333333 2.0 2.38 32 8 2.38 0
8 9
APP_14_Output_Layer_0 0.13333333333333333 0.13333333333333333 0.5 1.1 12 3 3.34 1
10 11 12
5
4.74816934352944
APP_15_Input_Layer_0 0.5333333333333333 0.5333333333333333 2.0 3.94 49 45 2.4 1

APP_15_Inner_Layer_0:0 0.3333333333333333 0.3333333333333333 1.25 3.37 24 21 3.06 0
0
APP_15_Inner_Layer_0:1 0.4666666666666667 0.4666666666666667 1.75 3.0 20 20 3.86 1
0
APP_15_Inner_Layer_1:0 0.4666666666666667 0.4666666666666667 1.75 2.31 8 24 2.07 1
1 2
APP_15_Output_Layer_0 0.26666666666666666 0.26666666666666666 1.0 2.84 24 42 2.24 1
3
4
4.9974246625760115
APP_16_Input_Layer_0 0.3333333333333333 0.3333333333333333 1.25 2.75 49 24 1.77 1

APP_16_Inner_Layer_0:0 0.26666666666666666 0.26666666666666666 1.0 3.63 7 27 3.34 0
0
APP_16_Inner_Layer_0:1 0.26666666666666666 0.26666666666666666 1.0 1.26 1 23 2.67 1
0
APP_16_Output_Layer_0 0.5333333333333333 0.5333333333333333 2.0 2.98 41 30 1.05 1
1 2
7
5.340350969765644
APP_17_Input_Layer_0 0.13333333333333333 0.13333333333333333 0.5 3.97 47 7 3.36 1

APP_17_Inner_Layer_0:0 0.5333333333333333 0.5333333333333333 2.0 3.66 1 15 2.55 1
0
APP_17_Inner_Layer_1:0 0.06666666666666667 0.06666666666666667 0.25 1.61 49 17 2.7 0
1
APP_17_Inner_Layer_2:0 0.6 0.6 2.25 1.19 28 20 2.77 1
2
APP_17_Inner_Layer_2:1 0.2 0.2 0.75 3.75 31 49 1.74 1
2
APP_17_Inner_Layer_2:2 0.4666666666666667 0.4666666666666667 1.75 1.29 13 10 2.68 1
2
APP_17_Output_Layer_0 0.13333333333333333 0.13333333333333333 0.5 1.17 3 4 2.02 1
3 4 5
7
5.781312741530543
APP_18_Input_Layer_0 0.2 0.2 0.75 1.06 26 3 3.16 1

APP_18_Inner_Layer_0:0 0.26666666666666666 0.26666666666666666 1.0 2.69 16 44 2.46 1
0
APP_18_Inner_Layer_0:1 0.13333333333333333 0.13333333333333333 0.5 2.46 6 4 3.6 1
0
APP_18_Inner_Layer_0:2 0.4666666666666667 0.4666666666666667 1.75 2.22 16 16 3.04 1
0
APP_18_Inner_Layer_0:3 0.4 0.4 1.5 3.64 32 43 2.37 0
0
APP_18_Inner_Layer_1:0 0.4 0.4 1.5 2.42 45 41 2.53 0
1 2 3 4
APP_18_Output_Layer_0 0.2 0.2 0.75 1.29 44 2 3.7 1
5
7
6.015564642425788
APP_19_Input_Layer_0 0.2 0.2 0.75 3.55 49 11 3.24 0

APP_19_Inner_Layer_0:0 0.13333333333333333 0.13333333333333333 0.5 2.61 27 40 1.98 0
0
APP_19_Inner_Layer_0:1 0.3333333333333333 0.3333333333333333 1.25 3.83 46 5 2.13 0
0
APP_19_Inner_Layer_1:0 0.4666666666666667 0.4666666666666667 1.75 2.87 47 14 2.02 1
1 2
APP_19_Inner_Layer_1:1 0.3333333333333333 0.3333333333333333 1.25 1.79 9 15 1.31 1
1
APP_19_Inner_Layer_1:2 0.4666666666666667 0.4666666666666667 1.75 2.92 13 9 3.35 0
1
APP_19_Output_Layer_0 0.6 0.6 2.25 3.36 29 17 2.85 1
3 4 5
