10
20
6
0
APP_0_Input_Layer_0 0.06666666666666667 0.06666666666666667 0.25 3.11 14 21 3.31 1

APP_0_Inner_Layer_0:0 0.3333333333333333 0.3333333333333333 1.25 1.03 2 21 3.89 1
0
APP_0_Inner_Layer_1:0 0.4666666666666667 0.4666666666666667 1.75 2.65 42 46 2.45 1
1
APP_0_Inner_Layer_2:0 0.13333333333333333 0.13333333333333333 0.5 2.99 27 20 3.15 0
2
APP_0_Inner_Layer_2:1 0.26666666666666666 0.26666666666666666 1.0 3.66 11 8 1.93 0
2
APP_0_Output_Layer_0 0.06666666666666667 0.06666666666666667 0.25 1.41 6 30 1.42 1
3 4
3
0.18614788858075065
APP_1_Input_Layer_0 0.26666666666666666 0.26666666666666666 1.0 2.22 48 37 1.4 1

APP_1_Inner_Layer_0:0 0.4666666666666667 0.4666666666666667 1.75 2.41 42 36 3.32 1
0
APP_1_Output_Layer_0 0.4666666666666667 0.4666666666666667 1.75 1.48 49 10 2.79 1
1
6
0.6428257170176267
APP_2_Input_Layer_0 0.4666666666666667 0.4666666666666667 1.75 3.39 48 31 2.27 1

APP_2_Inner_Layer_0:0 0.6 0.6 2.25 1.82 16 43 3.64 0
0
APP_2_Inner_Layer_0:1 0.2 0.2 0.75 2.06 16 35 1.12 1
0
APP_2_Inner_Layer_0:2 0.3333333333333333 0.3333333333333333 1.25 3.87 10 37 1.95 1
0
APP_2_Inner_Layer_0:3 0.3333333333333333 0.3333333333333333 1.25 3.86 23 42 1.02 1
0
APP_2_Output_Layer_0 0.4666666666666667 0.4666666666666667 1.75 3.66 40 7 2.02 1
1 2 3 4
9
0.8630061447239233
APP_3_Input_Layer_0 0.5333333333333333 0.5333333333333333 2.0 1.16 20 15 3.72 1

APP_3_Inner_Layer_0:0 0.26666666666666666 0.26666666666666666 1.0 2.65 21 15 1.59 0
0
APP_3_Inner_Layer_0:1 0.26666666666666666 0.26666666666666666 1.0 1.37 19 36 1.21 1
0
APP_3_Inner_Layer_0:2 0.5333333333333333 0.5333333333333333 2.0 2.25 42 23 1.47 1
0
APP_3_Inner_Layer_1:0 0.4 0.4 1.5 2.15 21 44 3.8 1
1 3
APP_3_Inner_Layer_1:1 0.2 0.2 0.75 3.31 32 43 1.65 1
2
APP_3_Inner_Layer_1:2 0.3333333333333333 0.3333333333333333 1.25 2.55 1 45 2.43 0
3
APP_3_Inner_Layer_1:3 0.2 0.2 0.75 2.73 27 36 3.49 0
3
APP_3_Output_Layer_0 0.06666666666666667 0.06666666666666667 0.25 3.89 38 36 2.09 0
4 5 6 7
13
1.1753988583114034
APP_4_Input_Layer_0 0.3333333333333333 0.3333333333333333 1.25 2.6 8 1 1.98 1

APP_4_Inner_Layer_0:0 0.4 0.4 1.5 1.39 30 3 1.32 0
0
APP_4_Inner_Layer_0:1 0.5333333333333333 0.5333333333333333 2.0 3.95 42 6 2.09 1
0
APP_4_Inner_Layer_0:2 0.4666666666666667 0.4666666666666667 1.75 1.05 33 45 3.01 0
0
APP_4_Inner_Layer_1:0 0.4 0.4 1.5 1.1 4 39 2.04 0
2
APP_4_Inner_Layer_1:1 0.6 0.6 2.25 1.48 34 16 2.45 0
1 2 3
APP_4_Inner_Layer_1:2 0.06666666666666667 0.06666666666666667 0.25 1.51 34 15 1.29 0
2 3
APP_4_Inner_Layer_2:0 0.5333333333333333 0.5333333333333333 2.0 2.28 1 5 3.85 1
4
APP_4_Inner_Layer_2:1 0.06666666666666667 0.06666666666666667 0.25 3.82 14 24 3.73 1
5 6
APP_4_Inner_Layer_3:0 0.4 0.4 1.5 3.34 25 45 1.03 1
7
APP_4_Inner_Layer_3:1 0.13333333333333333 0.13333333333333333 0.5 3.36 24 9 2.87 0
7 8
APP_4_Inner_Layer_3:2 0.5333333333333333 0.5333333333333333 2.0 3.09 35 43 3.45 1
8
APP_4_Output_Layer_0 0.13333333333333333 0.13333333333333333 0.5 1.07 33 25 1.56 1
9 10 11
7
1.4609454212267652
APP_5_Input_Layer_0 0.5333333333333333 0.5333333333333333 2.0 1.43 18 11 3.35 1

APP_5_Inner_Layer_0:0 0.26666666666666666 0.26666666666666666 1.0 1.13 46 46 3.45 1
0
APP_5_Inner_Layer_0:1 0.5333333333333333 0.5333333333333333 2.0 2.44 5 10 3.53 1
0
APP_5_Inner_Layer_0:2 0.4 0.4 1.5 3.02 13 40 3.41 0
0
APP_5_Inner_Layer_1:0 0.06666666666666667 0.06666666666666667 0.25 3.25 6 25 3.64 0
2
APP_5_Inner_Layer_1:1 0.26666666666666666 0.26666666666666666 1.0 3.37 43 17 2.27 0
1 3
APP_5_Output_Layer_0 0.4 0.4 1.5 2.59 30 37 2.7 1
4 5
3
1.6950776365691569
APP_6_Input_Layer_0 0.26666666666666666 0.26666666666666666 1.0 1.74 38 19 3.16 1

APP_6_Inner_Layer_0:0 0.26666666666666666 0.26666666666666666 1.0 1.52 38 24 2.43 1
0
APP_6_Output_Layer_0 0.5333333333333333 0.5333333333333333 2.0 1.38 49 35 3.34 0
1
12
1.9513713019523293
APP_7_Input_Layer_0 0.5333333333333333 0.5333333333333333 2.0 3.93 44 42 3.51 1

APP_7_Inner_Layer_0:0 0.2 0.2 0.75 3.57 13 23 2.1 0
0
APP_7_Inner_Layer_0:1 0.6 0.6 2.25 3.15 26 36 1.86 1
0
APP_7_Inner_Layer_0:2 0.4666666666666667 0.4666666666666667 1.75 1.5 31 18 3.89 0
0
APP_7_Inner_Layer_0:3 0.2 0.2 0.75 1.01 7 19 1.61 1
0
APP_7_Inner_Layer_1:0 0.26666666666666666 0.26666666666666666 1.0 1.3 7 4 2.74 0
2 3
APP_7_Inner_Layer_1:1 0.5333333333333333 0.5333333333333333 2.0 1.39 35 29 2.93 1
1 4
APP_7_Inner_Layer_2:0 0.06666666666666667 0.06666666666666667 0.25 3.53 7 16 2.67 0
5 6
APP_7_Inner_Layer_3:0 0.06666666666666667 0.06666666666666667 0.25 3.01 10 34 2.21 1
7
APP_7_Inner_Layer_3:1 0.2 0.2 0.75 3.24 7 24 3.73 1
7
APP_7_Inner_Layer_3:2 0.3333333333333333 0.3333333333333333 1.25 3.06 34 21 3.87 1
7
APP_7_Output_Layer_0 0.13333333333333333 0.13333333333333333 0.5 3.38 39 45 3.13 1
8 9 10
9
2.138797569737384
APP_8_Input_Layer_0 0.26666666666666666 0.26666666666666666 1.0 1.34 26 20 1.26 1

APP_8_Inner_Layer_0:0 0.26666666666666666 0.26666666666666666 1.0 3.05 8 7 1.45 1
0
APP_8_Inner_Layer_0:1 0.4666666666666667 0.4666666666666667 1.75 1.6 34 18 2.25 0
0
APP_8_Inner_Layer_1:0 0.26666666666666666 0.26666666666666666 1.0 2.34 8 39 2.16 0
1
APP_8_Inner_Layer_1:1 0.4666666666666667 0.4666666666666667 1.75 1.11 5 8 3.15 1
2
APP_8_Inner_Layer_1:2 0.4 0.4 1.5 1.1 23 23 2.74 1
1
APP_8_Inner_Layer_1:3 0.6 0.6 2.25 1.25 34 35 2.66 0
2
APP_8_Inner_Layer_2:0 0.5333333333333333 0.5333333333333333 2.0 2.81 28 24 1.17 0
3 4 5 6
APP_8_Output_Layer_0 0.4 0.4 1.5 3.77 9 13 3.36 1
7
13
2.459239375462059
APP_9_Input_Layer_0 0.2 0.2 0.75 3.68 34 41 3.91 1

APP_9_Inner_Layer_0:0 0.4666666666666667 0.4666666666666667 1.75 1.03 28 38 1.93 1
0
APP_9_Inner_Layer_0:1 0.3333333333333333 0.3333333333333333 1.25 3.44 20 21 3.22 1
0
APP_9_Inner_Layer_0:2 0.5333333333333333 0.5333333333333333 2.0 1.15 35 33 2.97 0
0
APP_9_Inner_Layer_0:3 0.2 0.2 0.75 3.0 37 21 3.68 1
0
APP_9_Inner_Layer_1:0 0.4 0.4 1.5 2.08 27 1 3.17 1
2 3
APP_9_Inner_Layer_1:1 0.2 0.2 0.75 1.07 23 41 1.73 1
1 2 3
APP_9_Inner_Layer_1:2 0.5333333333333333 0.5333333333333333 2.0 2.96 3 33 2.26 1
1 4
APP_9_Inner_Layer_2:0 0.2 0.2 0.75 1.95 1 19 1.67 1
6
APP_9_Inner_Layer_2:1 0.26666666666666666 0.26666666666666666 1.0 2.09 13 39 1.31 1
5 6
APP_9_Inner_Layer_2:2 0.5333333333333333 0.5333333333333333 2.0 3.87 10 45 1.56 1
5 7
APP_9_Inner_Layer_3:0 0.26666666666666666 0.26666666666666666 1.0 2.91 3 41 2.34 1
8 9 10
APP_9_Output_Layer_0 0.2 0.2 0.75 1.35 31 25 3.88 1
11
3
2.693756998182859
APP_10_Input_Layer_0 0.6 0.6 2.25 2.78 22 21 1.37 1

APP_10_Inner_Layer_0:0 0.5333333333333333 0.5333333333333333 2.0 2.78 27 11 2.19 1
0
APP_10_Output_Layer_0 0.13333333333333333 0.13333333333333333 0.5 2.52 37 6 1.26 1
1
11
2.995219360745218
APP_11_Input_Layer_0 0.6 0.6 2.25 2.03 8 21 2.85 1

APP_11_Inner_Layer_0:0 0.4666666666666667 0.4666666666666667 1.75 2.2 17 6 1.83 0
0
APP_11_Inner_Layer_0:1 0.5333333333333333 0.5333333333333333 2.0 3.25 7 17 3.94 1
0
APP_11_Inner_Layer_0:2 0.4666666666666667 0.4666666666666667 1.75 2.26 47 23 1.17 1
0
APP_11_Inner_Layer_1:0 0.5333333333333333 0.5333333333333333 2.0 1.83 5 36 3.17 0
2 3
APP_11_Inner_Layer_1:1 0.4 0.4 1.5 3.06 23 23 1.42 1
1
APP_11_Inner_Layer_2:0 0.2 0.2 0.75 1.47 30 9 2.89 1
5
APP_11_Inner_Layer_2:1 0.4666666666666667 0.4666666666666667 1.75 2.88 46 35 1.2 0
4
APP_11_Inner_Layer_2:2 0.3333333333333333 0.3333333333333333 1.25 3.83 30 33 1.77 1
5
APP_11_Inner_Layer_2:3 0.26666666666666666 0.26666666666666666 1.0 1.14 26 5 1.7 1
5
APP_11_Output_Layer_0 0.2 0.2 0.75 2.45 24 23 2.81 1
6 7 8 9
9
3.40047477396694
APP_12_Input_Layer_0 0.06666666666666667 0.06666666666666667 0.25 1.67 13 9 1.87 1

APP_12_Inner_Layer_0:0 0.3333333333333333 0.3333333333333333 1.25 2.7 6 37 1.9 0
0
APP_12_Inner_Layer_0:1 0.4 0.4 1.5 3.12 42 46 2.0 1
0
APP_12_Inner_Layer_1:0 0.4666666666666667 0.4666666666666667 1.75 3.66 46 31 3.27 1
2
APP_12_Inner_Layer_1:1 0.5333333333333333 0.5333333333333333 2.0 1.02 22 15 3.12 1
1 2
APP_12_Inner_Layer_2:0 0.3333333333333333 0.3333333333333333 1.25 2.66 9 9 2.04 0
3 4
APP_12_Inner_Layer_3:0 0.5333333333333333 0.5333333333333333 2.0 2.68 28 42 2.59 0
5
APP_12_Inner_Layer_3:1 0.13333333333333333 0.13333333333333333 0.5 1.86 17 46 2.85 1
5
APP_12_Output_Layer_0 0.13333333333333333 0.13333333333333333 0.5 3.06 34 22 3.88 1
6 7
11
3.657344729813367
APP_13_Input_Layer_0 0.2 0.2 0.75 3.74 47 15 2.31 1

APP_13_Inner_Layer_0:0 0.06666666666666667 0.06666666666666667 0.25 2.44 35 4 1.72 1
0
APP_13_Inner_Layer_0:1 0.13333333333333333 0.13333333333333333 0.5 2.89 25 38 3.23 1
0
APP_13_Inner_Layer_0:2 0.5333333333333333 0.5333333333333333 2.0 3.74 2 28 1.91 1
0
APP_13_Inner_Layer_1:0 0.3333333333333333 0.3333333333333333 1.25 1.4 48 14 1.86 1
1 2 3
APP_13_Inner_Layer_2:0 0.13333333333333333 0.13333333333333333 0.5 2.4 11 14 3.67 1
4
APP_13_Inner_Layer_2:1 0.3333333333333333 0.3333333333333333 1.25 3.57 41 32 2.35 0
4
APP_13_Inner_Layer_2:2 0.5333333333333333 0.5333333333333333 2.0 2.04 41 43 2.26 1
4
APP_13_Inner_Layer_2:3 0.06666666666666667 0.06666666666666667 0.25 2.35 2 8 1.75 0
4
APP_13_Inner_Layer_3:0 0.2 0.2 0.75 2.91 7 42 3.85 1
5 6 7 8
APP_13_Output_Layer_0 0.2 0.2 0.75 2.4 37 14 1.03 1
9
13
3.856982013872817
APP_14_Input_Layer_0 0.3333333333333333 0.3333333333333333 1.25 3.97 9 25 1.56 1

APP_14_Inner_Layer_0:0 0.6 0.6 2.25 1.85 40 9 1.7 1
0
APP_14_Inner_Layer_0:1 0.06666666666666667 0.06666666666666667 0.25 1.51 40 30 1.47 1
0
APP_14_Inner_Layer_0:2 0.06666666666666667 0.06666666666666667 0.25 3.1 3 5 2.69 1
0
APP_14_Inner_Layer_0:3 0.4666666666666667 0.4666666666666667 1.75 1.66 26 45 2.14 1
0
APP_14_Inner_Layer_1:0 0.5333333333333333 0.5333333333333333 2.0 1.77 10 4 3.99 0
3 4
APP_14_Inner_Layer_1:1 0.2 0.2 0.75 2.93 48 23 2.76 1
3
APP_14_Inner_Layer_1:2 0.4666666666666667 0.4666666666666667 1.75 3.12 48 3 3.11 1
1 2 3
APP_14_Inner_Layer_2:0 0.4666666666666667 0.4666666666666667 1.75 2.45 22 8 2.45 1
5 6
APP_14_Inner_Layer_2:1 0.4 0.4 1.5 2.25 18 21 2.22 0
7
APP_14_Inner_Layer_3:0 0.5333333333333333 0.5333333333333333 2.0 3.72 20 8 2.85 1
8 9
APP_14_Inner_Layer_3:1 0.6 0.6 2.25 2.89 4 29 2.53 1
9
APP_14_Output_Layer_0 0.5333333333333333 0.5333333333333333 2.0 3.59 25 2 1.27 1
10 11
8
4.057829658342903
APP_15_Input_Layer_0 0.4 0.4 1.5 2.52 18 10 3.74 1

APP_15_Inner_Layer_0:0 0.5333333333333333 0.5333333333333333 2.0 1.84 22 48 2.51 1
0
APP_15_Inner_Layer_0:1 0.06666666666666667 0.06666666666666667 0.25 1.59 3 39 3.05 1
0
APP_15_Inner_Layer_0:2 0.6 0.6 2.25 2.53 21 33 2.04 1
0
APP_15_Inner_Layer_1:0 0.4 0.4 1.5 1.31 40 16 3.59 1
2 3
APP_15_Inner_Layer_1:1 0.13333333333333333 0.13333333333333333 0.5 2.39 47 1 3.02 1
1
APP_15_Inner_Layer_1:2 0.26666666666666666 0.26666666666666666 1.0 3.47 15 8 3.36 1
2 3
APP_15_Output_Layer_0 0.3333333333333333 0.3333333333333333 1.25 2.34 18 36 2.06 1
4 5 6
5
4.3004195091054545
APP_16_Input_Layer_0 0.26666666666666666 0.26666666666666666 1.0 2.44 18 19 3.52 1

APP_16_Inner_Layer_0:0 0.4 0.4 1.5 2.31 15 47 1.34 1
0
APP_16_Inner_Layer_1:0 0.06666666666666667 0.06666666666666667 0.25 2.14 48 9 1.46 1
1
APP_16_Inner_Layer_1:1 0.2 0.2 0.75 2.5 46 17 1.45 1
1
APP_16_Output_Layer_0 0.4666666666666667 0.4666666666666667 1.75 3.67 15 34 3.31 1
2 3
13
4.578100968751288
APP_17_Input_Layer_0 0.5333333333333333 0.5333333333333333 2.0 2.08 35 20 2.12 1

APP_17_Inner_Layer_0:0 0.26666666666666666 0.26666666666666666 1.0 2.31 47 46 3.49 0
0
APP_17_Inner_Layer_0:1 0.4666666666666667 0.4666666666666667 1.75 2.21 27 44 1.96 1
0
APP_17_Inner_Layer_0:2 0.06666666666666667 0.06666666666666667 0.25 1.39 30 4 1.31 1
0
APP_17_Inner_Layer_1:0 0.5333333333333333 0.5333333333333333 2.0 2.8 18 1 1.36 0
2
APP_17_Inner_Layer_1:1 0.26666666666666666 0.26666666666666666 1.0 1.59 45 13 1.83 1
2 3
APP_17_Inner_Layer_1:2 0.3333333333333333 0.3333333333333333 1.25 2.06 13 20 3.27 0
1
APP_17_Inner_Layer_1:3 0.2 0.2 0.75 3.07 2 25 2.4 0
3
APP_17_Inner_Layer_2:0 0.6 0.6 2.25 1.79 22 8 3.61 1
4 7
APP_17_Inner_Layer_2:1 0.6 0.6 2.25 3.16 32 22 1.75 1
4 7
APP_17_Inner_Layer_2:2 0.06666666666666667 0.06666666666666667 0.25 2.08 24 2 1.61 1
5 6 7
APP_17_Inner_Layer_2:3 0.4 0.4 1.5 3.08 41 40 2.14 1
7 4 6
APP_17_Output_Layer_0 0.6 0.6 2.25 3.73 39 33 3.99 1
8 9 10 11
7
4.7960453613513
APP_18_Input_Layer_0 0.4 0.4 1.5 2.19 43 22 3.47 1

APP_18_Inner_Layer_0:0 0.6 0.6 2.25 3.72 23 18 2.84 0
0
APP_18_Inner_Layer_1:0 0.13333333333333333 0.13333333333333333 0.5 3.77 41 47 3.78 1
1
APP_18_Inner_Layer_1:1 0.13333333333333333 0.13333333333333333 0.5 3.07 47 22 3.33 1
1
APP_18_Inner_Layer_1:2 0.3333333333333333 0.3333333333333333 1.25 1.07 18 9 2.56 0
1
APP_18_Inner_Layer_1:3 0.13333333333333333 0.13333333333333333 0.5 3.0 32 39 2.23 1
1
APP_18_Output_Layer_0 0.5333333333333333 0.5333333333333333 2.0 2.86 18 5 3.4 1
2 3 4 5
12
5.116489578827703
APP_19_Input_Layer_0 0.26666666666666666 0.26666666666666666 1.0 1.43 25 2 1.77 1

APP_19_Inner_Layer_0:0 0.13333333333333333 0.13333333333333333 0.5 1.17 6 19 1.65 1
0
APP_19_Inner_Layer_0:1 0.4666666666666667 0.4666666666666667 1.75 2.35 18 25 2.18 1
0
APP_19_Inner_Layer_0:2 0.3333333333333333 0.3333333333333333 1.25 2.31 33 48 2.63 0
0
APP_19_Inner_Layer_0:3 0.4666666666666667 0.4666666666666667 1.75 1.54 11 27 3.28 1
0
APP_19_Inner_Layer_1:0 0.5333333333333333 0.5333333333333333 2.0 4.0 22 1 2.75 1
1 2 4
APP_19_Inner_Layer_1:1 0.6 0.6 2.25 3.76 11 17 1.24 0
3
APP_19_Inner_Layer_1:2 0.3333333333333333 0.3333333333333333 1.25 2.44 4 2 1.67 0
2 3 4
APP_19_Inner_Layer_1:3 0.6 0.6 2.25 1.29 30 18 3.89 1
1 3 4
APP_19_Inner_Layer_2:0 0.4 0.4 1.5 3.22 14 16 1.45 1
8
APP_19_Inner_Layer_2:1 0.3333333333333333 0.3333333333333333 1.25 1.69 41 26 2.99 0
5 6 7 8
APP_19_Output_Layer_0 0.06666666666666667 0.06666666666666667 0.25 3.01 20 1 1.28 0
9 10
