10
20
7
0
APP_0_Input_Layer_0 0.2 0.2 0.75 3.18 16 28 3.8 1

APP_0_Inner_Layer_0:0 0.2 0.2 0.75 3.25 23 5 2.61 1
0
APP_0_Inner_Layer_0:1 0.5333333333333333 0.5333333333333333 2.0 1.81 9 46 1.46 1
0
APP_0_Inner_Layer_1:0 0.6 0.6 2.25 2.67 34 22 3.63 1
1
APP_0_Inner_Layer_1:1 0.06666666666666667 0.06666666666666667 0.25 1.66 26 4 3.44 1
1 2
APP_0_Inner_Layer_1:2 0.3333333333333333 0.3333333333333333 1.25 2.57 42 47 1.63 0
2
APP_0_Output_Layer_0 0.4666666666666667 0.4666666666666667 1.75 1.62 41 20 1.83 1
3 4 5
12
0.2281935438048808
APP_1_Input_Layer_0 0.2 0.2 0.75 1.95 21 5 2.29 1

APP_1_Inner_Layer_0:0 0.13333333333333333 0.13333333333333333 0.5 3.57 16 2 1.92 1
0
APP_1_Inner_Layer_0:1 0.26666666666666666 0.26666666666666666 1.0 3.41 47 34 3.75 0
0
APP_1_Inner_Layer_0:2 0.2 0.2 0.75 2.55 39 19 1.47 1
0
APP_1_Inner_Layer_1:0 0.2 0.2 0.75 2.76 41 48 3.22 0
1 2 3
APP_1_Inner_Layer_1:1 0.5333333333333333 0.5333333333333333 2.0 3.12 29 3 1.31 1
3
APP_1_Inner_Layer_2:0 0.06666666666666667 0.06666666666666667 0.25 3.32 14 29 1.21 1
4
APP_1_Inner_Layer_2:1 0.6 0.6 2.25 1.84 37 7 1.57 0
4 5
APP_1_Inner_Layer_2:2 0.26666666666666666 0.26666666666666666 1.0 1.34 17 18 2.8 1
5
APP_1_Inner_Layer_3:0 0.2 0.2 0.75 3.48 8 18 1.8 0
7 8
APP_1_Inner_Layer_3:1 0.5333333333333333 0.5333333333333333 2.0 3.22 36 14 3.14 0
6
APP_1_Output_Layer_0 0.5333333333333333 0.5333333333333333 2.0 3.59 3 21 3.0 1
9 10
9
0.6516545698068873
APP_2_Input_Layer_0 0.3333333333333333 0.3333333333333333 1.25 1.21 35 6 2.92 1

APP_2_Inner_Layer_0:0 0.2 0.2 0.75 2.36 26 38 1.55 0
0
APP_2_Inner_Layer_0:1 0.4666666666666667 0.4666666666666667 1.75 3.13 12 41 3.94 1
0
APP_2_Inner_Layer_0:2 0.2 0.2 0.75 1.49 14 36 3.05 1
0
APP_2_Inner_Layer_0:3 0.4 0.4 1.5 1.79 39 31 3.73 1
0
APP_2_Inner_Layer_1:0 0.13333333333333333 0.13333333333333333 0.5 3.65 15 12 1.71 1
1 2 4
APP_2_Inner_Layer_1:1 0.26666666666666666 0.26666666666666666 1.0 3.44 28 14 2.76 1
1
APP_2_Inner_Layer_1:2 0.3333333333333333 0.3333333333333333 1.25 2.46 49 21 3.74 1
2 3
APP_2_Output_Layer_0 0.2 0.2 0.75 2.24 6 8 1.69 1
5 6 7
6
1.0840976268981102
APP_3_Input_Layer_0 0.06666666666666667 0.06666666666666667 0.25 3.14 29 11 1.91 1

APP_3_Inner_Layer_0:0 0.4666666666666667 0.4666666666666667 1.75 1.75 28 30 2.81 1
0
APP_3_Inner_Layer_1:0 0.13333333333333333 0.13333333333333333 0.5 3.4 10 9 2.13 0
1
APP_3_Inner_Layer_1:1 0.13333333333333333 0.13333333333333333 0.5 1.76 35 26 2.78 1
1
APP_3_Inner_Layer_1:2 0.4666666666666667 0.4666666666666667 1.75 1.36 41 6 3.95 1
1
APP_3_Output_Layer_0 0.3333333333333333 0.3333333333333333 1.25 2.76 49 40 2.84 1
2 3 4
8
1.5273753178589977
APP_4_Input_Layer_0 0.5333333333333333 0.5333333333333333 2.0 3.49 27 16 3.61 1

APP_4_Inner_Layer_0:0 0.26666666666666666 0.26666666666666666 1.0 3.92 20 33 2.04 1
0
APP_4_Inner_Layer_1:0 0.4 0.4 1.5 2.28 36 15 3.71 1
1
APP_4_Inner_Layer_1:1 0.13333333333333333 0.13333333333333333 0.5 2.6 23 15 1.52 1
1
APP_4_Inner_Layer_2:0 0.13333333333333333 0.13333333333333333 0.5 2.44 48 39 2.98 0
2 3
APP_4_Inner_Layer_2:1 0.2 0.2 0.75 1.6 2 27 1.62 1
2
APP_4_Inner_Layer_2:2 0.13333333333333333 0.13333333333333333 0.5 1.12 25 28 1.74 1
2
APP_4_Output_Layer_0 0.13333333333333333 0.13333333333333333 0.5 2.08 27 40 1.64 1
4 5 6
4
1.7288496295860545
APP_5_Input_Layer_0 0.4 0.4 1.5 2.04 5 5 2.31 1

APP_5_Inner_Layer_0:0 0.3333333333333333 0.3333333333333333 1.25 3.88 7 39 2.63 1
0
APP_5_Inner_Layer_1:0 0.2 0.2 0.75 2.87 6 2 3.01 1
1
APP_5_Output_Layer_0 0.5333333333333333 0.5333333333333333 2.0 2.54 34 4 2.04 1
2
10
2.02771693863143
APP_6_Input_Layer_0 0.3333333333333333 0.3333333333333333 1.25 2.86 34 1 2.35 1

APP_6_Inner_Layer_0:0 0.4666666666666667 0.4666666666666667 1.75 3.98 42 14 3.28 1
0
APP_6_Inner_Layer_0:1 0.13333333333333333 0.13333333333333333 0.5 2.04 38 8 2.75 1
0
APP_6_Inner_Layer_1:0 0.4 0.4 1.5 3.01 12 23 3.48 1
2
APP_6_Inner_Layer_1:1 0.06666666666666667 0.06666666666666667 0.25 1.23 46 20 3.95 1
2
APP_6_Inner_Layer_1:2 0.13333333333333333 0.13333333333333333 0.5 1.22 41 12 2.09 0
1 2
APP_6_Inner_Layer_1:3 0.2 0.2 0.75 2.08 17 13 1.64 1
1
APP_6_Inner_Layer_2:0 0.26666666666666666 0.26666666666666666 1.0 2.88 29 39 3.97 1
3 4 5 6
APP_6_Inner_Layer_3:0 0.06666666666666667 0.06666666666666667 0.25 2.94 22 7 2.76 0
7
APP_6_Output_Layer_0 0.2 0.2 0.75 3.4 8 43 2.1 1
8
6
2.3462340780210904
APP_7_Input_Layer_0 0.2 0.2 0.75 3.47 12 40 1.39 1

APP_7_Inner_Layer_0:0 0.13333333333333333 0.13333333333333333 0.5 3.56 7 37 3.13 0
0
APP_7_Inner_Layer_1:0 0.3333333333333333 0.3333333333333333 1.25 2.51 28 28 2.95 1
1
APP_7_Inner_Layer_1:1 0.06666666666666667 0.06666666666666667 0.25 1.28 32 34 3.24 1
1
APP_7_Inner_Layer_1:2 0.26666666666666666 0.26666666666666666 1.0 3.54 28 45 3.64 1
1
APP_7_Output_Layer_0 0.6 0.6 2.25 3.65 14 18 1.48 1
2 3 4
3
2.6594098252178298
APP_8_Input_Layer_0 0.5333333333333333 0.5333333333333333 2.0 2.17 6 15 2.74 1

APP_8_Inner_Layer_0:0 0.3333333333333333 0.3333333333333333 1.25 2.66 26 19 3.42 0
0
APP_8_Output_Layer_0 0.3333333333333333 0.3333333333333333 1.25 1.38 43 20 3.34 1
1
6
3.0788763260045204
APP_9_Input_Layer_0 0.6 0.6 2.25 2.43 47 23 2.5 1

APP_9_Inner_Layer_0:0 0.4 0.4 1.5 1.17 5 45 3.6 1
0
APP_9_Inner_Layer_0:1 0.13333333333333333 0.13333333333333333 0.5 3.72 28 20 2.95 0
0
APP_9_Inner_Layer_0:2 0.13333333333333333 0.13333333333333333 0.5 1.7 21 41 3.26 1
0
APP_9_Inner_Layer_1:0 0.13333333333333333 0.13333333333333333 0.5 3.76 23 16 2.16 1
1 2 3
APP_9_Output_Layer_0 0.13333333333333333 0.13333333333333333 0.5 3.61 45 45 4.0 1
4
4
3.569084820829608
APP_10_Input_Layer_0 0.5333333333333333 0.5333333333333333 2.0 2.88 41 13 1.65 1

APP_10_Inner_Layer_0:0 0.2 0.2 0.75 2.25 42 44 2.16 0
0
APP_10_Inner_Layer_0:1 0.4 0.4 1.5 3.5 32 17 3.99 0
0
APP_10_Output_Layer_0 0.4666666666666667 0.4666666666666667 1.75 2.66 25 34 2.21 0
1 2
11
3.8838545519353382
APP_11_Input_Layer_0 0.13333333333333333 0.13333333333333333 0.5 3.38 32 22 2.63 0

APP_11_Inner_Layer_0:0 0.5333333333333333 0.5333333333333333 2.0 1.92 37 20 1.29 1
0
APP_11_Inner_Layer_0:1 0.4 0.4 1.5 1.9 33 40 1.24 0
0
APP_11_Inner_Layer_1:0 0.13333333333333333 0.13333333333333333 0.5 1.02 49 35 3.3 1
2
APP_11_Inner_Layer_1:1 0.06666666666666667 0.06666666666666667 0.25 1.04 23 45 3.48 1
1
APP_11_Inner_Layer_2:0 0.3333333333333333 0.3333333333333333 1.25 1.6 24 31 2.58 1
3 4
APP_11_Inner_Layer_3:0 0.4666666666666667 0.4666666666666667 1.75 2.46 37 4 1.53 1
5
APP_11_Inner_Layer_3:1 0.26666666666666666 0.26666666666666666 1.0 2.19 37 43 3.22 1
5
APP_11_Inner_Layer_3:2 0.3333333333333333 0.3333333333333333 1.25 1.26 26 41 3.22 1
5
APP_11_Inner_Layer_3:3 0.26666666666666666 0.26666666666666666 1.0 3.97 48 7 1.88 0
5
APP_11_Output_Layer_0 0.2 0.2 0.75 1.83 19 9 2.02 1
6 7 8 9
7
4.124440096912799
APP_12_Input_Layer_0 0.06666666666666667 0.06666666666666667 0.25 3.89 33 36 3.13 0

APP_12_Inner_Layer_0:0 0.06666666666666667 0.06666666666666667 0.25 2.27 23 30 2.55 1
0
APP_12_Inner_Layer_1:0 0.4 0.4 1.5 2.01 12 4 2.52 0
1
APP_12_Inner_Layer_1:1 0.5333333333333333 0.5333333333333333 2.0 2.57 9 48 2.27 1
1
APP_12_Inner_Layer_2:0 0.06666666666666667 0.06666666666666667 0.25 1.51 38 4 1.98 0
3
APP_12_Inner_Layer_2:1 0.06666666666666667 0.06666666666666667 0.25 2.18 36 28 2.13 0
2
APP_12_Output_Layer_0 0.4 0.4 1.5 1.93 34 46 1.09 1
4 5
5
4.587846909957696
APP_13_Input_Layer_0 0.06666666666666667 0.06666666666666667 0.25 1.08 8 5 3.93 1

APP_13_Inner_Layer_0:0 0.13333333333333333 0.13333333333333333 0.5 1.58 22 30 2.75 1
0
APP_13_Inner_Layer_0:1 0.4666666666666667 0.4666666666666667 1.75 3.81 33 22 3.61 1
0
APP_13_Inner_Layer_0:2 0.5333333333333333 0.5333333333333333 2.0 3.77 16 2 3.56 1
0
APP_13_Output_Layer_0 0.6 0.6 2.25 2.18 24 3 1.52 1
1 2 3
7
4.811028582221273
APP_14_Input_Layer_0 0.13333333333333333 0.13333333333333333 0.5 3.03 6 32 2.92 1

APP_14_Inner_Layer_0:0 0.5333333333333333 0.5333333333333333 2.0 2.34 7 34 1.09 1
0
APP_14_Inner_Layer_0:1 0.3333333333333333 0.3333333333333333 1.25 3.4 18 5 2.1 0
0
APP_14_Inner_Layer_1:0 0.26666666666666666 0.26666666666666666 1.0 2.86 44 29 1.79 1
1
APP_14_Inner_Layer_1:1 0.6 0.6 2.25 1.67 21 31 1.7 0
2
APP_14_Inner_Layer_1:2 0.13333333333333333 0.13333333333333333 0.5 2.69 8 14 3.52 1
2
APP_14_Output_Layer_0 0.06666666666666667 0.06666666666666667 0.25 1.82 29 48 3.24 1
3 4 5
3
5.044100150844191
APP_15_Input_Layer_0 0.6 0.6 2.25 1.71 27 4 2.28 1

APP_15_Inner_Layer_0:0 0.5333333333333333 0.5333333333333333 2.0 2.2 41 3 1.24 1
0
APP_15_Output_Layer_0 0.3333333333333333 0.3333333333333333 1.25 2.65 31 28 1.72 1
1
7
5.258198547608211
APP_16_Input_Layer_0 0.26666666666666666 0.26666666666666666 1.0 3.51 30 10 2.83 1

APP_16_Inner_Layer_0:0 0.4 0.4 1.5 2.3 19 16 3.46 1
0
APP_16_Inner_Layer_0:1 0.26666666666666666 0.26666666666666666 1.0 2.4 40 37 1.62 0
0
APP_16_Inner_Layer_0:2 0.13333333333333333 0.13333333333333333 0.5 1.25 36 43 2.4 0
0
APP_16_Inner_Layer_1:0 0.13333333333333333 0.13333333333333333 0.5 1.31 38 48 2.37 0
1 2
APP_16_Inner_Layer_1:1 0.06666666666666667 0.06666666666666667 0.25 2.31 15 39 2.68 0
3
APP_16_Output_Layer_0 0.26666666666666666 0.26666666666666666 1.0 1.83 25 25 3.49 1
4 5
16
5.670042790748776
APP_17_Input_Layer_0 0.13333333333333333 0.13333333333333333 0.5 3.04 12 46 2.35 1

APP_17_Inner_Layer_0:0 0.6 0.6 2.25 3.73 41 41 3.18 1
0
APP_17_Inner_Layer_0:1 0.6 0.6 2.25 3.01 47 37 1.59 1
0
APP_17_Inner_Layer_0:2 0.26666666666666666 0.26666666666666666 1.0 1.17 3 24 1.44 1
0
APP_17_Inner_Layer_0:3 0.3333333333333333 0.3333333333333333 1.25 1.59 42 33 2.47 1
0
APP_17_Inner_Layer_1:0 0.5333333333333333 0.5333333333333333 2.0 1.85 20 41 1.63 1
1 2 4
APP_17_Inner_Layer_1:1 0.13333333333333333 0.13333333333333333 0.5 1.19 23 11 2.41 0
3
APP_17_Inner_Layer_1:2 0.3333333333333333 0.3333333333333333 1.25 3.0 11 8 2.91 0
3
APP_17_Inner_Layer_1:3 0.26666666666666666 0.26666666666666666 1.0 2.81 5 20 1.37 1
1 2
APP_17_Inner_Layer_2:0 0.3333333333333333 0.3333333333333333 1.25 1.57 38 19 3.39 0
5 6
APP_17_Inner_Layer_2:1 0.4666666666666667 0.4666666666666667 1.75 2.76 17 33 2.0 1
7 8
APP_17_Inner_Layer_3:0 0.13333333333333333 0.13333333333333333 0.5 3.24 1 14 1.94 1
10
APP_17_Inner_Layer_3:1 0.5333333333333333 0.5333333333333333 2.0 1.89 22 38 2.11 1
9
APP_17_Inner_Layer_3:2 0.4666666666666667 0.4666666666666667 1.75 3.25 23 26 3.59 1
10
APP_17_Inner_Layer_3:3 0.6 0.6 2.25 1.22 26 35 2.45 0
10
APP_17_Output_Layer_0 0.4666666666666667 0.4666666666666667 1.75 2.14 19 33 1.19 1
11 12 13 14
15
6.051407586900049
APP_18_Input_Layer_0 0.2 0.2 0.75 1.96 6 49 2.57 1

APP_18_Inner_Layer_0:0 0.3333333333333333 0.3333333333333333 1.25 3.79 31 45 3.07 0
0
APP_18_Inner_Layer_0:1 0.5333333333333333 0.5333333333333333 2.0 3.54 29 26 3.35 1
0
APP_18_Inner_Layer_0:2 0.06666666666666667 0.06666666666666667 0.25 1.08 32 30 1.92 1
0
APP_18_Inner_Layer_1:0 0.6 0.6 2.25 1.88 15 47 3.21 1
2
APP_18_Inner_Layer_1:1 0.26666666666666666 0.26666666666666666 1.0 3.54 3 31 1.35 0
3
APP_18_Inner_Layer_1:2 0.06666666666666667 0.06666666666666667 0.25 3.08 35 14 1.71 0
1 2
APP_18_Inner_Layer_1:3 0.2 0.2 0.75 3.07 7 12 2.65 1
1
APP_18_Inner_Layer_2:0 0.4 0.4 1.5 3.98 36 34 2.6 0
6 7
APP_18_Inner_Layer_2:1 0.5333333333333333 0.5333333333333333 2.0 1.09 38 25 2.99 1
4 5
APP_18_Inner_Layer_2:2 0.3333333333333333 0.3333333333333333 1.25 3.8 36 7 3.34 0
4 6 7
APP_18_Inner_Layer_2:3 0.2 0.2 0.75 2.3 28 37 1.67 0
5 7
APP_18_Inner_Layer_3:0 0.2 0.2 0.75 2.99 10 24 2.4 1
8 11
APP_18_Inner_Layer_3:1 0.4666666666666667 0.4666666666666667 1.75 2.9 36 46 1.04 1
9 10
APP_18_Output_Layer_0 0.4666666666666667 0.4666666666666667 1.75 2.15 1 44 1.52 1
12 13
7
6.338494793627746
APP_19_Input_Layer_0 0.5333333333333333 0.5333333333333333 2.0 3.0 49 28 3.63 1

APP_19_Inner_Layer_0:0 0.3333333333333333 0.3333333333333333 1.25 1.81 23 35 1.65 0
0
APP_19_Inner_Layer_1:0 0.06666666666666667 0.06666666666666667 0.25 3.5 32 27 3.24 0
1
APP_19_Inner_Layer_1:1 0.3333333333333333 0.3333333333333333 1.25 1.65 27 26 2.08 1
1
APP_19_Inner_Layer_1:2 0.2 0.2 0.75 2.23 4 37 3.57 1
1
APP_19_Inner_Layer_2:0 0.13333333333333333 0.13333333333333333 0.5 3.52 26 2 2.22 0
2 3 4
APP_19_Output_Layer_0 0.2 0.2 0.75 2.42 14 22 1.05 1
5
