10
6
10
0
APP_0_Input_Layer_0 0.2 0.2 0.75 1.1 29 26 2.87 1

APP_0_Inner_Layer_0:0 0.6 0.6 2.25 2.86 15 40 1.35 1
0
APP_0_Inner_Layer_1:0 0.2 0.2 0.75 2.7 10 16 3.06 1
1
APP_0_Inner_Layer_1:1 0.13333333333333333 0.13333333333333333 0.5 1.21 39 42 1.94 1
1
APP_0_Inner_Layer_1:2 0.06666666666666667 0.06666666666666667 0.25 2.05 38 15 2.85 1
1
APP_0_Inner_Layer_1:3 0.26666666666666666 0.26666666666666666 1.0 3.56 46 33 1.75 1
1
APP_0_Inner_Layer_2:0 0.5333333333333333 0.5333333333333333 2.0 3.45 5 35 3.66 1
2 3
APP_0_Inner_Layer_2:1 0.06666666666666667 0.06666666666666667 0.25 3.24 6 12 2.16 1
5
APP_0_Inner_Layer_2:2 0.2 0.2 0.75 2.98 35 22 3.05 1
2 3 4 5
APP_0_Output_Layer_0 0.5333333333333333 0.5333333333333333 2.0 1.4 32 8 2.84 1
6 7 8
6
0.8045965128545499
APP_1_Input_Layer_0 0.26666666666666666 0.26666666666666666 1.0 3.18 10 4 3.95 1

APP_1_Inner_Layer_0:0 0.2 0.2 0.75 3.6 18 30 1.7 1
0
APP_1_Inner_Layer_0:1 0.5333333333333333 0.5333333333333333 2.0 2.08 33 7 3.87 1
0
APP_1_Inner_Layer_0:2 0.6 0.6 2.25 3.38 2 44 1.83 1
0
APP_1_Inner_Layer_0:3 0.5333333333333333 0.5333333333333333 2.0 2.25 10 15 2.73 1
0
APP_1_Output_Layer_0 0.4666666666666667 0.4666666666666667 1.75 1.77 24 20 2.96 1
1 2 3 4
4
2.0349181092793702
APP_2_Input_Layer_0 0.3333333333333333 0.3333333333333333 1.25 3.78 27 22 1.24 1

APP_2_Inner_Layer_0:0 0.2 0.2 0.75 3.56 24 32 3.32 1
0
APP_2_Inner_Layer_0:1 0.4 0.4 1.5 1.83 10 18 2.24 1
0
APP_2_Output_Layer_0 0.06666666666666667 0.06666666666666667 0.25 3.6 33 35 2.09 1
1 2
8
2.9110672714267443
APP_3_Input_Layer_0 0.4666666666666667 0.4666666666666667 1.75 3.66 3 27 3.21 1

APP_3_Inner_Layer_0:0 0.4666666666666667 0.4666666666666667 1.75 2.41 37 15 1.92 1
0
APP_3_Inner_Layer_1:0 0.4 0.4 1.5 2.83 33 36 3.3 1
1
APP_3_Inner_Layer_1:1 0.06666666666666667 0.06666666666666667 0.25 1.97 35 22 1.94 1
1
APP_3_Inner_Layer_2:0 0.3333333333333333 0.3333333333333333 1.25 1.56 44 39 1.13 1
2 3
APP_3_Inner_Layer_2:1 0.5333333333333333 0.5333333333333333 2.0 2.29 36 18 3.88 1
3
APP_3_Inner_Layer_2:2 0.06666666666666667 0.06666666666666667 0.25 2.72 20 25 3.38 1
2 3
APP_3_Output_Layer_0 0.5333333333333333 0.5333333333333333 2.0 1.24 7 5 1.3 1
4 5 6
5
4.284696334202842
APP_4_Input_Layer_0 0.4666666666666667 0.4666666666666667 1.75 1.19 18 26 1.89 1

APP_4_Inner_Layer_0:0 0.06666666666666667 0.06666666666666667 0.25 3.86 23 43 2.58 1
0
APP_4_Inner_Layer_0:1 0.06666666666666667 0.06666666666666667 0.25 1.31 5 20 2.73 1
0
APP_4_Inner_Layer_0:2 0.2 0.2 0.75 2.44 44 27 3.42 1
0
APP_4_Output_Layer_0 0.5333333333333333 0.5333333333333333 2.0 1.86 48 8 2.43 1
1 2 3
9
5.4945686566905705
APP_5_Input_Layer_0 0.13333333333333333 0.13333333333333333 0.5 1.67 1 11 2.88 0

APP_5_Inner_Layer_0:0 0.5333333333333333 0.5333333333333333 2.0 1.47 35 10 2.42 1
0
APP_5_Inner_Layer_0:1 0.6 0.6 2.25 2.66 28 35 3.02 1
0
APP_5_Inner_Layer_0:2 0.4666666666666667 0.4666666666666667 1.75 1.69 38 12 2.88 1
0
APP_5_Inner_Layer_1:0 0.26666666666666666 0.26666666666666666 1.0 1.49 39 16 3.8 1
3
APP_5_Inner_Layer_1:1 0.26666666666666666 0.26666666666666666 1.0 2.74 12 24 2.48 1
1 2
APP_5_Inner_Layer_2:0 0.4 0.4 1.5 1.0 21 24 3.72 1
4 5
APP_5_Inner_Layer_3:0 0.13333333333333333 0.13333333333333333 0.5 1.98 18 18 1.58 1
6
APP_5_Output_Layer_0 0.2 0.2 0.75 1.3 43 12 2.12 1
7
