10
6
5
0
APP_0_Input_Layer_0 0.4 0.4 1.5 1.83 36 44 3.14 1

APP_0_Inner_Layer_0:0 0.13333333333333333 0.13333333333333333 0.5 3.5 30 37 3.54 1
0
APP_0_Inner_Layer_0:1 0.4666666666666667 0.4666666666666667 1.75 2.25 5 31 1.82 1
0
APP_0_Inner_Layer_0:2 0.13333333333333333 0.13333333333333333 0.5 3.17 48 8 2.82 1
0
APP_0_Output_Layer_0 0.06666666666666667 0.06666666666666667 0.25 1.77 2 41 1.19 1
1 2 3
6
1.0267331347162136
APP_1_Input_Layer_0 0.13333333333333333 0.13333333333333333 0.5 1.58 22 38 1.69 1

APP_1_Inner_Layer_0:0 0.2 0.2 0.75 3.82 49 28 1.65 1
0
APP_1_Inner_Layer_0:1 0.2 0.2 0.75 1.7 37 6 1.21 1
0
APP_1_Inner_Layer_0:2 0.06666666666666667 0.06666666666666667 0.25 3.57 44 41 2.43 1
0
APP_1_Inner_Layer_1:0 0.2 0.2 0.75 3.38 12 19 3.76 1
1 2 3
APP_1_Output_Layer_0 0.26666666666666666 0.26666666666666666 1.0 3.48 37 14 3.04 0
4
8
1.787738407270314
APP_2_Input_Layer_0 0.5333333333333333 0.5333333333333333 2.0 1.19 28 15 3.79 1

APP_2_Inner_Layer_0:0 0.26666666666666666 0.26666666666666666 1.0 2.49 21 22 1.45 1
0
APP_2_Inner_Layer_0:1 0.13333333333333333 0.13333333333333333 0.5 3.3 23 26 2.84 1
0
APP_2_Inner_Layer_0:2 0.06666666666666667 0.06666666666666667 0.25 2.44 32 41 1.2 1
0
APP_2_Inner_Layer_0:3 0.2 0.2 0.75 1.42 27 16 3.53 1
0
APP_2_Inner_Layer_1:0 0.4666666666666667 0.4666666666666667 1.75 3.82 24 14 3.56 1
2 4 3
APP_2_Inner_Layer_1:1 0.06666666666666667 0.06666666666666667 0.25 1.97 24 27 2.65 1
1 2 3 4
APP_2_Output_Layer_0 0.26666666666666666 0.26666666666666666 1.0 3.15 11 39 2.17 1
5 6
5
2.693314082656161
APP_3_Input_Layer_0 0.6 0.6 2.25 2.35 7 15 3.2 1

APP_3_Inner_Layer_0:0 0.5333333333333333 0.5333333333333333 2.0 1.6 22 37 1.91 1
0
APP_3_Inner_Layer_0:1 0.4666666666666667 0.4666666666666667 1.75 3.12 16 22 3.12 1
0
APP_3_Inner_Layer_1:0 0.4666666666666667 0.4666666666666667 1.75 1.55 9 12 1.51 1
1 2
APP_3_Output_Layer_0 0.4 0.4 1.5 1.28 34 33 3.57 1
3
9
3.481890620486179
APP_4_Input_Layer_0 0.4 0.4 1.5 2.69 24 33 2.96 1

APP_4_Inner_Layer_0:0 0.26666666666666666 0.26666666666666666 1.0 1.45 29 46 2.11 1
0
APP_4_Inner_Layer_0:1 0.4666666666666667 0.4666666666666667 1.75 1.37 43 5 3.44 1
0
APP_4_Inner_Layer_0:2 0.13333333333333333 0.13333333333333333 0.5 3.34 13 43 1.9 1
0
APP_4_Inner_Layer_0:3 0.13333333333333333 0.13333333333333333 0.5 3.59 44 31 2.9 1
0
APP_4_Inner_Layer_1:0 0.4 0.4 1.5 1.85 9 47 1.45 1
4
APP_4_Inner_Layer_1:1 0.2 0.2 0.75 2.8 46 15 1.74 1
2 3 4
APP_4_Inner_Layer_1:2 0.4 0.4 1.5 1.88 48 28 1.9 1
1 2 3
APP_4_Output_Layer_0 0.06666666666666667 0.06666666666666667 0.25 1.22 2 3 1.47 1
5 6 7
10
4.566212163287627
APP_5_Input_Layer_0 0.2 0.2 0.75 3.76 16 16 3.73 0

APP_5_Inner_Layer_0:0 0.13333333333333333 0.13333333333333333 0.5 1.11 10 16 1.65 1
0
APP_5_Inner_Layer_0:1 0.5333333333333333 0.5333333333333333 2.0 2.43 36 11 2.21 1
0
APP_5_Inner_Layer_0:2 0.5333333333333333 0.5333333333333333 2.0 2.82 1 42 1.14 1
0
APP_5_Inner_Layer_0:3 0.13333333333333333 0.13333333333333333 0.5 2.02 45 32 1.06 1
0
APP_5_Inner_Layer_1:0 0.6 0.6 2.25 3.18 9 18 2.47 1
2
APP_5_Inner_Layer_1:1 0.26666666666666666 0.26666666666666666 1.0 1.68 26 6 1.14 1
1 3 4
APP_5_Inner_Layer_2:0 0.4 0.4 1.5 2.26 21 20 2.95 1
5
APP_5_Inner_Layer_2:1 0.06666666666666667 0.06666666666666667 0.25 1.4 4 12 2.52 1
5 6
APP_5_Output_Layer_0 0.4 0.4 1.5 2.02 40 20 1.49 1
7 8
