10
6
5
0
APP_0_Input_Layer_0 0.06666666666666667 0.06666666666666667 0.25 3.67 20 31 2.94 1

APP_0_Inner_Layer_0:0 0.6 0.6 2.25 2.29 5 9 1.62 1
0
APP_0_Inner_Layer_0:1 0.13333333333333333 0.13333333333333333 0.5 2.65 8 40 1.6 1
0
APP_0_Inner_Layer_0:2 0.2 0.2 0.75 1.1 34 49 3.28 1
0
APP_0_Output_Layer_0 0.5333333333333333 0.5333333333333333 2.0 3.83 31 1 3.19 1
1 2 3
10
1.5398507690540728
APP_1_Input_Layer_0 0.6 0.6 2.25 3.06 39 38 2.57 1

APP_1_Inner_Layer_0:0 0.13333333333333333 0.13333333333333333 0.5 1.52 9 25 1.05 1
0
APP_1_Inner_Layer_0:1 0.4666666666666667 0.4666666666666667 1.75 1.02 31 17 2.42 1
0
APP_1_Inner_Layer_1:0 0.13333333333333333 0.13333333333333333 0.5 2.91 1 17 2.95 1
1
APP_1_Inner_Layer_1:1 0.4666666666666667 0.4666666666666667 1.75 3.03 12 45 3.07 1
2
APP_1_Inner_Layer_1:2 0.4666666666666667 0.4666666666666667 1.75 3.93 38 38 2.38 1
1 2
APP_1_Inner_Layer_2:0 0.4 0.4 1.5 3.64 33 42 1.33 1
3 4 5
APP_1_Inner_Layer_2:1 0.4 0.4 1.5 3.03 40 32 1.86 1
4
APP_1_Inner_Layer_2:2 0.6 0.6 2.25 1.77 49 46 2.98 1
3 5
APP_1_Output_Layer_0 0.5333333333333333 0.5333333333333333 2.0 2.36 4 7 2.85 1
6 7 8
3
2.413667829807195
APP_2_Input_Layer_0 0.5333333333333333 0.5333333333333333 2.0 2.74 39 4 1.04 1

APP_2_Inner_Layer_0:0 0.4666666666666667 0.4666666666666667 1.75 1.89 17 34 1.9 1
0
APP_2_Output_Layer_0 0.2 0.2 0.75 3.91 28 24 1.28 1
1
10
3.5287974333558583
APP_3_Input_Layer_0 0.4 0.4 1.5 3.51 33 15 3.84 1

APP_3_Inner_Layer_0:0 0.4 0.4 1.5 1.31 29 38 1.55 1
0
APP_3_Inner_Layer_0:1 0.3333333333333333 0.3333333333333333 1.25 2.47 16 44 1.79 1
0
APP_3_Inner_Layer_0:2 0.6 0.6 2.25 1.31 43 7 3.39 1
0
APP_3_Inner_Layer_1:0 0.06666666666666667 0.06666666666666667 0.25 1.65 20 29 3.71 1
1 2 3
APP_3_Inner_Layer_2:0 0.06666666666666667 0.06666666666666667 0.25 3.04 47 40 1.33 1
4
APP_3_Inner_Layer_2:1 0.26666666666666666 0.26666666666666666 1.0 1.9 13 21 2.42 1
4
APP_3_Inner_Layer_2:2 0.26666666666666666 0.26666666666666666 1.0 2.27 5 32 2.3 1
4
APP_3_Inner_Layer_2:3 0.2 0.2 0.75 3.18 19 38 1.84 1
4
APP_3_Output_Layer_0 0.3333333333333333 0.3333333333333333 1.25 2.44 32 35 3.92 1
5 6 7 8
6
4.175815688646399
APP_4_Input_Layer_0 0.06666666666666667 0.06666666666666667 0.25 2.03 35 16 3.86 1

APP_4_Inner_Layer_0:0 0.4666666666666667 0.4666666666666667 1.75 2.28 38 1 2.04 1
0
APP_4_Inner_Layer_0:1 0.13333333333333333 0.13333333333333333 0.5 2.8 22 17 3.18 1
0
APP_4_Inner_Layer_1:0 0.2 0.2 0.75 1.66 13 27 1.12 1
1 2
APP_4_Inner_Layer_2:0 0.4 0.4 1.5 2.71 46 15 3.46 1
3
APP_4_Output_Layer_0 0.5333333333333333 0.5333333333333333 2.0 1.23 35 15 2.32 0
4
5
4.9305797577003885
APP_5_Input_Layer_0 0.3333333333333333 0.3333333333333333 1.25 3.78 13 12 2.97 1

APP_5_Inner_Layer_0:0 0.13333333333333333 0.13333333333333333 0.5 3.46 33 46 1.33 1
0
APP_5_Inner_Layer_1:0 0.3333333333333333 0.3333333333333333 1.25 2.38 35 8 2.52 1
1
APP_5_Inner_Layer_2:0 0.6 0.6 2.25 1.68 24 34 2.49 1
2
APP_5_Output_Layer_0 0.6 0.6 2.25 1.27 11 31 3.92 1
3
