10
6
8
0
APP_0_Input_Layer_0 0.5333333333333333 0.5333333333333333 2.0 3.47 44 35 3.86 1

APP_0_Inner_Layer_0:0 0.2 0.2 0.75 2.0 40 22 1.94 1
0
APP_0_Inner_Layer_0:1 0.6 0.6 2.25 3.19 22 39 2.76 1
0
APP_0_Inner_Layer_1:0 0.3333333333333333 0.3333333333333333 1.25 1.95 9 27 2.74 1
2
APP_0_Inner_Layer_1:1 0.06666666666666667 0.06666666666666667 0.25 3.78 12 2 2.58 1
1
APP_0_Inner_Layer_1:2 0.6 0.6 2.25 1.75 7 41 3.54 1
1 2
APP_0_Inner_Layer_1:3 0.06666666666666667 0.06666666666666667 0.25 1.66 14 44 3.77 1
2
APP_0_Output_Layer_0 0.5333333333333333 0.5333333333333333 2.0 1.94 17 7 3.64 1
3 4 5 6
9
1.5544506980231463
APP_1_Input_Layer_0 0.5333333333333333 0.5333333333333333 2.0 4.0 2 46 2.6 1

APP_1_Inner_Layer_0:0 0.6 0.6 2.25 1.02 21 48 3.0 1
0
APP_1_Inner_Layer_1:0 0.6 0.6 2.25 1.69 44 45 1.26 1
1
APP_1_Inner_Layer_2:0 0.4 0.4 1.5 2.63 28 12 3.94 1
2
APP_1_Inner_Layer_3:0 0.6 0.6 2.25 2.84 21 16 3.09 1
3
APP_1_Inner_Layer_3:1 0.13333333333333333 0.13333333333333333 0.5 1.0 15 37 2.18 1
3
APP_1_Inner_Layer_3:2 0.3333333333333333 0.3333333333333333 1.25 1.26 18 22 3.37 1
3
APP_1_Inner_Layer_3:3 0.5333333333333333 0.5333333333333333 2.0 3.75 8 21 1.55 1
3
APP_1_Output_Layer_0 0.4666666666666667 0.4666666666666667 1.75 2.12 19 34 1.59 1
4 5 6 7
4
2.964137578510403
APP_2_Input_Layer_0 0.5333333333333333 0.5333333333333333 2.0 2.75 25 38 3.04 1

APP_2_Inner_Layer_0:0 0.06666666666666667 0.06666666666666667 0.25 3.13 13 12 2.85 1
0
APP_2_Inner_Layer_0:1 0.5333333333333333 0.5333333333333333 2.0 1.51 21 31 1.76 1
0
APP_2_Output_Layer_0 0.13333333333333333 0.13333333333333333 0.5 1.94 15 7 3.4 1
1 2
7
3.821048952066569
APP_3_Input_Layer_0 0.4666666666666667 0.4666666666666667 1.75 3.65 40 10 2.29 1

APP_3_Inner_Layer_0:0 0.4 0.4 1.5 2.68 43 37 1.04 1
0
APP_3_Inner_Layer_0:1 0.3333333333333333 0.3333333333333333 1.25 2.67 18 27 3.98 1
0
APP_3_Inner_Layer_1:0 0.5333333333333333 0.5333333333333333 2.0 1.56 35 23 2.56 1
1 2
APP_3_Inner_Layer_2:0 0.4 0.4 1.5 3.29 43 24 2.81 1
3
APP_3_Inner_Layer_2:1 0.4 0.4 1.5 1.11 40 21 3.08 1
3
APP_3_Output_Layer_0 0.4666666666666667 0.4666666666666667 1.75 2.05 3 31 2.24 1
4 5
14
4.550570727255923
APP_4_Input_Layer_0 0.3333333333333333 0.3333333333333333 1.25 3.53 2 39 3.76 1

APP_4_Inner_Layer_0:0 0.5333333333333333 0.5333333333333333 2.0 2.38 41 21 1.18 1
0
APP_4_Inner_Layer_0:1 0.4666666666666667 0.4666666666666667 1.75 3.85 29 13 2.94 1
0
APP_4_Inner_Layer_0:2 0.2 0.2 0.75 2.29 32 46 3.75 1
0
APP_4_Inner_Layer_0:3 0.5333333333333333 0.5333333333333333 2.0 3.92 7 42 1.19 1
0
APP_4_Inner_Layer_1:0 0.4 0.4 1.5 3.93 40 21 3.29 1
2
APP_4_Inner_Layer_1:1 0.26666666666666666 0.26666666666666666 1.0 2.97 15 11 3.08 1
3
APP_4_Inner_Layer_1:2 0.5333333333333333 0.5333333333333333 2.0 2.57 16 40 2.2 1
1 2 3
APP_4_Inner_Layer_1:3 0.5333333333333333 0.5333333333333333 2.0 3.24 36 20 2.51 1
1 2 4
APP_4_Inner_Layer_2:0 0.06666666666666667 0.06666666666666667 0.25 2.5 31 16 2.88 1
5 6 7 8
APP_4_Inner_Layer_3:0 0.06666666666666667 0.06666666666666667 0.25 1.93 29 34 3.9 1
9
APP_4_Inner_Layer_3:1 0.6 0.6 2.25 3.29 48 22 3.12 1
9
APP_4_Inner_Layer_3:2 0.2 0.2 0.75 2.23 12 43 3.44 1
9
APP_4_Output_Layer_0 0.26666666666666666 0.26666666666666666 1.0 2.51 38 32 1.78 1
10 11 12
7
5.448372356244345
APP_5_Input_Layer_0 0.3333333333333333 0.3333333333333333 1.25 3.77 13 29 3.52 1

APP_5_Inner_Layer_0:0 0.4 0.4 1.5 1.25 1 44 3.21 1
0
APP_5_Inner_Layer_1:0 0.2 0.2 0.75 2.34 5 23 3.77 1
1
APP_5_Inner_Layer_1:1 0.26666666666666666 0.26666666666666666 1.0 1.33 30 19 1.78 1
1
APP_5_Inner_Layer_1:2 0.3333333333333333 0.3333333333333333 1.25 2.29 12 7 3.57 1
1
APP_5_Inner_Layer_2:0 0.13333333333333333 0.13333333333333333 0.5 1.56 39 39 1.61 1
2 3 4
APP_5_Output_Layer_0 0.6 0.6 2.25 1.85 9 31 2.68 1
5
