10
6
6
0
APP_0_Input_Layer_0 0.2 0.2 0.75 3.75 48 20 1.83 1

APP_0_Inner_Layer_0:0 0.06666666666666667 0.06666666666666667 0.25 2.23 3 23 2.99 1
0
APP_0_Inner_Layer_0:1 0.06666666666666667 0.06666666666666667 0.25 2.91 3 14 2.63 1
0
APP_0_Inner_Layer_0:2 0.13333333333333333 0.13333333333333333 0.5 2.54 18 2 1.23 1
0
APP_0_Inner_Layer_1:0 0.4 0.4 1.5 3.29 10 27 1.96 1
1 2 3
APP_0_Output_Layer_0 0.4666666666666667 0.4666666666666667 1.75 3.83 12 30 4.0 1
4
4
0.7463423796818135
APP_1_Input_Layer_0 0.06666666666666667 0.06666666666666667 0.25 2.72 1 30 3.59 1

APP_1_Inner_Layer_0:0 0.13333333333333333 0.13333333333333333 0.5 2.94 49 29 2.84 1
0
APP_1_Inner_Layer_0:1 0.6 0.6 2.25 3.03 34 46 1.29 1
0
APP_1_Output_Layer_0 0.3333333333333333 0.3333333333333333 1.25 1.8 18 8 2.96 1
1 2
4
1.4912786923585197
APP_2_Input_Layer_0 0.5333333333333333 0.5333333333333333 2.0 1.92 48 31 1.73 1

APP_2_Inner_Layer_0:0 0.3333333333333333 0.3333333333333333 1.25 3.27 27 5 1.65 1
0
APP_2_Inner_Layer_0:1 0.3333333333333333 0.3333333333333333 1.25 2.06 33 24 2.23 1
0
APP_2_Output_Layer_0 0.4 0.4 1.5 3.24 18 2 1.6 1
1 2
5
2.2818014504384223
APP_3_Input_Layer_0 0.6 0.6 2.25 2.91 14 9 1.19 1

APP_3_Inner_Layer_0:0 0.6 0.6 2.25 3.43 10 30 1.42 1
0
APP_3_Inner_Layer_0:1 0.06666666666666667 0.06666666666666667 0.25 1.13 31 15 1.6 1
0
APP_3_Inner_Layer_0:2 0.4 0.4 1.5 3.45 42 24 2.07 1
0
APP_3_Output_Layer_0 0.13333333333333333 0.13333333333333333 0.5 4.0 14 15 1.01 1
1 2 3
11
3.146528216126585
APP_4_Input_Layer_0 0.13333333333333333 0.13333333333333333 0.5 2.5 3 38 2.25 1

APP_4_Inner_Layer_0:0 0.4666666666666667 0.4666666666666667 1.75 1.3 16 18 3.82 1
0
APP_4_Inner_Layer_0:1 0.4666666666666667 0.4666666666666667 1.75 2.85 6 17 2.64 1
0
APP_4_Inner_Layer_1:0 0.13333333333333333 0.13333333333333333 0.5 2.39 37 42 2.18 1
2
APP_4_Inner_Layer_1:1 0.2 0.2 0.75 3.91 42 24 2.73 1
1
APP_4_Inner_Layer_1:2 0.6 0.6 2.25 3.4 40 19 3.33 1
1
APP_4_Inner_Layer_1:3 0.6 0.6 2.25 3.35 7 12 2.99 1
1
APP_4_Inner_Layer_2:0 0.4666666666666667 0.4666666666666667 1.75 2.87 17 42 1.43 1
4
APP_4_Inner_Layer_2:1 0.26666666666666666 0.26666666666666666 1.0 3.21 15 26 3.08 1
3 5 6
APP_4_Inner_Layer_3:0 0.13333333333333333 0.13333333333333333 0.5 2.25 3 11 3.66 1
7 8
APP_4_Output_Layer_0 0.6 0.6 2.25 2.82 8 36 1.84 1
9
9
3.978804932122954
APP_5_Input_Layer_0 0.26666666666666666 0.26666666666666666 1.0 2.22 32 48 1.14 1

APP_5_Inner_Layer_0:0 0.2 0.2 0.75 2.84 26 23 2.91 1
0
APP_5_Inner_Layer_0:1 0.13333333333333333 0.13333333333333333 0.5 3.89 17 41 3.79 1
0
APP_5_Inner_Layer_0:2 0.5333333333333333 0.5333333333333333 2.0 1.53 42 48 3.26 1
0
APP_5_Inner_Layer_0:3 0.6 0.6 2.25 2.8 40 32 1.98 1
0
APP_5_Inner_Layer_1:0 0.4 0.4 1.5 3.04 20 12 1.81 1
2 3
APP_5_Inner_Layer_1:1 0.13333333333333333 0.13333333333333333 0.5 1.06 42 47 1.38 1
4
APP_5_Inner_Layer_1:2 0.3333333333333333 0.3333333333333333 1.25 3.37 43 34 1.25 1
1 2 4
APP_5_Output_Layer_0 0.4666666666666667 0.4666666666666667 1.75 3.88 16 19 2.53 1
5 6 7
