10
6
9
0
APP_0_Input_Layer_0 0.4 0.4 1.5 2.26 34 13 4.0 0

APP_0_Inner_Layer_0:0 0.4666666666666667 0.4666666666666667 1.75 2.84 2 13 1.69 1
0
APP_0_Inner_Layer_0:1 0.26666666666666666 0.26666666666666666 1.0 2.83 44 24 1.53 1
0
APP_0_Inner_Layer_0:2 0.13333333333333333 0.13333333333333333 0.5 3.01 16 40 2.88 1
0
APP_0_Inner_Layer_1:0 0.26666666666666666 0.26666666666666666 1.0 3.81 35 19 2.11 1
1 2 3
APP_0_Inner_Layer_1:1 0.4666666666666667 0.4666666666666667 1.75 2.09 48 43 2.99 1
1
APP_0_Inner_Layer_2:0 0.13333333333333333 0.13333333333333333 0.5 1.96 44 21 3.76 1
4 5
APP_0_Inner_Layer_3:0 0.2 0.2 0.75 2.53 7 45 2.56 1
6
APP_0_Output_Layer_0 0.5333333333333333 0.5333333333333333 2.0 3.17 10 21 1.38 0
7
7
1.512960936082627
APP_1_Input_Layer_0 0.5333333333333333 0.5333333333333333 2.0 1.19 7 11 3.46 1

APP_1_Inner_Layer_0:0 0.3333333333333333 0.3333333333333333 1.25 2.02 44 45 1.59 1
0
APP_1_Inner_Layer_0:1 0.6 0.6 2.25 3.67 4 28 3.18 1
0
APP_1_Inner_Layer_1:0 0.13333333333333333 0.13333333333333333 0.5 2.95 18 46 1.86 1
2
APP_1_Inner_Layer_1:1 0.4 0.4 1.5 1.36 32 10 2.5 1
1
APP_1_Inner_Layer_1:2 0.3333333333333333 0.3333333333333333 1.25 1.33 10 8 2.67 1
2
APP_1_Output_Layer_0 0.4666666666666667 0.4666666666666667 1.75 3.24 18 36 3.03 0
3 4 5
11
2.9377671285618288
APP_2_Input_Layer_0 0.13333333333333333 0.13333333333333333 0.5 3.34 21 17 2.93 1

APP_2_Inner_Layer_0:0 0.3333333333333333 0.3333333333333333 1.25 3.81 32 47 3.89 1
0
APP_2_Inner_Layer_0:1 0.3333333333333333 0.3333333333333333 1.25 1.65 25 20 2.52 1
0
APP_2_Inner_Layer_0:2 0.4666666666666667 0.4666666666666667 1.75 3.45 15 22 3.55 1
0
APP_2_Inner_Layer_0:3 0.4666666666666667 0.4666666666666667 1.75 2.87 43 11 3.88 1
0
APP_2_Inner_Layer_1:0 0.26666666666666666 0.26666666666666666 1.0 2.37 25 25 3.61 1
1 2 4
APP_2_Inner_Layer_1:1 0.6 0.6 2.25 1.97 44 30 1.36 1
3
APP_2_Inner_Layer_2:0 0.4666666666666667 0.4666666666666667 1.75 3.89 17 25 3.63 1
5 6
APP_2_Inner_Layer_3:0 0.26666666666666666 0.26666666666666666 1.0 1.87 14 6 3.37 1
7
APP_2_Inner_Layer_3:1 0.26666666666666666 0.26666666666666666 1.0 2.49 40 36 2.42 1
7
APP_2_Output_Layer_0 0.26666666666666666 0.26666666666666666 1.0 2.93 40 36 2.41 1
8 9
7
3.557642765524065
APP_3_Input_Layer_0 0.3333333333333333 0.3333333333333333 1.25 2.39 22 2 2.46 1

APP_3_Inner_Layer_0:0 0.4666666666666667 0.4666666666666667 1.75 1.98 21 7 2.47 1
0
APP_3_Inner_Layer_1:0 0.26666666666666666 0.26666666666666666 1.0 1.8 15 14 3.78 1
1
APP_3_Inner_Layer_2:0 0.2 0.2 0.75 1.63 38 28 1.3 1
2
APP_3_Inner_Layer_2:1 0.06666666666666667 0.06666666666666667 0.25 2.49 36 38 1.17 1
2
APP_3_Inner_Layer_3:0 0.5333333333333333 0.5333333333333333 2.0 3.28 19 49 3.73 1
3 4
APP_3_Output_Layer_0 0.6 0.6 2.25 2.77 32 18 3.6 1
5
6
4.437309070607974
APP_4_Input_Layer_0 0.13333333333333333 0.13333333333333333 0.5 2.87 48 15 2.17 1

APP_4_Inner_Layer_0:0 0.6 0.6 2.25 3.27 46 4 1.46 1
0
APP_4_Inner_Layer_1:0 0.06666666666666667 0.06666666666666667 0.25 1.37 49 15 1.86 1
1
APP_4_Inner_Layer_1:1 0.06666666666666667 0.06666666666666667 0.25 2.04 22 29 1.64 1
1
APP_4_Inner_Layer_1:2 0.4 0.4 1.5 1.36 32 5 1.37 1
1
APP_4_Output_Layer_0 0.5333333333333333 0.5333333333333333 2.0 3.89 25 48 2.47 1
2 3 4
8
5.511684528667355
APP_5_Input_Layer_0 0.13333333333333333 0.13333333333333333 0.5 1.0 17 3 3.1 1

APP_5_Inner_Layer_0:0 0.26666666666666666 0.26666666666666666 1.0 2.84 17 25 1.51 1
0
APP_5_Inner_Layer_0:1 0.4666666666666667 0.4666666666666667 1.75 3.56 38 24 3.77 1
0
APP_5_Inner_Layer_1:0 0.3333333333333333 0.3333333333333333 1.25 1.76 19 48 2.71 1
1 2
APP_5_Inner_Layer_1:1 0.13333333333333333 0.13333333333333333 0.5 2.51 37 18 3.62 1
2
APP_5_Inner_Layer_2:0 0.3333333333333333 0.3333333333333333 1.25 1.98 29 29 2.42 1
3
APP_5_Inner_Layer_2:1 0.6 0.6 2.25 2.66 11 38 2.9 1
4
APP_5_Output_Layer_0 0.3333333333333333 0.3333333333333333 1.25 3.48 7 42 2.64 1
5 6
