10
6
6
0
APP_0_Input_Layer_0 0.13333333333333333 0.13333333333333333 0.5 1.07 2 46 2.42 1

APP_0_Inner_Layer_0:0 0.13333333333333333 0.13333333333333333 0.5 2.66 27 30 3.69 1
0
APP_0_Inner_Layer_0:1 0.4 0.4 1.5 2.96 39 28 3.44 1
0
APP_0_Inner_Layer_0:2 0.4666666666666667 0.4666666666666667 1.75 1.34 35 12 2.88 1
0
APP_0_Inner_Layer_0:3 0.2 0.2 0.75 2.51 34 31 2.56 1
0
APP_0_Output_Layer_0 0.3333333333333333 0.3333333333333333 1.25 1.06 49 41 1.66 1
1 2 3 4
6
1.4943580211178373
APP_1_Input_Layer_0 0.3333333333333333 0.3333333333333333 1.25 3.64 19 24 2.0 1

APP_1_Inner_Layer_0:0 0.6 0.6 2.25 1.87 4 17 1.66 1
0
APP_1_Inner_Layer_0:1 0.4 0.4 1.5 2.82 7 39 2.19 1
0
APP_1_Inner_Layer_0:2 0.4 0.4 1.5 2.47 16 40 3.26 1
0
APP_1_Inner_Layer_0:3 0.4 0.4 1.5 2.87 24 31 3.86 1
0
APP_1_Output_Layer_0 0.2 0.2 0.75 2.58 12 45 2.94 1
1 2 3 4
4
2.3292895925071444
APP_2_Input_Layer_0 0.6 0.6 2.25 3.85 48 21 2.6 1

APP_2_Inner_Layer_0:0 0.4666666666666667 0.4666666666666667 1.75 1.2 1 8 3.9 1
0
APP_2_Inner_Layer_0:1 0.26666666666666666 0.26666666666666666 1.0 2.22 48 28 2.34 1
0
APP_2_Output_Layer_0 0.5333333333333333 0.5333333333333333 2.0 1.89 7 43 2.73 1
1 2
10
3.0015945741282257
APP_3_Input_Layer_0 0.4666666666666667 0.4666666666666667 1.75 2.06 24 47 2.73 0

APP_3_Inner_Layer_0:0 0.6 0.6 2.25 3.98 5 26 3.43 1
0
APP_3_Inner_Layer_0:1 0.2 0.2 0.75 2.43 29 10 2.15 1
0
APP_3_Inner_Layer_1:0 0.13333333333333333 0.13333333333333333 0.5 2.4 16 20 1.61 1
1 2
APP_3_Inner_Layer_1:1 0.13333333333333333 0.13333333333333333 0.5 1.17 5 43 1.55 1
2
APP_3_Inner_Layer_1:2 0.06666666666666667 0.06666666666666667 0.25 2.92 48 20 3.27 1
1
APP_3_Inner_Layer_2:0 0.06666666666666667 0.06666666666666667 0.25 3.08 14 5 1.84 1
3 4 5
APP_3_Inner_Layer_3:0 0.6 0.6 2.25 3.08 3 12 3.73 1
6
APP_3_Inner_Layer_3:1 0.5333333333333333 0.5333333333333333 2.0 3.03 41 32 1.28 1
6
APP_3_Output_Layer_0 0.5333333333333333 0.5333333333333333 2.0 2.23 41 41 2.97 1
7 8
3
4.002152480774705
APP_4_Input_Layer_0 0.13333333333333333 0.13333333333333333 0.5 3.71 10 31 2.31 0

APP_4_Inner_Layer_0:0 0.06666666666666667 0.06666666666666667 0.25 1.62 3 35 3.69 1
0
APP_4_Output_Layer_0 0.06666666666666667 0.06666666666666667 0.25 2.43 34 17 3.34 1
1
10
5.182955232902822
APP_5_Input_Layer_0 0.06666666666666667 0.06666666666666667 0.25 3.29 2 10 2.87 1

APP_5_Inner_Layer_0:0 0.4 0.4 1.5 2.77 15 1 2.51 1
0
APP_5_Inner_Layer_0:1 0.26666666666666666 0.26666666666666666 1.0 2.61 2 19 2.85 1
0
APP_5_Inner_Layer_0:2 0.3333333333333333 0.3333333333333333 1.25 1.46 15 30 3.5 1
0
APP_5_Inner_Layer_1:0 0.4 0.4 1.5 1.56 20 36 3.88 1
1 2 3
APP_5_Inner_Layer_2:0 0.6 0.6 2.25 1.61 5 5 2.27 1
4
APP_5_Inner_Layer_2:1 0.06666666666666667 0.06666666666666667 0.25 2.55 1 33 2.73 1
4
APP_5_Inner_Layer_3:0 0.4 0.4 1.5 3.38 49 15 1.63 1
6
APP_5_Inner_Layer_3:1 0.26666666666666666 0.26666666666666666 1.0 2.37 48 35 1.34 1
5
APP_5_Output_Layer_0 0.5333333333333333 0.5333333333333333 2.0 3.99 42 17 1.65 0
7 8
