10
6
9
0
APP_0_Input_Layer_0 0.6 0.6 2.25 1.26 16 14 1.04 1

APP_0_Inner_Layer_0:0 0.6 0.6 2.25 3.27 42 31 3.36 1
0
APP_0_Inner_Layer_1:0 0.4666666666666667 0.4666666666666667 1.75 1.29 15 34 1.64 1
1
APP_0_Inner_Layer_1:1 0.4 0.4 1.5 3.82 24 23 1.34 1
1
APP_0_Inner_Layer_1:2 0.5333333333333333 0.5333333333333333 2.0 2.79 42 21 3.6 1
1
APP_0_Inner_Layer_1:3 0.06666666666666667 0.06666666666666667 0.25 3.68 20 46 1.76 1
1
APP_0_Inner_Layer_2:0 0.4666666666666667 0.4666666666666667 1.75 2.85 26 48 2.4 1
2 3 5
APP_0_Inner_Layer_2:1 0.5333333333333333 0.5333333333333333 2.0 2.55 33 18 3.89 1
4
APP_0_Output_Layer_0 0.3333333333333333 0.3333333333333333 1.25 3.82 4 5 3.29 1
6 7
3
1.305649501810222
APP_1_Input_Layer_0 0.2 0.2 0.75 1.18 32 11 1.38 1

APP_1_Inner_Layer_0:0 0.13333333333333333 0.13333333333333333 0.5 3.28 39 14 1.26 1
0
APP_1_Output_Layer_0 0.4 0.4 1.5 3.8 18 19 1.87 1
1
8
2.030078847405687
APP_2_Input_Layer_0 0.26666666666666666 0.26666666666666666 1.0 3.49 3 2 1.97 1

APP_2_Inner_Layer_0:0 0.6 0.6 2.25 1.67 15 27 3.16 1
0
APP_2_Inner_Layer_0:1 0.2 0.2 0.75 2.88 38 37 2.31 1
0
APP_2_Inner_Layer_0:2 0.6 0.6 2.25 1.49 26 11 2.37 1
0
APP_2_Inner_Layer_0:3 0.3333333333333333 0.3333333333333333 1.25 2.68 7 20 1.23 1
0
APP_2_Inner_Layer_1:0 0.4666666666666667 0.4666666666666667 1.75 2.63 3 14 2.37 1
2 3 4
APP_2_Inner_Layer_1:1 0.06666666666666667 0.06666666666666667 0.25 1.0 26 2 3.56 1
1
APP_2_Output_Layer_0 0.06666666666666667 0.06666666666666667 0.25 3.89 35 8 1.77 0
5 6
4
3.1481741395771907
APP_3_Input_Layer_0 0.6 0.6 2.25 2.06 29 30 2.6 1

APP_3_Inner_Layer_0:0 0.2 0.2 0.75 1.92 22 3 3.7 1
0
APP_3_Inner_Layer_1:0 0.6 0.6 2.25 1.22 4 17 1.72 1
1
APP_3_Output_Layer_0 0.26666666666666666 0.26666666666666666 1.0 2.67 6 42 1.21 1
2
11
3.876704354079414
APP_4_Input_Layer_0 0.4666666666666667 0.4666666666666667 1.75 3.73 49 47 2.76 1

APP_4_Inner_Layer_0:0 0.2 0.2 0.75 2.43 40 14 2.7 1
0
APP_4_Inner_Layer_0:1 0.13333333333333333 0.13333333333333333 0.5 3.63 6 16 3.17 1
0
APP_4_Inner_Layer_0:2 0.3333333333333333 0.3333333333333333 1.25 1.32 43 44 1.06 1
0
APP_4_Inner_Layer_1:0 0.26666666666666666 0.26666666666666666 1.0 1.33 30 25 3.83 1
3
APP_4_Inner_Layer_1:1 0.06666666666666667 0.06666666666666667 0.25 3.3 26 48 3.35 1
1 2
APP_4_Inner_Layer_1:2 0.4666666666666667 0.4666666666666667 1.75 2.52 28 33 1.71 1
1 3
APP_4_Inner_Layer_2:0 0.2 0.2 0.75 1.74 5 34 2.77 1
4
APP_4_Inner_Layer_2:1 0.2 0.2 0.75 3.52 16 31 3.76 1
5 6
APP_4_Inner_Layer_3:0 0.4 0.4 1.5 1.31 37 15 2.07 1
7 8
APP_4_Output_Layer_0 0.5333333333333333 0.5333333333333333 2.0 3.82 4 6 3.64 1
9
8
4.570630751446653
APP_5_Input_Layer_0 0.3333333333333333 0.3333333333333333 1.25 1.7 21 8 2.59 1

APP_5_Inner_Layer_0:0 0.3333333333333333 0.3333333333333333 1.25 2.33 40 14 2.93 1
0
APP_5_Inner_Layer_0:1 0.6 0.6 2.25 2.18 45 37 2.98 1
0
APP_5_Inner_Layer_1:0 0.6 0.6 2.25 1.32 8 16 2.08 1
1 2
APP_5_Inner_Layer_1:1 0.4 0.4 1.5 1.04 38 46 1.05 1
2
APP_5_Inner_Layer_1:2 0.6 0.6 2.25 2.16 18 11 2.48 1
1
APP_5_Inner_Layer_1:3 0.4666666666666667 0.4666666666666667 1.75 2.9 33 27 3.0 1
2
APP_5_Output_Layer_0 0.5333333333333333 0.5333333333333333 2.0 3.96 3 36 3.05 1
3 4 5 6
