10
6
13
0
APP_0_Input_Layer_0 0.6 0.6 2.25 2.9 17 29 3.14 1

APP_0_Inner_Layer_0:0 0.4666666666666667 0.4666666666666667 1.75 1.89 5 29 3.12 1
0
APP_0_Inner_Layer_0:1 0.6 0.6 2.25 3.04 32 28 3.45 1
0
APP_0_Inner_Layer_0:2 0.5333333333333333 0.5333333333333333 2.0 1.64 22 27 2.08 1
0
APP_0_Inner_Layer_0:3 0.2 0.2 0.75 3.51 27 31 2.71 1
0
APP_0_Inner_Layer_1:0 0.4 0.4 1.5 2.3 11 14 2.12 1
2
APP_0_Inner_Layer_1:1 0.26666666666666666 0.26666666666666666 1.0 3.77 45 48 3.6 1
1 3 4
APP_0_Inner_Layer_1:2 0.6 0.6 2.25 1.23 25 30 1.35 1
1 4
APP_0_Inner_Layer_1:3 0.06666666666666667 0.06666666666666667 0.25 1.24 9 20 2.59 1
1 2 3
APP_0_Inner_Layer_2:0 0.5333333333333333 0.5333333333333333 2.0 2.37 21 47 1.5 1
8
APP_0_Inner_Layer_2:1 0.4666666666666667 0.4666666666666667 1.75 1.81 3 10 1.7 1
5 6 7
APP_0_Inner_Layer_3:0 0.4 0.4 1.5 3.94 29 37 2.11 1
9 10
APP_0_Output_Layer_0 0.13333333333333333 0.13333333333333333 0.5 3.27 20 14 3.5 1
11
14
0.9270724159186224
APP_1_Input_Layer_0 0.4 0.4 1.5 3.07 6 11 1.33 1

APP_1_Inner_Layer_0:0 0.4 0.4 1.5 1.66 9 20 2.52 1
0
APP_1_Inner_Layer_0:1 0.26666666666666666 0.26666666666666666 1.0 2.97 12 15 3.6 1
0
APP_1_Inner_Layer_1:0 0.4 0.4 1.5 3.71 34 20 2.65 1
1 2
APP_1_Inner_Layer_1:1 0.6 0.6 2.25 3.72 35 23 3.02 1
2
APP_1_Inner_Layer_1:2 0.3333333333333333 0.3333333333333333 1.25 3.34 29 13 2.34 1
1
APP_1_Inner_Layer_2:0 0.5333333333333333 0.5333333333333333 2.0 1.45 35 36 2.84 1
3 4
APP_1_Inner_Layer_2:1 0.6 0.6 2.25 1.8 3 19 1.55 1
4
APP_1_Inner_Layer_2:2 0.13333333333333333 0.13333333333333333 0.5 1.18 7 22 1.41 1
4 5
APP_1_Inner_Layer_3:0 0.26666666666666666 0.26666666666666666 1.0 2.36 47 49 3.85 1
8
APP_1_Inner_Layer_3:1 0.4666666666666667 0.4666666666666667 1.75 3.54 25 21 2.24 1
6 7
APP_1_Inner_Layer_3:2 0.13333333333333333 0.13333333333333333 0.5 2.96 39 32 3.52 1
6
APP_1_Inner_Layer_3:3 0.6 0.6 2.25 1.17 23 27 3.74 1
6 7 8
APP_1_Output_Layer_0 0.4666666666666667 0.4666666666666667 1.75 1.47 41 17 1.77 1
9 10 11 12
9
1.974532995944125
APP_2_Input_Layer_0 0.06666666666666667 0.06666666666666667 0.25 1.25 21 13 2.82 0

APP_2_Inner_Layer_0:0 0.13333333333333333 0.13333333333333333 0.5 1.57 18 39 1.77 1
0
APP_2_Inner_Layer_0:1 0.13333333333333333 0.13333333333333333 0.5 2.85 26 6 2.76 1
0
APP_2_Inner_Layer_0:2 0.06666666666666667 0.06666666666666667 0.25 3.51 21 40 1.28 1
0
APP_2_Inner_Layer_1:0 0.13333333333333333 0.13333333333333333 0.5 3.93 47 34 1.45 1
1 2 3
APP_2_Inner_Layer_1:1 0.06666666666666667 0.06666666666666667 0.25 3.14 5 1 1.57 1
2 3
APP_2_Inner_Layer_1:2 0.13333333333333333 0.13333333333333333 0.5 3.06 26 46 2.32 1
3
APP_2_Inner_Layer_1:3 0.4 0.4 1.5 3.81 17 20 2.9 1
3
APP_2_Output_Layer_0 0.3333333333333333 0.3333333333333333 1.25 3.91 32 49 3.32 1
4 5 6 7
8
3.0304881669029085
APP_3_Input_Layer_0 0.13333333333333333 0.13333333333333333 0.5 2.87 28 15 1.7 1

APP_3_Inner_Layer_0:0 0.26666666666666666 0.26666666666666666 1.0 1.53 27 45 3.63 1
0
APP_3_Inner_Layer_0:1 0.5333333333333333 0.5333333333333333 2.0 2.87 6 30 3.48 1
0
APP_3_Inner_Layer_0:2 0.3333333333333333 0.3333333333333333 1.25 3.29 5 25 1.24 1
0
APP_3_Inner_Layer_1:0 0.2 0.2 0.75 3.78 7 29 3.04 1
1 2
APP_3_Inner_Layer_1:1 0.5333333333333333 0.5333333333333333 2.0 1.76 46 43 2.39 1
1
APP_3_Inner_Layer_1:2 0.4666666666666667 0.4666666666666667 1.75 1.89 32 16 1.1 1
2 3
APP_3_Output_Layer_0 0.2 0.2 0.75 3.66 8 2 1.51 1
4 5 6
7
4.048774407728452
APP_4_Input_Layer_0 0.13333333333333333 0.13333333333333333 0.5 2.57 44 28 1.6 1

APP_4_Inner_Layer_0:0 0.6 0.6 2.25 3.09 22 28 1.69 1
0
APP_4_Inner_Layer_0:1 0.4666666666666667 0.4666666666666667 1.75 3.36 23 28 3.27 1
0
APP_4_Inner_Layer_1:0 0.6 0.6 2.25 1.02 5 24 3.26 1
1
APP_4_Inner_Layer_1:1 0.6 0.6 2.25 2.09 1 30 3.82 1
2
APP_4_Inner_Layer_1:2 0.06666666666666667 0.06666666666666667 0.25 1.34 15 2 3.41 1
1
APP_4_Output_Layer_0 0.3333333333333333 0.3333333333333333 1.25 3.08 8 17 2.38 1
3 4 5
7
5.129972341882768
APP_5_Input_Layer_0 0.26666666666666666 0.26666666666666666 1.0 1.53 9 41 2.11 1

APP_5_Inner_Layer_0:0 0.2 0.2 0.75 2.89 25 5 2.9 1
0
APP_5_Inner_Layer_0:1 0.6 0.6 2.25 1.21 38 35 2.93 1
0
APP_5_Inner_Layer_1:0 0.4666666666666667 0.4666666666666667 1.75 2.97 16 24 3.99 1
1 2
APP_5_Inner_Layer_1:1 0.13333333333333333 0.13333333333333333 0.5 3.68 11 32 2.55 1
1
APP_5_Inner_Layer_1:2 0.26666666666666666 0.26666666666666666 1.0 2.86 43 22 2.86 1
2
APP_5_Output_Layer_0 0.3333333333333333 0.3333333333333333 1.25 1.53 38 26 2.9 1
3 4 5
