10
17
6
0
APP_0_Input_Layer_0 0.06666666666666667 0.06666666666666667 0.25 2.03 16 19 2.42 0

APP_0_Inner_Layer_0:0 0.13333333333333333 0.13333333333333333 0.5 3.54 19 34 2.75 1
0
APP_0_Inner_Layer_0:1 0.6 0.6 2.25 2.31 40 14 1.68 0
0
APP_0_Inner_Layer_1:0 0.5333333333333333 0.5333333333333333 2.0 3.07 26 36 2.59 1
1 2
APP_0_Inner_Layer_2:0 0.4 0.4 1.5 3.47 40 3 3.32 0
3
APP_0_Output_Layer_0 0.06666666666666667 0.06666666666666667 0.25 2.18 19 23 2.59 1
4
9
0.5030055143210719
APP_1_Input_Layer_0 0.2 0.2 0.75 3.15 41 3 1.07 1

APP_1_Inner_Layer_0:0 0.26666666666666666 0.26666666666666666 1.0 1.41 9 8 2.47 1
0
APP_1_Inner_Layer_1:0 0.4666666666666667 0.4666666666666667 1.75 1.9 31 13 2.82 1
1
APP_1_Inner_Layer_1:1 0.2 0.2 0.75 3.21 15 33 2.5 1
1
APP_1_Inner_Layer_1:2 0.4666666666666667 0.4666666666666667 1.75 2.73 36 35 3.47 1
1
APP_1_Inner_Layer_1:3 0.06666666666666667 0.06666666666666667 0.25 1.3 24 42 1.13 1
1
APP_1_Inner_Layer_2:0 0.6 0.6 2.25 3.64 16 26 3.93 1
2
APP_1_Inner_Layer_2:1 0.6 0.6 2.25 1.11 41 38 2.55 1
3 4 5
APP_1_Output_Layer_0 0.5333333333333333 0.5333333333333333 2.0 1.49 16 46 1.75 1
6 7
5
0.841175670130661
APP_2_Input_Layer_0 0.4 0.4 1.5 1.55 43 47 3.42 1

APP_2_Inner_Layer_0:0 0.13333333333333333 0.13333333333333333 0.5 1.03 31 18 2.26 1
0
APP_2_Inner_Layer_0:1 0.4 0.4 1.5 3.9 39 13 2.25 1
0
APP_2_Inner_Layer_0:2 0.4 0.4 1.5 3.14 34 17 3.1 1
0
APP_2_Output_Layer_0 0.3333333333333333 0.3333333333333333 1.25 2.33 45 9 3.1 1
1 2 3
11
1.0964099904079614
APP_3_Input_Layer_0 0.3333333333333333 0.3333333333333333 1.25 1.58 32 41 1.66 1

APP_3_Inner_Layer_0:0 0.2 0.2 0.75 1.29 9 13 3.77 1
0
APP_3_Inner_Layer_0:1 0.4666666666666667 0.4666666666666667 1.75 1.13 12 49 3.09 1
0
APP_3_Inner_Layer_1:0 0.6 0.6 2.25 1.21 47 17 2.95 1
2
APP_3_Inner_Layer_1:1 0.3333333333333333 0.3333333333333333 1.25 2.79 46 7 2.08 0
2
APP_3_Inner_Layer_1:2 0.26666666666666666 0.26666666666666666 1.0 3.38 47 44 2.27 1
1
APP_3_Inner_Layer_2:0 0.4666666666666667 0.4666666666666667 1.75 2.51 41 48 2.92 1
4
APP_3_Inner_Layer_2:1 0.4 0.4 1.5 1.3 45 7 1.23 1
3 4 5
APP_3_Inner_Layer_2:2 0.13333333333333333 0.13333333333333333 0.5 1.6 26 47 3.57 1
3
APP_3_Inner_Layer_2:3 0.06666666666666667 0.06666666666666667 0.25 1.05 33 47 4.0 1
4 5
APP_3_Output_Layer_0 0.26666666666666666 0.26666666666666666 1.0 2.41 16 35 3.22 1
6 7 8 9
10
1.419686378784051
APP_4_Input_Layer_0 0.4666666666666667 0.4666666666666667 1.75 3.0 21 5 3.17 1

APP_4_Inner_Layer_0:0 0.6 0.6 2.25 1.79 3 4 2.2 0
0
APP_4_Inner_Layer_0:1 0.4666666666666667 0.4666666666666667 1.75 3.23 49 5 3.84 1
0
APP_4_Inner_Layer_0:2 0.26666666666666666 0.26666666666666666 1.0 3.72 27 37 1.59 1
0
APP_4_Inner_Layer_1:0 0.6 0.6 2.25 3.16 34 3 1.41 1
3
APP_4_Inner_Layer_1:1 0.26666666666666666 0.26666666666666666 1.0 2.0 10 42 1.36 1
2 3
APP_4_Inner_Layer_1:2 0.3333333333333333 0.3333333333333333 1.25 1.04 16 29 2.93 1
1 2
APP_4_Inner_Layer_2:0 0.2 0.2 0.75 2.91 15 13 3.58 0
4
APP_4_Inner_Layer_2:1 0.6 0.6 2.25 2.71 31 48 2.56 1
5 6
APP_4_Output_Layer_0 0.26666666666666666 0.26666666666666666 1.0 2.91 33 1 1.95 1
7 8
13
1.791415050306662
APP_5_Input_Layer_0 0.26666666666666666 0.26666666666666666 1.0 3.92 34 5 2.1 1

APP_5_Inner_Layer_0:0 0.4 0.4 1.5 3.88 15 12 2.07 1
0
APP_5_Inner_Layer_0:1 0.4 0.4 1.5 2.14 46 18 3.66 1
0
APP_5_Inner_Layer_1:0 0.2 0.2 0.75 3.36 42 44 1.81 0
1 2
APP_5_Inner_Layer_2:0 0.4666666666666667 0.4666666666666667 1.75 3.24 21 4 3.93 1
3
APP_5_Inner_Layer_2:1 0.4666666666666667 0.4666666666666667 1.75 2.28 31 47 2.34 0
3
APP_5_Inner_Layer_2:2 0.26666666666666666 0.26666666666666666 1.0 1.73 10 19 2.67 1
3
APP_5_Inner_Layer_2:3 0.06666666666666667 0.06666666666666667 0.25 2.58 15 40 1.0 1
3
APP_5_Inner_Layer_3:0 0.13333333333333333 0.13333333333333333 0.5 1.93 42 29 2.96 1
4 5 6 7
APP_5_Inner_Layer_3:1 0.26666666666666666 0.26666666666666666 1.0 3.48 19 19 1.05 1
5 6
APP_5_Inner_Layer_3:2 0.2 0.2 0.75 3.15 15 49 2.99 1
5 6 7
APP_5_Inner_Layer_3:3 0.13333333333333333 0.13333333333333333 0.5 1.72 32 4 1.95 1
4
APP_5_Output_Layer_0 0.2 0.2 0.75 2.18 27 28 2.94 1
8 9 10 11
9
2.290276095901654
APP_6_Input_Layer_0 0.13333333333333333 0.13333333333333333 0.5 1.93 3 39 3.62 0

APP_6_Inner_Layer_0:0 0.2 0.2 0.75 2.85 3 36 2.74 1
0
APP_6_Inner_Layer_0:1 0.26666666666666666 0.26666666666666666 1.0 1.02 49 7 2.8 1
0
APP_6_Inner_Layer_1:0 0.5333333333333333 0.5333333333333333 2.0 2.45 26 1 2.31 1
1 2
APP_6_Inner_Layer_2:0 0.4666666666666667 0.4666666666666667 1.75 2.42 23 6 1.98 1
3
APP_6_Inner_Layer_3:0 0.4 0.4 1.5 1.62 43 4 2.37 1
4
APP_6_Inner_Layer_3:1 0.06666666666666667 0.06666666666666667 0.25 1.47 8 22 3.86 1
4
APP_6_Inner_Layer_3:2 0.6 0.6 2.25 3.47 30 10 1.43 1
4
APP_6_Output_Layer_0 0.2 0.2 0.75 1.66 30 49 2.75 1
5 6 7
8
2.7358067096549563
APP_7_Input_Layer_0 0.06666666666666667 0.06666666666666667 0.25 1.51 20 19 2.72 1

APP_7_Inner_Layer_0:0 0.4666666666666667 0.4666666666666667 1.75 3.11 19 34 3.44 0
0
APP_7_Inner_Layer_0:1 0.13333333333333333 0.13333333333333333 0.5 2.26 40 35 1.96 1
0
APP_7_Inner_Layer_1:0 0.3333333333333333 0.3333333333333333 1.25 1.6 36 31 2.82 1
1
APP_7_Inner_Layer_1:1 0.2 0.2 0.75 1.59 19 17 3.7 1
2
APP_7_Inner_Layer_2:0 0.6 0.6 2.25 3.45 33 37 1.8 1
4
APP_7_Inner_Layer_2:1 0.5333333333333333 0.5333333333333333 2.0 2.6 32 34 2.62 1
3
APP_7_Output_Layer_0 0.26666666666666666 0.26666666666666666 1.0 2.38 36 31 2.09 1
5 6
13
3.184515041864691
APP_8_Input_Layer_0 0.4 0.4 1.5 2.36 16 33 1.53 1

APP_8_Inner_Layer_0:0 0.5333333333333333 0.5333333333333333 2.0 1.44 46 18 1.69 1
0
APP_8_Inner_Layer_1:0 0.3333333333333333 0.3333333333333333 1.25 2.1 23 11 3.38 1
1
APP_8_Inner_Layer_1:1 0.06666666666666667 0.06666666666666667 0.25 3.92 12 27 1.09 1
1
APP_8_Inner_Layer_1:2 0.4 0.4 1.5 2.35 5 35 2.52 1
1
APP_8_Inner_Layer_2:0 0.4 0.4 1.5 1.49 30 33 2.85 1
2 3 4
APP_8_Inner_Layer_2:1 0.3333333333333333 0.3333333333333333 1.25 2.13 21 12 1.06 0
2 4
APP_8_Inner_Layer_2:2 0.5333333333333333 0.5333333333333333 2.0 2.25 24 37 1.8 1
2 4
APP_8_Inner_Layer_2:3 0.6 0.6 2.25 3.2 35 31 1.44 1
4
APP_8_Inner_Layer_3:0 0.5333333333333333 0.5333333333333333 2.0 2.19 9 10 1.54 1
6 7
APP_8_Inner_Layer_3:1 0.5333333333333333 0.5333333333333333 2.0 2.64 15 46 1.31 1
5 6 7
APP_8_Inner_Layer_3:2 0.2 0.2 0.75 3.28 16 2 2.92 1
8
APP_8_Output_Layer_0 0.2 0.2 0.75 1.32 22 15 2.87 1
9 10 11
7
3.5330326041335414
APP_9_Input_Layer_0 0.13333333333333333 0.13333333333333333 0.5 2.53 43 24 3.0 1

APP_9_Inner_Layer_0:0 0.6 0.6 2.25 3.23 19 46 2.32 1
0
APP_9_Inner_Layer_1:0 0.06666666666666667 0.06666666666666667 0.25 2.94 35 3 3.63 1
1
APP_9_Inner_Layer_1:1 0.06666666666666667 0.06666666666666667 0.25 3.86 45 35 1.69 1
1
APP_9_Inner_Layer_1:2 0.06666666666666667 0.06666666666666667 0.25 2.14 38 33 3.44 0
1
APP_9_Inner_Layer_2:0 0.6 0.6 2.25 3.18 37 33 2.17 1
2 3 4
APP_9_Output_Layer_0 0.6 0.6 2.25 2.56 23 6 3.15 0
5
5
3.7564147465747397
APP_10_Input_Layer_0 0.6 0.6 2.25 2.09 5 26 1.9 1

APP_10_Inner_Layer_0:0 0.2 0.2 0.75 1.81 12 44 2.9 1
0
APP_10_Inner_Layer_0:1 0.3333333333333333 0.3333333333333333 1.25 2.44 7 37 2.07 1
0
APP_10_Inner_Layer_0:2 0.4666666666666667 0.4666666666666667 1.75 1.62 39 21 1.91 1
0
APP_10_Output_Layer_0 0.6 0.6 2.25 2.43 14 28 1.66 1
1 2 3
3
4.020828140099944
APP_11_Input_Layer_0 0.13333333333333333 0.13333333333333333 0.5 1.82 48 26 1.3 1

APP_11_Inner_Layer_0:0 0.13333333333333333 0.13333333333333333 0.5 2.97 26 32 3.42 1
0
APP_11_Output_Layer_0 0.5333333333333333 0.5333333333333333 2.0 3.68 4 38 1.35 1
1
7
4.349123986544766
APP_12_Input_Layer_0 0.2 0.2 0.75 2.25 20 21 3.81 1

APP_12_Inner_Layer_0:0 0.06666666666666667 0.06666666666666667 0.25 3.19 40 7 1.15 1
0
APP_12_Inner_Layer_0:1 0.4 0.4 1.5 2.19 46 7 3.53 1
0
APP_12_Inner_Layer_0:2 0.6 0.6 2.25 2.85 16 17 1.96 1
0
APP_12_Inner_Layer_0:3 0.4 0.4 1.5 1.56 30 34 2.37 1
0
APP_12_Inner_Layer_1:0 0.2 0.2 0.75 2.58 22 12 1.92 1
1 2 3 4
APP_12_Output_Layer_0 0.6 0.6 2.25 2.09 1 44 3.01 1
5
10
4.566762135740098
APP_13_Input_Layer_0 0.2 0.2 0.75 1.39 37 31 3.2 1

APP_13_Inner_Layer_0:0 0.3333333333333333 0.3333333333333333 1.25 3.32 30 24 2.92 1
0
APP_13_Inner_Layer_0:1 0.4 0.4 1.5 2.31 25 17 3.97 1
0
APP_13_Inner_Layer_0:2 0.3333333333333333 0.3333333333333333 1.25 3.77 3 22 2.44 1
0
APP_13_Inner_Layer_0:3 0.13333333333333333 0.13333333333333333 0.5 3.97 43 11 2.79 1
0
APP_13_Inner_Layer_1:0 0.26666666666666666 0.26666666666666666 1.0 1.42 3 23 2.08 1
2 3 4
APP_13_Inner_Layer_1:1 0.06666666666666667 0.06666666666666667 0.25 2.63 38 5 2.29 1
2
APP_13_Inner_Layer_1:2 0.5333333333333333 0.5333333333333333 2.0 3.77 22 48 2.48 1
1
APP_13_Inner_Layer_1:3 0.06666666666666667 0.06666666666666667 0.25 2.0 38 47 1.78 1
2
APP_13_Output_Layer_0 0.4666666666666667 0.4666666666666667 1.75 2.49 10 32 3.4 0
5 6 7 8
11
5.076710191924274
APP_14_Input_Layer_0 0.3333333333333333 0.3333333333333333 1.25 3.82 48 21 1.14 1

APP_14_Inner_Layer_0:0 0.3333333333333333 0.3333333333333333 1.25 1.01 18 39 2.72 1
0
APP_14_Inner_Layer_0:1 0.06666666666666667 0.06666666666666667 0.25 1.07 39 26 3.09 1
0
APP_14_Inner_Layer_1:0 0.26666666666666666 0.26666666666666666 1.0 1.11 30 47 2.49 1
2
APP_14_Inner_Layer_1:1 0.2 0.2 0.75 2.53 23 10 3.99 1
1 2
APP_14_Inner_Layer_1:2 0.4666666666666667 0.4666666666666667 1.75 2.67 22 49 1.54 1
1
APP_14_Inner_Layer_2:0 0.2 0.2 0.75 2.57 12 31 2.72 1
4
APP_14_Inner_Layer_2:1 0.6 0.6 2.25 3.54 16 29 3.08 1
4 3
APP_14_Inner_Layer_2:2 0.3333333333333333 0.3333333333333333 1.25 1.79 16 18 2.86 1
3 4
APP_14_Inner_Layer_2:3 0.06666666666666667 0.06666666666666667 0.25 3.82 17 30 1.46 1
4 5
APP_14_Output_Layer_0 0.26666666666666666 0.26666666666666666 1.0 2.47 18 29 1.28 1
6 7 8 9
9
5.384522392930406
APP_15_Input_Layer_0 0.13333333333333333 0.13333333333333333 0.5 2.86 19 42 2.85 0

APP_15_Inner_Layer_0:0 0.06666666666666667 0.06666666666666667 0.25 2.68 33 26 2.81 0
0
APP_15_Inner_Layer_0:1 0.26666666666666666 0.26666666666666666 1.0 1.7 35 18 1.02 1
0
APP_15_Inner_Layer_0:2 0.26666666666666666 0.26666666666666666 1.0 2.27 6 33 1.47 1
0
APP_15_Inner_Layer_1:0 0.13333333333333333 0.13333333333333333 0.5 1.96 24 49 3.43 1
1
APP_15_Inner_Layer_1:1 0.26666666666666666 0.26666666666666666 1.0 2.67 16 2 1.65 1
3
APP_15_Inner_Layer_1:2 0.5333333333333333 0.5333333333333333 2.0 2.33 5 13 1.41 1
2 3
APP_15_Inner_Layer_1:3 0.2 0.2 0.75 1.55 38 24 2.27 0
1 2 3
APP_15_Output_Layer_0 0.5333333333333333 0.5333333333333333 2.0 2.85 33 12 2.18 1
4 5 6 7
5
5.878489555688235
APP_16_Input_Layer_0 0.4 0.4 1.5 2.67 27 16 1.49 1

APP_16_Inner_Layer_0:0 0.5333333333333333 0.5333333333333333 2.0 3.92 36 19 3.87 1
0
APP_16_Inner_Layer_0:1 0.3333333333333333 0.3333333333333333 1.25 3.58 24 32 2.77 1
0
APP_16_Inner_Layer_0:2 0.06666666666666667 0.06666666666666667 0.25 3.48 20 26 2.09 1
0
APP_16_Output_Layer_0 0.2 0.2 0.75 2.75 48 6 3.48 1
1 2 3
