10
17
8
0
APP_0_Input_Layer_0 0.06666666666666667 0.06666666666666667 0.25 1.9 45 25 3.77 1

APP_0_Inner_Layer_0:0 0.5333333333333333 0.5333333333333333 2.0 3.24 10 18 1.29 1
0
APP_0_Inner_Layer_1:0 0.4 0.4 1.5 3.72 31 41 2.09 1
1
APP_0_Inner_Layer_2:0 0.4666666666666667 0.4666666666666667 1.75 1.6 24 30 2.72 1
2
APP_0_Inner_Layer_2:1 0.5333333333333333 0.5333333333333333 2.0 1.29 18 21 2.82 1
2
APP_0_Inner_Layer_2:2 0.26666666666666666 0.26666666666666666 1.0 3.27 6 44 2.58 1
2
APP_0_Inner_Layer_3:0 0.6 0.6 2.25 2.14 40 45 2.48 0
3 4 5
APP_0_Output_Layer_0 0.6 0.6 2.25 2.07 33 19 1.81 1
6
8
0.5096772895887436
APP_1_Input_Layer_0 0.5333333333333333 0.5333333333333333 2.0 1.37 22 3 1.96 1

APP_1_Inner_Layer_0:0 0.06666666666666667 0.06666666666666667 0.25 1.59 41 46 3.67 1
0
APP_1_Inner_Layer_0:1 0.4 0.4 1.5 2.01 23 8 2.19 1
0
APP_1_Inner_Layer_0:2 0.13333333333333333 0.13333333333333333 0.5 2.12 4 23 1.66 1
0
APP_1_Inner_Layer_1:0 0.5333333333333333 0.5333333333333333 2.0 3.34 27 46 3.94 1
1 2 3
APP_1_Inner_Layer_2:0 0.06666666666666667 0.06666666666666667 0.25 3.13 24 27 1.39 1
4
APP_1_Inner_Layer_3:0 0.4666666666666667 0.4666666666666667 1.75 3.96 9 41 3.86 1
5
APP_1_Output_Layer_0 0.3333333333333333 0.3333333333333333 1.25 1.5 43 14 1.7 1
6
6
1.0472932722374062
APP_2_Input_Layer_0 0.13333333333333333 0.13333333333333333 0.5 3.03 40 24 3.39 1

APP_2_Inner_Layer_0:0 0.5333333333333333 0.5333333333333333 2.0 3.88 29 32 2.54 1
0
APP_2_Inner_Layer_1:0 0.3333333333333333 0.3333333333333333 1.25 1.75 15 35 1.43 1
1
APP_2_Inner_Layer_1:1 0.5333333333333333 0.5333333333333333 2.0 1.27 34 38 3.21 0
1
APP_2_Inner_Layer_1:2 0.06666666666666667 0.06666666666666667 0.25 2.75 13 23 1.6 1
1
APP_2_Output_Layer_0 0.4 0.4 1.5 1.41 46 13 3.55 1
2 3 4
6
1.4295551395689428
APP_3_Input_Layer_0 0.2 0.2 0.75 3.63 29 1 1.94 1

APP_3_Inner_Layer_0:0 0.3333333333333333 0.3333333333333333 1.25 1.23 25 47 2.42 0
0
APP_3_Inner_Layer_0:1 0.13333333333333333 0.13333333333333333 0.5 3.3 47 17 2.54 1
0
APP_3_Inner_Layer_0:2 0.06666666666666667 0.06666666666666667 0.25 2.22 35 48 3.99 1
0
APP_3_Inner_Layer_0:3 0.13333333333333333 0.13333333333333333 0.5 3.09 6 38 1.52 0
0
APP_3_Output_Layer_0 0.13333333333333333 0.13333333333333333 0.5 2.93 17 6 1.01 1
1 2 3 4
11
1.6568992897344008
APP_4_Input_Layer_0 0.4 0.4 1.5 2.68 23 31 2.54 1

APP_4_Inner_Layer_0:0 0.26666666666666666 0.26666666666666666 1.0 2.45 27 30 3.49 1
0
APP_4_Inner_Layer_0:1 0.4 0.4 1.5 3.99 20 41 2.61 0
0
APP_4_Inner_Layer_1:0 0.13333333333333333 0.13333333333333333 0.5 1.67 31 24 2.85 1
1
APP_4_Inner_Layer_1:1 0.2 0.2 0.75 3.63 42 23 3.83 1
2
APP_4_Inner_Layer_2:0 0.4 0.4 1.5 2.32 36 45 1.63 1
4
APP_4_Inner_Layer_2:1 0.3333333333333333 0.3333333333333333 1.25 1.2 18 31 3.61 1
3
APP_4_Inner_Layer_3:0 0.3333333333333333 0.3333333333333333 1.25 3.79 39 47 2.15 1
6
APP_4_Inner_Layer_3:1 0.26666666666666666 0.26666666666666666 1.0 1.84 47 17 1.17 1
5 6
APP_4_Inner_Layer_3:2 0.6 0.6 2.25 2.24 5 20 2.0 1
6
APP_4_Output_Layer_0 0.3333333333333333 0.3333333333333333 1.25 1.29 29 48 1.33 1
7 8 9
13
1.9671728800805663
APP_5_Input_Layer_0 0.3333333333333333 0.3333333333333333 1.25 1.29 44 37 1.09 1

APP_5_Inner_Layer_0:0 0.26666666666666666 0.26666666666666666 1.0 1.52 16 44 1.93 1
0
APP_5_Inner_Layer_0:1 0.6 0.6 2.25 3.94 22 1 1.23 1
0
APP_5_Inner_Layer_1:0 0.06666666666666667 0.06666666666666667 0.25 2.78 18 45 2.67 1
1 2
APP_5_Inner_Layer_1:1 0.26666666666666666 0.26666666666666666 1.0 1.79 11 22 3.92 1
1
APP_5_Inner_Layer_1:2 0.26666666666666666 0.26666666666666666 1.0 3.7 49 42 1.67 1
1
APP_5_Inner_Layer_1:3 0.4 0.4 1.5 2.18 1 24 1.9 1
1
APP_5_Inner_Layer_2:0 0.13333333333333333 0.13333333333333333 0.5 1.15 49 41 1.35 1
3 4 5 6
APP_5_Inner_Layer_3:0 0.6 0.6 2.25 3.73 3 32 1.14 1
7
APP_5_Inner_Layer_3:1 0.3333333333333333 0.3333333333333333 1.25 1.37 16 23 3.03 1
7
APP_5_Inner_Layer_3:2 0.4666666666666667 0.4666666666666667 1.75 2.04 40 14 3.29 1
7
APP_5_Inner_Layer_3:3 0.4 0.4 1.5 2.3 11 31 2.81 1
7
APP_5_Output_Layer_0 0.13333333333333333 0.13333333333333333 0.5 1.08 16 10 3.66 1
8 9 10 11
5
2.223191923746655
APP_6_Input_Layer_0 0.06666666666666667 0.06666666666666667 0.25 2.03 37 13 3.39 1

APP_6_Inner_Layer_0:0 0.13333333333333333 0.13333333333333333 0.5 3.61 37 12 1.13 1
0
APP_6_Inner_Layer_1:0 0.6 0.6 2.25 2.15 4 46 2.15 0
1
APP_6_Inner_Layer_1:1 0.13333333333333333 0.13333333333333333 0.5 3.43 1 3 1.72 1
1
APP_6_Output_Layer_0 0.13333333333333333 0.13333333333333333 0.5 2.35 28 24 3.36 1
2 3
9
2.547277291313991
APP_7_Input_Layer_0 0.06666666666666667 0.06666666666666667 0.25 3.51 25 5 1.53 1

APP_7_Inner_Layer_0:0 0.06666666666666667 0.06666666666666667 0.25 1.8 30 27 2.66 1
0
APP_7_Inner_Layer_0:1 0.26666666666666666 0.26666666666666666 1.0 3.59 10 7 2.09 1
0
APP_7_Inner_Layer_0:2 0.6 0.6 2.25 2.84 44 45 2.33 1
0
APP_7_Inner_Layer_0:3 0.4 0.4 1.5 1.54 23 25 1.77 1
0
APP_7_Inner_Layer_1:0 0.06666666666666667 0.06666666666666667 0.25 3.98 6 34 1.27 1
1 2 3 4
APP_7_Inner_Layer_2:0 0.3333333333333333 0.3333333333333333 1.25 3.59 15 45 3.12 1
5
APP_7_Inner_Layer_3:0 0.3333333333333333 0.3333333333333333 1.25 1.66 18 14 1.22 1
6
APP_7_Output_Layer_0 0.6 0.6 2.25 3.25 40 3 2.46 1
7
6
2.778405153233762
APP_8_Input_Layer_0 0.4666666666666667 0.4666666666666667 1.75 3.38 22 7 1.04 1

APP_8_Inner_Layer_0:0 0.3333333333333333 0.3333333333333333 1.25 1.32 43 23 1.74 1
0
APP_8_Inner_Layer_0:1 0.2 0.2 0.75 3.64 19 31 2.79 1
0
APP_8_Inner_Layer_0:2 0.13333333333333333 0.13333333333333333 0.5 1.63 14 23 1.63 1
0
APP_8_Inner_Layer_0:3 0.5333333333333333 0.5333333333333333 2.0 3.14 40 4 1.81 1
0
APP_8_Output_Layer_0 0.5333333333333333 0.5333333333333333 2.0 3.43 26 38 2.75 1
1 2 3 4
15
3.042781095726406
APP_9_Input_Layer_0 0.4 0.4 1.5 1.65 23 26 1.79 1

APP_9_Inner_Layer_0:0 0.13333333333333333 0.13333333333333333 0.5 2.19 48 37 1.15 1
0
APP_9_Inner_Layer_0:1 0.4666666666666667 0.4666666666666667 1.75 2.14 1 31 1.78 1
0
APP_9_Inner_Layer_0:2 0.13333333333333333 0.13333333333333333 0.5 1.02 7 47 3.26 1
0
APP_9_Inner_Layer_0:3 0.13333333333333333 0.13333333333333333 0.5 1.27 3 29 1.55 1
0
APP_9_Inner_Layer_1:0 0.3333333333333333 0.3333333333333333 1.25 2.79 18 22 2.82 1
1 2 3
APP_9_Inner_Layer_1:1 0.5333333333333333 0.5333333333333333 2.0 3.72 7 5 3.86 1
3 4
APP_9_Inner_Layer_1:2 0.6 0.6 2.25 2.68 19 47 1.51 1
4
APP_9_Inner_Layer_2:0 0.2 0.2 0.75 3.3 29 45 1.75 1
7
APP_9_Inner_Layer_2:1 0.06666666666666667 0.06666666666666667 0.25 1.08 47 30 1.56 1
5 6
APP_9_Inner_Layer_3:0 0.6 0.6 2.25 3.63 11 14 1.24 1
8 9
APP_9_Inner_Layer_3:1 0.06666666666666667 0.06666666666666667 0.25 1.6 27 22 2.05 1
8
APP_9_Inner_Layer_3:2 0.13333333333333333 0.13333333333333333 0.5 1.55 7 9 2.64 1
8 9
APP_9_Inner_Layer_3:3 0.4 0.4 1.5 2.15 25 26 1.59 1
9
APP_9_Output_Layer_0 0.6 0.6 2.25 1.71 38 2 3.36 1
10 11 12 13
12
3.5761855268704488
APP_10_Input_Layer_0 0.26666666666666666 0.26666666666666666 1.0 2.96 30 15 3.99 1

APP_10_Inner_Layer_0:0 0.26666666666666666 0.26666666666666666 1.0 1.55 22 7 3.21 1
0
APP_10_Inner_Layer_0:1 0.06666666666666667 0.06666666666666667 0.25 2.63 17 44 1.48 1
0
APP_10_Inner_Layer_1:0 0.6 0.6 2.25 2.07 19 44 3.24 1
2
APP_10_Inner_Layer_1:1 0.5333333333333333 0.5333333333333333 2.0 3.42 24 48 2.63 1
1 2
APP_10_Inner_Layer_2:0 0.26666666666666666 0.26666666666666666 1.0 1.97 34 38 1.06 1
3
APP_10_Inner_Layer_2:1 0.2 0.2 0.75 3.51 14 20 1.19 1
4
APP_10_Inner_Layer_2:2 0.4 0.4 1.5 1.54 42 8 3.27 1
4
APP_10_Inner_Layer_2:3 0.6 0.6 2.25 1.64 49 43 1.26 1
4
APP_10_Inner_Layer_3:0 0.2 0.2 0.75 1.71 32 32 2.75 1
6 8
APP_10_Inner_Layer_3:1 0.6 0.6 2.25 3.45 30 15 2.97 1
5 7
APP_10_Output_Layer_0 0.5333333333333333 0.5333333333333333 2.0 3.02 21 21 3.39 1
9 10
3
3.880129953764553
APP_11_Input_Layer_0 0.4666666666666667 0.4666666666666667 1.75 3.33 45 4 2.16 1

APP_11_Inner_Layer_0:0 0.4 0.4 1.5 1.18 45 14 2.67 1
0
APP_11_Output_Layer_0 0.13333333333333333 0.13333333333333333 0.5 3.47 38 48 2.32 1
1
5
4.374101541000502
APP_12_Input_Layer_0 0.13333333333333333 0.13333333333333333 0.5 3.45 17 43 3.18 1

APP_12_Inner_Layer_0:0 0.26666666666666666 0.26666666666666666 1.0 1.14 5 1 2.76 1
0
APP_12_Inner_Layer_0:1 0.4666666666666667 0.4666666666666667 1.75 1.18 7 48 1.69 1
0
APP_12_Inner_Layer_0:2 0.26666666666666666 0.26666666666666666 1.0 2.46 5 5 1.51 1
0
APP_12_Output_Layer_0 0.5333333333333333 0.5333333333333333 2.0 3.09 9 4 2.56 1
1 2 3
6
4.613322696113223
APP_13_Input_Layer_0 0.5333333333333333 0.5333333333333333 2.0 2.8 1 5 1.57 1

APP_13_Inner_Layer_0:0 0.06666666666666667 0.06666666666666667 0.25 1.81 44 30 2.57 1
0
APP_13_Inner_Layer_0:1 0.2 0.2 0.75 3.96 9 20 3.88 0
0
APP_13_Inner_Layer_0:2 0.26666666666666666 0.26666666666666666 1.0 3.26 30 39 2.53 0
0
APP_13_Inner_Layer_0:3 0.3333333333333333 0.3333333333333333 1.25 1.92 44 27 2.46 1
0
APP_13_Output_Layer_0 0.13333333333333333 0.13333333333333333 0.5 3.68 2 1 1.81 1
1 2 3 4
11
4.977696621429948
APP_14_Input_Layer_0 0.26666666666666666 0.26666666666666666 1.0 3.99 18 43 3.56 0

APP_14_Inner_Layer_0:0 0.5333333333333333 0.5333333333333333 2.0 1.62 24 3 2.38 1
0
APP_14_Inner_Layer_0:1 0.26666666666666666 0.26666666666666666 1.0 3.84 39 45 1.99 0
0
APP_14_Inner_Layer_1:0 0.5333333333333333 0.5333333333333333 2.0 1.23 37 19 1.54 1
1
APP_14_Inner_Layer_1:1 0.26666666666666666 0.26666666666666666 1.0 1.25 44 19 3.13 1
2
APP_14_Inner_Layer_1:2 0.06666666666666667 0.06666666666666667 0.25 3.15 11 15 1.98 1
1
APP_14_Inner_Layer_1:3 0.26666666666666666 0.26666666666666666 1.0 1.57 19 47 1.55 1
1 2
APP_14_Inner_Layer_2:0 0.5333333333333333 0.5333333333333333 2.0 2.22 42 32 1.63 1
3 4 6
APP_14_Inner_Layer_2:1 0.13333333333333333 0.13333333333333333 0.5 3.03 5 7 3.74 1
3
APP_14_Inner_Layer_2:2 0.5333333333333333 0.5333333333333333 2.0 1.41 26 9 3.97 1
5 6
APP_14_Output_Layer_0 0.6 0.6 2.25 3.85 2 28 3.94 1
7 8 9
10
5.320444356035947
APP_15_Input_Layer_0 0.5333333333333333 0.5333333333333333 2.0 2.9 37 24 2.88 0

APP_15_Inner_Layer_0:0 0.3333333333333333 0.3333333333333333 1.25 3.74 18 49 3.89 1
0
APP_15_Inner_Layer_1:0 0.4 0.4 1.5 1.84 26 14 1.38 1
1
APP_15_Inner_Layer_1:1 0.4666666666666667 0.4666666666666667 1.75 2.45 26 11 1.51 0
1
APP_15_Inner_Layer_1:2 0.26666666666666666 0.26666666666666666 1.0 1.49 15 6 1.65 1
1
APP_15_Inner_Layer_1:3 0.13333333333333333 0.13333333333333333 0.5 3.93 33 10 1.33 1
1
APP_15_Inner_Layer_2:0 0.6 0.6 2.25 1.15 39 17 3.61 1
2 3 4
APP_15_Inner_Layer_2:1 0.3333333333333333 0.3333333333333333 1.25 3.3 6 37 3.84 1
3
APP_15_Inner_Layer_2:2 0.26666666666666666 0.26666666666666666 1.0 2.41 13 5 3.66 1
4 5
APP_15_Output_Layer_0 0.5333333333333333 0.5333333333333333 2.0 3.48 14 22 1.59 1
6 7 8
10
5.621265126547309
APP_16_Input_Layer_0 0.5333333333333333 0.5333333333333333 2.0 2.29 12 2 3.65 1

APP_16_Inner_Layer_0:0 0.06666666666666667 0.06666666666666667 0.25 2.9 21 9 2.73 1
0
APP_16_Inner_Layer_0:1 0.5333333333333333 0.5333333333333333 2.0 2.73 30 11 1.55 1
0
APP_16_Inner_Layer_0:2 0.3333333333333333 0.3333333333333333 1.25 2.55 30 31 3.44 1
0
APP_16_Inner_Layer_1:0 0.13333333333333333 0.13333333333333333 0.5 3.07 27 31 2.0 1
3
APP_16_Inner_Layer_1:1 0.13333333333333333 0.13333333333333333 0.5 1.31 2 1 3.85 1
1 2 3
APP_16_Inner_Layer_1:2 0.4 0.4 1.5 2.78 47 20 1.79 1
1 2
APP_16_Inner_Layer_2:0 0.13333333333333333 0.13333333333333333 0.5 3.36 33 8 3.82 1
4
APP_16_Inner_Layer_2:1 0.6 0.6 2.25 3.59 42 32 3.0 1
5 6
APP_16_Output_Layer_0 0.2 0.2 0.75 2.97 4 42 1.38 1
7 8
