10
17
11
0
APP_0_Input_Layer_0 0.4666666666666667 0.4666666666666667 1.75 2.66 46 24 1.51 1

APP_0_Inner_Layer_0:0 0.5333333333333333 0.5333333333333333 2.0 1.1 8 32 2.78 1
0
APP_0_Inner_Layer_0:1 0.4666666666666667 0.4666666666666667 1.75 2.2 28 21 3.4 1
0
APP_0_Inner_Layer_0:2 0.06666666666666667 0.06666666666666667 0.25 2.39 41 24 2.56 1
0
APP_0_Inner_Layer_1:0 0.06666666666666667 0.06666666666666667 0.25 2.87 6 41 2.89 1
1
APP_0_Inner_Layer_1:1 0.5333333333333333 0.5333333333333333 2.0 1.04 31 48 2.23 1
2 3
APP_0_Inner_Layer_1:2 0.5333333333333333 0.5333333333333333 2.0 1.76 30 31 3.63 1
1 3
APP_0_Inner_Layer_2:0 0.5333333333333333 0.5333333333333333 2.0 3.84 1 39 2.4 1
5 6
APP_0_Inner_Layer_2:1 0.4 0.4 1.5 3.44 45 9 3.72 1
4
APP_0_Inner_Layer_3:0 0.4666666666666667 0.4666666666666667 1.75 3.77 4 1 2.01 1
7 8
APP_0_Output_Layer_0 0.06666666666666667 0.06666666666666667 0.25 2.59 25 6 3.96 1
9
9
0.3371705982543176
APP_1_Input_Layer_0 0.4 0.4 1.5 2.78 31 19 2.49 1

APP_1_Inner_Layer_0:0 0.6 0.6 2.25 1.63 10 43 2.52 1
0
APP_1_Inner_Layer_0:1 0.13333333333333333 0.13333333333333333 0.5 2.02 46 32 3.75 0
0
APP_1_Inner_Layer_0:2 0.06666666666666667 0.06666666666666667 0.25 1.77 35 1 1.41 1
0
APP_1_Inner_Layer_1:0 0.13333333333333333 0.13333333333333333 0.5 2.09 39 21 3.79 0
1 2 3
APP_1_Inner_Layer_1:1 0.2 0.2 0.75 1.45 15 38 3.94 1
2 3
APP_1_Inner_Layer_1:2 0.13333333333333333 0.13333333333333333 0.5 1.83 15 20 2.14 1
1 2
APP_1_Inner_Layer_1:3 0.13333333333333333 0.13333333333333333 0.5 3.77 46 49 1.72 1
1 2
APP_1_Output_Layer_0 0.5333333333333333 0.5333333333333333 2.0 2.07 30 43 2.78 1
4 5 6 7
8
0.5743129260105422
APP_2_Input_Layer_0 0.13333333333333333 0.13333333333333333 0.5 3.27 43 2 1.4 1

APP_2_Inner_Layer_0:0 0.4 0.4 1.5 2.34 21 40 1.92 1
0
APP_2_Inner_Layer_0:1 0.6 0.6 2.25 1.71 17 19 3.12 1
0
APP_2_Inner_Layer_1:0 0.4 0.4 1.5 2.08 41 45 3.32 1
1 2
APP_2_Inner_Layer_1:1 0.13333333333333333 0.13333333333333333 0.5 3.79 1 34 1.44 0
1
APP_2_Inner_Layer_2:0 0.26666666666666666 0.26666666666666666 1.0 2.0 32 6 2.42 1
4
APP_2_Inner_Layer_2:1 0.4 0.4 1.5 2.2 26 27 3.7 1
3 4
APP_2_Output_Layer_0 0.13333333333333333 0.13333333333333333 0.5 1.12 2 17 1.72 1
5 6
14
0.8061982521046284
APP_3_Input_Layer_0 0.06666666666666667 0.06666666666666667 0.25 3.38 27 24 1.61 1

APP_3_Inner_Layer_0:0 0.06666666666666667 0.06666666666666667 0.25 1.06 39 19 3.37 1
0
APP_3_Inner_Layer_0:1 0.4666666666666667 0.4666666666666667 1.75 3.88 28 9 2.75 1
0
APP_3_Inner_Layer_0:2 0.13333333333333333 0.13333333333333333 0.5 1.29 25 4 2.66 1
0
APP_3_Inner_Layer_0:3 0.3333333333333333 0.3333333333333333 1.25 2.34 40 39 1.87 1
0
APP_3_Inner_Layer_1:0 0.26666666666666666 0.26666666666666666 1.0 1.15 46 39 2.62 1
2 4
APP_3_Inner_Layer_1:1 0.6 0.6 2.25 1.31 47 28 1.35 1
3 2 1
APP_3_Inner_Layer_1:2 0.4666666666666667 0.4666666666666667 1.75 2.68 31 16 2.78 1
1 2 3 4
APP_3_Inner_Layer_2:0 0.2 0.2 0.75 3.95 48 25 1.08 0
5
APP_3_Inner_Layer_2:1 0.26666666666666666 0.26666666666666666 1.0 1.13 19 9 2.93 1
6 7
APP_3_Inner_Layer_2:2 0.4 0.4 1.5 1.65 38 16 2.03 0
7
APP_3_Inner_Layer_2:3 0.6 0.6 2.25 1.15 13 41 2.11 1
5 6 7
APP_3_Inner_Layer_3:0 0.2 0.2 0.75 2.54 26 40 1.46 0
8 9 10 11
APP_3_Output_Layer_0 0.06666666666666667 0.06666666666666667 0.25 1.96 34 30 3.33 1
12
7
1.1583045094272042
APP_4_Input_Layer_0 0.26666666666666666 0.26666666666666666 1.0 3.11 38 1 3.55 1

APP_4_Inner_Layer_0:0 0.2 0.2 0.75 1.48 3 14 3.96 1
0
APP_4_Inner_Layer_0:1 0.5333333333333333 0.5333333333333333 2.0 1.65 1 20 1.03 1
0
APP_4_Inner_Layer_0:2 0.13333333333333333 0.13333333333333333 0.5 2.12 48 40 1.51 1
0
APP_4_Inner_Layer_1:0 0.3333333333333333 0.3333333333333333 1.25 2.24 39 26 3.67 1
1 3
APP_4_Inner_Layer_1:1 0.4666666666666667 0.4666666666666667 1.75 2.75 18 11 3.47 1
2
APP_4_Output_Layer_0 0.3333333333333333 0.3333333333333333 1.25 3.19 35 20 2.58 0
4 5
14
1.722705944947776
APP_5_Input_Layer_0 0.6 0.6 2.25 2.74 6 40 1.62 1

APP_5_Inner_Layer_0:0 0.6 0.6 2.25 1.99 21 28 2.92 1
0
APP_5_Inner_Layer_0:1 0.2 0.2 0.75 2.42 21 44 2.16 1
0
APP_5_Inner_Layer_1:0 0.4 0.4 1.5 2.71 43 25 1.81 1
1
APP_5_Inner_Layer_1:1 0.06666666666666667 0.06666666666666667 0.25 2.64 5 34 3.86 1
2
APP_5_Inner_Layer_1:2 0.6 0.6 2.25 3.99 43 14 2.13 1
2
APP_5_Inner_Layer_2:0 0.26666666666666666 0.26666666666666666 1.0 2.1 31 47 2.73 1
4 5
APP_5_Inner_Layer_2:1 0.4666666666666667 0.4666666666666667 1.75 3.08 33 16 3.22 0
3
APP_5_Inner_Layer_2:2 0.06666666666666667 0.06666666666666667 0.25 3.89 25 37 1.29 1
3
APP_5_Inner_Layer_3:0 0.3333333333333333 0.3333333333333333 1.25 3.29 44 21 1.11 1
6 7
APP_5_Inner_Layer_3:1 0.06666666666666667 0.06666666666666667 0.25 2.91 47 31 3.94 1
8
APP_5_Inner_Layer_3:2 0.6 0.6 2.25 2.0 23 22 3.93 1
7
APP_5_Inner_Layer_3:3 0.13333333333333333 0.13333333333333333 0.5 2.34 38 8 1.82 1
7 8
APP_5_Output_Layer_0 0.26666666666666666 0.26666666666666666 1.0 1.15 18 27 1.86 1
9 10 11 12
13
1.9631444138086267
APP_6_Input_Layer_0 0.5333333333333333 0.5333333333333333 2.0 3.93 13 28 1.47 1

APP_6_Inner_Layer_0:0 0.06666666666666667 0.06666666666666667 0.25 1.64 9 35 1.84 1
0
APP_6_Inner_Layer_0:1 0.06666666666666667 0.06666666666666667 0.25 3.48 15 43 1.09 1
0
APP_6_Inner_Layer_0:2 0.4666666666666667 0.4666666666666667 1.75 1.16 32 28 3.74 1
0
APP_6_Inner_Layer_0:3 0.6 0.6 2.25 2.91 47 18 1.96 1
0
APP_6_Inner_Layer_1:0 0.26666666666666666 0.26666666666666666 1.0 3.14 29 38 2.18 0
1 2 3 4
APP_6_Inner_Layer_2:0 0.26666666666666666 0.26666666666666666 1.0 1.35 44 38 2.19 1
5
APP_6_Inner_Layer_2:1 0.3333333333333333 0.3333333333333333 1.25 3.87 31 40 2.16 1
5
APP_6_Inner_Layer_3:0 0.2 0.2 0.75 1.16 16 3 3.1 1
7
APP_6_Inner_Layer_3:1 0.3333333333333333 0.3333333333333333 1.25 1.73 36 15 3.84 1
7
APP_6_Inner_Layer_3:2 0.13333333333333333 0.13333333333333333 0.5 1.71 7 18 1.61 1
6
APP_6_Inner_Layer_3:3 0.13333333333333333 0.13333333333333333 0.5 1.45 1 19 1.27 1
6 7
APP_6_Output_Layer_0 0.13333333333333333 0.13333333333333333 0.5 2.6 38 28 1.88 0
8 9 10 11
12
2.2682433271716436
APP_7_Input_Layer_0 0.06666666666666667 0.06666666666666667 0.25 2.58 23 35 3.85 1

APP_7_Inner_Layer_0:0 0.3333333333333333 0.3333333333333333 1.25 3.6 43 38 1.94 1
0
APP_7_Inner_Layer_0:1 0.4666666666666667 0.4666666666666667 1.75 1.53 27 37 2.24 1
0
APP_7_Inner_Layer_0:2 0.6 0.6 2.25 2.58 21 41 1.15 1
0
APP_7_Inner_Layer_0:3 0.06666666666666667 0.06666666666666667 0.25 1.9 6 16 1.28 1
0
APP_7_Inner_Layer_1:0 0.13333333333333333 0.13333333333333333 0.5 3.36 46 40 2.14 1
3 4
APP_7_Inner_Layer_1:1 0.13333333333333333 0.13333333333333333 0.5 1.51 14 6 1.83 0
1 2
APP_7_Inner_Layer_2:0 0.3333333333333333 0.3333333333333333 1.25 1.73 13 1 2.42 0
5 6
APP_7_Inner_Layer_2:1 0.26666666666666666 0.26666666666666666 1.0 1.09 44 42 3.72 1
5
APP_7_Inner_Layer_2:2 0.4666666666666667 0.4666666666666667 1.75 2.13 11 29 3.76 1
6
APP_7_Inner_Layer_2:3 0.5333333333333333 0.5333333333333333 2.0 1.12 34 44 2.07 1
5 6
APP_7_Output_Layer_0 0.06666666666666667 0.06666666666666667 0.25 1.57 8 31 3.27 1
7 8 9 10
3
2.5255911046821082
APP_8_Input_Layer_0 0.4666666666666667 0.4666666666666667 1.75 1.32 22 10 1.03 1

APP_8_Inner_Layer_0:0 0.3333333333333333 0.3333333333333333 1.25 2.61 7 29 3.22 1
0
APP_8_Output_Layer_0 0.5333333333333333 0.5333333333333333 2.0 2.35 44 15 3.25 1
1
3
3.0128831884001763
APP_9_Input_Layer_0 0.2 0.2 0.75 2.71 11 16 2.38 1

APP_9_Inner_Layer_0:0 0.06666666666666667 0.06666666666666667 0.25 2.25 13 20 1.49 1
0
APP_9_Output_Layer_0 0.5333333333333333 0.5333333333333333 2.0 1.6 44 25 2.11 1
1
4
3.3353447164895047
APP_10_Input_Layer_0 0.6 0.6 2.25 1.66 43 19 1.33 1

APP_10_Inner_Layer_0:0 0.2 0.2 0.75 3.26 21 48 3.44 1
0
APP_10_Inner_Layer_1:0 0.06666666666666667 0.06666666666666667 0.25 1.98 11 43 2.71 1
1
APP_10_Output_Layer_0 0.5333333333333333 0.5333333333333333 2.0 2.84 5 25 1.78 1
2
13
3.6500233907843875
APP_11_Input_Layer_0 0.3333333333333333 0.3333333333333333 1.25 2.06 43 10 1.65 1

APP_11_Inner_Layer_0:0 0.5333333333333333 0.5333333333333333 2.0 2.98 18 42 3.24 1
0
APP_11_Inner_Layer_0:1 0.26666666666666666 0.26666666666666666 1.0 3.91 12 39 2.47 1
0
APP_11_Inner_Layer_0:2 0.5333333333333333 0.5333333333333333 2.0 2.32 46 49 2.15 1
0
APP_11_Inner_Layer_0:3 0.13333333333333333 0.13333333333333333 0.5 3.51 20 41 1.08 1
0
APP_11_Inner_Layer_1:0 0.4666666666666667 0.4666666666666667 1.75 2.83 15 38 2.38 1
1 2 3 4
APP_11_Inner_Layer_2:0 0.4 0.4 1.5 2.53 5 35 3.85 1
5
APP_11_Inner_Layer_2:1 0.13333333333333333 0.13333333333333333 0.5 3.71 44 19 2.48 0
5
APP_11_Inner_Layer_2:2 0.2 0.2 0.75 2.09 39 44 2.52 1
5
APP_11_Inner_Layer_2:3 0.06666666666666667 0.06666666666666667 0.25 2.26 22 22 3.55 1
5
APP_11_Inner_Layer_3:0 0.3333333333333333 0.3333333333333333 1.25 1.78 48 27 3.87 1
6 7
APP_11_Inner_Layer_3:1 0.3333333333333333 0.3333333333333333 1.25 3.85 6 34 2.24 1
8 9
APP_11_Output_Layer_0 0.2 0.2 0.75 2.42 7 37 2.49 1
10 11
5
4.20297716274857
APP_12_Input_Layer_0 0.4666666666666667 0.4666666666666667 1.75 3.43 44 27 2.41 0

APP_12_Inner_Layer_0:0 0.06666666666666667 0.06666666666666667 0.25 2.24 42 35 2.89 1
0
APP_12_Inner_Layer_0:1 0.2 0.2 0.75 2.48 12 31 1.21 1
0
APP_12_Inner_Layer_0:2 0.13333333333333333 0.13333333333333333 0.5 3.38 7 38 3.72 1
0
APP_12_Output_Layer_0 0.13333333333333333 0.13333333333333333 0.5 2.07 3 28 3.83 1
1 2 3
6
4.503136529703305
APP_13_Input_Layer_0 0.2 0.2 0.75 3.33 29 2 2.62 1

APP_13_Inner_Layer_0:0 0.13333333333333333 0.13333333333333333 0.5 1.41 26 47 1.93 1
0
APP_13_Inner_Layer_0:1 0.5333333333333333 0.5333333333333333 2.0 1.58 35 34 3.7 1
0
APP_13_Inner_Layer_0:2 0.2 0.2 0.75 3.23 22 39 1.47 1
0
APP_13_Inner_Layer_0:3 0.13333333333333333 0.13333333333333333 0.5 1.38 28 27 1.05 1
0
APP_13_Output_Layer_0 0.6 0.6 2.25 2.24 7 41 1.85 0
1 2 3 4
9
4.92485860725961
APP_14_Input_Layer_0 0.26666666666666666 0.26666666666666666 1.0 2.96 32 3 2.09 1

APP_14_Inner_Layer_0:0 0.6 0.6 2.25 1.78 23 48 2.69 1
0
APP_14_Inner_Layer_0:1 0.3333333333333333 0.3333333333333333 1.25 2.66 40 20 1.24 1
0
APP_14_Inner_Layer_0:2 0.5333333333333333 0.5333333333333333 2.0 3.6 39 48 3.49 1
0
APP_14_Inner_Layer_0:3 0.26666666666666666 0.26666666666666666 1.0 2.0 15 16 3.38 1
0
APP_14_Inner_Layer_1:0 0.4 0.4 1.5 3.03 26 34 2.58 1
3 4
APP_14_Inner_Layer_1:1 0.26666666666666666 0.26666666666666666 1.0 3.77 28 4 3.81 1
2 4
APP_14_Inner_Layer_1:2 0.3333333333333333 0.3333333333333333 1.25 1.73 19 4 1.1 1
1 2 3
APP_14_Output_Layer_0 0.26666666666666666 0.26666666666666666 1.0 1.78 25 36 1.49 1
5 6 7
12
5.43968483572422
APP_15_Input_Layer_0 0.4666666666666667 0.4666666666666667 1.75 2.58 26 11 2.24 0

APP_15_Inner_Layer_0:0 0.6 0.6 2.25 3.3 8 8 3.5 1
0
APP_15_Inner_Layer_0:1 0.26666666666666666 0.26666666666666666 1.0 1.82 45 42 1.98 1
0
APP_15_Inner_Layer_0:2 0.4666666666666667 0.4666666666666667 1.75 1.68 10 29 1.39 1
0
APP_15_Inner_Layer_1:0 0.2 0.2 0.75 3.27 45 43 3.49 1
1 2 3
APP_15_Inner_Layer_2:0 0.3333333333333333 0.3333333333333333 1.25 2.26 18 39 3.88 1
4
APP_15_Inner_Layer_2:1 0.13333333333333333 0.13333333333333333 0.5 3.51 24 35 1.43 1
4
APP_15_Inner_Layer_3:0 0.3333333333333333 0.3333333333333333 1.25 2.83 1 15 1.18 1
6
APP_15_Inner_Layer_3:1 0.3333333333333333 0.3333333333333333 1.25 3.04 48 36 2.65 0
5
APP_15_Inner_Layer_3:2 0.06666666666666667 0.06666666666666667 0.25 1.34 7 1 1.2 1
5
APP_15_Inner_Layer_3:3 0.2 0.2 0.75 1.16 32 12 3.47 1
5 6
APP_15_Output_Layer_0 0.26666666666666666 0.26666666666666666 1.0 2.23 47 40 1.05 1
7 8 9 10
14
5.879307656302171
APP_16_Input_Layer_0 0.4666666666666667 0.4666666666666667 1.75 1.36 7 5 1.44 1

APP_16_Inner_Layer_0:0 0.5333333333333333 0.5333333333333333 2.0 3.67 16 44 2.55 1
0
APP_16_Inner_Layer_0:1 0.2 0.2 0.75 1.3 14 15 2.35 1
0
APP_16_Inner_Layer_0:2 0.26666666666666666 0.26666666666666666 1.0 1.88 24 13 2.77 1
0
APP_16_Inner_Layer_0:3 0.6 0.6 2.25 3.03 14 20 2.6 1
0
APP_16_Inner_Layer_1:0 0.4666666666666667 0.4666666666666667 1.75 2.3 36 18 3.79 1
4
APP_16_Inner_Layer_1:1 0.13333333333333333 0.13333333333333333 0.5 3.19 14 24 3.59 1
3
APP_16_Inner_Layer_1:2 0.3333333333333333 0.3333333333333333 1.25 3.58 37 35 2.28 1
1 2 3 4
APP_16_Inner_Layer_1:3 0.2 0.2 0.75 1.71 47 30 2.94 1
2 3
APP_16_Inner_Layer_2:0 0.26666666666666666 0.26666666666666666 1.0 3.53 7 11 2.57 1
6 8
APP_16_Inner_Layer_2:1 0.4 0.4 1.5 3.58 18 13 3.69 1
8
APP_16_Inner_Layer_2:2 0.3333333333333333 0.3333333333333333 1.25 1.46 36 9 3.37 1
6 8
APP_16_Inner_Layer_2:3 0.4666666666666667 0.4666666666666667 1.75 3.33 45 23 3.78 1
5 6 7
APP_16_Output_Layer_0 0.26666666666666666 0.26666666666666666 1.0 3.0 35 13 3.37 0
9 10 11 12
