10
17
6
0
APP_0_Input_Layer_0 0.5333333333333333 0.5333333333333333 2.0 1.14 34 34 2.68 1

APP_0_Inner_Layer_0:0 0.2 0.2 0.75 3.47 14 42 1.18 1
0
APP_0_Inner_Layer_0:1 0.13333333333333333 0.13333333333333333 0.5 1.62 21 11 2.3 1
0
APP_0_Inner_Layer_0:2 0.13333333333333333 0.13333333333333333 0.5 2.26 49 7 1.82 1
0
APP_0_Inner_Layer_1:0 0.3333333333333333 0.3333333333333333 1.25 1.47 45 8 1.01 1
1 2 3
APP_0_Output_Layer_0 0.6 0.6 2.25 3.86 39 3 1.04 1
4
12
0.432606255896081
APP_1_Input_Layer_0 0.3333333333333333 0.3333333333333333 1.25 4.0 12 43 3.5 1

APP_1_Inner_Layer_0:0 0.2 0.2 0.75 2.15 30 3 3.23 0
0
APP_1_Inner_Layer_0:1 0.6 0.6 2.25 2.47 47 35 3.36 1
0
APP_1_Inner_Layer_0:2 0.06666666666666667 0.06666666666666667 0.25 1.34 3 38 1.38 1
0
APP_1_Inner_Layer_1:0 0.4 0.4 1.5 1.16 28 36 2.17 1
2
APP_1_Inner_Layer_1:1 0.13333333333333333 0.13333333333333333 0.5 1.02 44 33 1.73 1
1 2 3
APP_1_Inner_Layer_1:2 0.4 0.4 1.5 3.56 39 35 2.2 1
3
APP_1_Inner_Layer_2:0 0.6 0.6 2.25 2.72 31 43 1.28 1
4
APP_1_Inner_Layer_2:1 0.3333333333333333 0.3333333333333333 1.25 2.35 17 34 2.26 0
4 6
APP_1_Inner_Layer_2:2 0.3333333333333333 0.3333333333333333 1.25 2.13 9 5 1.62 1
6
APP_1_Inner_Layer_2:3 0.6 0.6 2.25 3.86 46 10 2.41 1
5 6
APP_1_Output_Layer_0 0.26666666666666666 0.26666666666666666 1.0 3.03 17 46 1.4 1
7 8 9 10
7
0.7865824470603281
APP_2_Input_Layer_0 0.4666666666666667 0.4666666666666667 1.75 1.75 32 31 2.02 0

APP_2_Inner_Layer_0:0 0.2 0.2 0.75 1.64 6 34 3.78 1
0
APP_2_Inner_Layer_0:1 0.4 0.4 1.5 1.19 1 38 2.64 1
0
APP_2_Inner_Layer_0:2 0.4 0.4 1.5 2.57 29 26 3.64 1
0
APP_2_Inner_Layer_0:3 0.5333333333333333 0.5333333333333333 2.0 3.53 45 19 3.48 1
0
APP_2_Inner_Layer_1:0 0.4 0.4 1.5 3.21 11 42 1.4 0
1 2 3 4
APP_2_Output_Layer_0 0.2 0.2 0.75 3.88 37 49 3.19 1
5
9
1.1070745370313373
APP_3_Input_Layer_0 0.4666666666666667 0.4666666666666667 1.75 2.28 45 34 1.8 1

APP_3_Inner_Layer_0:0 0.06666666666666667 0.06666666666666667 0.25 1.43 42 8 1.77 1
0
APP_3_Inner_Layer_0:1 0.13333333333333333 0.13333333333333333 0.5 3.21 7 37 1.52 1
0
APP_3_Inner_Layer_0:2 0.6 0.6 2.25 1.13 39 3 1.4 1
0
APP_3_Inner_Layer_1:0 0.5333333333333333 0.5333333333333333 2.0 2.77 47 10 2.85 1
2
APP_3_Inner_Layer_1:1 0.2 0.2 0.75 2.57 41 1 3.18 1
1 2 3
APP_3_Inner_Layer_1:2 0.06666666666666667 0.06666666666666667 0.25 3.47 31 49 3.08 1
2
APP_3_Inner_Layer_2:0 0.06666666666666667 0.06666666666666667 0.25 1.65 17 9 2.28 1
4 5 6
APP_3_Output_Layer_0 0.6 0.6 2.25 1.57 37 36 3.87 1
7
5
1.6283373350523522
APP_4_Input_Layer_0 0.3333333333333333 0.3333333333333333 1.25 2.85 35 26 2.87 1

APP_4_Inner_Layer_0:0 0.26666666666666666 0.26666666666666666 1.0 3.12 10 37 1.18 0
0
APP_4_Inner_Layer_0:1 0.26666666666666666 0.26666666666666666 1.0 3.49 42 19 3.46 1
0
APP_4_Inner_Layer_0:2 0.06666666666666667 0.06666666666666667 0.25 1.93 19 5 1.7 1
0
APP_4_Output_Layer_0 0.13333333333333333 0.13333333333333333 0.5 2.03 44 7 3.4 1
1 2 3
9
2.020742579137846
APP_5_Input_Layer_0 0.5333333333333333 0.5333333333333333 2.0 3.68 36 42 3.93 1

APP_5_Inner_Layer_0:0 0.26666666666666666 0.26666666666666666 1.0 3.65 21 18 2.19 1
0
APP_5_Inner_Layer_0:1 0.06666666666666667 0.06666666666666667 0.25 3.65 14 11 2.23 1
0
APP_5_Inner_Layer_0:2 0.06666666666666667 0.06666666666666667 0.25 3.01 38 25 3.27 1
0
APP_5_Inner_Layer_1:0 0.2 0.2 0.75 2.07 12 1 1.04 1
1 2 3
APP_5_Inner_Layer_2:0 0.26666666666666666 0.26666666666666666 1.0 2.59 47 1 3.77 1
4
APP_5_Inner_Layer_2:1 0.3333333333333333 0.3333333333333333 1.25 2.89 44 41 3.31 1
4
APP_5_Inner_Layer_2:2 0.5333333333333333 0.5333333333333333 2.0 3.19 48 44 2.88 1
4
APP_5_Output_Layer_0 0.2 0.2 0.75 3.65 2 37 2.64 1
5 6 7
13
2.2739978611499434
APP_6_Input_Layer_0 0.26666666666666666 0.26666666666666666 1.0 2.09 8 7 3.62 1

APP_6_Inner_Layer_0:0 0.6 0.6 2.25 1.02 15 16 2.95 1
0
APP_6_Inner_Layer_0:1 0.06666666666666667 0.06666666666666667 0.25 2.18 44 36 3.84 1
0
APP_6_Inner_Layer_0:2 0.4 0.4 1.5 2.77 11 3 3.48 1
0
APP_6_Inner_Layer_0:3 0.4 0.4 1.5 3.28 19 8 1.48 1
0
APP_6_Inner_Layer_1:0 0.2 0.2 0.75 3.09 18 23 3.55 1
2 4
APP_6_Inner_Layer_1:1 0.4 0.4 1.5 2.94 44 33 2.2 1
4
APP_6_Inner_Layer_1:2 0.5333333333333333 0.5333333333333333 2.0 3.03 44 30 3.8 1
1 3
APP_6_Inner_Layer_2:0 0.4666666666666667 0.4666666666666667 1.75 2.29 48 7 1.67 0
5 6
APP_6_Inner_Layer_2:1 0.5333333333333333 0.5333333333333333 2.0 1.39 6 33 1.77 1
7
APP_6_Inner_Layer_3:0 0.6 0.6 2.25 2.4 45 7 2.78 1
8
APP_6_Inner_Layer_3:1 0.3333333333333333 0.3333333333333333 1.25 2.39 31 24 2.39 0
8 9
APP_6_Output_Layer_0 0.4 0.4 1.5 2.49 5 32 2.24 1
10 11
4
2.8016833475297203
APP_7_Input_Layer_0 0.5333333333333333 0.5333333333333333 2.0 3.21 30 42 3.9 1

APP_7_Inner_Layer_0:0 0.2 0.2 0.75 3.44 10 35 1.86 1
0
APP_7_Inner_Layer_0:1 0.2 0.2 0.75 3.18 7 6 3.52 1
0
APP_7_Output_Layer_0 0.5333333333333333 0.5333333333333333 2.0 3.96 41 25 3.09 1
1 2
11
3.100574110675166
APP_8_Input_Layer_0 0.13333333333333333 0.13333333333333333 0.5 1.12 8 4 1.76 1

APP_8_Inner_Layer_0:0 0.4666666666666667 0.4666666666666667 1.75 3.02 6 8 3.25 1
0
APP_8_Inner_Layer_0:1 0.4666666666666667 0.4666666666666667 1.75 1.47 45 49 1.63 1
0
APP_8_Inner_Layer_0:2 0.13333333333333333 0.13333333333333333 0.5 2.23 43 4 2.06 1
0
APP_8_Inner_Layer_0:3 0.13333333333333333 0.13333333333333333 0.5 2.76 29 7 1.22 1
0
APP_8_Inner_Layer_1:0 0.3333333333333333 0.3333333333333333 1.25 2.35 13 32 1.76 1
2 3
APP_8_Inner_Layer_1:1 0.6 0.6 2.25 3.78 49 47 2.09 1
1 3 4
APP_8_Inner_Layer_1:2 0.5333333333333333 0.5333333333333333 2.0 1.44 49 23 2.89 1
1 2 4
APP_8_Inner_Layer_2:0 0.2 0.2 0.75 1.84 36 42 3.23 1
5 6 7
APP_8_Inner_Layer_3:0 0.5333333333333333 0.5333333333333333 2.0 2.02 6 10 3.33 1
8
APP_8_Output_Layer_0 0.6 0.6 2.25 3.54 13 34 1.29 1
9
6
3.3199547918603662
APP_9_Input_Layer_0 0.3333333333333333 0.3333333333333333 1.25 2.2 25 30 1.38 1

APP_9_Inner_Layer_0:0 0.4 0.4 1.5 1.91 9 7 2.4 1
0
APP_9_Inner_Layer_0:1 0.2 0.2 0.75 2.46 38 4 2.96 1
0
APP_9_Inner_Layer_0:2 0.13333333333333333 0.13333333333333333 0.5 2.03 35 31 3.35 1
0
APP_9_Inner_Layer_1:0 0.3333333333333333 0.3333333333333333 1.25 3.38 21 49 2.96 1
1 2 3
APP_9_Output_Layer_0 0.4 0.4 1.5 3.81 6 22 3.29 1
4
12
3.583340944505809
APP_10_Input_Layer_0 0.5333333333333333 0.5333333333333333 2.0 2.09 40 44 3.88 1

APP_10_Inner_Layer_0:0 0.26666666666666666 0.26666666666666666 1.0 2.25 46 26 2.84 1
0
APP_10_Inner_Layer_0:1 0.06666666666666667 0.06666666666666667 0.25 2.07 27 35 3.6 1
0
APP_10_Inner_Layer_0:2 0.26666666666666666 0.26666666666666666 1.0 2.1 11 33 1.11 1
0
APP_10_Inner_Layer_0:3 0.5333333333333333 0.5333333333333333 2.0 3.92 25 11 1.45 1
0
APP_10_Inner_Layer_1:0 0.06666666666666667 0.06666666666666667 0.25 2.93 2 4 3.32 1
1 2 3 4
APP_10_Inner_Layer_2:0 0.26666666666666666 0.26666666666666666 1.0 3.12 13 31 2.45 1
5
APP_10_Inner_Layer_2:1 0.26666666666666666 0.26666666666666666 1.0 2.42 43 10 3.66 1
5
APP_10_Inner_Layer_2:2 0.4 0.4 1.5 2.23 44 13 1.33 1
5
APP_10_Inner_Layer_3:0 0.5333333333333333 0.5333333333333333 2.0 3.74 15 20 3.85 1
7
APP_10_Inner_Layer_3:1 0.2 0.2 0.75 3.12 36 4 1.69 1
6 8
APP_10_Output_Layer_0 0.4 0.4 1.5 4.0 44 11 1.49 0
9 10
14
3.925142210919889
APP_11_Input_Layer_0 0.26666666666666666 0.26666666666666666 1.0 2.07 1 34 1.02 1

APP_11_Inner_Layer_0:0 0.13333333333333333 0.13333333333333333 0.5 2.83 21 45 1.34 1
0
APP_11_Inner_Layer_0:1 0.4 0.4 1.5 1.19 46 22 3.15 0
0
APP_11_Inner_Layer_0:2 0.6 0.6 2.25 3.29 24 47 2.56 0
0
APP_11_Inner_Layer_1:0 0.4666666666666667 0.4666666666666667 1.75 2.12 17 23 1.74 1
2
APP_11_Inner_Layer_1:1 0.4 0.4 1.5 3.59 45 27 2.32 0
1 3
APP_11_Inner_Layer_1:2 0.26666666666666666 0.26666666666666666 1.0 2.97 22 32 1.37 1
1 2 3
APP_11_Inner_Layer_1:3 0.4 0.4 1.5 1.22 20 4 1.69 1
2
APP_11_Inner_Layer_2:0 0.5333333333333333 0.5333333333333333 2.0 1.69 34 21 3.97 1
4 6 7
APP_11_Inner_Layer_2:1 0.3333333333333333 0.3333333333333333 1.25 2.99 10 43 2.85 1
5
APP_11_Inner_Layer_3:0 0.4666666666666667 0.4666666666666667 1.75 2.89 34 19 2.29 1
8
APP_11_Inner_Layer_3:1 0.5333333333333333 0.5333333333333333 2.0 3.26 31 2 1.45 1
8
APP_11_Inner_Layer_3:2 0.06666666666666667 0.06666666666666667 0.25 1.16 14 12 2.73 1
9
APP_11_Output_Layer_0 0.4 0.4 1.5 3.68 19 22 3.64 1
10 11 12
7
4.143253066743277
APP_12_Input_Layer_0 0.3333333333333333 0.3333333333333333 1.25 1.95 47 31 3.49 1

APP_12_Inner_Layer_0:0 0.6 0.6 2.25 1.82 10 19 2.95 1
0
APP_12_Inner_Layer_1:0 0.5333333333333333 0.5333333333333333 2.0 3.38 29 24 1.58 1
1
APP_12_Inner_Layer_1:1 0.2 0.2 0.75 2.44 17 1 1.01 1
1
APP_12_Inner_Layer_1:2 0.2 0.2 0.75 1.93 18 46 2.09 1
1
APP_12_Inner_Layer_1:3 0.13333333333333333 0.13333333333333333 0.5 3.63 10 45 3.6 1
1
APP_12_Output_Layer_0 0.3333333333333333 0.3333333333333333 1.25 2.74 28 48 1.53 1
2 3 4 5
3
4.44658300309576
APP_13_Input_Layer_0 0.2 0.2 0.75 1.08 21 8 3.65 1

APP_13_Inner_Layer_0:0 0.2 0.2 0.75 3.63 16 12 3.86 1
0
APP_13_Output_Layer_0 0.3333333333333333 0.3333333333333333 1.25 2.41 32 42 3.0 1
1
5
4.783653690800374
APP_14_Input_Layer_0 0.5333333333333333 0.5333333333333333 2.0 3.31 34 25 3.78 0

APP_14_Inner_Layer_0:0 0.4666666666666667 0.4666666666666667 1.75 1.4 8 27 1.44 1
0
APP_14_Inner_Layer_1:0 0.6 0.6 2.25 2.82 15 12 1.25 1
1
APP_14_Inner_Layer_1:1 0.26666666666666666 0.26666666666666666 1.0 3.57 40 41 3.12 1
1
APP_14_Output_Layer_0 0.26666666666666666 0.26666666666666666 1.0 3.94 32 11 1.99 1
2 3
10
5.234953327248846
APP_15_Input_Layer_0 0.13333333333333333 0.13333333333333333 0.5 3.94 4 13 2.96 1

APP_15_Inner_Layer_0:0 0.4 0.4 1.5 3.37 14 6 1.83 1
0
APP_15_Inner_Layer_0:1 0.13333333333333333 0.13333333333333333 0.5 2.76 30 25 2.88 1
0
APP_15_Inner_Layer_1:0 0.2 0.2 0.75 3.62 29 35 3.68 1
2
APP_15_Inner_Layer_1:1 0.3333333333333333 0.3333333333333333 1.25 3.77 20 4 2.63 0
1 2
APP_15_Inner_Layer_2:0 0.06666666666666667 0.06666666666666667 0.25 2.85 31 31 2.78 1
4
APP_15_Inner_Layer_2:1 0.5333333333333333 0.5333333333333333 2.0 2.72 8 2 3.18 1
3
APP_15_Inner_Layer_2:2 0.6 0.6 2.25 3.69 31 36 1.41 1
4
APP_15_Inner_Layer_2:3 0.3333333333333333 0.3333333333333333 1.25 2.88 35 40 1.66 1
3
APP_15_Output_Layer_0 0.4666666666666667 0.4666666666666667 1.75 3.79 18 12 3.49 1
5 6 7 8
6
5.6109829049376625
APP_16_Input_Layer_0 0.6 0.6 2.25 1.5 39 20 1.82 1

APP_16_Inner_Layer_0:0 0.5333333333333333 0.5333333333333333 2.0 1.69 24 18 2.61 1
0
APP_16_Inner_Layer_1:0 0.2 0.2 0.75 2.9 23 3 2.86 1
1
APP_16_Inner_Layer_1:1 0.4 0.4 1.5 1.17 9 35 1.39 1
1
APP_16_Inner_Layer_1:2 0.26666666666666666 0.26666666666666666 1.0 2.05 47 18 3.19 1
1
APP_16_Output_Layer_0 0.5333333333333333 0.5333333333333333 2.0 1.46 10 43 1.88 1
2 3 4
