10
7
13
0
APP_0_Input_Layer_0 0.2 0.2 0.75 1.35 42 31 2.86 1

APP_0_Inner_Layer_0:0 0.4666666666666667 0.4666666666666667 1.75 3.4 49 14 1.67 1
0
APP_0_Inner_Layer_0:1 0.26666666666666666 0.26666666666666666 1.0 3.07 31 14 1.55 1
0
APP_0_Inner_Layer_0:2 0.3333333333333333 0.3333333333333333 1.25 3.73 13 44 3.94 1
0
APP_0_Inner_Layer_1:0 0.26666666666666666 0.26666666666666666 1.0 2.65 35 42 2.88 1
1 2
APP_0_Inner_Layer_1:1 0.13333333333333333 0.13333333333333333 0.5 1.1 20 15 2.67 1
1 2
APP_0_Inner_Layer_1:2 0.13333333333333333 0.13333333333333333 0.5 1.92 32 42 2.41 1
2 3
APP_0_Inner_Layer_1:3 0.06666666666666667 0.06666666666666667 0.25 2.13 10 31 2.82 1
3 1
APP_0_Inner_Layer_2:0 0.4 0.4 1.5 2.27 46 17 3.17 1
4 6
APP_0_Inner_Layer_2:1 0.26666666666666666 0.26666666666666666 1.0 2.1 24 23 2.3 1
4 7
APP_0_Inner_Layer_2:2 0.13333333333333333 0.13333333333333333 0.5 2.51 4 27 1.71 1
4 5 6 7
APP_0_Inner_Layer_2:3 0.06666666666666667 0.06666666666666667 0.25 3.08 36 6 2.12 1
6 7
APP_0_Output_Layer_0 0.06666666666666667 0.06666666666666667 0.25 1.51 1 49 2.55 1
8 9 10 11
8
0.860282305620823
APP_1_Input_Layer_0 0.6 0.6 2.25 3.12 11 9 2.37 1

APP_1_Inner_Layer_0:0 0.13333333333333333 0.13333333333333333 0.5 3.22 17 25 2.06 1
0
APP_1_Inner_Layer_0:1 0.3333333333333333 0.3333333333333333 1.25 3.04 35 44 2.98 1
0
APP_1_Inner_Layer_0:2 0.06666666666666667 0.06666666666666667 0.25 1.44 41 8 3.56 1
0
APP_1_Inner_Layer_1:0 0.6 0.6 2.25 2.65 48 43 3.0 1
1 2 3
APP_1_Inner_Layer_2:0 0.06666666666666667 0.06666666666666667 0.25 1.02 7 16 3.97 1
4
APP_1_Inner_Layer_2:1 0.26666666666666666 0.26666666666666666 1.0 1.12 22 15 3.16 1
4
APP_1_Output_Layer_0 0.13333333333333333 0.13333333333333333 0.5 2.01 13 47 1.98 1
5 6
9
1.567303867019723
APP_2_Input_Layer_0 0.6 0.6 2.25 1.77 5 18 1.84 1

APP_2_Inner_Layer_0:0 0.06666666666666667 0.06666666666666667 0.25 3.27 44 13 3.28 1
0
APP_2_Inner_Layer_0:1 0.5333333333333333 0.5333333333333333 2.0 1.5 20 45 3.3 1
0
APP_2_Inner_Layer_0:2 0.6 0.6 2.25 3.8 38 41 3.85 1
0
APP_2_Inner_Layer_1:0 0.4666666666666667 0.4666666666666667 1.75 2.62 19 15 2.79 1
2 3
APP_2_Inner_Layer_1:1 0.5333333333333333 0.5333333333333333 2.0 1.65 22 29 2.74 1
1
APP_2_Inner_Layer_2:0 0.2 0.2 0.75 3.94 26 10 3.66 1
4 5
APP_2_Inner_Layer_2:1 0.4666666666666667 0.4666666666666667 1.75 3.15 1 26 1.69 1
4
APP_2_Output_Layer_0 0.06666666666666667 0.06666666666666667 0.25 2.72 43 30 3.37 1
6 7
3
2.2358050431820393
APP_3_Input_Layer_0 0.4 0.4 1.5 2.56 24 6 3.74 1

APP_3_Inner_Layer_0:0 0.4666666666666667 0.4666666666666667 1.75 1.09 18 9 3.64 1
0
APP_3_Output_Layer_0 0.06666666666666667 0.06666666666666667 0.25 1.84 21 23 3.47 1
1
4
3.042300008563763
APP_4_Input_Layer_0 0.3333333333333333 0.3333333333333333 1.25 1.04 45 28 3.62 1

APP_4_Inner_Layer_0:0 0.4 0.4 1.5 2.04 45 5 1.98 1
0
APP_4_Inner_Layer_1:0 0.13333333333333333 0.13333333333333333 0.5 2.3 32 33 2.62 1
1
APP_4_Output_Layer_0 0.2 0.2 0.75 3.16 22 28 1.08 1
2
10
3.863309903216237
APP_5_Input_Layer_0 0.4666666666666667 0.4666666666666667 1.75 1.63 21 24 3.15 1

APP_5_Inner_Layer_0:0 0.5333333333333333 0.5333333333333333 2.0 2.61 18 10 2.24 1
0
APP_5_Inner_Layer_0:1 0.6 0.6 2.25 1.02 47 18 3.45 1
0
APP_5_Inner_Layer_1:0 0.4666666666666667 0.4666666666666667 1.75 1.0 3 44 2.09 1
1
APP_5_Inner_Layer_1:1 0.5333333333333333 0.5333333333333333 2.0 1.68 3 38 3.22 1
2
APP_5_Inner_Layer_2:0 0.13333333333333333 0.13333333333333333 0.5 1.35 15 44 3.92 1
3 4
APP_5_Inner_Layer_2:1 0.5333333333333333 0.5333333333333333 2.0 1.48 14 47 3.06 1
4
APP_5_Inner_Layer_2:2 0.6 0.6 2.25 2.72 27 43 1.18 1
4
APP_5_Inner_Layer_2:3 0.5333333333333333 0.5333333333333333 2.0 1.9 34 48 1.97 1
3
APP_5_Output_Layer_0 0.06666666666666667 0.06666666666666667 0.25 2.16 47 19 1.02 1
5 6 7 8
5
5.018681958682427
APP_6_Input_Layer_0 0.2 0.2 0.75 2.88 16 29 2.71 1

APP_6_Inner_Layer_0:0 0.3333333333333333 0.3333333333333333 1.25 2.49 17 32 3.07 1
0
APP_6_Inner_Layer_1:0 0.26666666666666666 0.26666666666666666 1.0 1.6 48 21 2.25 1
1
APP_6_Inner_Layer_1:1 0.6 0.6 2.25 2.34 30 45 2.94 1
1
APP_6_Output_Layer_0 0.13333333333333333 0.13333333333333333 0.5 3.85 22 10 3.53 1
2 3
