10
7
5
0
APP_0_Input_Layer_0 0.6 0.6 2.25 2.21 42 25 2.33 1

APP_0_Inner_Layer_0:0 0.4666666666666667 0.4666666666666667 1.75 2.8 37 20 1.6 1
0
APP_0_Inner_Layer_0:1 0.6 0.6 2.25 1.45 33 11 2.8 1
0
APP_0_Inner_Layer_0:2 0.2 0.2 0.75 1.24 19 14 1.87 1
0
APP_0_Output_Layer_0 0.4666666666666667 0.4666666666666667 1.75 3.16 32 16 1.18 0
1 2 3
6
1.0586477967428474
APP_1_Input_Layer_0 0.13333333333333333 0.13333333333333333 0.5 3.11 33 33 1.35 1

APP_1_Inner_Layer_0:0 0.13333333333333333 0.13333333333333333 0.5 1.2 25 29 3.22 1
0
APP_1_Inner_Layer_0:1 0.4666666666666667 0.4666666666666667 1.75 1.06 49 24 1.92 1
0
APP_1_Inner_Layer_0:2 0.3333333333333333 0.3333333333333333 1.25 3.73 35 49 2.59 1
0
APP_1_Inner_Layer_0:3 0.3333333333333333 0.3333333333333333 1.25 2.08 28 23 2.87 1
0
APP_1_Output_Layer_0 0.4 0.4 1.5 3.38 22 37 1.13 1
1 2 3 4
8
2.335473710691315
APP_2_Input_Layer_0 0.6 0.6 2.25 2.02 42 8 3.99 1

APP_2_Inner_Layer_0:0 0.4666666666666667 0.4666666666666667 1.75 3.65 33 23 2.33 1
0
APP_2_Inner_Layer_0:1 0.4666666666666667 0.4666666666666667 1.75 3.06 23 5 1.07 1
0
APP_2_Inner_Layer_0:2 0.06666666666666667 0.06666666666666667 0.25 2.79 7 37 3.25 1
0
APP_2_Inner_Layer_0:3 0.4666666666666667 0.4666666666666667 1.75 1.28 12 39 3.93 1
0
APP_2_Inner_Layer_1:0 0.4666666666666667 0.4666666666666667 1.75 2.77 9 35 1.59 1
1 2
APP_2_Inner_Layer_1:1 0.5333333333333333 0.5333333333333333 2.0 2.32 36 42 2.0 1
3 4
APP_2_Output_Layer_0 0.26666666666666666 0.26666666666666666 1.0 3.09 9 7 1.19 1
5 6
7
3.32812533537349
APP_3_Input_Layer_0 0.6 0.6 2.25 1.92 12 15 3.98 1

APP_3_Inner_Layer_0:0 0.13333333333333333 0.13333333333333333 0.5 2.35 12 24 1.75 1
0
APP_3_Inner_Layer_1:0 0.06666666666666667 0.06666666666666667 0.25 1.49 29 7 2.3 1
1
APP_3_Inner_Layer_2:0 0.4666666666666667 0.4666666666666667 1.75 1.12 41 37 2.57 1
2
APP_3_Inner_Layer_3:0 0.4666666666666667 0.4666666666666667 1.75 1.74 5 27 3.14 1
3
APP_3_Inner_Layer_3:1 0.5333333333333333 0.5333333333333333 2.0 2.47 23 19 2.38 1
3
APP_3_Output_Layer_0 0.5333333333333333 0.5333333333333333 2.0 1.34 33 1 3.32 1
4 5
8
4.543139304834311
APP_4_Input_Layer_0 0.3333333333333333 0.3333333333333333 1.25 1.65 43 2 3.52 1

APP_4_Inner_Layer_0:0 0.06666666666666667 0.06666666666666667 0.25 2.33 48 28 1.69 1
0
APP_4_Inner_Layer_0:1 0.4 0.4 1.5 2.2 43 26 2.12 1
0
APP_4_Inner_Layer_0:2 0.3333333333333333 0.3333333333333333 1.25 1.03 12 38 2.65 1
0
APP_4_Inner_Layer_0:3 0.4666666666666667 0.4666666666666667 1.75 2.1 8 23 1.21 1
0
APP_4_Inner_Layer_1:0 0.26666666666666666 0.26666666666666666 1.0 3.69 24 26 2.68 1
1 2 3 4
APP_4_Inner_Layer_2:0 0.06666666666666667 0.06666666666666667 0.25 1.31 16 46 1.9 1
5
APP_4_Output_Layer_0 0.5333333333333333 0.5333333333333333 2.0 1.33 38 9 1.46 0
6
6
5.183692375420187
APP_5_Input_Layer_0 0.3333333333333333 0.3333333333333333 1.25 1.11 20 22 3.29 1

APP_5_Inner_Layer_0:0 0.13333333333333333 0.13333333333333333 0.5 1.27 10 6 3.56 1
0
APP_5_Inner_Layer_0:1 0.4666666666666667 0.4666666666666667 1.75 2.0 38 5 2.11 1
0
APP_5_Inner_Layer_0:2 0.13333333333333333 0.13333333333333333 0.5 2.36 9 8 1.62 1
0
APP_5_Inner_Layer_1:0 0.2 0.2 0.75 1.11 15 7 2.34 1
1 2 3
APP_5_Output_Layer_0 0.4 0.4 1.5 2.14 5 33 3.34 1
4
3
6.328079746539099
APP_6_Input_Layer_0 0.26666666666666666 0.26666666666666666 1.0 1.43 26 1 2.01 1

APP_6_Inner_Layer_0:0 0.2 0.2 0.75 2.3 47 13 3.49 1
0
APP_6_Output_Layer_0 0.4666666666666667 0.4666666666666667 1.75 1.13 27 2 3.03 1
1
