10
7
6
0
APP_0_Input_Layer_0 0.26666666666666666 0.26666666666666666 1.0 2.85 29 5 3.28 1

APP_0_Inner_Layer_0:0 0.6 0.6 2.25 3.4 20 21 2.62 1
0
APP_0_Inner_Layer_0:1 0.2 0.2 0.75 3.27 10 16 2.22 1
0
APP_0_Inner_Layer_0:2 0.4666666666666667 0.4666666666666667 1.75 3.73 30 19 2.88 1
0
APP_0_Inner_Layer_0:3 0.13333333333333333 0.13333333333333333 0.5 3.08 16 30 1.98 1
0
APP_0_Output_Layer_0 0.4 0.4 1.5 2.98 21 5 3.29 1
1 2 3 4
7
0.6609335072422964
APP_1_Input_Layer_0 0.4 0.4 1.5 3.95 33 34 1.14 1

APP_1_Inner_Layer_0:0 0.4 0.4 1.5 1.87 20 12 2.04 1
0
APP_1_Inner_Layer_1:0 0.26666666666666666 0.26666666666666666 1.0 1.74 1 5 1.42 1
1
APP_1_Inner_Layer_1:1 0.06666666666666667 0.06666666666666667 0.25 3.13 37 5 3.24 1
1
APP_1_Inner_Layer_1:2 0.5333333333333333 0.5333333333333333 2.0 3.68 15 14 2.48 1
1
APP_1_Inner_Layer_1:3 0.2 0.2 0.75 2.31 43 21 2.9 1
1
APP_1_Output_Layer_0 0.5333333333333333 0.5333333333333333 2.0 2.11 28 37 1.54 1
2 3 4 5
10
1.9322127877661892
APP_2_Input_Layer_0 0.3333333333333333 0.3333333333333333 1.25 2.89 38 12 1.08 1

APP_2_Inner_Layer_0:0 0.4666666666666667 0.4666666666666667 1.75 1.61 21 35 3.64 1
0
APP_2_Inner_Layer_0:1 0.6 0.6 2.25 1.88 47 23 3.24 1
0
APP_2_Inner_Layer_0:2 0.26666666666666666 0.26666666666666666 1.0 2.54 6 42 1.03 1
0
APP_2_Inner_Layer_1:0 0.4666666666666667 0.4666666666666667 1.75 2.24 16 17 3.68 1
3
APP_2_Inner_Layer_1:1 0.13333333333333333 0.13333333333333333 0.5 1.79 6 45 1.5 1
1 2
APP_2_Inner_Layer_1:2 0.5333333333333333 0.5333333333333333 2.0 3.49 48 38 3.06 1
1 2 3
APP_2_Inner_Layer_2:0 0.26666666666666666 0.26666666666666666 1.0 3.2 2 39 1.05 1
4 6
APP_2_Inner_Layer_2:1 0.4 0.4 1.5 1.18 21 40 2.27 1
5
APP_2_Output_Layer_0 0.26666666666666666 0.26666666666666666 1.0 1.44 16 27 3.29 1
7 8
6
2.459809599664025
APP_3_Input_Layer_0 0.5333333333333333 0.5333333333333333 2.0 1.01 32 26 2.15 1

APP_3_Inner_Layer_0:0 0.2 0.2 0.75 1.93 49 30 2.6 1
0
APP_3_Inner_Layer_1:0 0.2 0.2 0.75 3.83 26 45 2.8 1
1
APP_3_Inner_Layer_1:1 0.6 0.6 2.25 2.47 22 44 3.84 1
1
APP_3_Inner_Layer_1:2 0.3333333333333333 0.3333333333333333 1.25 2.27 46 11 3.65 1
1
APP_3_Output_Layer_0 0.6 0.6 2.25 3.21 11 33 3.45 1
2 3 4
8
3.467486625279003
APP_4_Input_Layer_0 0.3333333333333333 0.3333333333333333 1.25 2.91 35 47 3.35 0

APP_4_Inner_Layer_0:0 0.4 0.4 1.5 1.57 38 13 2.47 1
0
APP_4_Inner_Layer_0:1 0.4666666666666667 0.4666666666666667 1.75 3.13 7 31 3.98 1
0
APP_4_Inner_Layer_1:0 0.5333333333333333 0.5333333333333333 2.0 2.45 8 40 2.71 1
1
APP_4_Inner_Layer_1:1 0.13333333333333333 0.13333333333333333 0.5 1.93 2 14 1.35 1
1 2
APP_4_Inner_Layer_1:2 0.4 0.4 1.5 2.38 37 34 3.77 1
1
APP_4_Inner_Layer_2:0 0.4 0.4 1.5 2.9 35 42 2.66 1
3 4 5
APP_4_Output_Layer_0 0.26666666666666666 0.26666666666666666 1.0 2.64 49 36 3.06 1
6
3
4.002321453014433
APP_5_Input_Layer_0 0.4 0.4 1.5 1.63 23 7 1.89 1

APP_5_Inner_Layer_0:0 0.2 0.2 0.75 1.2 41 24 2.99 1
0
APP_5_Output_Layer_0 0.06666666666666667 0.06666666666666667 0.25 2.43 39 48 1.28 1
1
9
5.184763687614874
APP_6_Input_Layer_0 0.06666666666666667 0.06666666666666667 0.25 1.88 30 36 1.43 1

APP_6_Inner_Layer_0:0 0.26666666666666666 0.26666666666666666 1.0 2.15 7 24 2.79 1
0
APP_6_Inner_Layer_0:1 0.06666666666666667 0.06666666666666667 0.25 3.05 40 4 3.87 1
0
APP_6_Inner_Layer_0:2 0.13333333333333333 0.13333333333333333 0.5 2.35 6 3 1.0 1
0
APP_6_Inner_Layer_0:3 0.06666666666666667 0.06666666666666667 0.25 3.69 14 34 1.52 1
0
APP_6_Inner_Layer_1:0 0.3333333333333333 0.3333333333333333 1.25 2.67 25 49 3.08 1
1 4
APP_6_Inner_Layer_1:1 0.4 0.4 1.5 1.09 39 25 2.74 1
2 3
APP_6_Inner_Layer_1:2 0.5333333333333333 0.5333333333333333 2.0 3.97 5 40 3.0 1
1
APP_6_Output_Layer_0 0.6 0.6 2.25 3.9 25 3 1.89 1
5 6 7
