10
7
8
0
APP_0_Input_Layer_0 0.3333333333333333 0.3333333333333333 1.25 1.51 2 19 2.53 1

APP_0_Inner_Layer_0:0 0.6 0.6 2.25 1.84 6 9 2.65 1
0
APP_0_Inner_Layer_0:1 0.13333333333333333 0.13333333333333333 0.5 3.99 8 21 2.72 1
0
APP_0_Inner_Layer_1:0 0.5333333333333333 0.5333333333333333 2.0 2.98 23 21 3.3 1
1 2
APP_0_Inner_Layer_2:0 0.3333333333333333 0.3333333333333333 1.25 3.51 18 8 2.91 1
3
APP_0_Inner_Layer_2:1 0.2 0.2 0.75 2.23 7 11 1.1 1
3
APP_0_Inner_Layer_2:2 0.6 0.6 2.25 2.24 15 16 3.8 1
3
APP_0_Output_Layer_0 0.3333333333333333 0.3333333333333333 1.25 3.87 42 25 1.19 1
4 5 6
5
0.7353312068987814
APP_1_Input_Layer_0 0.06666666666666667 0.06666666666666667 0.25 2.74 8 20 1.02 0

APP_1_Inner_Layer_0:0 0.26666666666666666 0.26666666666666666 1.0 3.58 2 44 3.03 1
0
APP_1_Inner_Layer_0:1 0.4666666666666667 0.4666666666666667 1.75 3.48 16 47 3.98 1
0
APP_1_Inner_Layer_0:2 0.6 0.6 2.25 1.4 8 24 3.79 1
0
APP_1_Output_Layer_0 0.5333333333333333 0.5333333333333333 2.0 3.78 4 2 1.3 1
1 2 3
10
1.6265122157125615
APP_2_Input_Layer_0 0.06666666666666667 0.06666666666666667 0.25 2.05 44 45 1.93 1

APP_2_Inner_Layer_0:0 0.13333333333333333 0.13333333333333333 0.5 3.55 6 8 2.28 1
0
APP_2_Inner_Layer_0:1 0.3333333333333333 0.3333333333333333 1.25 3.91 9 21 3.57 1
0
APP_2_Inner_Layer_0:2 0.3333333333333333 0.3333333333333333 1.25 2.14 9 12 1.95 1
0
APP_2_Inner_Layer_1:0 0.5333333333333333 0.5333333333333333 2.0 1.45 40 4 2.91 1
1
APP_2_Inner_Layer_1:1 0.2 0.2 0.75 1.01 41 22 2.91 1
2 3
APP_2_Inner_Layer_2:0 0.3333333333333333 0.3333333333333333 1.25 2.4 25 25 2.66 1
4
APP_2_Inner_Layer_2:1 0.3333333333333333 0.3333333333333333 1.25 2.97 37 18 2.44 1
4
APP_2_Inner_Layer_2:2 0.3333333333333333 0.3333333333333333 1.25 3.65 29 44 1.43 1
4 5
APP_2_Output_Layer_0 0.26666666666666666 0.26666666666666666 1.0 1.32 14 10 2.89 1
6 7 8
12
2.174371937397353
APP_3_Input_Layer_0 0.6 0.6 2.25 1.68 21 4 3.51 1

APP_3_Inner_Layer_0:0 0.3333333333333333 0.3333333333333333 1.25 1.43 4 19 1.98 1
0
APP_3_Inner_Layer_1:0 0.4 0.4 1.5 3.16 47 36 3.45 1
1
APP_3_Inner_Layer_1:1 0.06666666666666667 0.06666666666666667 0.25 2.95 36 17 3.98 1
1
APP_3_Inner_Layer_1:2 0.4 0.4 1.5 1.17 26 7 3.3 1
1
APP_3_Inner_Layer_1:3 0.5333333333333333 0.5333333333333333 2.0 1.38 6 31 3.9 1
1
APP_3_Inner_Layer_2:0 0.06666666666666667 0.06666666666666667 0.25 3.54 36 16 1.9 1
2 3 4 5
APP_3_Inner_Layer_3:0 0.4 0.4 1.5 1.25 22 33 3.68 1
6
APP_3_Inner_Layer_3:1 0.2 0.2 0.75 2.16 8 16 3.15 1
6
APP_3_Inner_Layer_3:2 0.5333333333333333 0.5333333333333333 2.0 1.15 29 37 2.95 1
6
APP_3_Inner_Layer_3:3 0.26666666666666666 0.26666666666666666 1.0 2.41 15 31 3.16 1
6
APP_3_Output_Layer_0 0.13333333333333333 0.13333333333333333 0.5 1.42 15 21 1.8 1
7 8 9 10
3
2.9754399377011786
APP_4_Input_Layer_0 0.5333333333333333 0.5333333333333333 2.0 2.87 45 19 3.52 1

APP_4_Inner_Layer_0:0 0.5333333333333333 0.5333333333333333 2.0 3.12 18 37 3.85 1
0
APP_4_Output_Layer_0 0.06666666666666667 0.06666666666666667 0.25 1.82 19 27 1.03 1
1
8
4.315917931892168
APP_5_Input_Layer_0 0.4666666666666667 0.4666666666666667 1.75 2.05 41 27 3.26 1

APP_5_Inner_Layer_0:0 0.5333333333333333 0.5333333333333333 2.0 3.11 48 46 2.33 1
0
APP_5_Inner_Layer_1:0 0.6 0.6 2.25 1.47 38 24 2.3 1
1
APP_5_Inner_Layer_1:1 0.3333333333333333 0.3333333333333333 1.25 1.05 42 47 1.48 1
1
APP_5_Inner_Layer_1:2 0.6 0.6 2.25 1.41 35 49 1.68 1
1
APP_5_Inner_Layer_2:0 0.2 0.2 0.75 1.69 18 13 1.32 1
2
APP_5_Inner_Layer_2:1 0.3333333333333333 0.3333333333333333 1.25 1.13 41 48 3.65 1
3 4
APP_5_Output_Layer_0 0.6 0.6 2.25 3.96 23 2 2.35 1
5 6
3
4.884497206592836
APP_6_Input_Layer_0 0.6 0.6 2.25 3.86 41 28 2.79 1

APP_6_Inner_Layer_0:0 0.06666666666666667 0.06666666666666667 0.25 2.55 22 28 2.35 1
0
APP_6_Output_Layer_0 0.13333333333333333 0.13333333333333333 0.5 2.69 48 15 1.4 0
1
