10
7
12
0
APP_0_Input_Layer_0 0.5333333333333333 0.5333333333333333 2.0 1.11 4 32 2.04 1

APP_0_Inner_Layer_0:0 0.3333333333333333 0.3333333333333333 1.25 3.71 44 25 3.43 1
0
APP_0_Inner_Layer_0:1 0.4666666666666667 0.4666666666666667 1.75 2.96 24 41 3.22 1
0
APP_0_Inner_Layer_1:0 0.4 0.4 1.5 2.42 12 12 1.22 1
1
APP_0_Inner_Layer_1:1 0.26666666666666666 0.26666666666666666 1.0 2.88 23 32 1.38 1
2
APP_0_Inner_Layer_1:2 0.6 0.6 2.25 1.06 24 12 1.17 1
1 2
APP_0_Inner_Layer_2:0 0.5333333333333333 0.5333333333333333 2.0 3.68 7 3 1.68 1
5
APP_0_Inner_Layer_2:1 0.2 0.2 0.75 3.92 17 44 1.06 1
4
APP_0_Inner_Layer_2:2 0.2 0.2 0.75 1.71 24 46 3.05 1
3
APP_0_Inner_Layer_2:3 0.4666666666666667 0.4666666666666667 1.75 2.13 22 31 2.54 1
5
APP_0_Inner_Layer_3:0 0.26666666666666666 0.26666666666666666 1.0 2.56 25 7 1.95 1
6 7 8 9
APP_0_Output_Layer_0 0.26666666666666666 0.26666666666666666 1.0 1.42 32 9 1.26 0
10
9
1.4013789416738343
APP_1_Input_Layer_0 0.4 0.4 1.5 3.82 43 38 2.22 1

APP_1_Inner_Layer_0:0 0.26666666666666666 0.26666666666666666 1.0 3.19 37 11 3.83 1
0
APP_1_Inner_Layer_0:1 0.4 0.4 1.5 1.82 13 40 1.31 1
0
APP_1_Inner_Layer_1:0 0.13333333333333333 0.13333333333333333 0.5 2.06 25 18 2.17 1
1 2
APP_1_Inner_Layer_2:0 0.6 0.6 2.25 3.14 49 49 1.71 1
3
APP_1_Inner_Layer_2:1 0.5333333333333333 0.5333333333333333 2.0 2.49 38 45 3.64 1
3
APP_1_Inner_Layer_3:0 0.4 0.4 1.5 2.02 26 42 1.28 1
5
APP_1_Inner_Layer_3:1 0.06666666666666667 0.06666666666666667 0.25 1.77 28 25 2.73 1
4
APP_1_Output_Layer_0 0.4 0.4 1.5 2.77 18 28 3.03 1
6 7
5
2.11221929547078
APP_2_Input_Layer_0 0.4 0.4 1.5 3.82 39 32 3.61 1

APP_2_Inner_Layer_0:0 0.6 0.6 2.25 3.32 25 5 2.4 1
0
APP_2_Inner_Layer_0:1 0.4666666666666667 0.4666666666666667 1.75 3.31 44 23 3.04 1
0
APP_2_Inner_Layer_0:2 0.13333333333333333 0.13333333333333333 0.5 3.0 1 26 3.87 1
0
APP_2_Output_Layer_0 0.4666666666666667 0.4666666666666667 1.75 2.59 37 31 2.8 1
1 2 3
8
2.7646997349904816
APP_3_Input_Layer_0 0.4 0.4 1.5 1.38 12 43 1.35 0

APP_3_Inner_Layer_0:0 0.2 0.2 0.75 3.56 10 13 3.97 1
0
APP_3_Inner_Layer_0:1 0.26666666666666666 0.26666666666666666 1.0 2.1 33 1 1.63 1
0
APP_3_Inner_Layer_0:2 0.5333333333333333 0.5333333333333333 2.0 1.24 39 19 1.89 1
0
APP_3_Inner_Layer_1:0 0.06666666666666667 0.06666666666666667 0.25 2.34 16 44 2.65 1
3
APP_3_Inner_Layer_1:1 0.5333333333333333 0.5333333333333333 2.0 2.98 39 17 1.92 1
1 2
APP_3_Inner_Layer_1:2 0.2 0.2 0.75 2.48 49 19 2.48 1
3
APP_3_Output_Layer_0 0.4 0.4 1.5 2.13 31 42 3.19 1
4 5 6
3
3.493821104597115
APP_4_Input_Layer_0 0.5333333333333333 0.5333333333333333 2.0 2.89 33 7 1.2 1

APP_4_Inner_Layer_0:0 0.5333333333333333 0.5333333333333333 2.0 3.55 19 38 1.49 1
0
APP_4_Output_Layer_0 0.3333333333333333 0.3333333333333333 1.25 1.62 7 44 1.74 1
1
5
4.270347116381642
APP_5_Input_Layer_0 0.4666666666666667 0.4666666666666667 1.75 1.27 31 39 1.37 1

APP_5_Inner_Layer_0:0 0.13333333333333333 0.13333333333333333 0.5 3.52 26 33 3.9 1
0
APP_5_Inner_Layer_0:1 0.2 0.2 0.75 2.29 47 12 3.35 1
0
APP_5_Inner_Layer_0:2 0.3333333333333333 0.3333333333333333 1.25 2.38 38 31 3.61 1
0
APP_5_Output_Layer_0 0.5333333333333333 0.5333333333333333 2.0 1.2 9 17 1.65 1
1 2 3
13
4.960683906039758
APP_6_Input_Layer_0 0.2 0.2 0.75 3.43 31 21 1.19 1

APP_6_Inner_Layer_0:0 0.06666666666666667 0.06666666666666667 0.25 2.24 30 16 2.79 1
0
APP_6_Inner_Layer_0:1 0.4666666666666667 0.4666666666666667 1.75 1.29 39 36 2.59 1
0
APP_6_Inner_Layer_0:2 0.06666666666666667 0.06666666666666667 0.25 2.82 9 30 1.57 1
0
APP_6_Inner_Layer_0:3 0.3333333333333333 0.3333333333333333 1.25 2.86 47 26 2.22 1
0
APP_6_Inner_Layer_1:0 0.2 0.2 0.75 1.64 34 43 1.85 1
1 3 4
APP_6_Inner_Layer_1:1 0.2 0.2 0.75 2.99 41 7 1.18 1
2
APP_6_Inner_Layer_2:0 0.06666666666666667 0.06666666666666667 0.25 1.77 41 18 3.64 1
5
APP_6_Inner_Layer_2:1 0.26666666666666666 0.26666666666666666 1.0 1.03 36 41 1.71 1
6
APP_6_Inner_Layer_2:2 0.2 0.2 0.75 1.78 44 40 3.72 1
6
APP_6_Inner_Layer_2:3 0.6 0.6 2.25 2.51 49 23 2.41 1
5 6
APP_6_Inner_Layer_3:0 0.4666666666666667 0.4666666666666667 1.75 3.5 40 38 3.28 1
7 8 9 10
APP_6_Output_Layer_0 0.4 0.4 1.5 1.78 26 24 2.44 1
11
