10
7
12
0
APP_0_Input_Layer_0 0.4 0.4 1.5 2.33 2 18 2.78 1

APP_0_Inner_Layer_0:0 0.13333333333333333 0.13333333333333333 0.5 2.23 16 9 1.56 1
0
APP_0_Inner_Layer_0:1 0.26666666666666666 0.26666666666666666 1.0 3.97 44 41 3.54 1
0
APP_0_Inner_Layer_0:2 0.6 0.6 2.25 2.76 33 31 2.57 1
0
APP_0_Inner_Layer_1:0 0.06666666666666667 0.06666666666666667 0.25 1.0 32 27 1.35 1
1
APP_0_Inner_Layer_1:1 0.26666666666666666 0.26666666666666666 1.0 1.1 10 13 2.58 1
2 3
APP_0_Inner_Layer_2:0 0.13333333333333333 0.13333333333333333 0.5 3.59 9 7 2.2 1
4 5
APP_0_Inner_Layer_2:1 0.13333333333333333 0.13333333333333333 0.5 1.44 25 17 3.91 1
5
APP_0_Inner_Layer_3:0 0.13333333333333333 0.13333333333333333 0.5 2.24 46 38 2.96 1
6 7
APP_0_Inner_Layer_3:1 0.3333333333333333 0.3333333333333333 1.25 2.8 27 9 1.11 1
6
APP_0_Inner_Layer_3:2 0.5333333333333333 0.5333333333333333 2.0 3.74 45 17 3.63 1
6
APP_0_Output_Layer_0 0.2 0.2 0.75 2.37 38 36 1.17 1
8 9 10
3
0.7883726169900039
APP_1_Input_Layer_0 0.2 0.2 0.75 1.7 19 38 3.31 1

APP_1_Inner_Layer_0:0 0.5333333333333333 0.5333333333333333 2.0 1.73 26 19 3.37 1
0
APP_1_Output_Layer_0 0.5333333333333333 0.5333333333333333 2.0 3.01 15 37 2.72 1
1
13
2.1339074399716536
APP_2_Input_Layer_0 0.06666666666666667 0.06666666666666667 0.25 2.17 10 5 2.13 1

APP_2_Inner_Layer_0:0 0.2 0.2 0.75 1.98 18 46 1.55 1
0
APP_2_Inner_Layer_0:1 0.4 0.4 1.5 3.47 19 33 2.15 1
0
APP_2_Inner_Layer_0:2 0.4 0.4 1.5 3.1 7 27 2.59 1
0
APP_2_Inner_Layer_1:0 0.3333333333333333 0.3333333333333333 1.25 1.34 43 48 1.19 1
1
APP_2_Inner_Layer_1:1 0.13333333333333333 0.13333333333333333 0.5 1.99 14 17 1.25 1
3
APP_2_Inner_Layer_1:2 0.2 0.2 0.75 2.53 19 49 2.92 1
2 3
APP_2_Inner_Layer_1:3 0.26666666666666666 0.26666666666666666 1.0 2.51 6 23 3.36 1
1 2 3
APP_2_Inner_Layer_2:0 0.4666666666666667 0.4666666666666667 1.75 3.91 45 11 2.03 1
5 7
APP_2_Inner_Layer_2:1 0.4666666666666667 0.4666666666666667 1.75 1.89 6 40 2.23 1
4 6
APP_2_Inner_Layer_2:2 0.13333333333333333 0.13333333333333333 0.5 3.6 40 19 1.53 1
6 7
APP_2_Inner_Layer_3:0 0.4666666666666667 0.4666666666666667 1.75 3.58 42 26 1.59 1
8 9 10
APP_2_Output_Layer_0 0.4 0.4 1.5 2.23 23 20 3.15 1
11
9
3.2082519287552085
APP_3_Input_Layer_0 0.3333333333333333 0.3333333333333333 1.25 3.27 1 32 1.92 1

APP_3_Inner_Layer_0:0 0.4 0.4 1.5 3.94 11 20 3.72 1
0
APP_3_Inner_Layer_0:1 0.5333333333333333 0.5333333333333333 2.0 2.29 16 27 3.2 1
0
APP_3_Inner_Layer_0:2 0.4666666666666667 0.4666666666666667 1.75 3.12 41 35 2.29 1
0
APP_3_Inner_Layer_0:3 0.13333333333333333 0.13333333333333333 0.5 3.66 25 10 2.44 1
0
APP_3_Inner_Layer_1:0 0.2 0.2 0.75 1.13 48 1 1.79 1
3
APP_3_Inner_Layer_1:1 0.4666666666666667 0.4666666666666667 1.75 2.41 13 9 1.56 1
1 2 3 4
APP_3_Inner_Layer_2:0 0.2 0.2 0.75 2.58 25 8 2.51 1
5 6
APP_3_Output_Layer_0 0.06666666666666667 0.06666666666666667 0.25 3.58 31 17 2.19 1
7
4
4.02681740952373
APP_4_Input_Layer_0 0.2 0.2 0.75 3.21 40 33 1.28 1

APP_4_Inner_Layer_0:0 0.5333333333333333 0.5333333333333333 2.0 3.72 46 40 3.09 1
0
APP_4_Inner_Layer_0:1 0.13333333333333333 0.13333333333333333 0.5 2.87 21 17 2.94 1
0
APP_4_Output_Layer_0 0.2 0.2 0.75 3.93 47 23 2.61 1
1 2
13
4.662627026625172
APP_5_Input_Layer_0 0.26666666666666666 0.26666666666666666 1.0 3.06 17 9 1.27 1

APP_5_Inner_Layer_0:0 0.6 0.6 2.25 2.69 29 12 3.1 1
0
APP_5_Inner_Layer_0:1 0.13333333333333333 0.13333333333333333 0.5 2.1 19 19 2.92 1
0
APP_5_Inner_Layer_0:2 0.2 0.2 0.75 2.41 27 21 1.51 1
0
APP_5_Inner_Layer_0:3 0.3333333333333333 0.3333333333333333 1.25 1.93 34 33 3.79 1
0
APP_5_Inner_Layer_1:0 0.2 0.2 0.75 2.68 37 14 2.08 1
4
APP_5_Inner_Layer_1:1 0.5333333333333333 0.5333333333333333 2.0 2.42 49 30 2.58 1
1 2 4
APP_5_Inner_Layer_1:2 0.4 0.4 1.5 2.87 27 44 1.16 1
1 4
APP_5_Inner_Layer_1:3 0.26666666666666666 0.26666666666666666 1.0 2.13 2 47 1.77 1
3
APP_5_Inner_Layer_2:0 0.4 0.4 1.5 3.52 39 9 2.34 1
5 6
APP_5_Inner_Layer_2:1 0.26666666666666666 0.26666666666666666 1.0 3.92 6 28 2.39 1
5 7 8
APP_5_Inner_Layer_2:2 0.4 0.4 1.5 1.94 22 24 1.24 1
6
APP_5_Output_Layer_0 0.5333333333333333 0.5333333333333333 2.0 1.29 16 27 2.29 1
9 10 11
10
5.777185567439869
APP_6_Input_Layer_0 0.4666666666666667 0.4666666666666667 1.75 1.31 28 20 3.08 1

APP_6_Inner_Layer_0:0 0.3333333333333333 0.3333333333333333 1.25 1.25 3 32 3.75 1
0
APP_6_Inner_Layer_0:1 0.4 0.4 1.5 2.51 32 17 3.1 1
0
APP_6_Inner_Layer_0:2 0.5333333333333333 0.5333333333333333 2.0 3.66 1 6 3.47 1
0
APP_6_Inner_Layer_1:0 0.6 0.6 2.25 1.86 37 30 1.96 1
1
APP_6_Inner_Layer_1:1 0.6 0.6 2.25 2.7 17 1 2.5 1
1 3
APP_6_Inner_Layer_1:2 0.5333333333333333 0.5333333333333333 2.0 2.54 15 25 1.71 1
2 3
APP_6_Inner_Layer_1:3 0.6 0.6 2.25 3.29 7 11 2.77 1
1 3
APP_6_Inner_Layer_2:0 0.13333333333333333 0.13333333333333333 0.5 3.69 40 48 3.14 1
4 5 6 7
APP_6_Output_Layer_0 0.3333333333333333 0.3333333333333333 1.25 2.8 7 33 1.35 1
8
