10
7
9
0
APP_0_Input_Layer_0 0.2 0.2 0.75 3.01 43 37 3.14 1

APP_0_Inner_Layer_0:0 0.4 0.4 1.5 3.69 11 45 2.67 1
0
APP_0_Inner_Layer_0:1 0.06666666666666667 0.06666666666666667 0.25 3.75 34 40 1.4 1
0
APP_0_Inner_Layer_0:2 0.06666666666666667 0.06666666666666667 0.25 2.09 6 20 3.75 1
0
APP_0_Inner_Layer_0:3 0.4666666666666667 0.4666666666666667 1.75 2.1 7 15 1.67 1
0
APP_0_Inner_Layer_1:0 0.3333333333333333 0.3333333333333333 1.25 2.59 21 40 2.56 1
1 2 3 4
APP_0_Inner_Layer_2:0 0.3333333333333333 0.3333333333333333 1.25 1.63 25 21 3.54 1
5
APP_0_Inner_Layer_2:1 0.26666666666666666 0.26666666666666666 1.0 3.13 6 13 1.68 1
5
APP_0_Output_Layer_0 0.4 0.4 1.5 3.9 35 43 1.76 0
6 7
8
1.0809353452658652
APP_1_Input_Layer_0 0.5333333333333333 0.5333333333333333 2.0 2.61 37 18 1.51 1

APP_1_Inner_Layer_0:0 0.4666666666666667 0.4666666666666667 1.75 2.28 18 16 3.96 1
0
APP_1_Inner_Layer_0:1 0.5333333333333333 0.5333333333333333 2.0 3.01 37 13 1.97 1
0
APP_1_Inner_Layer_1:0 0.4666666666666667 0.4666666666666667 1.75 3.63 5 2 2.91 1
1 2
APP_1_Inner_Layer_1:1 0.3333333333333333 0.3333333333333333 1.25 2.91 10 8 3.16 1
2
APP_1_Inner_Layer_2:0 0.3333333333333333 0.3333333333333333 1.25 1.22 8 5 1.84 1
3 4
APP_1_Inner_Layer_3:0 0.6 0.6 2.25 1.47 24 22 3.73 1
5
APP_1_Output_Layer_0 0.06666666666666667 0.06666666666666667 0.25 1.31 31 47 3.73 1
6
3
2.493327894638231
APP_2_Input_Layer_0 0.5333333333333333 0.5333333333333333 2.0 3.39 43 48 2.71 1

APP_2_Inner_Layer_0:0 0.06666666666666667 0.06666666666666667 0.25 2.03 27 31 3.52 1
0
APP_2_Output_Layer_0 0.13333333333333333 0.13333333333333333 0.5 1.7 12 26 1.43 1
1
4
3.1067982492407724
APP_3_Input_Layer_0 0.26666666666666666 0.26666666666666666 1.0 2.55 44 15 3.12 1

APP_3_Inner_Layer_0:0 0.5333333333333333 0.5333333333333333 2.0 2.47 48 20 3.81 1
0
APP_3_Inner_Layer_0:1 0.4 0.4 1.5 3.56 2 11 3.89 1
0
APP_3_Output_Layer_0 0.13333333333333333 0.13333333333333333 0.5 2.97 19 9 3.44 1
1 2
9
4.144689616020933
APP_4_Input_Layer_0 0.2 0.2 0.75 1.76 25 3 1.89 1

APP_4_Inner_Layer_0:0 0.4 0.4 1.5 3.85 31 3 2.5 1
0
APP_4_Inner_Layer_1:0 0.3333333333333333 0.3333333333333333 1.25 2.2 41 46 1.82 1
1
APP_4_Inner_Layer_1:1 0.2 0.2 0.75 1.15 1 35 1.17 1
1
APP_4_Inner_Layer_1:2 0.06666666666666667 0.06666666666666667 0.25 1.81 32 35 3.88 1
1
APP_4_Inner_Layer_1:3 0.4666666666666667 0.4666666666666667 1.75 1.4 44 19 1.76 1
1
APP_4_Inner_Layer_2:0 0.13333333333333333 0.13333333333333333 0.5 3.75 39 36 1.26 1
2 4 5
APP_4_Inner_Layer_2:1 0.4666666666666667 0.4666666666666667 1.75 1.03 32 31 2.81 1
3
APP_4_Output_Layer_0 0.5333333333333333 0.5333333333333333 2.0 1.24 20 39 2.07 1
6 7
10
5.162276983237408
APP_5_Input_Layer_0 0.06666666666666667 0.06666666666666667 0.25 1.98 24 9 3.8 0

APP_5_Inner_Layer_0:0 0.06666666666666667 0.06666666666666667 0.25 2.8 41 15 2.64 1
0
APP_5_Inner_Layer_0:1 0.3333333333333333 0.3333333333333333 1.25 1.5 20 20 2.3 1
0
APP_5_Inner_Layer_0:2 0.3333333333333333 0.3333333333333333 1.25 1.16 26 2 3.89 1
0
APP_5_Inner_Layer_0:3 0.26666666666666666 0.26666666666666666 1.0 3.46 41 5 3.28 1
0
APP_5_Inner_Layer_1:0 0.4666666666666667 0.4666666666666667 1.75 3.58 24 45 2.53 1
2 3 4
APP_5_Inner_Layer_1:1 0.2 0.2 0.75 3.66 47 15 2.11 1
4
APP_5_Inner_Layer_1:2 0.4 0.4 1.5 1.9 41 18 1.92 1
1 2 4
APP_5_Inner_Layer_1:3 0.06666666666666667 0.06666666666666667 0.25 3.5 26 8 3.99 1
1 4
APP_5_Output_Layer_0 0.2 0.2 0.75 2.0 9 33 1.94 1
5 6 7 8
3
6.34947199213475
APP_6_Input_Layer_0 0.5333333333333333 0.5333333333333333 2.0 2.66 41 28 1.34 1

APP_6_Inner_Layer_0:0 0.6 0.6 2.25 2.8 20 44 2.64 1
0
APP_6_Output_Layer_0 0.5333333333333333 0.5333333333333333 2.0 3.8 3 32 2.62 1
1
