10
7
6
0
APP_0_Input_Layer_0 0.3333333333333333 0.3333333333333333 1.25 1.48 43 15 3.75 1

APP_0_Inner_Layer_0:0 0.26666666666666666 0.26666666666666666 1.0 1.3 43 27 1.0 1
0
APP_0_Inner_Layer_0:1 0.2 0.2 0.75 2.09 8 18 2.4 1
0
APP_0_Inner_Layer_0:2 0.26666666666666666 0.26666666666666666 1.0 1.92 27 31 1.64 1
0
APP_0_Inner_Layer_1:0 0.3333333333333333 0.3333333333333333 1.25 2.17 33 25 3.24 1
1 2 3
APP_0_Output_Layer_0 0.6 0.6 2.25 3.49 43 8 1.33 1
4
6
0.7503001947514168
APP_1_Input_Layer_0 0.6 0.6 2.25 2.66 21 20 3.61 1

APP_1_Inner_Layer_0:0 0.2 0.2 0.75 2.37 6 49 2.05 1
0
APP_1_Inner_Layer_0:1 0.26666666666666666 0.26666666666666666 1.0 1.37 35 43 2.46 1
0
APP_1_Inner_Layer_0:2 0.5333333333333333 0.5333333333333333 2.0 2.41 30 6 3.49 1
0
APP_1_Inner_Layer_0:3 0.2 0.2 0.75 3.46 49 25 1.34 1
0
APP_1_Output_Layer_0 0.06666666666666667 0.06666666666666667 0.25 1.86 30 4 3.13 1
1 2 3 4
9
1.2861975009074749
APP_2_Input_Layer_0 0.6 0.6 2.25 2.39 37 45 2.67 1

APP_2_Inner_Layer_0:0 0.2 0.2 0.75 3.88 6 39 3.55 1
0
APP_2_Inner_Layer_0:1 0.3333333333333333 0.3333333333333333 1.25 2.74 47 29 3.31 1
0
APP_2_Inner_Layer_1:0 0.4666666666666667 0.4666666666666667 1.75 2.14 49 32 1.04 1
1 2
APP_2_Inner_Layer_2:0 0.26666666666666666 0.26666666666666666 1.0 1.03 48 49 3.33 1
3
APP_2_Inner_Layer_2:1 0.26666666666666666 0.26666666666666666 1.0 1.58 39 25 3.58 1
3
APP_2_Inner_Layer_2:2 0.3333333333333333 0.3333333333333333 1.25 3.12 12 28 3.87 1
3
APP_2_Inner_Layer_2:3 0.6 0.6 2.25 2.69 27 31 2.9 1
3
APP_2_Output_Layer_0 0.2 0.2 0.75 1.49 25 11 1.37 1
4 5 6 7
3
2.687047172888681
APP_3_Input_Layer_0 0.06666666666666667 0.06666666666666667 0.25 3.09 26 21 2.92 1

APP_3_Inner_Layer_0:0 0.4 0.4 1.5 2.78 39 5 3.7 1
0
APP_3_Output_Layer_0 0.4 0.4 1.5 2.98 22 36 1.88 1
1
6
3.4145403488485226
APP_4_Input_Layer_0 0.3333333333333333 0.3333333333333333 1.25 1.13 30 39 1.49 1

APP_4_Inner_Layer_0:0 0.26666666666666666 0.26666666666666666 1.0 3.1 15 24 3.22 1
0
APP_4_Inner_Layer_0:1 0.2 0.2 0.75 1.68 22 4 3.05 1
0
APP_4_Inner_Layer_0:2 0.2 0.2 0.75 3.64 42 4 3.81 1
0
APP_4_Inner_Layer_0:3 0.4666666666666667 0.4666666666666667 1.75 2.46 32 43 1.43 1
0
APP_4_Output_Layer_0 0.6 0.6 2.25 1.47 21 2 3.02 1
1 2 3 4
6
4.593442425329547
APP_5_Input_Layer_0 0.6 0.6 2.25 1.14 3 6 2.32 1

APP_5_Inner_Layer_0:0 0.3333333333333333 0.3333333333333333 1.25 3.52 20 13 2.34 1
0
APP_5_Inner_Layer_0:1 0.6 0.6 2.25 1.79 10 27 3.48 1
0
APP_5_Inner_Layer_0:2 0.26666666666666666 0.26666666666666666 1.0 1.77 39 25 3.25 1
0
APP_5_Inner_Layer_0:3 0.4666666666666667 0.4666666666666667 1.75 1.04 40 7 1.32 1
0
APP_5_Output_Layer_0 0.3333333333333333 0.3333333333333333 1.25 2.5 35 16 1.15 1
1 2 3 4
10
5.272508793676383
APP_6_Input_Layer_0 0.6 0.6 2.25 1.25 38 18 2.18 1

APP_6_Inner_Layer_0:0 0.6 0.6 2.25 2.94 37 39 1.46 1
0
APP_6_Inner_Layer_0:1 0.3333333333333333 0.3333333333333333 1.25 1.99 22 8 3.4 1
0
APP_6_Inner_Layer_0:2 0.13333333333333333 0.13333333333333333 0.5 3.67 11 31 3.29 1
0
APP_6_Inner_Layer_1:0 0.13333333333333333 0.13333333333333333 0.5 3.31 20 49 3.89 1
2 3
APP_6_Inner_Layer_1:1 0.4666666666666667 0.4666666666666667 1.75 2.85 36 3 2.02 1
1 3
APP_6_Inner_Layer_1:2 0.4 0.4 1.5 1.92 10 33 2.45 1
1
APP_6_Inner_Layer_1:3 0.6 0.6 2.25 2.59 49 9 1.14 1
3
APP_6_Inner_Layer_2:0 0.5333333333333333 0.5333333333333333 2.0 3.87 4 41 2.73 1
4 5 6 7
APP_6_Output_Layer_0 0.2 0.2 0.75 2.93 49 5 2.67 1
8
