10
7
12
0
APP_0_Input_Layer_0 0.5333333333333333 0.5333333333333333 2.0 2.27 37 15 1.62 1

APP_0_Inner_Layer_0:0 0.06666666666666667 0.06666666666666667 0.25 2.41 9 37 3.4 1
0
APP_0_Inner_Layer_0:1 0.3333333333333333 0.3333333333333333 1.25 1.24 25 9 2.41 1
0
APP_0_Inner_Layer_0:2 0.06666666666666667 0.06666666666666667 0.25 2.12 12 41 1.04 1
0
APP_0_Inner_Layer_1:0 0.06666666666666667 0.06666666666666667 0.25 1.78 10 25 3.29 1
1 2 3
APP_0_Inner_Layer_1:1 0.6 0.6 2.25 3.03 7 33 1.57 1
2
APP_0_Inner_Layer_1:2 0.4666666666666667 0.4666666666666667 1.75 2.78 33 42 3.94 1
1 3
APP_0_Inner_Layer_2:0 0.26666666666666666 0.26666666666666666 1.0 3.16 49 7 2.7 1
4 5 6
APP_0_Inner_Layer_3:0 0.5333333333333333 0.5333333333333333 2.0 1.28 21 33 3.03 1
7
APP_0_Inner_Layer_3:1 0.4 0.4 1.5 2.14 21 32 2.22 1
7
APP_0_Inner_Layer_3:2 0.06666666666666667 0.06666666666666667 0.25 3.13 2 9 3.82 1
7
APP_0_Output_Layer_0 0.2 0.2 0.75 3.12 1 9 2.45 1
8 9 10
16
0.7786001484709799
APP_1_Input_Layer_0 0.6 0.6 2.25 3.94 2 23 3.56 1

APP_1_Inner_Layer_0:0 0.06666666666666667 0.06666666666666667 0.25 2.63 31 25 2.17 1
0
APP_1_Inner_Layer_0:1 0.4666666666666667 0.4666666666666667 1.75 3.15 31 9 3.16 1
0
APP_1_Inner_Layer_0:2 0.2 0.2 0.75 3.04 31 47 2.96 1
0
APP_1_Inner_Layer_1:0 0.5333333333333333 0.5333333333333333 2.0 1.62 49 27 2.41 1
1 2 3
APP_1_Inner_Layer_1:1 0.5333333333333333 0.5333333333333333 2.0 2.61 8 46 1.64 1
1 3
APP_1_Inner_Layer_1:2 0.4 0.4 1.5 2.37 33 24 1.94 1
1 2 3
APP_1_Inner_Layer_1:3 0.5333333333333333 0.5333333333333333 2.0 2.64 26 28 3.4 1
2 3
APP_1_Inner_Layer_2:0 0.2 0.2 0.75 1.08 21 43 2.7 1
6
APP_1_Inner_Layer_2:1 0.4666666666666667 0.4666666666666667 1.75 2.09 20 39 2.81 1
5 7
APP_1_Inner_Layer_2:2 0.26666666666666666 0.26666666666666666 1.0 3.54 38 43 2.46 1
4
APP_1_Inner_Layer_3:0 0.2 0.2 0.75 3.66 40 1 2.06 1
9 10
APP_1_Inner_Layer_3:1 0.6 0.6 2.25 3.23 42 15 2.79 1
10
APP_1_Inner_Layer_3:2 0.5333333333333333 0.5333333333333333 2.0 1.91 15 43 1.53 1
8 9
APP_1_Inner_Layer_3:3 0.2 0.2 0.75 1.33 33 41 1.69 1
8 9 10
APP_1_Output_Layer_0 0.3333333333333333 0.3333333333333333 1.25 3.02 3 32 2.0 1
11 12 13 14
6
1.6175982164144516
APP_2_Input_Layer_0 0.2 0.2 0.75 1.99 16 44 3.45 1

APP_2_Inner_Layer_0:0 0.3333333333333333 0.3333333333333333 1.25 1.29 6 2 2.5 1
0
APP_2_Inner_Layer_1:0 0.26666666666666666 0.26666666666666666 1.0 3.32 26 5 2.84 1
1
APP_2_Inner_Layer_1:1 0.06666666666666667 0.06666666666666667 0.25 3.34 13 41 1.61 1
1
APP_2_Inner_Layer_1:2 0.4 0.4 1.5 2.06 33 44 1.37 1
1
APP_2_Output_Layer_0 0.6 0.6 2.25 3.93 22 21 1.34 1
2 3 4
13
2.171612111307831
APP_3_Input_Layer_0 0.2 0.2 0.75 1.39 17 1 3.9 1

APP_3_Inner_Layer_0:0 0.06666666666666667 0.06666666666666667 0.25 2.48 26 7 1.89 1
0
APP_3_Inner_Layer_0:1 0.4 0.4 1.5 2.11 25 30 3.53 1
0
APP_3_Inner_Layer_0:2 0.13333333333333333 0.13333333333333333 0.5 2.93 12 12 2.42 1
0
APP_3_Inner_Layer_0:3 0.2 0.2 0.75 3.75 48 45 2.75 1
0
APP_3_Inner_Layer_1:0 0.06666666666666667 0.06666666666666667 0.25 3.79 24 1 3.57 1
1 2 3
APP_3_Inner_Layer_1:1 0.6 0.6 2.25 2.74 13 22 2.78 1
3 4
APP_3_Inner_Layer_1:2 0.2 0.2 0.75 2.1 20 16 1.12 1
4
APP_3_Inner_Layer_2:0 0.06666666666666667 0.06666666666666667 0.25 2.69 49 20 2.47 1
5 6 7
APP_3_Inner_Layer_3:0 0.5333333333333333 0.5333333333333333 2.0 1.47 34 36 3.48 1
8
APP_3_Inner_Layer_3:1 0.4 0.4 1.5 2.96 1 16 2.58 1
8
APP_3_Inner_Layer_3:2 0.6 0.6 2.25 3.15 33 19 1.18 1
8
APP_3_Output_Layer_0 0.5333333333333333 0.5333333333333333 2.0 3.27 3 42 3.93 1
9 10 11
13
2.8043556276585053
APP_4_Input_Layer_0 0.5333333333333333 0.5333333333333333 2.0 1.78 18 9 1.35 1

APP_4_Inner_Layer_0:0 0.4 0.4 1.5 2.43 45 30 2.98 1
0
APP_4_Inner_Layer_0:1 0.13333333333333333 0.13333333333333333 0.5 1.27 9 23 3.61 1
0
APP_4_Inner_Layer_0:2 0.4666666666666667 0.4666666666666667 1.75 3.82 17 35 3.68 1
0
APP_4_Inner_Layer_0:3 0.06666666666666667 0.06666666666666667 0.25 1.37 26 30 2.86 1
0
APP_4_Inner_Layer_1:0 0.26666666666666666 0.26666666666666666 1.0 2.16 5 44 2.92 1
1 4
APP_4_Inner_Layer_1:1 0.26666666666666666 0.26666666666666666 1.0 3.99 25 43 1.08 1
2 3
APP_4_Inner_Layer_2:0 0.4 0.4 1.5 1.96 26 19 2.35 1
5 6
APP_4_Inner_Layer_2:1 0.13333333333333333 0.13333333333333333 0.5 1.53 43 43 3.0 1
6
APP_4_Inner_Layer_3:0 0.3333333333333333 0.3333333333333333 1.25 1.61 14 15 2.96 1
8
APP_4_Inner_Layer_3:1 0.2 0.2 0.75 3.61 33 27 1.44 1
8
APP_4_Inner_Layer_3:2 0.4666666666666667 0.4666666666666667 1.75 3.46 37 48 1.97 1
7
APP_4_Output_Layer_0 0.26666666666666666 0.26666666666666666 1.0 3.52 14 34 3.1 1
9 10 11
11
3.3650097219964494
APP_5_Input_Layer_0 0.3333333333333333 0.3333333333333333 1.25 1.65 8 19 3.61 1

APP_5_Inner_Layer_0:0 0.4666666666666667 0.4666666666666667 1.75 2.61 31 15 2.92 1
0
APP_5_Inner_Layer_0:1 0.13333333333333333 0.13333333333333333 0.5 3.29 1 1 3.17 1
0
APP_5_Inner_Layer_0:2 0.4 0.4 1.5 2.17 23 39 2.28 1
0
APP_5_Inner_Layer_0:3 0.6 0.6 2.25 3.48 1 9 1.07 1
0
APP_5_Inner_Layer_1:0 0.13333333333333333 0.13333333333333333 0.5 1.87 4 41 1.17 1
2 4
APP_5_Inner_Layer_1:1 0.4 0.4 1.5 1.73 14 35 1.95 1
3
APP_5_Inner_Layer_1:2 0.06666666666666667 0.06666666666666667 0.25 1.32 23 11 2.1 1
1 2 3
APP_5_Inner_Layer_1:3 0.13333333333333333 0.13333333333333333 0.5 3.15 21 24 2.8 1
2
APP_5_Inner_Layer_2:0 0.26666666666666666 0.26666666666666666 1.0 3.81 3 3 2.12 1
5 6 7 8
APP_5_Output_Layer_0 0.06666666666666667 0.06666666666666667 0.25 3.5 43 38 3.23 1
9
9
4.264588533197793
APP_6_Input_Layer_0 0.26666666666666666 0.26666666666666666 1.0 3.38 47 44 3.17 1

APP_6_Inner_Layer_0:0 0.6 0.6 2.25 3.97 17 4 1.47 1
0
APP_6_Inner_Layer_0:1 0.3333333333333333 0.3333333333333333 1.25 2.44 14 8 1.19 1
0
APP_6_Inner_Layer_0:2 0.2 0.2 0.75 1.85 41 17 3.46 1
0
APP_6_Inner_Layer_1:0 0.5333333333333333 0.5333333333333333 2.0 2.55 28 10 3.91 1
1 2 3
APP_6_Inner_Layer_2:0 0.06666666666666667 0.06666666666666667 0.25 2.15 5 9 1.64 1
4
APP_6_Inner_Layer_2:1 0.06666666666666667 0.06666666666666667 0.25 1.49 22 24 3.74 1
4
APP_6_Inner_Layer_3:0 0.3333333333333333 0.3333333333333333 1.25 3.14 35 19 1.56 1
5 6
APP_6_Output_Layer_0 0.13333333333333333 0.13333333333333333 0.5 2.14 9 6 3.23 1
7
