10
15
5
0
APP_0_Input_Layer_0 0.3333333333333333 0.3333333333333333 1.25 2.3 27 6 2.43 1

APP_0_Inner_Layer_0:0 0.13333333333333333 0.13333333333333333 0.5 1.02 23 19 2.62 1
0
APP_0_Inner_Layer_1:0 0.4 0.4 1.5 1.98 29 49 3.17 1
1
APP_0_Inner_Layer_2:0 0.4666666666666667 0.4666666666666667 1.75 3.06 47 31 2.72 1
2
APP_0_Output_Layer_0 0.3333333333333333 0.3333333333333333 1.25 2.91 47 39 2.96 1
3
6
0.6612435967416017
APP_1_Input_Layer_0 0.6 0.6 2.25 2.3 2 46 1.08 1

APP_1_Inner_Layer_0:0 0.6 0.6 2.25 1.56 9 47 2.26 1
0
APP_1_Inner_Layer_0:1 0.06666666666666667 0.06666666666666667 0.25 2.54 31 18 2.34 1
0
APP_1_Inner_Layer_0:2 0.4666666666666667 0.4666666666666667 1.75 1.2 26 44 3.6 1
0
APP_1_Inner_Layer_1:0 0.2 0.2 0.75 2.84 4 41 3.5 1
1 2 3
APP_1_Output_Layer_0 0.13333333333333333 0.13333333333333333 0.5 2.13 15 25 1.45 1
4
8
1.1384411468114186
APP_2_Input_Layer_0 0.13333333333333333 0.13333333333333333 0.5 3.29 28 3 1.46 1

APP_2_Inner_Layer_0:0 0.5333333333333333 0.5333333333333333 2.0 2.59 24 40 2.11 1
0
APP_2_Inner_Layer_1:0 0.13333333333333333 0.13333333333333333 0.5 2.3 32 42 2.99 1
1
APP_2_Inner_Layer_1:1 0.4666666666666667 0.4666666666666667 1.75 1.38 12 47 3.25 1
1
APP_2_Inner_Layer_2:0 0.4 0.4 1.5 2.31 1 36 2.22 1
2
APP_2_Inner_Layer_2:1 0.3333333333333333 0.3333333333333333 1.25 1.41 13 21 2.2 1
3
APP_2_Inner_Layer_2:2 0.3333333333333333 0.3333333333333333 1.25 2.53 17 24 3.43 1
3
APP_2_Output_Layer_0 0.5333333333333333 0.5333333333333333 2.0 1.07 13 7 1.7 1
4 5 6
5
1.6556023723332065
APP_3_Input_Layer_0 0.4 0.4 1.5 3.09 11 11 1.39 0

APP_3_Inner_Layer_0:0 0.6 0.6 2.25 1.87 1 17 3.36 1
0
APP_3_Inner_Layer_0:1 0.13333333333333333 0.13333333333333333 0.5 3.79 48 25 2.69 1
0
APP_3_Inner_Layer_0:2 0.4 0.4 1.5 1.97 34 23 3.06 1
0
APP_3_Output_Layer_0 0.13333333333333333 0.13333333333333333 0.5 3.76 36 23 3.9 1
1 2 3
5
2.1082681640510925
APP_4_Input_Layer_0 0.26666666666666666 0.26666666666666666 1.0 3.2 35 28 3.77 0

APP_4_Inner_Layer_0:0 0.06666666666666667 0.06666666666666667 0.25 1.42 2 38 3.48 1
0
APP_4_Inner_Layer_0:1 0.13333333333333333 0.13333333333333333 0.5 3.6 26 41 3.47 1
0
APP_4_Inner_Layer_0:2 0.06666666666666667 0.06666666666666667 0.25 1.93 34 32 2.27 0
0
APP_4_Output_Layer_0 0.06666666666666667 0.06666666666666667 0.25 3.94 40 45 2.8 1
1 2 3
8
2.5426834677773433
APP_5_Input_Layer_0 0.26666666666666666 0.26666666666666666 1.0 1.48 7 7 1.14 1

APP_5_Inner_Layer_0:0 0.13333333333333333 0.13333333333333333 0.5 2.64 10 10 2.3 1
0
APP_5_Inner_Layer_0:1 0.4 0.4 1.5 2.75 6 8 2.65 1
0
APP_5_Inner_Layer_1:0 0.4666666666666667 0.4666666666666667 1.75 1.25 20 10 2.65 1
1 2
APP_5_Inner_Layer_2:0 0.13333333333333333 0.13333333333333333 0.5 3.91 17 20 3.58 1
3
APP_5_Inner_Layer_3:0 0.4 0.4 1.5 3.63 29 24 2.89 1
4
APP_5_Inner_Layer_3:1 0.26666666666666666 0.26666666666666666 1.0 1.77 32 31 3.79 1
4
APP_5_Output_Layer_0 0.3333333333333333 0.3333333333333333 1.25 1.95 42 47 3.0 1
5 6
3
2.846069853073076
APP_6_Input_Layer_0 0.13333333333333333 0.13333333333333333 0.5 2.93 45 34 2.04 1

APP_6_Inner_Layer_0:0 0.26666666666666666 0.26666666666666666 1.0 3.17 33 39 1.9 1
0
APP_6_Output_Layer_0 0.3333333333333333 0.3333333333333333 1.25 1.32 21 33 3.34 1
1
4
3.3187585329397002
APP_7_Input_Layer_0 0.6 0.6 2.25 1.61 23 32 3.79 1

APP_7_Inner_Layer_0:0 0.5333333333333333 0.5333333333333333 2.0 2.44 5 13 2.64 1
0
APP_7_Inner_Layer_0:1 0.6 0.6 2.25 2.18 11 20 1.43 1
0
APP_7_Output_Layer_0 0.2 0.2 0.75 3.73 15 40 1.78 1
1 2
8
3.56664353487258
APP_8_Input_Layer_0 0.4 0.4 1.5 3.24 42 1 2.98 1

APP_8_Inner_Layer_0:0 0.26666666666666666 0.26666666666666666 1.0 1.11 38 26 2.16 0
0
APP_8_Inner_Layer_0:1 0.3333333333333333 0.3333333333333333 1.25 3.14 36 31 1.86 1
0
APP_8_Inner_Layer_1:0 0.5333333333333333 0.5333333333333333 2.0 1.27 31 17 3.47 1
1 2
APP_8_Inner_Layer_1:1 0.6 0.6 2.25 2.43 1 42 3.32 1
1
APP_8_Inner_Layer_2:0 0.2 0.2 0.75 3.14 22 6 1.24 1
3
APP_8_Inner_Layer_2:1 0.4 0.4 1.5 2.56 31 25 1.23 1
4
APP_8_Output_Layer_0 0.3333333333333333 0.3333333333333333 1.25 2.08 29 26 2.67 1
5 6
14
3.828610156948098
APP_9_Input_Layer_0 0.3333333333333333 0.3333333333333333 1.25 3.42 36 9 3.38 1

APP_9_Inner_Layer_0:0 0.3333333333333333 0.3333333333333333 1.25 3.55 21 12 2.03 0
0
APP_9_Inner_Layer_0:1 0.13333333333333333 0.13333333333333333 0.5 2.64 38 13 3.89 1
0
APP_9_Inner_Layer_0:2 0.4666666666666667 0.4666666666666667 1.75 2.18 44 1 3.29 1
0
APP_9_Inner_Layer_0:3 0.13333333333333333 0.13333333333333333 0.5 2.06 46 47 3.73 1
0
APP_9_Inner_Layer_1:0 0.5333333333333333 0.5333333333333333 2.0 3.62 4 41 1.04 1
1
APP_9_Inner_Layer_1:1 0.4 0.4 1.5 1.15 40 41 3.94 0
1 2 3 4
APP_9_Inner_Layer_1:2 0.5333333333333333 0.5333333333333333 2.0 1.87 31 16 1.25 1
2 1
APP_9_Inner_Layer_2:0 0.4 0.4 1.5 1.92 16 21 1.26 1
6 7
APP_9_Inner_Layer_2:1 0.06666666666666667 0.06666666666666667 0.25 2.41 7 45 1.04 1
5
APP_9_Inner_Layer_3:0 0.6 0.6 2.25 1.49 36 21 2.21 1
8 9
APP_9_Inner_Layer_3:1 0.26666666666666666 0.26666666666666666 1.0 3.3 15 21 2.47 0
9
APP_9_Inner_Layer_3:2 0.13333333333333333 0.13333333333333333 0.5 2.43 31 6 3.63 1
9
APP_9_Output_Layer_0 0.13333333333333333 0.13333333333333333 0.5 2.29 34 4 2.28 1
10 11 12
17
4.2521170672727955
APP_10_Input_Layer_0 0.4666666666666667 0.4666666666666667 1.75 1.45 15 39 1.94 1

APP_10_Inner_Layer_0:0 0.3333333333333333 0.3333333333333333 1.25 2.97 49 19 1.3 1
0
APP_10_Inner_Layer_0:1 0.4 0.4 1.5 2.12 31 29 1.64 1
0
APP_10_Inner_Layer_0:2 0.4 0.4 1.5 1.22 39 6 2.94 1
0
APP_10_Inner_Layer_0:3 0.13333333333333333 0.13333333333333333 0.5 1.12 17 11 2.68 1
0
APP_10_Inner_Layer_1:0 0.2 0.2 0.75 2.92 6 32 3.44 1
1 2 4
APP_10_Inner_Layer_1:1 0.06666666666666667 0.06666666666666667 0.25 3.96 33 45 3.87 1
2 3
APP_10_Inner_Layer_1:2 0.6 0.6 2.25 2.02 36 47 1.49 1
1
APP_10_Inner_Layer_1:3 0.4 0.4 1.5 1.54 33 29 3.73 1
1 2 3
APP_10_Inner_Layer_2:0 0.2 0.2 0.75 3.06 15 48 1.52 1
7 8
APP_10_Inner_Layer_2:1 0.2 0.2 0.75 3.38 45 48 2.89 1
5 6 7 8
APP_10_Inner_Layer_2:2 0.4 0.4 1.5 1.69 33 31 1.92 0
5
APP_10_Inner_Layer_3:0 0.3333333333333333 0.3333333333333333 1.25 2.46 28 7 3.78 0
11
APP_10_Inner_Layer_3:1 0.26666666666666666 0.26666666666666666 1.0 2.04 36 24 1.11 1
10 11
APP_10_Inner_Layer_3:2 0.3333333333333333 0.3333333333333333 1.25 2.09 14 33 1.29 1
9
APP_10_Inner_Layer_3:3 0.4666666666666667 0.4666666666666667 1.75 3.3 37 7 2.3 1
11
APP_10_Output_Layer_0 0.26666666666666666 0.26666666666666666 1.0 2.74 29 42 1.73 1
12 13 14 15
9
4.559759949352034
APP_11_Input_Layer_0 0.13333333333333333 0.13333333333333333 0.5 1.36 10 29 2.87 1

APP_11_Inner_Layer_0:0 0.13333333333333333 0.13333333333333333 0.5 1.62 49 11 3.83 1
0
APP_11_Inner_Layer_1:0 0.26666666666666666 0.26666666666666666 1.0 1.72 15 4 1.27 0
1
APP_11_Inner_Layer_2:0 0.06666666666666667 0.06666666666666667 0.25 1.54 48 17 3.64 1
2
APP_11_Inner_Layer_3:0 0.3333333333333333 0.3333333333333333 1.25 3.17 19 7 1.39 1
3
APP_11_Inner_Layer_3:1 0.4 0.4 1.5 2.21 26 42 3.69 1
3
APP_11_Inner_Layer_3:2 0.26666666666666666 0.26666666666666666 1.0 3.49 32 29 3.77 1
3
APP_11_Inner_Layer_3:3 0.4666666666666667 0.4666666666666667 1.75 1.05 20 21 3.4 1
3
APP_11_Output_Layer_0 0.5333333333333333 0.5333333333333333 2.0 2.79 34 31 1.46 1
4 5 6 7
9
5.16521961305974
APP_12_Input_Layer_0 0.4666666666666667 0.4666666666666667 1.75 3.71 14 33 3.29 1

APP_12_Inner_Layer_0:0 0.06666666666666667 0.06666666666666667 0.25 2.15 28 48 2.96 1
0
APP_12_Inner_Layer_0:1 0.4 0.4 1.5 2.33 29 30 1.21 1
0
APP_12_Inner_Layer_0:2 0.06666666666666667 0.06666666666666667 0.25 3.75 45 48 3.9 1
0
APP_12_Inner_Layer_0:3 0.4666666666666667 0.4666666666666667 1.75 2.68 37 4 1.08 1
0
APP_12_Inner_Layer_1:0 0.3333333333333333 0.3333333333333333 1.25 1.26 44 27 1.18 1
1 3
APP_12_Inner_Layer_1:1 0.3333333333333333 0.3333333333333333 1.25 3.25 45 28 1.2 1
3
APP_12_Inner_Layer_1:2 0.13333333333333333 0.13333333333333333 0.5 3.63 13 6 3.51 1
2 4
APP_12_Output_Layer_0 0.13333333333333333 0.13333333333333333 0.5 1.81 7 41 1.11 1
5 6 7
9
5.642390196708486
APP_13_Input_Layer_0 0.5333333333333333 0.5333333333333333 2.0 1.69 18 43 2.71 1

APP_13_Inner_Layer_0:0 0.26666666666666666 0.26666666666666666 1.0 2.47 31 5 3.5 0
0
APP_13_Inner_Layer_0:1 0.6 0.6 2.25 2.83 6 4 1.9 1
0
APP_13_Inner_Layer_1:0 0.5333333333333333 0.5333333333333333 2.0 1.8 6 35 3.48 1
2
APP_13_Inner_Layer_1:1 0.13333333333333333 0.13333333333333333 0.5 1.99 9 6 1.89 1
1
APP_13_Inner_Layer_1:2 0.4 0.4 1.5 1.33 26 16 2.13 1
1 2
APP_13_Inner_Layer_2:0 0.4666666666666667 0.4666666666666667 1.75 3.04 30 43 3.14 1
4
APP_13_Inner_Layer_2:1 0.4666666666666667 0.4666666666666667 1.75 3.18 30 21 2.08 1
3 5
APP_13_Output_Layer_0 0.2 0.2 0.75 3.99 5 15 3.36 1
6 7
9
5.927898834002849
APP_14_Input_Layer_0 0.2 0.2 0.75 1.86 44 46 2.13 1

APP_14_Inner_Layer_0:0 0.6 0.6 2.25 3.05 20 17 2.98 1
0
APP_14_Inner_Layer_0:1 0.13333333333333333 0.13333333333333333 0.5 1.2 20 49 3.95 1
0
APP_14_Inner_Layer_0:2 0.26666666666666666 0.26666666666666666 1.0 1.05 28 30 3.0 1
0
APP_14_Inner_Layer_0:3 0.2 0.2 0.75 2.11 28 47 1.96 1
0
APP_14_Inner_Layer_1:0 0.26666666666666666 0.26666666666666666 1.0 3.0 29 38 1.69 0
1 2 3 4
APP_14_Inner_Layer_2:0 0.4 0.4 1.5 1.71 29 14 1.04 1
5
APP_14_Inner_Layer_2:1 0.4666666666666667 0.4666666666666667 1.75 2.59 9 49 1.22 1
5
APP_14_Output_Layer_0 0.06666666666666667 0.06666666666666667 0.25 2.2 41 22 1.82 1
6 7
