10
15
7
0
APP_0_Input_Layer_0 0.4 0.4 1.5 2.94 6 49 3.54 1

APP_0_Inner_Layer_0:0 0.4666666666666667 0.4666666666666667 1.75 2.06 13 34 3.85 1
0
APP_0_Inner_Layer_1:0 0.4 0.4 1.5 1.31 10 3 3.39 1
1
APP_0_Inner_Layer_2:0 0.4666666666666667 0.4666666666666667 1.75 3.55 22 19 2.24 1
2
APP_0_Inner_Layer_2:1 0.2 0.2 0.75 2.32 33 10 1.67 1
2
APP_0_Inner_Layer_2:2 0.26666666666666666 0.26666666666666666 1.0 3.42 45 12 3.91 1
2
APP_0_Output_Layer_0 0.4666666666666667 0.4666666666666667 1.75 1.27 21 7 2.95 1
3 4 5
4
0.5455700060032362
APP_1_Input_Layer_0 0.26666666666666666 0.26666666666666666 1.0 1.73 31 10 2.18 1

APP_1_Inner_Layer_0:0 0.13333333333333333 0.13333333333333333 0.5 3.58 22 39 1.13 1
0
APP_1_Inner_Layer_0:1 0.6 0.6 2.25 3.09 21 20 1.18 1
0
APP_1_Output_Layer_0 0.06666666666666667 0.06666666666666667 0.25 1.62 45 27 2.4 1
1 2
7
0.8731923107474571
APP_2_Input_Layer_0 0.13333333333333333 0.13333333333333333 0.5 1.15 26 46 2.17 1

APP_2_Inner_Layer_0:0 0.5333333333333333 0.5333333333333333 2.0 2.01 44 29 2.03 1
0
APP_2_Inner_Layer_1:0 0.6 0.6 2.25 1.6 6 45 1.45 0
1
APP_2_Inner_Layer_1:1 0.2 0.2 0.75 1.55 8 30 1.14 1
1
APP_2_Inner_Layer_1:2 0.5333333333333333 0.5333333333333333 2.0 2.21 14 41 3.27 1
1
APP_2_Inner_Layer_1:3 0.26666666666666666 0.26666666666666666 1.0 3.12 35 14 2.43 1
1
APP_2_Output_Layer_0 0.06666666666666667 0.06666666666666667 0.25 2.26 37 34 3.75 1
2 3 4 5
16
1.3853568125617883
APP_3_Input_Layer_0 0.13333333333333333 0.13333333333333333 0.5 2.86 22 9 2.38 1

APP_3_Inner_Layer_0:0 0.3333333333333333 0.3333333333333333 1.25 3.0 25 28 2.47 1
0
APP_3_Inner_Layer_0:1 0.06666666666666667 0.06666666666666667 0.25 4.0 46 1 2.77 1
0
APP_3_Inner_Layer_0:2 0.2 0.2 0.75 3.1 45 25 3.64 1
0
APP_3_Inner_Layer_1:0 0.6 0.6 2.25 2.8 42 41 1.22 1
3
APP_3_Inner_Layer_1:1 0.4666666666666667 0.4666666666666667 1.75 3.1 28 49 1.23 1
1 2
APP_3_Inner_Layer_1:2 0.4666666666666667 0.4666666666666667 1.75 1.89 29 41 3.51 1
1 3
APP_3_Inner_Layer_2:0 0.13333333333333333 0.13333333333333333 0.5 2.04 32 8 1.51 1
5 6
APP_3_Inner_Layer_2:1 0.4 0.4 1.5 2.65 17 23 1.06 1
4
APP_3_Inner_Layer_2:2 0.26666666666666666 0.26666666666666666 1.0 2.13 49 25 3.45 1
4
APP_3_Inner_Layer_2:3 0.6 0.6 2.25 2.69 8 38 3.27 1
4 5
APP_3_Inner_Layer_3:0 0.06666666666666667 0.06666666666666667 0.25 3.66 14 8 3.67 1
10
APP_3_Inner_Layer_3:1 0.26666666666666666 0.26666666666666666 1.0 1.45 14 20 3.34 1
7
APP_3_Inner_Layer_3:2 0.5333333333333333 0.5333333333333333 2.0 2.52 4 38 1.47 1
7 8 9
APP_3_Inner_Layer_3:3 0.4 0.4 1.5 3.53 1 39 3.43 1
7 8 9 10
APP_3_Output_Layer_0 0.26666666666666666 0.26666666666666666 1.0 3.23 16 5 1.5 1
11 12 13 14
6
1.7406938795669993
APP_4_Input_Layer_0 0.5333333333333333 0.5333333333333333 2.0 2.99 10 22 1.66 1

APP_4_Inner_Layer_0:0 0.6 0.6 2.25 2.37 21 12 1.71 1
0
APP_4_Inner_Layer_0:1 0.26666666666666666 0.26666666666666666 1.0 2.17 31 41 2.78 1
0
APP_4_Inner_Layer_0:2 0.06666666666666667 0.06666666666666667 0.25 2.94 5 44 2.37 1
0
APP_4_Inner_Layer_0:3 0.4666666666666667 0.4666666666666667 1.75 3.97 38 27 3.45 1
0
APP_4_Output_Layer_0 0.2 0.2 0.75 1.74 3 6 1.45 1
1 2 3 4
11
2.042018001826746
APP_5_Input_Layer_0 0.26666666666666666 0.26666666666666666 1.0 3.83 4 31 3.15 1

APP_5_Inner_Layer_0:0 0.3333333333333333 0.3333333333333333 1.25 1.34 10 26 1.34 1
0
APP_5_Inner_Layer_1:0 0.6 0.6 2.25 2.84 6 5 1.87 0
1
APP_5_Inner_Layer_1:1 0.06666666666666667 0.06666666666666667 0.25 1.6 8 28 3.78 1
1
APP_5_Inner_Layer_2:0 0.13333333333333333 0.13333333333333333 0.5 1.91 25 19 1.67 1
2 3
APP_5_Inner_Layer_2:1 0.06666666666666667 0.06666666666666667 0.25 3.01 5 7 1.56 1
3
APP_5_Inner_Layer_2:2 0.13333333333333333 0.13333333333333333 0.5 2.36 7 39 2.22 1
2 3
APP_5_Inner_Layer_3:0 0.3333333333333333 0.3333333333333333 1.25 1.48 36 24 3.56 1
4
APP_5_Inner_Layer_3:1 0.4666666666666667 0.4666666666666667 1.75 1.24 14 47 3.09 1
5
APP_5_Inner_Layer_3:2 0.4 0.4 1.5 1.83 17 41 3.14 1
6
APP_5_Output_Layer_0 0.06666666666666667 0.06666666666666667 0.25 3.32 7 32 2.24 1
7 8 9
8
2.3632810328857015
APP_6_Input_Layer_0 0.26666666666666666 0.26666666666666666 1.0 2.08 4 46 3.3 1

APP_6_Inner_Layer_0:0 0.13333333333333333 0.13333333333333333 0.5 1.7 42 8 1.67 1
0
APP_6_Inner_Layer_1:0 0.3333333333333333 0.3333333333333333 1.25 2.59 26 38 3.12 1
1
APP_6_Inner_Layer_2:0 0.4 0.4 1.5 3.44 28 33 3.48 1
2
APP_6_Inner_Layer_2:1 0.26666666666666666 0.26666666666666666 1.0 2.28 10 3 1.63 1
2
APP_6_Inner_Layer_3:0 0.5333333333333333 0.5333333333333333 2.0 2.06 15 7 2.8 1
3
APP_6_Inner_Layer_3:1 0.26666666666666666 0.26666666666666666 1.0 3.45 15 15 3.29 1
4
APP_6_Output_Layer_0 0.6 0.6 2.25 2.74 40 41 3.43 1
5 6
12
2.9516006553434155
APP_7_Input_Layer_0 0.6 0.6 2.25 1.67 38 22 2.83 1

APP_7_Inner_Layer_0:0 0.6 0.6 2.25 2.44 21 7 3.01 1
0
APP_7_Inner_Layer_0:1 0.6 0.6 2.25 2.61 36 47 2.78 1
0
APP_7_Inner_Layer_0:2 0.4 0.4 1.5 1.37 42 17 1.5 1
0
APP_7_Inner_Layer_0:3 0.6 0.6 2.25 2.32 47 27 2.66 1
0
APP_7_Inner_Layer_1:0 0.26666666666666666 0.26666666666666666 1.0 1.67 23 6 3.3 1
2
APP_7_Inner_Layer_1:1 0.26666666666666666 0.26666666666666666 1.0 3.36 23 14 2.63 0
3
APP_7_Inner_Layer_1:2 0.3333333333333333 0.3333333333333333 1.25 2.33 17 41 1.07 1
1 3 4
APP_7_Inner_Layer_1:3 0.5333333333333333 0.5333333333333333 2.0 2.75 48 26 2.58 1
2 3 4
APP_7_Inner_Layer_2:0 0.13333333333333333 0.13333333333333333 0.5 2.06 3 29 3.97 1
5 7 8
APP_7_Inner_Layer_2:1 0.13333333333333333 0.13333333333333333 0.5 3.15 12 13 1.76 1
6
APP_7_Output_Layer_0 0.26666666666666666 0.26666666666666666 1.0 1.09 1 22 2.38 1
9 10
9
3.275205295790713
APP_8_Input_Layer_0 0.5333333333333333 0.5333333333333333 2.0 3.85 43 11 3.52 1

APP_8_Inner_Layer_0:0 0.26666666666666666 0.26666666666666666 1.0 1.65 18 25 1.49 1
0
APP_8_Inner_Layer_0:1 0.26666666666666666 0.26666666666666666 1.0 3.85 39 3 1.73 1
0
APP_8_Inner_Layer_0:2 0.4 0.4 1.5 2.62 38 14 3.06 1
0
APP_8_Inner_Layer_0:3 0.6 0.6 2.25 1.08 12 14 2.62 1
0
APP_8_Inner_Layer_1:0 0.4666666666666667 0.4666666666666667 1.75 2.43 37 34 1.93 1
1 2 3 4
APP_8_Inner_Layer_2:0 0.3333333333333333 0.3333333333333333 1.25 3.87 23 33 2.31 1
5
APP_8_Inner_Layer_3:0 0.4666666666666667 0.4666666666666667 1.75 3.73 27 4 1.74 1
6
APP_8_Output_Layer_0 0.5333333333333333 0.5333333333333333 2.0 1.14 22 43 3.55 0
7
7
3.533134782597688
APP_9_Input_Layer_0 0.5333333333333333 0.5333333333333333 2.0 2.78 16 45 1.08 1

APP_9_Inner_Layer_0:0 0.4 0.4 1.5 2.78 25 23 2.48 1
0
APP_9_Inner_Layer_0:1 0.4666666666666667 0.4666666666666667 1.75 1.42 40 18 2.49 1
0
APP_9_Inner_Layer_1:0 0.5333333333333333 0.5333333333333333 2.0 2.94 17 6 2.21 1
1
APP_9_Inner_Layer_1:1 0.6 0.6 2.25 3.98 3 11 2.61 1
1 2
APP_9_Inner_Layer_1:2 0.06666666666666667 0.06666666666666667 0.25 2.91 6 26 2.52 1
1
APP_9_Output_Layer_0 0.4666666666666667 0.4666666666666667 1.75 3.45 26 42 1.14 1
3 4 5
7
4.016455450406112
APP_10_Input_Layer_0 0.3333333333333333 0.3333333333333333 1.25 3.91 33 19 1.41 1

APP_10_Inner_Layer_0:0 0.4666666666666667 0.4666666666666667 1.75 1.6 25 10 2.72 1
0
APP_10_Inner_Layer_0:1 0.4666666666666667 0.4666666666666667 1.75 1.59 41 17 1.55 1
0
APP_10_Inner_Layer_0:2 0.2 0.2 0.75 3.81 43 6 2.16 1
0
APP_10_Inner_Layer_1:0 0.26666666666666666 0.26666666666666666 1.0 1.52 49 6 2.68 1
3
APP_10_Inner_Layer_1:1 0.26666666666666666 0.26666666666666666 1.0 2.9 15 9 2.71 1
1 2 3
APP_10_Output_Layer_0 0.4666666666666667 0.4666666666666667 1.75 2.16 1 16 1.3 1
4 5
13
4.463761437771814
APP_11_Input_Layer_0 0.13333333333333333 0.13333333333333333 0.5 1.97 26 41 2.32 1

APP_11_Inner_Layer_0:0 0.26666666666666666 0.26666666666666666 1.0 2.63 34 26 2.14 1
0
APP_11_Inner_Layer_0:1 0.6 0.6 2.25 2.82 28 39 2.06 1
0
APP_11_Inner_Layer_1:0 0.13333333333333333 0.13333333333333333 0.5 2.3 6 42 3.63 1
1 2
APP_11_Inner_Layer_1:1 0.13333333333333333 0.13333333333333333 0.5 1.54 5 4 3.49 1
2
APP_11_Inner_Layer_1:2 0.5333333333333333 0.5333333333333333 2.0 3.03 28 11 2.48 0
2
APP_11_Inner_Layer_2:0 0.6 0.6 2.25 3.7 4 4 3.0 1
5
APP_11_Inner_Layer_2:1 0.26666666666666666 0.26666666666666666 1.0 2.84 34 13 1.45 1
3 4
APP_11_Inner_Layer_3:0 0.5333333333333333 0.5333333333333333 2.0 1.47 43 40 1.85 1
7
APP_11_Inner_Layer_3:1 0.2 0.2 0.75 1.08 8 6 1.68 1
6
APP_11_Inner_Layer_3:2 0.06666666666666667 0.06666666666666667 0.25 3.13 22 31 1.44 1
6 7
APP_11_Inner_Layer_3:3 0.6 0.6 2.25 4.0 23 27 2.17 1
6
APP_11_Output_Layer_0 0.13333333333333333 0.13333333333333333 0.5 1.01 22 12 1.34 0
8 9 10 11
7
4.9522616989536505
APP_12_Input_Layer_0 0.4666666666666667 0.4666666666666667 1.75 2.26 21 22 3.63 0

APP_12_Inner_Layer_0:0 0.06666666666666667 0.06666666666666667 0.25 3.21 44 38 1.46 1
0
APP_12_Inner_Layer_0:1 0.13333333333333333 0.13333333333333333 0.5 2.44 2 36 3.42 1
0
APP_12_Inner_Layer_0:2 0.6 0.6 2.25 2.22 11 2 2.89 1
0
APP_12_Inner_Layer_0:3 0.6 0.6 2.25 2.82 19 22 3.5 1
0
APP_12_Inner_Layer_1:0 0.6 0.6 2.25 1.51 36 15 1.6 1
1 2 3 4
APP_12_Output_Layer_0 0.06666666666666667 0.06666666666666667 0.25 3.42 25 48 3.62 0
5
11
5.374896460808175
APP_13_Input_Layer_0 0.26666666666666666 0.26666666666666666 1.0 4.0 26 30 2.71 1

APP_13_Inner_Layer_0:0 0.06666666666666667 0.06666666666666667 0.25 3.13 49 16 1.57 1
0
APP_13_Inner_Layer_0:1 0.4666666666666667 0.4666666666666667 1.75 2.07 17 8 2.99 1
0
APP_13_Inner_Layer_0:2 0.3333333333333333 0.3333333333333333 1.25 2.17 26 22 3.11 1
0
APP_13_Inner_Layer_0:3 0.6 0.6 2.25 3.17 27 11 1.22 1
0
APP_13_Inner_Layer_1:0 0.4666666666666667 0.4666666666666667 1.75 2.34 49 12 3.14 1
1 2 3 4
APP_13_Inner_Layer_2:0 0.5333333333333333 0.5333333333333333 2.0 2.12 36 4 3.78 1
5
APP_13_Inner_Layer_2:1 0.5333333333333333 0.5333333333333333 2.0 2.6 2 22 1.23 1
5
APP_13_Inner_Layer_2:2 0.4 0.4 1.5 1.94 36 29 1.58 0
5
APP_13_Inner_Layer_3:0 0.4666666666666667 0.4666666666666667 1.75 3.78 4 10 2.35 1
6 7 8
APP_13_Output_Layer_0 0.06666666666666667 0.06666666666666667 0.25 3.66 37 36 2.61 1
9
7
5.777462611588442
APP_14_Input_Layer_0 0.3333333333333333 0.3333333333333333 1.25 2.55 16 48 1.98 1

APP_14_Inner_Layer_0:0 0.26666666666666666 0.26666666666666666 1.0 3.67 1 23 1.19 1
0
APP_14_Inner_Layer_1:0 0.26666666666666666 0.26666666666666666 1.0 1.82 11 9 3.13 1
1
APP_14_Inner_Layer_1:1 0.6 0.6 2.25 2.46 45 23 1.11 1
1
APP_14_Inner_Layer_1:2 0.5333333333333333 0.5333333333333333 2.0 3.54 23 14 3.0 1
1
APP_14_Inner_Layer_1:3 0.3333333333333333 0.3333333333333333 1.25 1.64 39 21 2.95 1
1
APP_14_Output_Layer_0 0.06666666666666667 0.06666666666666667 0.25 2.19 25 5 3.25 1
2 3 4 5
