10
15
6
0
APP_0_Input_Layer_0 0.2 0.2 0.75 1.75 44 28 3.1 0

APP_0_Inner_Layer_0:0 0.6 0.6 2.25 2.08 30 39 2.77 1
0
APP_0_Inner_Layer_1:0 0.5333333333333333 0.5333333333333333 2.0 2.33 42 25 1.86 1
1
APP_0_Inner_Layer_1:1 0.4 0.4 1.5 3.69 11 14 3.86 1
1
APP_0_Inner_Layer_1:2 0.4666666666666667 0.4666666666666667 1.75 1.97 1 2 1.74 1
1
APP_0_Output_Layer_0 0.2 0.2 0.75 2.1 20 27 2.84 1
2 3 4
6
0.3444531616254556
APP_1_Input_Layer_0 0.3333333333333333 0.3333333333333333 1.25 1.29 12 15 3.85 1

APP_1_Inner_Layer_0:0 0.2 0.2 0.75 1.25 22 28 3.49 1
0
APP_1_Inner_Layer_0:1 0.4666666666666667 0.4666666666666667 1.75 1.14 38 32 3.36 0
0
APP_1_Inner_Layer_1:0 0.06666666666666667 0.06666666666666667 0.25 1.62 48 36 2.79 1
1
APP_1_Inner_Layer_1:1 0.6 0.6 2.25 1.43 9 13 2.08 1
2
APP_1_Output_Layer_0 0.26666666666666666 0.26666666666666666 1.0 2.76 27 10 3.85 1
3 4
6
0.743542591884824
APP_2_Input_Layer_0 0.13333333333333333 0.13333333333333333 0.5 3.73 39 27 2.0 1

APP_2_Inner_Layer_0:0 0.4 0.4 1.5 1.26 28 28 1.22 1
0
APP_2_Inner_Layer_0:1 0.26666666666666666 0.26666666666666666 1.0 1.56 20 19 3.94 1
0
APP_2_Inner_Layer_0:2 0.2 0.2 0.75 2.12 5 29 1.66 1
0
APP_2_Inner_Layer_0:3 0.4666666666666667 0.4666666666666667 1.75 2.21 35 34 3.64 1
0
APP_2_Output_Layer_0 0.26666666666666666 0.26666666666666666 1.0 3.67 28 45 3.56 1
1 2 3 4
10
1.0683084781787644
APP_3_Input_Layer_0 0.2 0.2 0.75 3.63 39 11 3.92 1

APP_3_Inner_Layer_0:0 0.4666666666666667 0.4666666666666667 1.75 3.12 11 5 3.11 1
0
APP_3_Inner_Layer_0:1 0.4666666666666667 0.4666666666666667 1.75 3.96 39 27 1.83 1
0
APP_3_Inner_Layer_0:2 0.06666666666666667 0.06666666666666667 0.25 3.64 19 13 1.64 1
0
APP_3_Inner_Layer_0:3 0.13333333333333333 0.13333333333333333 0.5 3.43 10 39 2.5 1
0
APP_3_Inner_Layer_1:0 0.6 0.6 2.25 3.74 12 27 3.17 1
1 3 4
APP_3_Inner_Layer_1:1 0.2 0.2 0.75 1.32 28 26 2.43 1
2
APP_3_Inner_Layer_1:2 0.5333333333333333 0.5333333333333333 2.0 2.54 43 3 1.34 1
1 3 4
APP_3_Inner_Layer_1:3 0.4666666666666667 0.4666666666666667 1.75 1.23 16 12 2.34 1
2
APP_3_Output_Layer_0 0.4666666666666667 0.4666666666666667 1.75 1.75 13 6 3.05 1
5 6 7 8
12
1.5019717782523996
APP_4_Input_Layer_0 0.5333333333333333 0.5333333333333333 2.0 3.54 30 33 2.31 1

APP_4_Inner_Layer_0:0 0.2 0.2 0.75 3.6 49 31 3.87 1
0
APP_4_Inner_Layer_1:0 0.6 0.6 2.25 3.09 24 19 2.42 1
1
APP_4_Inner_Layer_1:1 0.4666666666666667 0.4666666666666667 1.75 3.76 40 27 3.83 1
1
APP_4_Inner_Layer_2:0 0.26666666666666666 0.26666666666666666 1.0 2.1 49 38 3.01 1
3
APP_4_Inner_Layer_2:1 0.3333333333333333 0.3333333333333333 1.25 3.68 28 2 3.17 1
3
APP_4_Inner_Layer_2:2 0.26666666666666666 0.26666666666666666 1.0 2.09 29 4 3.52 1
2
APP_4_Inner_Layer_2:3 0.26666666666666666 0.26666666666666666 1.0 2.7 48 38 2.21 1
3
APP_4_Inner_Layer_3:0 0.2 0.2 0.75 2.11 44 49 3.97 1
6 7
APP_4_Inner_Layer_3:1 0.2 0.2 0.75 1.28 34 41 2.98 1
4 7
APP_4_Inner_Layer_3:2 0.2 0.2 0.75 2.41 48 42 2.96 1
4 5
APP_4_Output_Layer_0 0.06666666666666667 0.06666666666666667 0.25 2.44 6 40 1.57 1
8 9 10
5
1.7956348140460896
APP_5_Input_Layer_0 0.6 0.6 2.25 1.37 48 16 1.47 1

APP_5_Inner_Layer_0:0 0.26666666666666666 0.26666666666666666 1.0 3.24 1 10 2.24 1
0
APP_5_Inner_Layer_0:1 0.06666666666666667 0.06666666666666667 0.25 1.13 44 16 2.75 1
0
APP_5_Inner_Layer_0:2 0.4666666666666667 0.4666666666666667 1.75 2.96 28 8 1.99 1
0
APP_5_Output_Layer_0 0.4 0.4 1.5 3.44 33 8 2.5 1
1 2 3
5
2.1402158969205645
APP_6_Input_Layer_0 0.4 0.4 1.5 3.82 44 12 1.09 1

APP_6_Inner_Layer_0:0 0.06666666666666667 0.06666666666666667 0.25 2.26 44 30 3.89 1
0
APP_6_Inner_Layer_0:1 0.26666666666666666 0.26666666666666666 1.0 1.24 13 28 3.86 1
0
APP_6_Inner_Layer_0:2 0.2 0.2 0.75 1.71 6 13 1.43 0
0
APP_6_Output_Layer_0 0.5333333333333333 0.5333333333333333 2.0 1.33 46 30 1.79 1
1 2 3
12
2.701113027792613
APP_7_Input_Layer_0 0.26666666666666666 0.26666666666666666 1.0 1.78 37 22 2.49 1

APP_7_Inner_Layer_0:0 0.5333333333333333 0.5333333333333333 2.0 1.94 37 26 1.07 0
0
APP_7_Inner_Layer_0:1 0.2 0.2 0.75 1.63 8 8 2.83 0
0
APP_7_Inner_Layer_1:0 0.06666666666666667 0.06666666666666667 0.25 3.37 38 48 2.6 1
2
APP_7_Inner_Layer_1:1 0.26666666666666666 0.26666666666666666 1.0 3.45 2 24 3.56 1
2
APP_7_Inner_Layer_1:2 0.2 0.2 0.75 2.08 8 20 3.82 1
1
APP_7_Inner_Layer_1:3 0.6 0.6 2.25 3.15 35 5 1.04 0
1 2
APP_7_Inner_Layer_2:0 0.2 0.2 0.75 2.64 45 26 3.15 1
3 4
APP_7_Inner_Layer_2:1 0.13333333333333333 0.13333333333333333 0.5 2.54 4 45 2.12 1
3 5
APP_7_Inner_Layer_2:2 0.3333333333333333 0.3333333333333333 1.25 3.33 33 46 3.93 1
5
APP_7_Inner_Layer_2:3 0.6 0.6 2.25 2.4 11 17 1.69 1
5 6
APP_7_Output_Layer_0 0.5333333333333333 0.5333333333333333 2.0 2.15 48 11 3.09 1
7 8 9 10
3
3.0340349179203896
APP_8_Input_Layer_0 0.06666666666666667 0.06666666666666667 0.25 1.29 3 1 1.88 1

APP_8_Inner_Layer_0:0 0.4 0.4 1.5 1.06 33 35 3.41 1
0
APP_8_Output_Layer_0 0.5333333333333333 0.5333333333333333 2.0 3.89 23 16 3.73 1
1
8
3.6472503444991773
APP_9_Input_Layer_0 0.26666666666666666 0.26666666666666666 1.0 1.89 1 3 1.49 0

APP_9_Inner_Layer_0:0 0.26666666666666666 0.26666666666666666 1.0 1.4 15 15 1.03 1
0
APP_9_Inner_Layer_0:1 0.4666666666666667 0.4666666666666667 1.75 3.92 6 7 1.12 1
0
APP_9_Inner_Layer_0:2 0.06666666666666667 0.06666666666666667 0.25 3.32 14 19 1.07 1
0
APP_9_Inner_Layer_0:3 0.4666666666666667 0.4666666666666667 1.75 3.42 5 28 2.87 1
0
APP_9_Inner_Layer_1:0 0.6 0.6 2.25 2.09 2 44 3.97 1
1 2 3 4
APP_9_Inner_Layer_1:1 0.5333333333333333 0.5333333333333333 2.0 3.36 6 27 2.33 1
3 4 2
APP_9_Output_Layer_0 0.6 0.6 2.25 3.5 20 23 2.22 1
5 6
3
3.8970488261204688
APP_10_Input_Layer_0 0.06666666666666667 0.06666666666666667 0.25 3.12 7 46 1.44 1

APP_10_Inner_Layer_0:0 0.3333333333333333 0.3333333333333333 1.25 3.82 16 10 1.56 0
0
APP_10_Output_Layer_0 0.4666666666666667 0.4666666666666667 1.75 2.32 18 26 2.04 1
1
10
4.277099951877311
APP_11_Input_Layer_0 0.4666666666666667 0.4666666666666667 1.75 3.71 22 7 3.89 1

APP_11_Inner_Layer_0:0 0.26666666666666666 0.26666666666666666 1.0 1.33 3 36 2.81 0
0
APP_11_Inner_Layer_0:1 0.6 0.6 2.25 3.21 24 46 2.27 1
0
APP_11_Inner_Layer_0:2 0.3333333333333333 0.3333333333333333 1.25 2.07 33 7 2.74 1
0
APP_11_Inner_Layer_1:0 0.6 0.6 2.25 3.61 44 19 1.26 1
1 2 3
APP_11_Inner_Layer_2:0 0.3333333333333333 0.3333333333333333 1.25 1.69 43 48 1.22 1
4
APP_11_Inner_Layer_2:1 0.4 0.4 1.5 3.85 18 45 2.78 1
4
APP_11_Inner_Layer_2:2 0.06666666666666667 0.06666666666666667 0.25 1.29 23 35 2.09 1
4
APP_11_Inner_Layer_2:3 0.6 0.6 2.25 3.14 8 15 3.69 1
4
APP_11_Output_Layer_0 0.5333333333333333 0.5333333333333333 2.0 2.51 38 6 2.07 1
5 6 7 8
5
4.60443408966267
APP_12_Input_Layer_0 0.5333333333333333 0.5333333333333333 2.0 1.66 26 33 2.71 1

APP_12_Inner_Layer_0:0 0.5333333333333333 0.5333333333333333 2.0 1.47 41 24 1.13 0
0
APP_12_Inner_Layer_0:1 0.4 0.4 1.5 3.43 25 37 1.94 1
0
APP_12_Inner_Layer_0:2 0.3333333333333333 0.3333333333333333 1.25 2.25 29 32 3.39 1
0
APP_12_Output_Layer_0 0.6 0.6 2.25 2.13 34 41 2.58 1
1 2 3
8
4.869229759417062
APP_13_Input_Layer_0 0.06666666666666667 0.06666666666666667 0.25 1.64 2 47 3.18 1

APP_13_Inner_Layer_0:0 0.06666666666666667 0.06666666666666667 0.25 3.7 33 43 2.98 1
0
APP_13_Inner_Layer_0:1 0.13333333333333333 0.13333333333333333 0.5 1.72 13 15 1.05 1
0
APP_13_Inner_Layer_0:2 0.4 0.4 1.5 1.44 48 29 2.09 1
0
APP_13_Inner_Layer_0:3 0.06666666666666667 0.06666666666666667 0.25 3.46 13 39 3.56 1
0
APP_13_Inner_Layer_1:0 0.5333333333333333 0.5333333333333333 2.0 1.94 35 35 2.47 1
4
APP_13_Inner_Layer_1:1 0.06666666666666667 0.06666666666666667 0.25 1.97 41 31 2.96 1
1 2 3
APP_13_Output_Layer_0 0.2 0.2 0.75 1.82 20 43 3.08 1
5 6
4
5.424858781234512
APP_14_Input_Layer_0 0.6 0.6 2.25 2.11 47 39 1.6 0

APP_14_Inner_Layer_0:0 0.13333333333333333 0.13333333333333333 0.5 2.83 27 2 3.17 1
0
APP_14_Inner_Layer_1:0 0.4666666666666667 0.4666666666666667 1.75 3.5 9 6 1.47 1
1
APP_14_Output_Layer_0 0.2 0.2 0.75 3.32 36 23 2.98 1
2
