10
15
6
0
APP_0_Input_Layer_0 0.2 0.2 0.75 3.78 1 28 2.49 1

APP_0_Inner_Layer_0:0 0.4 0.4 1.5 3.96 31 17 1.52 1
0
APP_0_Inner_Layer_0:1 0.06666666666666667 0.06666666666666667 0.25 1.67 18 42 1.38 1
0
APP_0_Inner_Layer_0:2 0.2 0.2 0.75 3.45 23 27 3.34 1
0
APP_0_Inner_Layer_0:3 0.3333333333333333 0.3333333333333333 1.25 1.52 7 44 1.29 1
0
APP_0_Output_Layer_0 0.6 0.6 2.25 2.11 33 27 1.26 1
1 2 3 4
13
0.30443354714779275
APP_1_Input_Layer_0 0.06666666666666667 0.06666666666666667 0.25 1.88 17 6 1.43 1

APP_1_Inner_Layer_0:0 0.4 0.4 1.5 2.32 36 11 3.77 1
0
APP_1_Inner_Layer_1:0 0.5333333333333333 0.5333333333333333 2.0 2.52 2 9 2.64 1
1
APP_1_Inner_Layer_1:1 0.5333333333333333 0.5333333333333333 2.0 3.87 2 11 3.21 1
1
APP_1_Inner_Layer_1:2 0.5333333333333333 0.5333333333333333 2.0 3.62 21 6 2.36 1
1
APP_1_Inner_Layer_1:3 0.2 0.2 0.75 1.2 47 2 3.01 1
1
APP_1_Inner_Layer_2:0 0.4 0.4 1.5 1.14 48 32 2.36 1
3 4
APP_1_Inner_Layer_2:1 0.2 0.2 0.75 1.48 41 28 1.89 1
2 5
APP_1_Inner_Layer_2:2 0.13333333333333333 0.13333333333333333 0.5 3.01 10 10 1.4 1
2
APP_1_Inner_Layer_3:0 0.6 0.6 2.25 1.44 46 26 2.08 1
6 7 8
APP_1_Inner_Layer_3:1 0.3333333333333333 0.3333333333333333 1.25 3.76 15 14 2.3 1
6 8
APP_1_Inner_Layer_3:2 0.5333333333333333 0.5333333333333333 2.0 2.99 49 47 1.03 1
6
APP_1_Output_Layer_0 0.06666666666666667 0.06666666666666667 0.25 1.95 28 30 3.43 1
9 10 11
5
0.5919372208103081
APP_2_Input_Layer_0 0.26666666666666666 0.26666666666666666 1.0 2.13 43 1 1.62 1

APP_2_Inner_Layer_0:0 0.2 0.2 0.75 3.9 28 35 3.36 1
0
APP_2_Inner_Layer_0:1 0.13333333333333333 0.13333333333333333 0.5 1.52 20 19 1.39 1
0
APP_2_Inner_Layer_0:2 0.06666666666666667 0.06666666666666667 0.25 3.22 42 34 3.73 1
0
APP_2_Output_Layer_0 0.06666666666666667 0.06666666666666667 0.25 2.78 9 27 2.59 0
1 2 3
5
0.970452036782348
APP_3_Input_Layer_0 0.2 0.2 0.75 1.72 37 45 3.39 1

APP_3_Inner_Layer_0:0 0.2 0.2 0.75 2.75 16 34 2.44 1
0
APP_3_Inner_Layer_1:0 0.3333333333333333 0.3333333333333333 1.25 3.33 49 29 3.36 1
1
APP_3_Inner_Layer_1:1 0.26666666666666666 0.26666666666666666 1.0 3.25 40 8 1.94 1
1
APP_3_Output_Layer_0 0.26666666666666666 0.26666666666666666 1.0 3.05 10 11 1.67 1
2 3
6
1.2844398026262838
APP_4_Input_Layer_0 0.4 0.4 1.5 3.77 31 30 3.49 1

APP_4_Inner_Layer_0:0 0.13333333333333333 0.13333333333333333 0.5 1.11 12 17 3.92 1
0
APP_4_Inner_Layer_0:1 0.06666666666666667 0.06666666666666667 0.25 3.43 36 31 2.81 1
0
APP_4_Inner_Layer_0:2 0.4666666666666667 0.4666666666666667 1.75 2.09 5 19 2.74 1
0
APP_4_Inner_Layer_0:3 0.6 0.6 2.25 1.88 40 2 1.78 1
0
APP_4_Output_Layer_0 0.5333333333333333 0.5333333333333333 2.0 1.97 31 45 3.09 1
1 2 3 4
8
1.6738946003960382
APP_5_Input_Layer_0 0.2 0.2 0.75 3.05 22 25 3.39 1

APP_5_Inner_Layer_0:0 0.13333333333333333 0.13333333333333333 0.5 3.59 36 13 3.46 1
0
APP_5_Inner_Layer_0:1 0.4 0.4 1.5 2.34 17 8 1.58 1
0
APP_5_Inner_Layer_0:2 0.2 0.2 0.75 2.92 26 5 1.36 1
0
APP_5_Inner_Layer_1:0 0.4 0.4 1.5 1.6 28 17 2.98 1
1 3
APP_5_Inner_Layer_1:1 0.26666666666666666 0.26666666666666666 1.0 3.74 32 40 1.76 0
1
APP_5_Inner_Layer_1:2 0.3333333333333333 0.3333333333333333 1.25 3.31 2 22 1.55 1
2 3
APP_5_Output_Layer_0 0.06666666666666667 0.06666666666666667 0.25 2.0 41 11 2.86 1
4 5 6
4
2.2131023508175875
APP_6_Input_Layer_0 0.4666666666666667 0.4666666666666667 1.75 3.29 28 26 1.12 0

APP_6_Inner_Layer_0:0 0.13333333333333333 0.13333333333333333 0.5 1.38 15 12 2.26 1
0
APP_6_Inner_Layer_0:1 0.5333333333333333 0.5333333333333333 2.0 3.87 12 45 1.09 1
0
APP_6_Output_Layer_0 0.06666666666666667 0.06666666666666667 0.25 2.66 24 17 1.23 1
1 2
8
2.8265867521218064
APP_7_Input_Layer_0 0.4 0.4 1.5 2.9 24 16 2.86 1

APP_7_Inner_Layer_0:0 0.3333333333333333 0.3333333333333333 1.25 2.49 26 48 1.83 1
0
APP_7_Inner_Layer_0:1 0.06666666666666667 0.06666666666666667 0.25 2.71 20 13 2.01 1
0
APP_7_Inner_Layer_0:2 0.3333333333333333 0.3333333333333333 1.25 2.83 44 31 1.44 0
0
APP_7_Inner_Layer_0:3 0.6 0.6 2.25 2.02 48 43 1.78 1
0
APP_7_Inner_Layer_1:0 0.26666666666666666 0.26666666666666666 1.0 3.63 40 8 3.12 1
1 2 3
APP_7_Inner_Layer_1:1 0.4 0.4 1.5 3.37 6 35 1.01 1
4
APP_7_Output_Layer_0 0.4 0.4 1.5 2.58 14 44 2.62 1
5 6
11
3.3070641746782736
APP_8_Input_Layer_0 0.06666666666666667 0.06666666666666667 0.25 3.79 48 25 1.42 1

APP_8_Inner_Layer_0:0 0.3333333333333333 0.3333333333333333 1.25 2.57 34 43 2.91 1
0
APP_8_Inner_Layer_0:1 0.26666666666666666 0.26666666666666666 1.0 1.89 11 25 3.6 1
0
APP_8_Inner_Layer_0:2 0.26666666666666666 0.26666666666666666 1.0 2.71 48 37 3.22 1
0
APP_8_Inner_Layer_1:0 0.13333333333333333 0.13333333333333333 0.5 3.78 7 13 1.88 1
1 2
APP_8_Inner_Layer_1:1 0.2 0.2 0.75 1.7 47 28 2.44 1
3
APP_8_Inner_Layer_2:0 0.06666666666666667 0.06666666666666667 0.25 1.88 11 26 1.51 1
4
APP_8_Inner_Layer_2:1 0.06666666666666667 0.06666666666666667 0.25 3.76 38 49 2.16 1
4
APP_8_Inner_Layer_2:2 0.2 0.2 0.75 3.34 49 47 2.6 1
4 5
APP_8_Inner_Layer_2:3 0.2 0.2 0.75 3.88 26 12 1.86 1
5
APP_8_Output_Layer_0 0.4666666666666667 0.4666666666666667 1.75 1.86 26 26 3.7 1
6 7 8 9
9
3.644391102277785
APP_9_Input_Layer_0 0.4 0.4 1.5 2.3 31 18 3.5 1

APP_9_Inner_Layer_0:0 0.13333333333333333 0.13333333333333333 0.5 1.36 17 11 3.99 1
0
APP_9_Inner_Layer_0:1 0.4666666666666667 0.4666666666666667 1.75 3.77 29 11 3.12 1
0
APP_9_Inner_Layer_0:2 0.4666666666666667 0.4666666666666667 1.75 2.94 36 13 1.26 1
0
APP_9_Inner_Layer_1:0 0.5333333333333333 0.5333333333333333 2.0 2.62 46 33 3.16 1
1 2 3
APP_9_Inner_Layer_2:0 0.6 0.6 2.25 1.33 3 11 1.58 1
4
APP_9_Inner_Layer_2:1 0.06666666666666667 0.06666666666666667 0.25 3.14 28 10 3.34 1
4
APP_9_Inner_Layer_3:0 0.4666666666666667 0.4666666666666667 1.75 1.75 35 40 3.54 1
5 6
APP_9_Output_Layer_0 0.06666666666666667 0.06666666666666667 0.25 1.81 31 37 1.3 1
7
11
4.136659695546612
APP_10_Input_Layer_0 0.13333333333333333 0.13333333333333333 0.5 2.24 27 8 2.43 1

APP_10_Inner_Layer_0:0 0.2 0.2 0.75 2.82 17 46 3.7 1
0
APP_10_Inner_Layer_0:1 0.6 0.6 2.25 2.96 18 23 1.28 1
0
APP_10_Inner_Layer_0:2 0.06666666666666667 0.06666666666666667 0.25 3.29 27 30 1.94 1
0
APP_10_Inner_Layer_1:0 0.4666666666666667 0.4666666666666667 1.75 1.02 12 3 3.13 1
1
APP_10_Inner_Layer_1:1 0.13333333333333333 0.13333333333333333 0.5 2.66 40 4 3.58 1
1 2 3
APP_10_Inner_Layer_2:0 0.6 0.6 2.25 2.03 37 47 2.48 0
5
APP_10_Inner_Layer_2:1 0.26666666666666666 0.26666666666666666 1.0 2.24 11 37 1.36 1
4 5
APP_10_Inner_Layer_2:2 0.2 0.2 0.75 2.36 39 30 2.07 1
5
APP_10_Inner_Layer_3:0 0.26666666666666666 0.26666666666666666 1.0 1.23 10 3 1.65 0
6 7 8
APP_10_Output_Layer_0 0.3333333333333333 0.3333333333333333 1.25 1.42 27 45 3.05 1
9
14
4.7100258224548215
APP_11_Input_Layer_0 0.13333333333333333 0.13333333333333333 0.5 2.47 38 4 3.92 0

APP_11_Inner_Layer_0:0 0.13333333333333333 0.13333333333333333 0.5 1.16 19 2 1.76 1
0
APP_11_Inner_Layer_0:1 0.2 0.2 0.75 3.58 42 12 1.55 0
0
APP_11_Inner_Layer_0:2 0.5333333333333333 0.5333333333333333 2.0 3.32 15 25 3.7 1
0
APP_11_Inner_Layer_1:0 0.3333333333333333 0.3333333333333333 1.25 3.99 15 48 2.75 1
3
APP_11_Inner_Layer_1:1 0.13333333333333333 0.13333333333333333 0.5 1.42 29 20 2.1 1
1 2
APP_11_Inner_Layer_2:0 0.13333333333333333 0.13333333333333333 0.5 3.31 46 14 2.05 1
4
APP_11_Inner_Layer_2:1 0.4666666666666667 0.4666666666666667 1.75 1.19 28 14 2.66 1
5
APP_11_Inner_Layer_2:2 0.4666666666666667 0.4666666666666667 1.75 3.04 19 48 3.36 1
4 5
APP_11_Inner_Layer_2:3 0.13333333333333333 0.13333333333333333 0.5 2.22 39 26 1.85 1
5
APP_11_Inner_Layer_3:0 0.6 0.6 2.25 3.78 3 44 1.21 1
8
APP_11_Inner_Layer_3:1 0.3333333333333333 0.3333333333333333 1.25 1.05 11 44 1.89 1
9
APP_11_Inner_Layer_3:2 0.13333333333333333 0.13333333333333333 0.5 1.17 44 24 1.53 1
6 7 8 9
APP_11_Output_Layer_0 0.4666666666666667 0.4666666666666667 1.75 3.51 16 17 1.57 1
10 11 12
10
5.201743033387141
APP_12_Input_Layer_0 0.06666666666666667 0.06666666666666667 0.25 2.02 35 36 3.74 1

APP_12_Inner_Layer_0:0 0.26666666666666666 0.26666666666666666 1.0 2.51 13 29 1.68 1
0
APP_12_Inner_Layer_0:1 0.3333333333333333 0.3333333333333333 1.25 3.98 11 1 3.96 1
0
APP_12_Inner_Layer_1:0 0.13333333333333333 0.13333333333333333 0.5 1.72 4 45 2.67 1
1 2
APP_12_Inner_Layer_2:0 0.13333333333333333 0.13333333333333333 0.5 1.33 26 36 3.39 1
3
APP_12_Inner_Layer_3:0 0.2 0.2 0.75 2.94 25 8 1.44 0
4
APP_12_Inner_Layer_3:1 0.13333333333333333 0.13333333333333333 0.5 2.1 33 4 1.27 1
4
APP_12_Inner_Layer_3:2 0.3333333333333333 0.3333333333333333 1.25 2.98 46 23 1.19 1
4
APP_12_Inner_Layer_3:3 0.3333333333333333 0.3333333333333333 1.25 2.72 28 47 1.19 1
4
APP_12_Output_Layer_0 0.13333333333333333 0.13333333333333333 0.5 1.95 33 9 3.77 1
5 6 7 8
14
5.631256186232253
APP_13_Input_Layer_0 0.06666666666666667 0.06666666666666667 0.25 2.12 13 43 3.32 0

APP_13_Inner_Layer_0:0 0.13333333333333333 0.13333333333333333 0.5 1.48 14 16 3.58 1
0
APP_13_Inner_Layer_0:1 0.13333333333333333 0.13333333333333333 0.5 3.81 49 22 3.03 1
0
APP_13_Inner_Layer_1:0 0.5333333333333333 0.5333333333333333 2.0 3.27 3 45 2.69 1
1 2
APP_13_Inner_Layer_1:1 0.26666666666666666 0.26666666666666666 1.0 2.06 34 49 3.03 1
1 2
APP_13_Inner_Layer_1:2 0.2 0.2 0.75 3.78 22 9 1.86 1
1
APP_13_Inner_Layer_1:3 0.26666666666666666 0.26666666666666666 1.0 2.93 7 25 1.92 1
1
APP_13_Inner_Layer_2:0 0.5333333333333333 0.5333333333333333 2.0 1.47 24 16 1.64 1
3 4 6
APP_13_Inner_Layer_2:1 0.5333333333333333 0.5333333333333333 2.0 1.88 39 25 3.46 0
5 4 3
APP_13_Inner_Layer_2:2 0.4666666666666667 0.4666666666666667 1.75 3.46 33 23 2.75 1
3 4 5
APP_13_Inner_Layer_2:3 0.13333333333333333 0.13333333333333333 0.5 1.87 5 48 3.69 1
3 4
APP_13_Inner_Layer_3:0 0.26666666666666666 0.26666666666666666 1.0 3.9 38 31 2.69 1
9 10 7
APP_13_Inner_Layer_3:1 0.13333333333333333 0.13333333333333333 0.5 1.68 35 2 1.78 1
7 8 9 10
APP_13_Output_Layer_0 0.26666666666666666 0.26666666666666666 1.0 2.12 36 19 3.9 1
11 12
9
6.183972460797161
APP_14_Input_Layer_0 0.4666666666666667 0.4666666666666667 1.75 1.51 32 29 1.08 1

APP_14_Inner_Layer_0:0 0.4 0.4 1.5 3.28 12 38 2.51 1
0
APP_14_Inner_Layer_0:1 0.4666666666666667 0.4666666666666667 1.75 1.07 24 28 3.67 1
0
APP_14_Inner_Layer_1:0 0.26666666666666666 0.26666666666666666 1.0 3.82 34 16 1.04 1
1 2
APP_14_Inner_Layer_1:1 0.5333333333333333 0.5333333333333333 2.0 3.91 37 40 1.91 1
1
APP_14_Inner_Layer_2:0 0.2 0.2 0.75 1.46 25 4 1.12 1
4
APP_14_Inner_Layer_2:1 0.13333333333333333 0.13333333333333333 0.5 2.77 32 8 1.31 1
4
APP_14_Inner_Layer_2:2 0.26666666666666666 0.26666666666666666 1.0 2.99 25 46 3.19 1
3 4
APP_14_Output_Layer_0 0.3333333333333333 0.3333333333333333 1.25 3.7 21 20 1.42 1
5 6 7
