10
15
5
0
APP_0_Input_Layer_0 0.26666666666666666 0.26666666666666666 1.0 2.85 4 2 1.47 1

APP_0_Inner_Layer_0:0 0.3333333333333333 0.3333333333333333 1.25 1.16 8 41 3.38 1
0
APP_0_Inner_Layer_1:0 0.3333333333333333 0.3333333333333333 1.25 3.74 2 19 2.56 1
1
APP_0_Inner_Layer_1:1 0.13333333333333333 0.13333333333333333 0.5 2.99 8 42 2.9 1
1
APP_0_Output_Layer_0 0.5333333333333333 0.5333333333333333 2.0 2.46 13 8 1.12 0
2 3
3
0.6008425514404624
APP_1_Input_Layer_0 0.4 0.4 1.5 2.51 16 44 3.93 1

APP_1_Inner_Layer_0:0 0.5333333333333333 0.5333333333333333 2.0 3.0 22 20 1.28 1
0
APP_1_Output_Layer_0 0.6 0.6 2.25 3.15 16 43 2.23 1
1
4
1.1672467651055651
APP_2_Input_Layer_0 0.6 0.6 2.25 2.0 31 43 3.89 1

APP_2_Inner_Layer_0:0 0.13333333333333333 0.13333333333333333 0.5 1.48 13 43 3.65 0
0
APP_2_Inner_Layer_1:0 0.4666666666666667 0.4666666666666667 1.75 1.91 7 24 1.24 1
1
APP_2_Output_Layer_0 0.4 0.4 1.5 3.3 10 36 1.99 1
2
6
1.4908865960059559
APP_3_Input_Layer_0 0.5333333333333333 0.5333333333333333 2.0 1.34 28 46 2.01 0

APP_3_Inner_Layer_0:0 0.4 0.4 1.5 1.81 4 16 2.45 1
0
APP_3_Inner_Layer_0:1 0.5333333333333333 0.5333333333333333 2.0 1.39 43 48 2.35 1
0
APP_3_Inner_Layer_1:0 0.26666666666666666 0.26666666666666666 1.0 1.73 11 23 2.38 1
2
APP_3_Inner_Layer_1:1 0.6 0.6 2.25 2.24 13 49 3.19 1
1
APP_3_Output_Layer_0 0.4 0.4 1.5 1.0 42 7 2.85 1
3 4
4
1.9544983306626507
APP_4_Input_Layer_0 0.2 0.2 0.75 3.76 34 33 1.31 1

APP_4_Inner_Layer_0:0 0.06666666666666667 0.06666666666666667 0.25 3.29 18 10 1.44 1
0
APP_4_Inner_Layer_0:1 0.4 0.4 1.5 3.54 34 22 3.43 1
0
APP_4_Output_Layer_0 0.4 0.4 1.5 3.46 44 40 3.25 1
1 2
3
2.4696610927024483
APP_5_Input_Layer_0 0.3333333333333333 0.3333333333333333 1.25 1.98 40 38 1.48 1

APP_5_Inner_Layer_0:0 0.06666666666666667 0.06666666666666667 0.25 1.33 31 44 2.18 1
0
APP_5_Output_Layer_0 0.06666666666666667 0.06666666666666667 0.25 3.25 47 37 2.8 1
1
6
2.788085387008703
APP_6_Input_Layer_0 0.26666666666666666 0.26666666666666666 1.0 3.01 6 22 1.99 1

APP_6_Inner_Layer_0:0 0.13333333333333333 0.13333333333333333 0.5 3.31 46 40 3.41 1
0
APP_6_Inner_Layer_0:1 0.26666666666666666 0.26666666666666666 1.0 3.98 9 10 3.26 1
0
APP_6_Inner_Layer_0:2 0.5333333333333333 0.5333333333333333 2.0 2.35 45 30 3.3 1
0
APP_6_Inner_Layer_1:0 0.3333333333333333 0.3333333333333333 1.25 1.87 47 26 1.74 1
1 2 3
APP_6_Output_Layer_0 0.2 0.2 0.75 2.64 6 16 2.18 0
4
8
3.4291948994198735
APP_7_Input_Layer_0 0.4666666666666667 0.4666666666666667 1.75 3.01 42 31 3.44 1

APP_7_Inner_Layer_0:0 0.3333333333333333 0.3333333333333333 1.25 2.17 1 35 2.55 1
0
APP_7_Inner_Layer_0:1 0.06666666666666667 0.06666666666666667 0.25 1.5 4 39 1.54 1
0
APP_7_Inner_Layer_0:2 0.3333333333333333 0.3333333333333333 1.25 2.68 47 47 3.75 1
0
APP_7_Inner_Layer_0:3 0.5333333333333333 0.5333333333333333 2.0 3.74 46 31 3.7 0
0
APP_7_Inner_Layer_1:0 0.13333333333333333 0.13333333333333333 0.5 2.02 40 17 3.17 0
1 4
APP_7_Inner_Layer_1:1 0.13333333333333333 0.13333333333333333 0.5 2.78 27 25 1.11 1
2 3
APP_7_Output_Layer_0 0.26666666666666666 0.26666666666666666 1.0 2.07 22 14 2.42 1
5 6
4
3.8362400283329525
APP_8_Input_Layer_0 0.4666666666666667 0.4666666666666667 1.75 1.3 30 15 3.01 1

APP_8_Inner_Layer_0:0 0.4 0.4 1.5 2.06 5 33 1.17 1
0
APP_8_Inner_Layer_0:1 0.13333333333333333 0.13333333333333333 0.5 3.88 5 17 1.04 1
0
APP_8_Output_Layer_0 0.4666666666666667 0.4666666666666667 1.75 3.6 22 24 2.23 1
1 2
7
4.166255306495714
APP_9_Input_Layer_0 0.6 0.6 2.25 2.4 37 28 2.69 1

APP_9_Inner_Layer_0:0 0.26666666666666666 0.26666666666666666 1.0 2.61 15 26 1.59 1
0
APP_9_Inner_Layer_1:0 0.6 0.6 2.25 1.79 22 16 1.77 1
1
APP_9_Inner_Layer_2:0 0.26666666666666666 0.26666666666666666 1.0 3.16 33 48 2.55 1
2
APP_9_Inner_Layer_2:1 0.5333333333333333 0.5333333333333333 2.0 3.79 29 41 3.91 1
2
APP_9_Inner_Layer_2:2 0.6 0.6 2.25 2.69 26 19 1.86 0
2
APP_9_Output_Layer_0 0.26666666666666666 0.26666666666666666 1.0 1.93 10 10 2.33 1
3 4 5
13
4.612909198652052
APP_10_Input_Layer_0 0.26666666666666666 0.26666666666666666 1.0 1.57 22 6 2.33 1

APP_10_Inner_Layer_0:0 0.4666666666666667 0.4666666666666667 1.75 1.48 40 30 2.75 1
0
APP_10_Inner_Layer_0:1 0.26666666666666666 0.26666666666666666 1.0 1.98 33 27 3.34 1
0
APP_10_Inner_Layer_0:2 0.4 0.4 1.5 2.79 37 10 2.79 1
0
APP_10_Inner_Layer_0:3 0.2 0.2 0.75 3.14 1 14 3.22 1
0
APP_10_Inner_Layer_1:0 0.5333333333333333 0.5333333333333333 2.0 1.56 29 41 3.11 1
1
APP_10_Inner_Layer_1:1 0.26666666666666666 0.26666666666666666 1.0 2.92 20 32 1.28 1
1 3 4
APP_10_Inner_Layer_1:2 0.06666666666666667 0.06666666666666667 0.25 2.06 43 39 3.99 1
3 1
APP_10_Inner_Layer_1:3 0.5333333333333333 0.5333333333333333 2.0 1.32 11 19 2.99 1
1 2 3
APP_10_Inner_Layer_2:0 0.5333333333333333 0.5333333333333333 2.0 2.37 47 35 3.85 1
5 6
APP_10_Inner_Layer_2:1 0.2 0.2 0.75 3.64 32 24 3.62 1
5
APP_10_Inner_Layer_2:2 0.13333333333333333 0.13333333333333333 0.5 3.07 48 4 2.38 1
7 8
APP_10_Output_Layer_0 0.13333333333333333 0.13333333333333333 0.5 1.66 43 13 2.44 1
9 10 11
5
5.135892329105299
APP_11_Input_Layer_0 0.3333333333333333 0.3333333333333333 1.25 1.39 13 17 2.53 1

APP_11_Inner_Layer_0:0 0.4666666666666667 0.4666666666666667 1.75 1.05 12 36 2.79 1
0
APP_11_Inner_Layer_0:1 0.5333333333333333 0.5333333333333333 2.0 1.08 24 15 3.23 1
0
APP_11_Inner_Layer_0:2 0.4 0.4 1.5 2.42 24 19 1.78 1
0
APP_11_Output_Layer_0 0.6 0.6 2.25 2.96 48 37 1.3 1
1 2 3
3
5.731420059412449
APP_12_Input_Layer_0 0.26666666666666666 0.26666666666666666 1.0 2.37 8 41 2.96 1

APP_12_Inner_Layer_0:0 0.4666666666666667 0.4666666666666667 1.75 3.04 26 27 3.47 1
0
APP_12_Output_Layer_0 0.26666666666666666 0.26666666666666666 1.0 3.08 42 14 2.25 1
1
10
6.25901229362983
APP_13_Input_Layer_0 0.2 0.2 0.75 2.41 20 25 3.85 1

APP_13_Inner_Layer_0:0 0.26666666666666666 0.26666666666666666 1.0 3.11 3 6 2.77 1
0
APP_13_Inner_Layer_0:1 0.5333333333333333 0.5333333333333333 2.0 1.67 27 25 2.45 1
0
APP_13_Inner_Layer_0:2 0.4666666666666667 0.4666666666666667 1.75 2.76 41 26 1.81 1
0
APP_13_Inner_Layer_1:0 0.3333333333333333 0.3333333333333333 1.25 3.2 29 28 3.12 1
1 2 3
APP_13_Inner_Layer_1:1 0.26666666666666666 0.26666666666666666 1.0 2.02 28 17 2.91 1
1 3
APP_13_Inner_Layer_2:0 0.2 0.2 0.75 1.89 6 38 1.8 1
4 5
APP_13_Inner_Layer_2:1 0.4666666666666667 0.4666666666666667 1.75 1.12 5 35 1.45 1
4
APP_13_Inner_Layer_2:2 0.2 0.2 0.75 1.67 39 16 2.93 1
4
APP_13_Output_Layer_0 0.13333333333333333 0.13333333333333333 0.5 2.48 32 15 3.03 1
6 7 8
11
6.6231306467218
APP_14_Input_Layer_0 0.3333333333333333 0.3333333333333333 1.25 3.88 35 23 2.59 1

APP_14_Inner_Layer_0:0 0.13333333333333333 0.13333333333333333 0.5 3.51 14 45 2.0 1
0
APP_14_Inner_Layer_0:1 0.4 0.4 1.5 3.32 26 27 1.15 0
0
APP_14_Inner_Layer_0:2 0.4 0.4 1.5 1.89 35 12 3.32 1
0
APP_14_Inner_Layer_1:0 0.3333333333333333 0.3333333333333333 1.25 2.32 13 40 1.08 1
1 2 3
APP_14_Inner_Layer_2:0 0.4 0.4 1.5 3.54 36 17 3.95 1
4
APP_14_Inner_Layer_2:1 0.06666666666666667 0.06666666666666667 0.25 2.59 45 31 3.49 1
4
APP_14_Inner_Layer_3:0 0.4 0.4 1.5 3.39 35 12 2.73 1
5
APP_14_Inner_Layer_3:1 0.3333333333333333 0.3333333333333333 1.25 3.18 32 31 1.99 1
6
APP_14_Inner_Layer_3:2 0.4666666666666667 0.4666666666666667 1.75 2.57 4 13 3.92 1
5 6
APP_14_Output_Layer_0 0.4666666666666667 0.4666666666666667 1.75 1.08 9 48 1.06 1
7 8 9
