10
15
5
0
APP_0_Input_Layer_0 0.13333333333333333 0.13333333333333333 0.5 3.68 19 26 3.1 0

APP_0_Inner_Layer_0:0 0.4 0.4 1.5 3.42 34 29 3.82 1
0
APP_0_Inner_Layer_0:1 0.5333333333333333 0.5333333333333333 2.0 2.61 4 48 3.29 1
0
APP_0_Inner_Layer_0:2 0.26666666666666666 0.26666666666666666 1.0 2.57 3 8 1.52 1
0
APP_0_Output_Layer_0 0.3333333333333333 0.3333333333333333 1.25 2.31 13 14 3.56 1
1 2 3
3
0.4030551628022158
APP_1_Input_Layer_0 0.4666666666666667 0.4666666666666667 1.75 3.77 19 46 1.9 1

APP_1_Inner_Layer_0:0 0.26666666666666666 0.26666666666666666 1.0 3.05 31 32 3.1 1
0
APP_1_Output_Layer_0 0.13333333333333333 0.13333333333333333 0.5 3.17 13 46 2.39 1
1
6
0.6669083103106159
APP_2_Input_Layer_0 0.13333333333333333 0.13333333333333333 0.5 3.29 40 30 3.86 1

APP_2_Inner_Layer_0:0 0.5333333333333333 0.5333333333333333 2.0 3.33 3 2 2.72 1
0
APP_2_Inner_Layer_0:1 0.26666666666666666 0.26666666666666666 1.0 2.5 46 19 3.2 1
0
APP_2_Inner_Layer_1:0 0.4666666666666667 0.4666666666666667 1.75 2.43 47 41 3.71 1
1 2
APP_2_Inner_Layer_2:0 0.4666666666666667 0.4666666666666667 1.75 1.2 17 7 3.42 1
3
APP_2_Output_Layer_0 0.2 0.2 0.75 1.84 11 6 3.15 1
4
5
1.073410883364493
APP_3_Input_Layer_0 0.3333333333333333 0.3333333333333333 1.25 3.27 22 16 3.92 1

APP_3_Inner_Layer_0:0 0.4 0.4 1.5 1.1 18 28 3.02 1
0
APP_3_Inner_Layer_1:0 0.06666666666666667 0.06666666666666667 0.25 3.5 34 49 1.65 1
1
APP_3_Inner_Layer_1:1 0.6 0.6 2.25 3.9 30 7 3.05 1
1
APP_3_Output_Layer_0 0.5333333333333333 0.5333333333333333 2.0 1.44 25 23 2.93 1
2 3
8
1.4019423010173058
APP_4_Input_Layer_0 0.06666666666666667 0.06666666666666667 0.25 3.4 31 28 1.96 1

APP_4_Inner_Layer_0:0 0.26666666666666666 0.26666666666666666 1.0 1.99 11 20 3.34 1
0
APP_4_Inner_Layer_1:0 0.4 0.4 1.5 2.59 47 38 2.11 1
1
APP_4_Inner_Layer_2:0 0.26666666666666666 0.26666666666666666 1.0 1.47 6 42 2.23 1
2
APP_4_Inner_Layer_2:1 0.2 0.2 0.75 3.5 22 3 1.12 1
2
APP_4_Inner_Layer_2:2 0.6 0.6 2.25 2.97 16 49 3.13 1
2
APP_4_Inner_Layer_2:3 0.5333333333333333 0.5333333333333333 2.0 3.46 15 17 2.23 1
2
APP_4_Output_Layer_0 0.26666666666666666 0.26666666666666666 1.0 3.91 5 37 1.57 1
3 4 5 6
12
1.7046407973541997
APP_5_Input_Layer_0 0.3333333333333333 0.3333333333333333 1.25 3.25 16 35 1.61 1

APP_5_Inner_Layer_0:0 0.13333333333333333 0.13333333333333333 0.5 2.08 3 13 3.86 1
0
APP_5_Inner_Layer_1:0 0.2 0.2 0.75 3.88 2 48 1.02 1
1
APP_5_Inner_Layer_1:1 0.6 0.6 2.25 3.59 18 7 1.62 1
1
APP_5_Inner_Layer_1:2 0.5333333333333333 0.5333333333333333 2.0 1.7 33 46 1.96 1
1
APP_5_Inner_Layer_1:3 0.26666666666666666 0.26666666666666666 1.0 1.96 21 35 1.29 1
1
APP_5_Inner_Layer_2:0 0.4666666666666667 0.4666666666666667 1.75 3.05 31 14 2.4 1
4
APP_5_Inner_Layer_2:1 0.2 0.2 0.75 2.48 23 12 3.1 1
2 5
APP_5_Inner_Layer_2:2 0.2 0.2 0.75 2.12 32 1 2.0 1
3
APP_5_Inner_Layer_3:0 0.06666666666666667 0.06666666666666667 0.25 2.18 31 3 2.06 1
6
APP_5_Inner_Layer_3:1 0.4666666666666667 0.4666666666666667 1.75 3.36 21 45 3.67 1
7 8
APP_5_Output_Layer_0 0.4666666666666667 0.4666666666666667 1.75 4.0 24 37 1.58 1
9 10
11
2.1838650618040605
APP_6_Input_Layer_0 0.06666666666666667 0.06666666666666667 0.25 1.76 13 24 3.78 1

APP_6_Inner_Layer_0:0 0.5333333333333333 0.5333333333333333 2.0 3.98 22 36 1.62 1
0
APP_6_Inner_Layer_0:1 0.26666666666666666 0.26666666666666666 1.0 1.9 19 47 2.41 1
0
APP_6_Inner_Layer_0:2 0.26666666666666666 0.26666666666666666 1.0 2.41 8 37 1.54 1
0
APP_6_Inner_Layer_0:3 0.13333333333333333 0.13333333333333333 0.5 1.46 12 8 2.98 1
0
APP_6_Inner_Layer_1:0 0.5333333333333333 0.5333333333333333 2.0 2.23 4 42 1.45 1
2 4
APP_6_Inner_Layer_1:1 0.26666666666666666 0.26666666666666666 1.0 1.27 7 22 2.61 1
1 3
APP_6_Inner_Layer_2:0 0.13333333333333333 0.13333333333333333 0.5 2.83 24 40 3.03 1
6
APP_6_Inner_Layer_2:1 0.4 0.4 1.5 3.68 2 15 1.94 1
5
APP_6_Inner_Layer_2:2 0.2 0.2 0.75 3.04 31 6 2.54 1
6
APP_6_Output_Layer_0 0.13333333333333333 0.13333333333333333 0.5 3.7 7 22 1.6 1
7 8 9
8
2.518945598982729
APP_7_Input_Layer_0 0.2 0.2 0.75 1.76 11 48 3.76 1

APP_7_Inner_Layer_0:0 0.2 0.2 0.75 2.13 25 10 1.06 1
0
APP_7_Inner_Layer_0:1 0.26666666666666666 0.26666666666666666 1.0 1.85 19 25 2.92 1
0
APP_7_Inner_Layer_0:2 0.6 0.6 2.25 1.17 32 47 3.43 1
0
APP_7_Inner_Layer_1:0 0.6 0.6 2.25 3.4 45 29 2.19 1
3
APP_7_Inner_Layer_1:1 0.4666666666666667 0.4666666666666667 1.75 1.91 40 29 1.59 1
2 3
APP_7_Inner_Layer_1:2 0.2 0.2 0.75 3.14 24 45 3.96 1
1
APP_7_Output_Layer_0 0.06666666666666667 0.06666666666666667 0.25 2.92 32 14 1.59 1
4 5 6
5
2.7724973442866268
APP_8_Input_Layer_0 0.26666666666666666 0.26666666666666666 1.0 2.74 6 47 2.29 1

APP_8_Inner_Layer_0:0 0.2 0.2 0.75 3.94 13 27 3.99 1
0
APP_8_Inner_Layer_0:1 0.3333333333333333 0.3333333333333333 1.25 1.01 5 41 2.95 1
0
APP_8_Inner_Layer_0:2 0.3333333333333333 0.3333333333333333 1.25 3.38 21 12 3.87 1
0
APP_8_Output_Layer_0 0.06666666666666667 0.06666666666666667 0.25 1.98 12 48 1.07 1
1 2 3
7
3.330612623083829
APP_9_Input_Layer_0 0.5333333333333333 0.5333333333333333 2.0 2.87 15 43 1.65 1

APP_9_Inner_Layer_0:0 0.2 0.2 0.75 2.18 12 44 1.56 1
0
APP_9_Inner_Layer_0:1 0.5333333333333333 0.5333333333333333 2.0 2.37 9 18 2.73 1
0
APP_9_Inner_Layer_1:0 0.06666666666666667 0.06666666666666667 0.25 3.75 7 48 2.66 1
1
APP_9_Inner_Layer_1:1 0.5333333333333333 0.5333333333333333 2.0 2.25 30 25 3.34 0
2
APP_9_Inner_Layer_1:2 0.4666666666666667 0.4666666666666667 1.75 2.29 14 4 3.84 1
1 2
APP_9_Output_Layer_0 0.26666666666666666 0.26666666666666666 1.0 3.42 3 35 2.08 1
3 4 5
9
3.889491537244978
APP_10_Input_Layer_0 0.26666666666666666 0.26666666666666666 1.0 2.68 19 45 3.6 1

APP_10_Inner_Layer_0:0 0.13333333333333333 0.13333333333333333 0.5 3.55 32 2 2.98 1
0
APP_10_Inner_Layer_1:0 0.2 0.2 0.75 3.22 35 14 3.53 1
1
APP_10_Inner_Layer_1:1 0.26666666666666666 0.26666666666666666 1.0 2.36 42 9 1.9 1
1
APP_10_Inner_Layer_1:2 0.13333333333333333 0.13333333333333333 0.5 1.48 22 33 1.52 1
1
APP_10_Inner_Layer_2:0 0.4666666666666667 0.4666666666666667 1.75 3.51 33 28 2.05 1
3
APP_10_Inner_Layer_2:1 0.5333333333333333 0.5333333333333333 2.0 2.05 40 43 1.56 1
2 4
APP_10_Inner_Layer_2:2 0.4666666666666667 0.4666666666666667 1.75 2.65 15 12 2.73 1
3 4
APP_10_Output_Layer_0 0.5333333333333333 0.5333333333333333 2.0 2.69 22 10 2.16 1
5 6 7
14
4.298164130391488
APP_11_Input_Layer_0 0.6 0.6 2.25 2.43 13 4 3.23 1

APP_11_Inner_Layer_0:0 0.4 0.4 1.5 3.07 3 16 1.07 1
0
APP_11_Inner_Layer_0:1 0.06666666666666667 0.06666666666666667 0.25 2.45 40 31 2.29 1
0
APP_11_Inner_Layer_0:2 0.4 0.4 1.5 3.57 27 21 3.45 1
0
APP_11_Inner_Layer_1:0 0.2 0.2 0.75 2.21 47 32 3.84 1
1
APP_11_Inner_Layer_1:1 0.2 0.2 0.75 2.95 22 35 3.78 1
3
APP_11_Inner_Layer_1:2 0.5333333333333333 0.5333333333333333 2.0 2.75 44 44 1.38 1
2
APP_11_Inner_Layer_1:3 0.13333333333333333 0.13333333333333333 0.5 2.09 40 45 3.03 1
1 3
APP_11_Inner_Layer_2:0 0.3333333333333333 0.3333333333333333 1.25 1.09 13 14 3.66 1
5
APP_11_Inner_Layer_2:1 0.2 0.2 0.75 2.75 11 2 2.04 1
5 6
APP_11_Inner_Layer_2:2 0.26666666666666666 0.26666666666666666 1.0 3.54 38 15 3.48 1
6 7
APP_11_Inner_Layer_2:3 0.06666666666666667 0.06666666666666667 0.25 1.82 11 38 3.76 1
4 6
APP_11_Inner_Layer_3:0 0.2 0.2 0.75 1.25 23 33 1.08 1
8 9 10 11
APP_11_Output_Layer_0 0.6 0.6 2.25 3.29 44 32 2.95 1
12
15
4.6360275162587605
APP_12_Input_Layer_0 0.4666666666666667 0.4666666666666667 1.75 1.5 5 11 3.03 1

APP_12_Inner_Layer_0:0 0.5333333333333333 0.5333333333333333 2.0 2.51 15 5 2.01 1
0
APP_12_Inner_Layer_0:1 0.13333333333333333 0.13333333333333333 0.5 2.27 10 36 2.03 1
0
APP_12_Inner_Layer_0:2 0.6 0.6 2.25 3.96 44 15 2.18 1
0
APP_12_Inner_Layer_0:3 0.4666666666666667 0.4666666666666667 1.75 2.87 16 21 1.74 1
0
APP_12_Inner_Layer_1:0 0.5333333333333333 0.5333333333333333 2.0 1.8 48 13 1.11 1
1 2
APP_12_Inner_Layer_1:1 0.5333333333333333 0.5333333333333333 2.0 3.89 11 18 3.52 1
2
APP_12_Inner_Layer_1:2 0.2 0.2 0.75 2.44 3 32 1.07 1
1 2 3
APP_12_Inner_Layer_1:3 0.3333333333333333 0.3333333333333333 1.25 3.87 29 14 3.29 1
4
APP_12_Inner_Layer_2:0 0.06666666666666667 0.06666666666666667 0.25 2.27 5 44 1.52 1
5 6
APP_12_Inner_Layer_2:1 0.3333333333333333 0.3333333333333333 1.25 1.62 25 15 2.76 1
7
APP_12_Inner_Layer_2:2 0.4666666666666667 0.4666666666666667 1.75 2.32 42 28 3.6 1
7 8
APP_12_Inner_Layer_3:0 0.4 0.4 1.5 2.16 34 36 1.33 1
9 10 11
APP_12_Inner_Layer_3:1 0.5333333333333333 0.5333333333333333 2.0 2.31 4 3 1.1 1
11 9
APP_12_Output_Layer_0 0.2 0.2 0.75 3.54 18 26 3.2 1
12 13
10
5.096710484255615
APP_13_Input_Layer_0 0.5333333333333333 0.5333333333333333 2.0 1.79 40 39 3.55 1

APP_13_Inner_Layer_0:0 0.2 0.2 0.75 2.49 14 13 1.21 1
0
APP_13_Inner_Layer_0:1 0.06666666666666667 0.06666666666666667 0.25 1.62 47 32 3.0 1
0
APP_13_Inner_Layer_1:0 0.6 0.6 2.25 2.44 15 4 1.99 1
1 2
APP_13_Inner_Layer_2:0 0.4 0.4 1.5 1.58 27 20 1.49 1
3
APP_13_Inner_Layer_3:0 0.13333333333333333 0.13333333333333333 0.5 2.64 31 13 2.57 1
4
APP_13_Inner_Layer_3:1 0.2 0.2 0.75 1.2 48 37 3.5 1
4
APP_13_Inner_Layer_3:2 0.06666666666666667 0.06666666666666667 0.25 3.33 25 18 2.16 1
4
APP_13_Inner_Layer_3:3 0.4 0.4 1.5 2.16 34 10 1.64 1
4
APP_13_Output_Layer_0 0.2 0.2 0.75 2.89 12 30 2.38 1
5 6 7 8
8
5.44061222405179
APP_14_Input_Layer_0 0.5333333333333333 0.5333333333333333 2.0 3.24 2 42 1.33 1

APP_14_Inner_Layer_0:0 0.26666666666666666 0.26666666666666666 1.0 1.28 36 47 1.02 0
0
APP_14_Inner_Layer_0:1 0.6 0.6 2.25 1.52 3 21 3.62 1
0
APP_14_Inner_Layer_0:2 0.4666666666666667 0.4666666666666667 1.75 3.71 36 46 2.09 1
0
APP_14_Inner_Layer_1:0 0.2 0.2 0.75 2.6 9 3 3.32 1
2 3
APP_14_Inner_Layer_1:1 0.2 0.2 0.75 3.93 36 8 1.73 1
3
APP_14_Inner_Layer_1:2 0.4 0.4 1.5 2.53 33 16 2.02 1
1
APP_14_Output_Layer_0 0.2 0.2 0.75 3.18 26 21 3.39 1
4 5 6
