10
15
14
0
APP_0_Input_Layer_0 0.3333333333333333 0.3333333333333333 1.25 3.85 24 12 2.68 1

APP_0_Inner_Layer_0:0 0.26666666666666666 0.26666666666666666 1.0 3.8 48 21 2.64 1
0
APP_0_Inner_Layer_0:1 0.4666666666666667 0.4666666666666667 1.75 1.18 31 48 3.55 1
0
APP_0_Inner_Layer_0:2 0.2 0.2 0.75 2.98 33 23 2.63 1
0
APP_0_Inner_Layer_0:3 0.06666666666666667 0.06666666666666667 0.25 2.06 5 4 1.56 1
0
APP_0_Inner_Layer_1:0 0.13333333333333333 0.13333333333333333 0.5 1.16 29 8 1.71 1
1 2 3 4
APP_0_Inner_Layer_1:1 0.4666666666666667 0.4666666666666667 1.75 1.17 25 43 3.32 1
1 4
APP_0_Inner_Layer_1:2 0.2 0.2 0.75 2.9 32 19 2.6 1
2 3
APP_0_Inner_Layer_1:3 0.4666666666666667 0.4666666666666667 1.75 1.97 4 43 1.22 1
2 3
APP_0_Inner_Layer_2:0 0.6 0.6 2.25 2.64 36 6 1.97 0
5 7
APP_0_Inner_Layer_2:1 0.2 0.2 0.75 1.85 17 3 2.74 1
7 8
APP_0_Inner_Layer_2:2 0.5333333333333333 0.5333333333333333 2.0 3.07 35 19 3.98 1
5 6
APP_0_Inner_Layer_2:3 0.13333333333333333 0.13333333333333333 0.5 1.01 5 41 1.75 1
6 7 8
APP_0_Output_Layer_0 0.2 0.2 0.75 3.68 36 32 2.9 0
9 10 11 12
8
0.6243715562250824
APP_1_Input_Layer_0 0.06666666666666667 0.06666666666666667 0.25 1.38 1 9 2.4 1

APP_1_Inner_Layer_0:0 0.4 0.4 1.5 3.28 47 7 2.94 1
0
APP_1_Inner_Layer_1:0 0.26666666666666666 0.26666666666666666 1.0 1.47 23 1 3.05 1
1
APP_1_Inner_Layer_1:1 0.06666666666666667 0.06666666666666667 0.25 2.4 19 49 1.03 1
1
APP_1_Inner_Layer_1:2 0.06666666666666667 0.06666666666666667 0.25 3.81 41 10 1.5 1
1
APP_1_Inner_Layer_2:0 0.6 0.6 2.25 3.99 22 34 1.92 0
4
APP_1_Inner_Layer_2:1 0.5333333333333333 0.5333333333333333 2.0 2.73 14 12 2.63 1
2 3
APP_1_Output_Layer_0 0.5333333333333333 0.5333333333333333 2.0 2.02 44 15 1.57 1
5 6
15
1.1406211540672708
APP_2_Input_Layer_0 0.3333333333333333 0.3333333333333333 1.25 2.41 19 19 1.69 1

APP_2_Inner_Layer_0:0 0.2 0.2 0.75 2.5 46 34 1.08 1
0
APP_2_Inner_Layer_0:1 0.13333333333333333 0.13333333333333333 0.5 3.24 17 23 1.02 1
0
APP_2_Inner_Layer_1:0 0.4 0.4 1.5 3.58 6 16 1.53 1
1
APP_2_Inner_Layer_1:1 0.13333333333333333 0.13333333333333333 0.5 2.33 4 5 2.31 1
1 2
APP_2_Inner_Layer_1:2 0.4666666666666667 0.4666666666666667 1.75 2.69 22 39 2.79 1
2
APP_2_Inner_Layer_2:0 0.6 0.6 2.25 3.33 41 2 2.14 1
4
APP_2_Inner_Layer_2:1 0.5333333333333333 0.5333333333333333 2.0 2.06 10 12 2.98 1
4 5
APP_2_Inner_Layer_2:2 0.6 0.6 2.25 2.6 15 8 1.42 1
5
APP_2_Inner_Layer_2:3 0.06666666666666667 0.06666666666666667 0.25 3.5 6 43 1.67 0
3
APP_2_Inner_Layer_3:0 0.3333333333333333 0.3333333333333333 1.25 2.73 40 9 3.9 1
6
APP_2_Inner_Layer_3:1 0.5333333333333333 0.5333333333333333 2.0 1.93 10 23 2.24 1
6 7 9
APP_2_Inner_Layer_3:2 0.4666666666666667 0.4666666666666667 1.75 1.23 44 1 1.22 1
8
APP_2_Inner_Layer_3:3 0.4 0.4 1.5 2.2 38 21 2.81 0
9 8
APP_2_Output_Layer_0 0.6 0.6 2.25 3.63 17 43 3.42 0
10 11 12 13
9
1.7866174197126306
APP_3_Input_Layer_0 0.4666666666666667 0.4666666666666667 1.75 3.07 43 21 1.55 0

APP_3_Inner_Layer_0:0 0.06666666666666667 0.06666666666666667 0.25 3.01 48 15 1.29 1
0
APP_3_Inner_Layer_0:1 0.6 0.6 2.25 3.26 6 24 3.31 1
0
APP_3_Inner_Layer_0:2 0.06666666666666667 0.06666666666666667 0.25 1.21 39 44 3.02 1
0
APP_3_Inner_Layer_1:0 0.26666666666666666 0.26666666666666666 1.0 2.81 3 30 2.18 1
3
APP_3_Inner_Layer_1:1 0.13333333333333333 0.13333333333333333 0.5 2.13 4 25 2.31 1
1 2
APP_3_Inner_Layer_1:2 0.06666666666666667 0.06666666666666667 0.25 2.29 11 15 2.06 1
1
APP_3_Inner_Layer_1:3 0.4 0.4 1.5 1.4 26 15 3.54 1
2
APP_3_Output_Layer_0 0.13333333333333333 0.13333333333333333 0.5 3.08 2 21 2.24 0
4 5 6 7
4
2.25283864399429
APP_4_Input_Layer_0 0.3333333333333333 0.3333333333333333 1.25 3.39 37 21 2.39 1

APP_4_Inner_Layer_0:0 0.6 0.6 2.25 2.61 11 10 2.38 1
0
APP_4_Inner_Layer_0:1 0.6 0.6 2.25 2.0 17 8 3.38 1
0
APP_4_Output_Layer_0 0.3333333333333333 0.3333333333333333 1.25 3.95 26 2 2.62 1
1 2
5
2.5063150300908053
APP_5_Input_Layer_0 0.4 0.4 1.5 1.85 10 3 2.73 1

APP_5_Inner_Layer_0:0 0.13333333333333333 0.13333333333333333 0.5 1.29 20 44 2.14 1
0
APP_5_Inner_Layer_0:1 0.4666666666666667 0.4666666666666667 1.75 1.1 23 25 2.31 1
0
APP_5_Inner_Layer_0:2 0.4666666666666667 0.4666666666666667 1.75 3.03 42 25 3.56 1
0
APP_5_Output_Layer_0 0.5333333333333333 0.5333333333333333 2.0 2.8 24 10 3.26 1
1 2 3
10
3.018103519854177
APP_6_Input_Layer_0 0.3333333333333333 0.3333333333333333 1.25 2.96 13 41 2.34 0

APP_6_Inner_Layer_0:0 0.2 0.2 0.75 1.23 33 46 3.6 1
0
APP_6_Inner_Layer_0:1 0.2 0.2 0.75 2.81 34 30 1.33 1
0
APP_6_Inner_Layer_0:2 0.4666666666666667 0.4666666666666667 1.75 3.18 5 1 3.39 1
0
APP_6_Inner_Layer_1:0 0.13333333333333333 0.13333333333333333 0.5 2.02 33 26 3.94 0
1 2
APP_6_Inner_Layer_1:1 0.06666666666666667 0.06666666666666667 0.25 1.19 32 46 3.41 1
1 2 3
APP_6_Inner_Layer_1:2 0.5333333333333333 0.5333333333333333 2.0 2.71 48 2 3.95 1
3
APP_6_Inner_Layer_1:3 0.3333333333333333 0.3333333333333333 1.25 3.66 48 24 3.46 1
1 2
APP_6_Inner_Layer_2:0 0.4 0.4 1.5 3.65 21 40 2.93 1
4 5 6 7
APP_6_Output_Layer_0 0.6 0.6 2.25 2.62 28 23 3.09 1
8
8
3.5871170373175674
APP_7_Input_Layer_0 0.3333333333333333 0.3333333333333333 1.25 3.63 26 23 3.68 1

APP_7_Inner_Layer_0:0 0.4666666666666667 0.4666666666666667 1.75 3.09 45 31 1.79 1
0
APP_7_Inner_Layer_0:1 0.4666666666666667 0.4666666666666667 1.75 3.67 40 4 3.31 1
0
APP_7_Inner_Layer_1:0 0.26666666666666666 0.26666666666666666 1.0 1.97 21 23 2.48 1
1 2
APP_7_Inner_Layer_2:0 0.2 0.2 0.75 2.79 27 35 3.75 1
3
APP_7_Inner_Layer_2:1 0.2 0.2 0.75 2.4 46 24 1.47 1
3
APP_7_Inner_Layer_2:2 0.13333333333333333 0.13333333333333333 0.5 3.39 10 4 1.72 1
3
APP_7_Output_Layer_0 0.4666666666666667 0.4666666666666667 1.75 3.43 25 4 3.96 1
4 5 6
5
3.93504865420847
APP_8_Input_Layer_0 0.4 0.4 1.5 2.47 16 3 3.19 1

APP_8_Inner_Layer_0:0 0.6 0.6 2.25 2.43 9 18 3.58 1
0
APP_8_Inner_Layer_0:1 0.2 0.2 0.75 2.63 29 17 2.69 0
0
APP_8_Inner_Layer_0:2 0.4666666666666667 0.4666666666666667 1.75 1.94 16 38 1.23 1
0
APP_8_Output_Layer_0 0.26666666666666666 0.26666666666666666 1.0 1.52 49 1 1.0 0
1 2 3
8
4.330700823120548
APP_9_Input_Layer_0 0.13333333333333333 0.13333333333333333 0.5 3.93 29 33 2.63 0

APP_9_Inner_Layer_0:0 0.5333333333333333 0.5333333333333333 2.0 3.75 7 41 1.27 1
0
APP_9_Inner_Layer_0:1 0.26666666666666666 0.26666666666666666 1.0 1.9 36 45 3.95 1
0
APP_9_Inner_Layer_0:2 0.4666666666666667 0.4666666666666667 1.75 3.15 3 17 1.26 1
0
APP_9_Inner_Layer_1:0 0.26666666666666666 0.26666666666666666 1.0 2.99 12 9 1.77 1
2 3
APP_9_Inner_Layer_1:1 0.4 0.4 1.5 3.33 34 5 3.87 1
1
APP_9_Inner_Layer_2:0 0.13333333333333333 0.13333333333333333 0.5 3.31 41 19 3.23 1
4 5
APP_9_Output_Layer_0 0.2 0.2 0.75 3.41 32 39 3.39 1
6
10
4.6809590888551345
APP_10_Input_Layer_0 0.3333333333333333 0.3333333333333333 1.25 2.85 12 45 1.46 1

APP_10_Inner_Layer_0:0 0.4666666666666667 0.4666666666666667 1.75 3.59 15 31 3.41 1
0
APP_10_Inner_Layer_0:1 0.5333333333333333 0.5333333333333333 2.0 2.62 22 23 3.64 1
0
APP_10_Inner_Layer_1:0 0.6 0.6 2.25 2.41 2 48 2.66 1
2
APP_10_Inner_Layer_1:1 0.6 0.6 2.25 1.73 8 9 3.83 1
1
APP_10_Inner_Layer_1:2 0.5333333333333333 0.5333333333333333 2.0 3.34 24 19 3.46 1
1 2
APP_10_Inner_Layer_2:0 0.2 0.2 0.75 3.61 24 14 2.1 1
3 5
APP_10_Inner_Layer_2:1 0.6 0.6 2.25 1.91 49 10 2.65 1
4
APP_10_Inner_Layer_2:2 0.4 0.4 1.5 2.48 25 36 1.47 1
4 5
APP_10_Output_Layer_0 0.4 0.4 1.5 3.87 13 21 3.98 1
6 7 8
4
5.22515951951466
APP_11_Input_Layer_0 0.4666666666666667 0.4666666666666667 1.75 2.03 17 9 3.82 0

APP_11_Inner_Layer_0:0 0.4 0.4 1.5 3.83 46 35 2.21 1
0
APP_11_Inner_Layer_0:1 0.3333333333333333 0.3333333333333333 1.25 1.67 14 32 2.84 1
0
APP_11_Output_Layer_0 0.13333333333333333 0.13333333333333333 0.5 2.02 27 29 2.97 1
1 2
10
5.669596958224024
APP_12_Input_Layer_0 0.06666666666666667 0.06666666666666667 0.25 2.83 37 3 2.01 1

APP_12_Inner_Layer_0:0 0.4666666666666667 0.4666666666666667 1.75 3.49 5 2 1.07 0
0
APP_12_Inner_Layer_1:0 0.2 0.2 0.75 1.28 21 44 2.49 1
1
APP_12_Inner_Layer_1:1 0.26666666666666666 0.26666666666666666 1.0 1.81 23 35 2.53 1
1
APP_12_Inner_Layer_1:2 0.26666666666666666 0.26666666666666666 1.0 2.21 13 28 2.24 0
1
APP_12_Inner_Layer_2:0 0.06666666666666667 0.06666666666666667 0.25 2.86 45 15 1.61 1
2 4
APP_12_Inner_Layer_2:1 0.2 0.2 0.75 1.15 8 7 3.52 1
3
APP_12_Inner_Layer_2:2 0.5333333333333333 0.5333333333333333 2.0 2.25 15 19 1.03 1
2 3 4
APP_12_Inner_Layer_2:3 0.4666666666666667 0.4666666666666667 1.75 3.31 21 14 1.42 1
3
APP_12_Output_Layer_0 0.13333333333333333 0.13333333333333333 0.5 2.33 26 47 2.11 1
5 6 7 8
10
6.178048036314523
APP_13_Input_Layer_0 0.4666666666666667 0.4666666666666667 1.75 3.49 18 31 3.05 1

APP_13_Inner_Layer_0:0 0.3333333333333333 0.3333333333333333 1.25 1.28 15 46 2.1 1
0
APP_13_Inner_Layer_0:1 0.4666666666666667 0.4666666666666667 1.75 2.08 39 43 3.73 1
0
APP_13_Inner_Layer_0:2 0.4666666666666667 0.4666666666666667 1.75 2.97 35 37 1.51 1
0
APP_13_Inner_Layer_1:0 0.4666666666666667 0.4666666666666667 1.75 3.18 41 10 2.65 1
2 3
APP_13_Inner_Layer_1:1 0.5333333333333333 0.5333333333333333 2.0 2.84 15 2 2.89 1
1
APP_13_Inner_Layer_2:0 0.13333333333333333 0.13333333333333333 0.5 3.08 24 37 2.51 1
5
APP_13_Inner_Layer_2:1 0.4666666666666667 0.4666666666666667 1.75 1.28 41 8 1.86 1
4
APP_13_Inner_Layer_2:2 0.6 0.6 2.25 2.91 35 21 2.94 1
4
APP_13_Output_Layer_0 0.06666666666666667 0.06666666666666667 0.25 3.33 4 24 1.37 1
6 7 8
9
6.757385238423717
APP_14_Input_Layer_0 0.4666666666666667 0.4666666666666667 1.75 1.16 16 2 2.19 1

APP_14_Inner_Layer_0:0 0.26666666666666666 0.26666666666666666 1.0 2.81 15 20 2.03 1
0
APP_14_Inner_Layer_0:1 0.5333333333333333 0.5333333333333333 2.0 2.38 7 46 2.09 1
0
APP_14_Inner_Layer_1:0 0.26666666666666666 0.26666666666666666 1.0 1.23 5 18 3.07 1
2
APP_14_Inner_Layer_1:1 0.4666666666666667 0.4666666666666667 1.75 2.4 11 37 3.07 1
1
APP_14_Inner_Layer_1:2 0.2 0.2 0.75 3.01 10 39 3.02 1
2
APP_14_Inner_Layer_2:0 0.4666666666666667 0.4666666666666667 1.75 2.42 2 9 3.0 1
4
APP_14_Inner_Layer_2:1 0.06666666666666667 0.06666666666666667 0.25 3.2 13 3 1.84 1
3 5
APP_14_Output_Layer_0 0.4666666666666667 0.4666666666666667 1.75 2.4 17 17 2.38 1
6 7
