10
18
9
0
APP_0_Input_Layer_0 0.26666666666666666 0.26666666666666666 1.0 2.05 19 17 2.94 1

APP_0_Inner_Layer_0:0 0.5333333333333333 0.5333333333333333 2.0 2.01 15 43 2.26 0
0
APP_0_Inner_Layer_0:1 0.4 0.4 1.5 2.14 38 23 1.42 1
0
APP_0_Inner_Layer_0:2 0.2 0.2 0.75 1.59 5 38 2.98 1
0
APP_0_Inner_Layer_0:3 0.4 0.4 1.5 1.68 46 43 3.52 1
0
APP_0_Inner_Layer_1:0 0.5333333333333333 0.5333333333333333 2.0 1.96 19 11 3.68 0
1 2 3 4
APP_0_Inner_Layer_2:0 0.26666666666666666 0.26666666666666666 1.0 3.91 7 10 1.19 1
5
APP_0_Inner_Layer_3:0 0.13333333333333333 0.13333333333333333 0.5 3.59 44 33 2.78 1
6
APP_0_Output_Layer_0 0.06666666666666667 0.06666666666666667 0.25 2.18 34 9 2.46 1
7
7
0.2844346619401674
APP_1_Input_Layer_0 0.06666666666666667 0.06666666666666667 0.25 1.87 49 39 3.92 1

APP_1_Inner_Layer_0:0 0.4666666666666667 0.4666666666666667 1.75 2.55 24 14 3.42 1
0
APP_1_Inner_Layer_0:1 0.06666666666666667 0.06666666666666667 0.25 1.85 26 11 1.74 1
0
APP_1_Inner_Layer_1:0 0.4 0.4 1.5 1.47 11 46 3.45 1
1
APP_1_Inner_Layer_1:1 0.26666666666666666 0.26666666666666666 1.0 3.1 28 48 3.23 0
1 2
APP_1_Inner_Layer_1:2 0.4 0.4 1.5 3.84 28 45 2.68 0
1 2
APP_1_Output_Layer_0 0.5333333333333333 0.5333333333333333 2.0 1.48 38 3 2.57 1
3 4 5
6
0.4896594761332835
APP_2_Input_Layer_0 0.6 0.6 2.25 3.03 15 36 2.94 1

APP_2_Inner_Layer_0:0 0.5333333333333333 0.5333333333333333 2.0 3.44 13 31 1.3 1
0
APP_2_Inner_Layer_0:1 0.2 0.2 0.75 2.59 7 44 2.75 1
0
APP_2_Inner_Layer_0:2 0.06666666666666667 0.06666666666666667 0.25 1.94 41 32 1.95 1
0
APP_2_Inner_Layer_0:3 0.4 0.4 1.5 1.36 26 27 2.09 1
0
APP_2_Output_Layer_0 0.3333333333333333 0.3333333333333333 1.25 1.08 2 34 1.08 1
1 2 3 4
11
0.7935904097171671
APP_3_Input_Layer_0 0.2 0.2 0.75 2.78 48 33 2.64 1

APP_3_Inner_Layer_0:0 0.06666666666666667 0.06666666666666667 0.25 2.46 36 34 2.71 0
0
APP_3_Inner_Layer_1:0 0.5333333333333333 0.5333333333333333 2.0 3.37 6 34 1.51 1
1
APP_3_Inner_Layer_1:1 0.4666666666666667 0.4666666666666667 1.75 2.0 21 31 1.87 1
1
APP_3_Inner_Layer_1:2 0.4 0.4 1.5 1.83 7 22 3.06 1
1
APP_3_Inner_Layer_1:3 0.26666666666666666 0.26666666666666666 1.0 3.4 8 12 1.99 1
1
APP_3_Inner_Layer_2:0 0.26666666666666666 0.26666666666666666 1.0 1.25 27 40 3.97 1
2 3 4 5
APP_3_Inner_Layer_3:0 0.4666666666666667 0.4666666666666667 1.75 2.34 27 39 2.13 1
6
APP_3_Inner_Layer_3:1 0.5333333333333333 0.5333333333333333 2.0 3.52 11 4 1.57 1
6
APP_3_Inner_Layer_3:2 0.13333333333333333 0.13333333333333333 0.5 3.92 2 43 2.69 1
6
APP_3_Output_Layer_0 0.26666666666666666 0.26666666666666666 1.0 1.79 29 20 1.12 1
7 8 9
7
1.1408427814958566
APP_4_Input_Layer_0 0.13333333333333333 0.13333333333333333 0.5 1.83 26 35 1.13 1

APP_4_Inner_Layer_0:0 0.13333333333333333 0.13333333333333333 0.5 3.13 22 25 1.69 1
0
APP_4_Inner_Layer_1:0 0.6 0.6 2.25 2.62 37 41 3.42 1
1
APP_4_Inner_Layer_1:1 0.06666666666666667 0.06666666666666667 0.25 3.72 34 37 2.41 1
1
APP_4_Inner_Layer_1:2 0.4 0.4 1.5 3.33 40 5 1.94 1
1
APP_4_Inner_Layer_2:0 0.3333333333333333 0.3333333333333333 1.25 3.8 3 12 3.16 1
2 3 4
APP_4_Output_Layer_0 0.2 0.2 0.75 2.53 9 16 1.6 1
5
8
1.5051684448506426
APP_5_Input_Layer_0 0.3333333333333333 0.3333333333333333 1.25 1.75 13 2 3.33 1

APP_5_Inner_Layer_0:0 0.26666666666666666 0.26666666666666666 1.0 3.76 43 28 2.16 0
0
APP_5_Inner_Layer_0:1 0.2 0.2 0.75 3.35 10 41 1.76 1
0
APP_5_Inner_Layer_0:2 0.4 0.4 1.5 3.72 27 15 2.79 1
0
APP_5_Inner_Layer_1:0 0.06666666666666667 0.06666666666666667 0.25 1.21 13 35 2.46 1
2
APP_5_Inner_Layer_1:1 0.3333333333333333 0.3333333333333333 1.25 2.34 11 45 2.93 0
3
APP_5_Inner_Layer_1:2 0.3333333333333333 0.3333333333333333 1.25 3.18 27 45 3.28 0
1 2
APP_5_Output_Layer_0 0.4 0.4 1.5 1.42 19 20 1.33 0
4 5 6
8
1.7428814001752517
APP_6_Input_Layer_0 0.2 0.2 0.75 3.17 12 8 2.63 1

APP_6_Inner_Layer_0:0 0.6 0.6 2.25 1.93 8 17 2.61 0
0
APP_6_Inner_Layer_0:1 0.13333333333333333 0.13333333333333333 0.5 3.77 38 47 2.22 1
0
APP_6_Inner_Layer_0:2 0.6 0.6 2.25 1.16 19 21 1.5 0
0
APP_6_Inner_Layer_1:0 0.5333333333333333 0.5333333333333333 2.0 3.3 8 20 3.16 0
2 1
APP_6_Inner_Layer_1:1 0.06666666666666667 0.06666666666666667 0.25 2.58 3 45 2.0 1
1 3
APP_6_Inner_Layer_1:2 0.4 0.4 1.5 3.62 45 44 2.54 1
2 3
APP_6_Output_Layer_0 0.06666666666666667 0.06666666666666667 0.25 3.63 17 10 2.58 1
4 5 6
11
1.9746269265038245
APP_7_Input_Layer_0 0.3333333333333333 0.3333333333333333 1.25 3.75 9 32 2.0 1

APP_7_Inner_Layer_0:0 0.5333333333333333 0.5333333333333333 2.0 2.59 26 45 3.91 1
0
APP_7_Inner_Layer_0:1 0.2 0.2 0.75 2.02 14 15 2.58 1
0
APP_7_Inner_Layer_0:2 0.13333333333333333 0.13333333333333333 0.5 1.48 38 35 1.75 1
0
APP_7_Inner_Layer_1:0 0.6 0.6 2.25 2.65 42 3 3.67 1
3
APP_7_Inner_Layer_1:1 0.06666666666666667 0.06666666666666667 0.25 3.14 41 33 3.09 0
1 2
APP_7_Inner_Layer_1:2 0.4666666666666667 0.4666666666666667 1.75 2.84 48 31 3.29 1
1 2
APP_7_Inner_Layer_2:0 0.4 0.4 1.5 1.77 34 49 3.29 1
4 5
APP_7_Inner_Layer_2:1 0.26666666666666666 0.26666666666666666 1.0 3.85 20 10 1.77 1
6
APP_7_Inner_Layer_3:0 0.6 0.6 2.25 3.21 21 12 2.34 0
7 8
APP_7_Output_Layer_0 0.5333333333333333 0.5333333333333333 2.0 2.89 44 18 3.64 1
9
11
2.334168891637194
APP_8_Input_Layer_0 0.13333333333333333 0.13333333333333333 0.5 2.26 43 6 3.91 1

APP_8_Inner_Layer_0:0 0.6 0.6 2.25 1.54 12 48 3.81 1
0
APP_8_Inner_Layer_0:1 0.4 0.4 1.5 1.96 33 6 2.56 0
0
APP_8_Inner_Layer_0:2 0.06666666666666667 0.06666666666666667 0.25 3.47 37 48 3.75 1
0
APP_8_Inner_Layer_1:0 0.6 0.6 2.25 2.91 14 31 3.62 1
1
APP_8_Inner_Layer_1:1 0.3333333333333333 0.3333333333333333 1.25 2.32 34 21 1.11 1
1 2
APP_8_Inner_Layer_1:2 0.13333333333333333 0.13333333333333333 0.5 2.78 37 29 3.07 0
2 3
APP_8_Inner_Layer_2:0 0.4 0.4 1.5 3.6 16 1 1.79 1
4 6
APP_8_Inner_Layer_2:1 0.5333333333333333 0.5333333333333333 2.0 3.38 3 15 1.25 1
6
APP_8_Inner_Layer_2:2 0.6 0.6 2.25 3.24 43 15 3.08 0
4 5
APP_8_Output_Layer_0 0.26666666666666666 0.26666666666666666 1.0 3.81 23 6 2.53 1
7 8 9
4
2.7003924862778663
APP_9_Input_Layer_0 0.06666666666666667 0.06666666666666667 0.25 1.18 42 22 2.53 1

APP_9_Inner_Layer_0:0 0.4666666666666667 0.4666666666666667 1.75 2.32 1 29 1.06 1
0
APP_9_Inner_Layer_0:1 0.26666666666666666 0.26666666666666666 1.0 2.97 47 32 3.67 0
0
APP_9_Output_Layer_0 0.26666666666666666 0.26666666666666666 1.0 2.61 44 33 1.49 1
1 2
12
3.128481086920652
APP_10_Input_Layer_0 0.3333333333333333 0.3333333333333333 1.25 2.04 15 6 1.23 1

APP_10_Inner_Layer_0:0 0.6 0.6 2.25 2.6 41 27 1.52 1
0
APP_10_Inner_Layer_0:1 0.6 0.6 2.25 2.89 9 40 2.28 1
0
APP_10_Inner_Layer_1:0 0.5333333333333333 0.5333333333333333 2.0 2.65 49 4 3.37 0
2
APP_10_Inner_Layer_1:1 0.2 0.2 0.75 2.06 33 9 3.24 0
1 2
APP_10_Inner_Layer_1:2 0.6 0.6 2.25 3.47 31 13 3.12 1
1
APP_10_Inner_Layer_1:3 0.4666666666666667 0.4666666666666667 1.75 3.5 16 19 1.95 1
1 2
APP_10_Inner_Layer_2:0 0.4666666666666667 0.4666666666666667 1.75 2.43 15 29 2.74 0
3 4 5
APP_10_Inner_Layer_2:1 0.2 0.2 0.75 2.1 22 26 3.02 1
5 6
APP_10_Inner_Layer_2:2 0.4 0.4 1.5 1.65 20 37 2.83 1
3
APP_10_Inner_Layer_2:3 0.3333333333333333 0.3333333333333333 1.25 3.11 1 27 2.39 1
3 4 6
APP_10_Output_Layer_0 0.2 0.2 0.75 3.57 12 43 1.1 1
7 8 9 10
9
3.4395206826706612
APP_11_Input_Layer_0 0.3333333333333333 0.3333333333333333 1.25 2.56 25 24 1.39 1

APP_11_Inner_Layer_0:0 0.26666666666666666 0.26666666666666666 1.0 1.43 13 4 2.53 1
0
APP_11_Inner_Layer_0:1 0.4666666666666667 0.4666666666666667 1.75 3.27 36 48 2.6 1
0
APP_11_Inner_Layer_0:2 0.13333333333333333 0.13333333333333333 0.5 2.91 10 33 2.18 1
0
APP_11_Inner_Layer_1:0 0.6 0.6 2.25 1.37 24 36 1.83 1
1 2 3
APP_11_Inner_Layer_2:0 0.13333333333333333 0.13333333333333333 0.5 3.53 33 47 3.0 0
4
APP_11_Inner_Layer_2:1 0.4666666666666667 0.4666666666666667 1.75 3.15 8 25 3.48 0
4
APP_11_Inner_Layer_2:2 0.4666666666666667 0.4666666666666667 1.75 2.14 14 3 1.32 1
4
APP_11_Output_Layer_0 0.4 0.4 1.5 3.04 40 14 1.51 1
5 6 7
3
3.6919308618475206
APP_12_Input_Layer_0 0.13333333333333333 0.13333333333333333 0.5 2.92 17 13 2.13 1

APP_12_Inner_Layer_0:0 0.6 0.6 2.25 3.34 22 41 2.57 1
0
APP_12_Output_Layer_0 0.4666666666666667 0.4666666666666667 1.75 1.13 18 43 1.07 1
1
10
4.038249015331879
APP_13_Input_Layer_0 0.4666666666666667 0.4666666666666667 1.75 2.75 26 26 1.83 1

APP_13_Inner_Layer_0:0 0.06666666666666667 0.06666666666666667 0.25 2.84 46 25 2.14 1
0
APP_13_Inner_Layer_0:1 0.5333333333333333 0.5333333333333333 2.0 2.5 36 21 3.14 0
0
APP_13_Inner_Layer_0:2 0.3333333333333333 0.3333333333333333 1.25 1.43 46 2 1.69 1
0
APP_13_Inner_Layer_0:3 0.6 0.6 2.25 1.83 1 1 1.63 0
0
APP_13_Inner_Layer_1:0 0.2 0.2 0.75 1.56 32 42 2.46 0
4
APP_13_Inner_Layer_1:1 0.26666666666666666 0.26666666666666666 1.0 1.19 7 27 2.82 1
2 3
APP_13_Inner_Layer_1:2 0.5333333333333333 0.5333333333333333 2.0 3.21 49 20 1.74 0
1 2 3 4
APP_13_Inner_Layer_1:3 0.5333333333333333 0.5333333333333333 2.0 1.41 20 18 3.32 1
2 3
APP_13_Output_Layer_0 0.26666666666666666 0.26666666666666666 1.0 3.21 9 2 1.21 1
5 6 7 8
13
4.557070640112514
APP_14_Input_Layer_0 0.4 0.4 1.5 2.72 37 37 1.22 0

APP_14_Inner_Layer_0:0 0.4666666666666667 0.4666666666666667 1.75 3.0 41 20 3.32 1
0
APP_14_Inner_Layer_1:0 0.4 0.4 1.5 2.84 42 49 2.21 1
1
APP_14_Inner_Layer_1:1 0.3333333333333333 0.3333333333333333 1.25 1.39 42 15 1.51 1
1
APP_14_Inner_Layer_1:2 0.4666666666666667 0.4666666666666667 1.75 2.38 43 21 3.33 1
1
APP_14_Inner_Layer_2:0 0.3333333333333333 0.3333333333333333 1.25 2.43 2 35 3.59 0
2 4
APP_14_Inner_Layer_2:1 0.4666666666666667 0.4666666666666667 1.75 3.71 41 35 1.17 1
2
APP_14_Inner_Layer_2:2 0.06666666666666667 0.06666666666666667 0.25 2.48 22 27 2.69 1
2 3
APP_14_Inner_Layer_2:3 0.26666666666666666 0.26666666666666666 1.0 2.7 22 26 2.74 0
4
APP_14_Inner_Layer_3:0 0.2 0.2 0.75 3.38 21 45 3.98 0
5 7 8
APP_14_Inner_Layer_3:1 0.4666666666666667 0.4666666666666667 1.75 3.64 44 11 3.45 0
6 8
APP_14_Inner_Layer_3:2 0.3333333333333333 0.3333333333333333 1.25 1.46 27 11 3.46 1
7
APP_14_Output_Layer_0 0.26666666666666666 0.26666666666666666 1.0 2.36 10 14 2.32 1
9 10 11
13
5.0078981359968235
APP_15_Input_Layer_0 0.6 0.6 2.25 1.1 36 17 3.77 1

APP_15_Inner_Layer_0:0 0.4 0.4 1.5 1.91 48 44 3.49 0
0
APP_15_Inner_Layer_0:1 0.3333333333333333 0.3333333333333333 1.25 3.61 47 4 2.89 1
0
APP_15_Inner_Layer_1:0 0.26666666666666666 0.26666666666666666 1.0 3.02 31 43 1.41 0
2
APP_15_Inner_Layer_1:1 0.13333333333333333 0.13333333333333333 0.5 2.95 29 41 2.64 1
2
APP_15_Inner_Layer_1:2 0.26666666666666666 0.26666666666666666 1.0 1.95 32 49 2.17 1
2
APP_15_Inner_Layer_1:3 0.4666666666666667 0.4666666666666667 1.75 2.54 16 49 3.44 1
1 2
APP_15_Inner_Layer_2:0 0.06666666666666667 0.06666666666666667 0.25 1.94 9 39 1.47 1
5
APP_15_Inner_Layer_2:1 0.2 0.2 0.75 1.9 30 8 1.57 1
3 4 6
APP_15_Inner_Layer_3:0 0.4 0.4 1.5 2.02 32 42 3.63 1
8
APP_15_Inner_Layer_3:1 0.6 0.6 2.25 3.55 31 32 3.87 1
7
APP_15_Inner_Layer_3:2 0.6 0.6 2.25 1.46 33 3 1.9 1
7 8
APP_15_Output_Layer_0 0.4 0.4 1.5 2.69 22 2 1.61 1
9 10 11
8
5.24043399279836
APP_16_Input_Layer_0 0.4666666666666667 0.4666666666666667 1.75 1.1 10 27 2.25 1

APP_16_Inner_Layer_0:0 0.3333333333333333 0.3333333333333333 1.25 3.17 48 2 1.33 1
0
APP_16_Inner_Layer_0:1 0.13333333333333333 0.13333333333333333 0.5 2.1 8 23 2.4 1
0
APP_16_Inner_Layer_0:2 0.13333333333333333 0.13333333333333333 0.5 3.8 5 13 1.15 0
0
APP_16_Inner_Layer_1:0 0.26666666666666666 0.26666666666666666 1.0 3.92 16 30 1.08 1
2
APP_16_Inner_Layer_1:1 0.4666666666666667 0.4666666666666667 1.75 1.11 43 26 2.3 1
2
APP_16_Inner_Layer_1:2 0.4666666666666667 0.4666666666666667 1.75 3.4 32 3 1.38 0
1 3
APP_16_Output_Layer_0 0.26666666666666666 0.26666666666666666 1.0 2.27 14 15 3.13 1
4 5 6
10
5.494561902436102
APP_17_Input_Layer_0 0.2 0.2 0.75 2.97 34 35 1.62 1

APP_17_Inner_Layer_0:0 0.5333333333333333 0.5333333333333333 2.0 1.78 27 15 3.37 0
0
APP_17_Inner_Layer_0:1 0.06666666666666667 0.06666666666666667 0.25 1.93 1 46 1.93 1
0
APP_17_Inner_Layer_1:0 0.4 0.4 1.5 2.58 35 30 3.11 1
1 2
APP_17_Inner_Layer_1:1 0.06666666666666667 0.06666666666666667 0.25 1.85 37 16 1.74 1
1
APP_17_Inner_Layer_1:2 0.6 0.6 2.25 3.14 24 13 2.27 0
2
APP_17_Inner_Layer_2:0 0.06666666666666667 0.06666666666666667 0.25 1.93 4 17 1.13 1
5
APP_17_Inner_Layer_2:1 0.2 0.2 0.75 2.3 23 1 1.3 0
4
APP_17_Inner_Layer_2:2 0.26666666666666666 0.26666666666666666 1.0 3.09 35 24 1.69 1
3
APP_17_Output_Layer_0 0.2 0.2 0.75 2.68 19 2 1.47 1
6 7 8
