10
18
8
0
APP_0_Input_Layer_0 0.06666666666666667 0.06666666666666667 0.25 3.97 31 28 3.67 1

APP_0_Inner_Layer_0:0 0.4666666666666667 0.4666666666666667 1.75 2.71 2 43 3.9 0
0
APP_0_Inner_Layer_1:0 0.3333333333333333 0.3333333333333333 1.25 3.72 3 21 2.22 1
1
APP_0_Inner_Layer_1:1 0.5333333333333333 0.5333333333333333 2.0 1.42 1 2 1.12 1
1
APP_0_Inner_Layer_1:2 0.13333333333333333 0.13333333333333333 0.5 2.72 31 20 2.04 0
1
APP_0_Inner_Layer_2:0 0.4 0.4 1.5 3.5 17 4 1.86 0
2
APP_0_Inner_Layer_2:1 0.06666666666666667 0.06666666666666667 0.25 2.41 3 29 2.44 1
3 4
APP_0_Output_Layer_0 0.4666666666666667 0.4666666666666667 1.75 3.48 27 17 1.25 1
5 6
9
0.20510643403858478
APP_1_Input_Layer_0 0.4666666666666667 0.4666666666666667 1.75 3.8 36 11 1.03 1

APP_1_Inner_Layer_0:0 0.4 0.4 1.5 1.4 29 1 2.11 1
0
APP_1_Inner_Layer_0:1 0.13333333333333333 0.13333333333333333 0.5 2.65 10 38 3.52 1
0
APP_1_Inner_Layer_0:2 0.4 0.4 1.5 3.42 19 20 2.93 0
0
APP_1_Inner_Layer_1:0 0.5333333333333333 0.5333333333333333 2.0 1.79 40 43 3.46 1
3
APP_1_Inner_Layer_1:1 0.4 0.4 1.5 3.04 4 34 3.93 1
1 2
APP_1_Inner_Layer_2:0 0.26666666666666666 0.26666666666666666 1.0 2.57 3 36 2.31 1
5
APP_1_Inner_Layer_2:1 0.2 0.2 0.75 2.82 17 46 2.31 1
4
APP_1_Output_Layer_0 0.5333333333333333 0.5333333333333333 2.0 3.4 36 28 3.91 1
6 7
8
0.5328258217742421
APP_2_Input_Layer_0 0.4 0.4 1.5 2.71 3 20 3.79 1

APP_2_Inner_Layer_0:0 0.4 0.4 1.5 2.47 33 33 2.21 0
0
APP_2_Inner_Layer_0:1 0.6 0.6 2.25 3.54 14 10 2.64 1
0
APP_2_Inner_Layer_1:0 0.4666666666666667 0.4666666666666667 1.75 1.22 14 22 1.47 0
1
APP_2_Inner_Layer_1:1 0.06666666666666667 0.06666666666666667 0.25 1.81 8 36 3.34 0
2
APP_2_Inner_Layer_1:2 0.06666666666666667 0.06666666666666667 0.25 1.96 40 31 1.29 1
2
APP_2_Inner_Layer_1:3 0.13333333333333333 0.13333333333333333 0.5 2.01 26 17 3.3 1
1 2
APP_2_Output_Layer_0 0.5333333333333333 0.5333333333333333 2.0 1.8 44 40 1.91 1
3 4 5 6
8
0.9914707986748295
APP_3_Input_Layer_0 0.4666666666666667 0.4666666666666667 1.75 1.21 49 33 2.49 1

APP_3_Inner_Layer_0:0 0.06666666666666667 0.06666666666666667 0.25 1.3 44 2 3.16 1
0
APP_3_Inner_Layer_0:1 0.4 0.4 1.5 1.16 19 36 2.75 1
0
APP_3_Inner_Layer_1:0 0.13333333333333333 0.13333333333333333 0.5 2.74 8 2 1.49 1
1
APP_3_Inner_Layer_1:1 0.5333333333333333 0.5333333333333333 2.0 1.81 24 9 2.12 0
1
APP_3_Inner_Layer_1:2 0.13333333333333333 0.13333333333333333 0.5 2.59 15 46 1.53 1
1 2
APP_3_Inner_Layer_1:3 0.13333333333333333 0.13333333333333333 0.5 3.63 34 32 3.75 1
2
APP_3_Output_Layer_0 0.26666666666666666 0.26666666666666666 1.0 1.94 3 5 3.19 0
3 4 5 6
11
1.1962303022188003
APP_4_Input_Layer_0 0.4 0.4 1.5 2.75 15 13 2.15 1

APP_4_Inner_Layer_0:0 0.3333333333333333 0.3333333333333333 1.25 2.53 9 49 1.78 0
0
APP_4_Inner_Layer_0:1 0.26666666666666666 0.26666666666666666 1.0 2.66 26 4 2.37 1
0
APP_4_Inner_Layer_1:0 0.13333333333333333 0.13333333333333333 0.5 3.0 29 44 3.35 1
2
APP_4_Inner_Layer_1:1 0.2 0.2 0.75 2.39 9 26 3.16 1
1 2
APP_4_Inner_Layer_2:0 0.6 0.6 2.25 2.25 32 10 1.64 1
3
APP_4_Inner_Layer_2:1 0.3333333333333333 0.3333333333333333 1.25 1.65 37 19 3.49 1
4
APP_4_Inner_Layer_3:0 0.3333333333333333 0.3333333333333333 1.25 2.03 18 7 3.97 1
6
APP_4_Inner_Layer_3:1 0.3333333333333333 0.3333333333333333 1.25 3.54 49 9 1.13 0
5
APP_4_Inner_Layer_3:2 0.3333333333333333 0.3333333333333333 1.25 1.23 28 18 3.03 1
5
APP_4_Output_Layer_0 0.3333333333333333 0.3333333333333333 1.25 2.49 13 9 1.47 1
7 8 9
3
1.7292603169233647
APP_5_Input_Layer_0 0.2 0.2 0.75 2.72 40 11 1.43 0

APP_5_Inner_Layer_0:0 0.06666666666666667 0.06666666666666667 0.25 3.92 38 5 1.74 0
0
APP_5_Output_Layer_0 0.6 0.6 2.25 1.67 39 25 2.55 1
1
10
1.9361418377124102
APP_6_Input_Layer_0 0.6 0.6 2.25 3.8 28 18 3.85 1

APP_6_Inner_Layer_0:0 0.3333333333333333 0.3333333333333333 1.25 1.41 10 45 1.88 1
0
APP_6_Inner_Layer_0:1 0.06666666666666667 0.06666666666666667 0.25 1.14 7 33 3.26 1
0
APP_6_Inner_Layer_1:0 0.6 0.6 2.25 1.68 33 22 3.84 1
1 2
APP_6_Inner_Layer_2:0 0.4666666666666667 0.4666666666666667 1.75 1.99 27 20 2.98 1
3
APP_6_Inner_Layer_2:1 0.4 0.4 1.5 3.09 18 13 3.81 1
3
APP_6_Inner_Layer_3:0 0.6 0.6 2.25 1.92 4 16 1.73 1
4 5
APP_6_Inner_Layer_3:1 0.06666666666666667 0.06666666666666667 0.25 3.46 8 40 2.78 1
4 5
APP_6_Inner_Layer_3:2 0.4 0.4 1.5 1.18 17 28 3.92 1
4
APP_6_Output_Layer_0 0.26666666666666666 0.26666666666666666 1.0 3.16 4 1 2.54 1
6 7 8
12
2.1495157488287764
APP_7_Input_Layer_0 0.4 0.4 1.5 2.32 43 35 1.7 1

APP_7_Inner_Layer_0:0 0.06666666666666667 0.06666666666666667 0.25 2.55 29 33 2.31 0
0
APP_7_Inner_Layer_0:1 0.4 0.4 1.5 1.56 30 34 1.82 1
0
APP_7_Inner_Layer_0:2 0.26666666666666666 0.26666666666666666 1.0 1.51 15 35 2.7 0
0
APP_7_Inner_Layer_1:0 0.13333333333333333 0.13333333333333333 0.5 2.95 47 32 1.57 1
1 2 3
APP_7_Inner_Layer_2:0 0.13333333333333333 0.13333333333333333 0.5 3.4 25 39 3.7 0
4
APP_7_Inner_Layer_2:1 0.26666666666666666 0.26666666666666666 1.0 3.41 8 28 2.08 1
4
APP_7_Inner_Layer_2:2 0.13333333333333333 0.13333333333333333 0.5 3.23 35 23 2.77 0
4
APP_7_Inner_Layer_3:0 0.13333333333333333 0.13333333333333333 0.5 1.62 25 16 2.04 1
5 6 7
APP_7_Inner_Layer_3:1 0.4 0.4 1.5 3.54 7 39 2.91 1
5 7
APP_7_Inner_Layer_3:2 0.13333333333333333 0.13333333333333333 0.5 2.21 17 1 3.44 1
6
APP_7_Output_Layer_0 0.4 0.4 1.5 2.47 37 26 2.01 1
8 9 10
8
2.5953352056818075
APP_8_Input_Layer_0 0.3333333333333333 0.3333333333333333 1.25 2.7 43 14 2.42 1

APP_8_Inner_Layer_0:0 0.4666666666666667 0.4666666666666667 1.75 3.84 37 28 2.97 1
0
APP_8_Inner_Layer_0:1 0.26666666666666666 0.26666666666666666 1.0 3.3 45 2 1.24 1
0
APP_8_Inner_Layer_0:2 0.3333333333333333 0.3333333333333333 1.25 2.27 8 33 3.89 0
0
APP_8_Inner_Layer_1:0 0.06666666666666667 0.06666666666666667 0.25 2.99 41 13 1.79 0
2 3
APP_8_Inner_Layer_1:1 0.26666666666666666 0.26666666666666666 1.0 3.4 48 29 1.06 1
1 3
APP_8_Inner_Layer_1:2 0.4 0.4 1.5 1.38 12 43 2.25 0
2 1
APP_8_Output_Layer_0 0.6 0.6 2.25 2.63 43 21 1.18 1
4 5 6
9
2.957618309434243
APP_9_Input_Layer_0 0.4 0.4 1.5 2.25 30 25 2.57 1

APP_9_Inner_Layer_0:0 0.6 0.6 2.25 2.4 19 45 2.88 0
0
APP_9_Inner_Layer_1:0 0.4 0.4 1.5 1.97 41 1 2.3 1
1
APP_9_Inner_Layer_1:1 0.4666666666666667 0.4666666666666667 1.75 1.92 41 8 2.46 0
1
APP_9_Inner_Layer_1:2 0.4 0.4 1.5 2.7 3 9 1.3 0
1
APP_9_Inner_Layer_1:3 0.26666666666666666 0.26666666666666666 1.0 3.23 36 20 3.73 1
1
APP_9_Inner_Layer_2:0 0.4 0.4 1.5 2.73 45 46 3.08 0
2 3 4 5
APP_9_Inner_Layer_3:0 0.5333333333333333 0.5333333333333333 2.0 2.24 20 45 3.04 1
6
APP_9_Output_Layer_0 0.5333333333333333 0.5333333333333333 2.0 1.83 40 15 2.84 0
7
3
3.3024670279284813
APP_10_Input_Layer_0 0.3333333333333333 0.3333333333333333 1.25 3.27 14 39 2.4 1

APP_10_Inner_Layer_0:0 0.2 0.2 0.75 3.44 28 21 3.49 1
0
APP_10_Output_Layer_0 0.3333333333333333 0.3333333333333333 1.25 1.63 4 16 2.72 1
1
6
3.611055745822855
APP_11_Input_Layer_0 0.26666666666666666 0.26666666666666666 1.0 3.28 49 20 1.37 1

APP_11_Inner_Layer_0:0 0.13333333333333333 0.13333333333333333 0.5 3.25 7 36 2.46 1
0
APP_11_Inner_Layer_0:1 0.5333333333333333 0.5333333333333333 2.0 2.68 47 17 1.23 1
0
APP_11_Inner_Layer_0:2 0.4 0.4 1.5 1.91 10 2 2.72 1
0
APP_11_Inner_Layer_0:3 0.13333333333333333 0.13333333333333333 0.5 1.56 18 10 1.68 1
0
APP_11_Output_Layer_0 0.2 0.2 0.75 2.13 18 29 3.31 1
1 2 3 4
7
4.084409327364528
APP_12_Input_Layer_0 0.6 0.6 2.25 1.22 27 8 4.0 1

APP_12_Inner_Layer_0:0 0.4 0.4 1.5 2.5 18 10 2.94 1
0
APP_12_Inner_Layer_0:1 0.6 0.6 2.25 1.05 28 5 1.89 1
0
APP_12_Inner_Layer_1:0 0.5333333333333333 0.5333333333333333 2.0 1.24 19 47 1.49 1
1
APP_12_Inner_Layer_1:1 0.2 0.2 0.75 3.13 11 37 3.79 1
1
APP_12_Inner_Layer_1:2 0.13333333333333333 0.13333333333333333 0.5 1.52 21 39 2.36 1
2
APP_12_Output_Layer_0 0.4666666666666667 0.4666666666666667 1.75 2.47 7 19 3.77 1
3 4 5
6
4.440282930638546
APP_13_Input_Layer_0 0.13333333333333333 0.13333333333333333 0.5 2.77 30 20 2.05 1

APP_13_Inner_Layer_0:0 0.13333333333333333 0.13333333333333333 0.5 3.85 26 23 2.4 0
0
APP_13_Inner_Layer_0:1 0.5333333333333333 0.5333333333333333 2.0 1.3 42 3 2.39 0
0
APP_13_Inner_Layer_0:2 0.5333333333333333 0.5333333333333333 2.0 1.17 32 35 1.53 1
0
APP_13_Inner_Layer_1:0 0.06666666666666667 0.06666666666666667 0.25 3.01 36 23 1.35 0
1 2 3
APP_13_Output_Layer_0 0.3333333333333333 0.3333333333333333 1.25 2.42 22 47 1.05 1
4
9
4.832777439236662
APP_14_Input_Layer_0 0.13333333333333333 0.13333333333333333 0.5 2.68 47 46 1.25 1

APP_14_Inner_Layer_0:0 0.26666666666666666 0.26666666666666666 1.0 1.38 40 16 2.12 0
0
APP_14_Inner_Layer_0:1 0.3333333333333333 0.3333333333333333 1.25 2.75 7 6 2.91 1
0
APP_14_Inner_Layer_0:2 0.26666666666666666 0.26666666666666666 1.0 1.59 4 2 1.44 1
0
APP_14_Inner_Layer_0:3 0.2 0.2 0.75 3.13 37 38 3.52 1
0
APP_14_Inner_Layer_1:0 0.3333333333333333 0.3333333333333333 1.25 1.49 32 1 1.21 1
1 2 3 4
APP_14_Inner_Layer_2:0 0.5333333333333333 0.5333333333333333 2.0 2.56 5 38 2.6 0
5
APP_14_Inner_Layer_3:0 0.26666666666666666 0.26666666666666666 1.0 1.9 6 3 3.14 1
6
APP_14_Output_Layer_0 0.5333333333333333 0.5333333333333333 2.0 3.4 7 6 3.51 1
7
6
5.1333379597865845
APP_15_Input_Layer_0 0.13333333333333333 0.13333333333333333 0.5 1.61 48 40 1.52 1

APP_15_Inner_Layer_0:0 0.6 0.6 2.25 1.01 7 44 2.62 1
0
APP_15_Inner_Layer_0:1 0.06666666666666667 0.06666666666666667 0.25 3.84 15 28 2.74 0
0
APP_15_Inner_Layer_0:2 0.2 0.2 0.75 3.54 6 40 1.41 0
0
APP_15_Inner_Layer_1:0 0.4 0.4 1.5 1.98 34 15 2.56 1
1 2 3
APP_15_Output_Layer_0 0.3333333333333333 0.3333333333333333 1.25 1.14 34 13 1.32 1
4
11
5.455934079096833
APP_16_Input_Layer_0 0.6 0.6 2.25 1.54 37 1 2.46 1

APP_16_Inner_Layer_0:0 0.2 0.2 0.75 2.21 27 19 1.53 0
0
APP_16_Inner_Layer_0:1 0.13333333333333333 0.13333333333333333 0.5 3.76 6 25 2.77 0
0
APP_16_Inner_Layer_0:2 0.2 0.2 0.75 1.05 28 9 3.35 0
0
APP_16_Inner_Layer_1:0 0.5333333333333333 0.5333333333333333 2.0 2.96 20 5 3.19 0
1
APP_16_Inner_Layer_1:1 0.13333333333333333 0.13333333333333333 0.5 3.42 46 42 1.93 1
1 3
APP_16_Inner_Layer_1:2 0.2 0.2 0.75 3.41 45 27 3.08 1
2 3
APP_16_Inner_Layer_2:0 0.4 0.4 1.5 3.69 18 16 1.84 1
4 5 6
APP_16_Inner_Layer_3:0 0.26666666666666666 0.26666666666666666 1.0 3.05 7 18 2.62 1
7
APP_16_Inner_Layer_3:1 0.13333333333333333 0.13333333333333333 0.5 3.84 48 19 2.93 1
7
APP_16_Output_Layer_0 0.2 0.2 0.75 1.9 36 26 1.52 1
8 9
4
5.779190640600201
APP_17_Input_Layer_0 0.5333333333333333 0.5333333333333333 2.0 2.99 36 26 2.7 1

APP_17_Inner_Layer_0:0 0.06666666666666667 0.06666666666666667 0.25 3.77 30 7 1.07 0
0
APP_17_Inner_Layer_0:1 0.6 0.6 2.25 1.2 48 2 2.76 0
0
APP_17_Output_Layer_0 0.6 0.6 2.25 3.4 24 30 1.85 1
1 2
