10
18
5
0
APP_0_Input_Layer_0 0.4 0.4 1.5 1.97 31 9 3.7 1

APP_0_Inner_Layer_0:0 0.13333333333333333 0.13333333333333333 0.5 3.8 22 17 3.38 1
0
APP_0_Inner_Layer_0:1 0.2 0.2 0.75 3.31 7 19 2.59 0
0
APP_0_Inner_Layer_0:2 0.6 0.6 2.25 1.17 43 43 2.32 1
0
APP_0_Output_Layer_0 0.06666666666666667 0.06666666666666667 0.25 2.59 18 11 3.07 1
1 2 3
5
0.3879356769271032
APP_1_Input_Layer_0 0.6 0.6 2.25 1.79 7 13 1.38 1

APP_1_Inner_Layer_0:0 0.26666666666666666 0.26666666666666666 1.0 3.52 13 28 2.5 1
0
APP_1_Inner_Layer_1:0 0.4666666666666667 0.4666666666666667 1.75 3.91 23 30 2.82 1
1
APP_1_Inner_Layer_1:1 0.6 0.6 2.25 1.77 11 9 1.97 1
1
APP_1_Output_Layer_0 0.26666666666666666 0.26666666666666666 1.0 2.71 21 29 2.15 1
2 3
15
0.7821258896885654
APP_2_Input_Layer_0 0.2 0.2 0.75 3.49 25 16 2.14 1

APP_2_Inner_Layer_0:0 0.06666666666666667 0.06666666666666667 0.25 3.55 46 20 1.84 1
0
APP_2_Inner_Layer_0:1 0.4666666666666667 0.4666666666666667 1.75 3.9 16 47 1.6 0
0
APP_2_Inner_Layer_1:0 0.3333333333333333 0.3333333333333333 1.25 2.34 17 31 1.83 1
1
APP_2_Inner_Layer_1:1 0.2 0.2 0.75 2.34 42 16 2.92 1
2
APP_2_Inner_Layer_1:2 0.26666666666666666 0.26666666666666666 1.0 1.65 48 38 1.01 1
1
APP_2_Inner_Layer_1:3 0.5333333333333333 0.5333333333333333 2.0 2.4 7 8 1.65 1
1
APP_2_Inner_Layer_2:0 0.13333333333333333 0.13333333333333333 0.5 1.12 18 40 2.68 1
3 4 5 6
APP_2_Inner_Layer_2:1 0.2 0.2 0.75 1.93 37 30 1.46 0
5
APP_2_Inner_Layer_2:2 0.3333333333333333 0.3333333333333333 1.25 1.5 11 34 2.79 0
3 4 6
APP_2_Inner_Layer_3:0 0.26666666666666666 0.26666666666666666 1.0 1.64 18 23 3.43 1
7 8
APP_2_Inner_Layer_3:1 0.6 0.6 2.25 2.64 13 9 3.18 1
7 9
APP_2_Inner_Layer_3:2 0.4666666666666667 0.4666666666666667 1.75 2.44 3 2 2.85 1
7 8 9
APP_2_Inner_Layer_3:3 0.2 0.2 0.75 2.09 5 9 3.05 1
8 9
APP_2_Output_Layer_0 0.26666666666666666 0.26666666666666666 1.0 2.84 43 4 2.45 1
10 11 12 13
7
1.1024097184517414
APP_3_Input_Layer_0 0.06666666666666667 0.06666666666666667 0.25 1.87 37 38 2.72 1

APP_3_Inner_Layer_0:0 0.13333333333333333 0.13333333333333333 0.5 3.48 19 9 2.53 1
0
APP_3_Inner_Layer_0:1 0.6 0.6 2.25 1.43 25 17 2.19 0
0
APP_3_Inner_Layer_0:2 0.6 0.6 2.25 3.58 24 11 1.85 0
0
APP_3_Inner_Layer_1:0 0.4666666666666667 0.4666666666666667 1.75 1.25 18 11 2.36 1
1 2 3
APP_3_Inner_Layer_2:0 0.4 0.4 1.5 1.8 2 28 2.5 1
4
APP_3_Output_Layer_0 0.2 0.2 0.75 2.58 41 3 3.36 1
5
12
1.377101787730497
APP_4_Input_Layer_0 0.3333333333333333 0.3333333333333333 1.25 3.99 23 1 2.97 1

APP_4_Inner_Layer_0:0 0.06666666666666667 0.06666666666666667 0.25 2.31 14 23 2.39 1
0
APP_4_Inner_Layer_0:1 0.5333333333333333 0.5333333333333333 2.0 1.61 27 40 1.51 1
0
APP_4_Inner_Layer_0:2 0.4 0.4 1.5 3.95 26 10 2.38 1
0
APP_4_Inner_Layer_0:3 0.4 0.4 1.5 1.33 12 34 3.63 0
0
APP_4_Inner_Layer_1:0 0.5333333333333333 0.5333333333333333 2.0 1.13 48 12 2.88 1
3 4
APP_4_Inner_Layer_1:1 0.26666666666666666 0.26666666666666666 1.0 1.63 22 28 3.37 1
4 3
APP_4_Inner_Layer_1:2 0.4666666666666667 0.4666666666666667 1.75 1.92 24 3 3.7 1
1
APP_4_Inner_Layer_1:3 0.4666666666666667 0.4666666666666667 1.75 1.82 26 28 3.53 1
1 2
APP_4_Inner_Layer_2:0 0.4666666666666667 0.4666666666666667 1.75 2.21 49 25 1.9 0
5 6 7 8
APP_4_Inner_Layer_2:1 0.4 0.4 1.5 2.41 45 36 3.3 1
8
APP_4_Output_Layer_0 0.26666666666666666 0.26666666666666666 1.0 1.21 18 39 3.3 0
9 10
6
1.8500692824015526
APP_5_Input_Layer_0 0.3333333333333333 0.3333333333333333 1.25 1.17 44 49 2.77 1

APP_5_Inner_Layer_0:0 0.6 0.6 2.25 1.59 29 28 2.6 1
0
APP_5_Inner_Layer_0:1 0.4666666666666667 0.4666666666666667 1.75 3.22 40 46 1.7 0
0
APP_5_Inner_Layer_0:2 0.5333333333333333 0.5333333333333333 2.0 3.58 7 29 1.88 1
0
APP_5_Inner_Layer_1:0 0.4666666666666667 0.4666666666666667 1.75 2.1 45 31 3.83 1
1 2 3
APP_5_Output_Layer_0 0.26666666666666666 0.26666666666666666 1.0 1.82 39 34 3.97 1
4
10
2.0796381985935253
APP_6_Input_Layer_0 0.5333333333333333 0.5333333333333333 2.0 3.46 25 15 3.09 1

APP_6_Inner_Layer_0:0 0.13333333333333333 0.13333333333333333 0.5 2.7 24 34 3.21 0
0
APP_6_Inner_Layer_0:1 0.3333333333333333 0.3333333333333333 1.25 1.69 15 1 3.99 0
0
APP_6_Inner_Layer_1:0 0.4666666666666667 0.4666666666666667 1.75 1.33 49 24 3.54 1
1 2
APP_6_Inner_Layer_1:1 0.13333333333333333 0.13333333333333333 0.5 3.43 48 15 3.43 0
1
APP_6_Inner_Layer_1:2 0.4666666666666667 0.4666666666666667 1.75 3.46 17 49 1.97 0
1
APP_6_Inner_Layer_2:0 0.2 0.2 0.75 3.01 20 18 3.1 1
4
APP_6_Inner_Layer_2:1 0.6 0.6 2.25 1.09 7 47 3.43 0
3 5
APP_6_Inner_Layer_3:0 0.2 0.2 0.75 3.87 42 39 1.59 1
6 7
APP_6_Output_Layer_0 0.26666666666666666 0.26666666666666666 1.0 3.63 40 31 2.64 1
8
8
2.4138956910833507
APP_7_Input_Layer_0 0.5333333333333333 0.5333333333333333 2.0 2.7 30 37 3.67 0

APP_7_Inner_Layer_0:0 0.4 0.4 1.5 1.95 20 27 2.29 0
0
APP_7_Inner_Layer_1:0 0.26666666666666666 0.26666666666666666 1.0 2.95 42 13 2.38 1
1
APP_7_Inner_Layer_1:1 0.26666666666666666 0.26666666666666666 1.0 3.27 37 39 2.86 1
1
APP_7_Inner_Layer_1:2 0.5333333333333333 0.5333333333333333 2.0 2.45 47 37 1.27 0
1
APP_7_Inner_Layer_2:0 0.2 0.2 0.75 2.35 35 22 2.45 0
2 4
APP_7_Inner_Layer_2:1 0.5333333333333333 0.5333333333333333 2.0 1.26 45 14 2.12 1
3
APP_7_Output_Layer_0 0.4666666666666667 0.4666666666666667 1.75 1.05 23 20 2.92 1
5 6
10
2.8894074405714125
APP_8_Input_Layer_0 0.13333333333333333 0.13333333333333333 0.5 1.49 10 12 1.26 1

APP_8_Inner_Layer_0:0 0.13333333333333333 0.13333333333333333 0.5 3.01 19 31 1.91 0
0
APP_8_Inner_Layer_1:0 0.26666666666666666 0.26666666666666666 1.0 1.32 34 5 3.5 1
1
APP_8_Inner_Layer_1:1 0.26666666666666666 0.26666666666666666 1.0 1.51 14 7 2.04 1
1
APP_8_Inner_Layer_2:0 0.13333333333333333 0.13333333333333333 0.5 3.9 31 10 2.05 1
3
APP_8_Inner_Layer_2:1 0.13333333333333333 0.13333333333333333 0.5 2.05 13 48 3.17 1
2
APP_8_Inner_Layer_3:0 0.6 0.6 2.25 4.0 33 8 3.46 0
4
APP_8_Inner_Layer_3:1 0.5333333333333333 0.5333333333333333 2.0 3.2 2 10 3.19 1
5
APP_8_Inner_Layer_3:2 0.3333333333333333 0.3333333333333333 1.25 1.18 33 37 1.88 1
4 5
APP_8_Output_Layer_0 0.2 0.2 0.75 2.44 44 23 2.53 1
6 7 8
8
3.4244963659311134
APP_9_Input_Layer_0 0.4 0.4 1.5 2.43 4 20 1.91 1

APP_9_Inner_Layer_0:0 0.3333333333333333 0.3333333333333333 1.25 1.63 20 24 2.89 1
0
APP_9_Inner_Layer_0:1 0.2 0.2 0.75 1.09 14 45 2.16 1
0
APP_9_Inner_Layer_1:0 0.13333333333333333 0.13333333333333333 0.5 1.26 9 9 2.74 1
1
APP_9_Inner_Layer_1:1 0.4 0.4 1.5 2.47 21 36 2.68 1
1 2
APP_9_Inner_Layer_1:2 0.3333333333333333 0.3333333333333333 1.25 2.35 44 15 2.15 1
1
APP_9_Inner_Layer_1:3 0.6 0.6 2.25 2.23 32 25 3.29 0
2
APP_9_Output_Layer_0 0.26666666666666666 0.26666666666666666 1.0 3.63 13 35 2.5 1
3 4 5 6
6
3.6540220084617903
APP_10_Input_Layer_0 0.5333333333333333 0.5333333333333333 2.0 3.01 38 27 3.25 1

APP_10_Inner_Layer_0:0 0.13333333333333333 0.13333333333333333 0.5 2.13 48 18 1.21 1
0
APP_10_Inner_Layer_1:0 0.26666666666666666 0.26666666666666666 1.0 1.77 1 29 3.34 1
1
APP_10_Inner_Layer_1:1 0.5333333333333333 0.5333333333333333 2.0 3.53 33 49 2.94 1
1
APP_10_Inner_Layer_1:2 0.13333333333333333 0.13333333333333333 0.5 1.74 2 21 2.17 0
1
APP_10_Output_Layer_0 0.6 0.6 2.25 1.97 19 22 1.86 1
2 3 4
9
4.004252126859294
APP_11_Input_Layer_0 0.6 0.6 2.25 1.68 7 45 3.94 1

APP_11_Inner_Layer_0:0 0.5333333333333333 0.5333333333333333 2.0 2.48 34 23 2.19 1
0
APP_11_Inner_Layer_0:1 0.5333333333333333 0.5333333333333333 2.0 2.09 24 20 1.81 1
0
APP_11_Inner_Layer_0:2 0.4666666666666667 0.4666666666666667 1.75 2.01 30 5 2.0 0
0
APP_11_Inner_Layer_0:3 0.5333333333333333 0.5333333333333333 2.0 3.42 6 47 3.13 0
0
APP_11_Inner_Layer_1:0 0.3333333333333333 0.3333333333333333 1.25 3.14 12 7 2.96 1
2 3
APP_11_Inner_Layer_1:1 0.3333333333333333 0.3333333333333333 1.25 1.14 48 38 1.31 1
1 2 4
APP_11_Inner_Layer_1:2 0.26666666666666666 0.26666666666666666 1.0 2.83 1 11 3.54 0
3 4
APP_11_Output_Layer_0 0.4 0.4 1.5 3.69 9 27 3.75 1
5 6 7
14
4.209901539878867
APP_12_Input_Layer_0 0.4 0.4 1.5 2.37 24 19 2.15 1

APP_12_Inner_Layer_0:0 0.06666666666666667 0.06666666666666667 0.25 1.1 9 17 1.09 0
0
APP_12_Inner_Layer_0:1 0.4 0.4 1.5 1.36 19 39 1.7 1
0
APP_12_Inner_Layer_0:2 0.26666666666666666 0.26666666666666666 1.0 1.39 33 39 1.48 0
0
APP_12_Inner_Layer_0:3 0.5333333333333333 0.5333333333333333 2.0 1.8 33 30 1.86 1
0
APP_12_Inner_Layer_1:0 0.26666666666666666 0.26666666666666666 1.0 2.86 38 32 2.6 0
1 4
APP_12_Inner_Layer_1:1 0.2 0.2 0.75 1.51 40 13 2.11 0
2 3
APP_12_Inner_Layer_2:0 0.4666666666666667 0.4666666666666667 1.75 1.36 34 17 1.19 1
5
APP_12_Inner_Layer_2:1 0.06666666666666667 0.06666666666666667 0.25 1.5 21 27 1.1 0
6
APP_12_Inner_Layer_3:0 0.06666666666666667 0.06666666666666667 0.25 2.95 39 1 2.2 0
7
APP_12_Inner_Layer_3:1 0.26666666666666666 0.26666666666666666 1.0 3.87 30 24 2.91 1
8
APP_12_Inner_Layer_3:2 0.5333333333333333 0.5333333333333333 2.0 1.84 24 41 3.59 0
8
APP_12_Inner_Layer_3:3 0.5333333333333333 0.5333333333333333 2.0 2.0 24 47 1.89 1
8
APP_12_Output_Layer_0 0.4666666666666667 0.4666666666666667 1.75 3.9 46 8 1.72 1
9 10 11 12
9
4.692275430475576
APP_13_Input_Layer_0 0.6 0.6 2.25 2.09 49 11 1.58 1

APP_13_Inner_Layer_0:0 0.06666666666666667 0.06666666666666667 0.25 1.14 5 7 3.53 1
0
APP_13_Inner_Layer_0:1 0.13333333333333333 0.13333333333333333 0.5 3.12 4 12 3.23 1
0
APP_13_Inner_Layer_0:2 0.2 0.2 0.75 2.36 42 27 1.8 0
0
APP_13_Inner_Layer_0:3 0.06666666666666667 0.06666666666666667 0.25 1.8 33 25 2.56 1
0
APP_13_Inner_Layer_1:0 0.4 0.4 1.5 1.01 33 48 3.6 1
1 2 3 4
APP_13_Inner_Layer_2:0 0.13333333333333333 0.13333333333333333 0.5 2.56 35 20 2.0 1
5
APP_13_Inner_Layer_2:1 0.26666666666666666 0.26666666666666666 1.0 2.64 32 27 1.97 1
5
APP_13_Output_Layer_0 0.6 0.6 2.25 1.35 26 25 3.11 1
6 7
7
4.938425592605373
APP_14_Input_Layer_0 0.26666666666666666 0.26666666666666666 1.0 3.35 42 35 1.47 1

APP_14_Inner_Layer_0:0 0.5333333333333333 0.5333333333333333 2.0 1.65 36 35 2.17 1
0
APP_14_Inner_Layer_0:1 0.06666666666666667 0.06666666666666667 0.25 2.21 41 18 1.07 1
0
APP_14_Inner_Layer_1:0 0.13333333333333333 0.13333333333333333 0.5 3.88 25 21 1.92 1
1 2
APP_14_Inner_Layer_1:1 0.4 0.4 1.5 3.76 29 48 1.64 0
1
APP_14_Inner_Layer_1:2 0.4666666666666667 0.4666666666666667 1.75 2.57 11 20 2.88 1
2
APP_14_Output_Layer_0 0.5333333333333333 0.5333333333333333 2.0 3.97 19 30 1.98 1
3 4 5
5
5.267757033333333
APP_15_Input_Layer_0 0.06666666666666667 0.06666666666666667 0.25 3.89 43 49 1.75 1

APP_15_Inner_Layer_0:0 0.2 0.2 0.75 2.82 35 34 2.5 1
0
APP_15_Inner_Layer_0:1 0.6 0.6 2.25 3.86 16 43 3.6 1
0
APP_15_Inner_Layer_0:2 0.6 0.6 2.25 1.86 26 38 3.11 1
0
APP_15_Output_Layer_0 0.4 0.4 1.5 3.89 34 28 2.19 0
1 2 3
10
5.715668850904528
APP_16_Input_Layer_0 0.5333333333333333 0.5333333333333333 2.0 3.22 34 14 2.8 1

APP_16_Inner_Layer_0:0 0.26666666666666666 0.26666666666666666 1.0 1.77 20 26 1.31 1
0
APP_16_Inner_Layer_1:0 0.3333333333333333 0.3333333333333333 1.25 3.74 35 13 1.16 1
1
APP_16_Inner_Layer_1:1 0.13333333333333333 0.13333333333333333 0.5 2.06 44 45 2.43 1
1
APP_16_Inner_Layer_1:2 0.06666666666666667 0.06666666666666667 0.25 3.75 29 16 2.32 1
1
APP_16_Inner_Layer_1:3 0.6 0.6 2.25 1.03 23 41 3.19 1
1
APP_16_Inner_Layer_2:0 0.3333333333333333 0.3333333333333333 1.25 3.43 37 4 1.2 0
5
APP_16_Inner_Layer_2:1 0.3333333333333333 0.3333333333333333 1.25 1.64 17 27 3.74 1
2 4
APP_16_Inner_Layer_2:2 0.4 0.4 1.5 2.85 9 40 1.18 1
3 4 5
APP_16_Output_Layer_0 0.2 0.2 0.75 3.99 6 21 2.31 1
6 7 8
9
6.020085016145927
APP_17_Input_Layer_0 0.4666666666666667 0.4666666666666667 1.75 2.39 6 44 1.71 1

APP_17_Inner_Layer_0:0 0.13333333333333333 0.13333333333333333 0.5 2.99 46 2 3.44 1
0
APP_17_Inner_Layer_0:1 0.06666666666666667 0.06666666666666667 0.25 3.93 35 31 1.19 0
0
APP_17_Inner_Layer_0:2 0.5333333333333333 0.5333333333333333 2.0 2.67 26 24 2.04 1
0
APP_17_Inner_Layer_1:0 0.3333333333333333 0.3333333333333333 1.25 2.44 13 29 3.29 1
3
APP_17_Inner_Layer_1:1 0.5333333333333333 0.5333333333333333 2.0 1.19 22 21 2.93 1
2 3
APP_17_Inner_Layer_1:2 0.26666666666666666 0.26666666666666666 1.0 3.43 9 34 3.28 1
2 3
APP_17_Inner_Layer_1:3 0.6 0.6 2.25 3.32 29 36 3.36 0
1
APP_17_Output_Layer_0 0.6 0.6 2.25 2.1 21 14 3.91 1
4 5 6 7
