10
18
6
0
APP_0_Input_Layer_0 0.06666666666666667 0.06666666666666667 0.25 3.18 26 37 2.63 1

APP_0_Inner_Layer_0:0 0.4666666666666667 0.4666666666666667 1.75 2.96 20 9 2.87 1
0
APP_0_Inner_Layer_0:1 0.13333333333333333 0.13333333333333333 0.5 1.54 26 18 3.43 1
0
APP_0_Inner_Layer_0:2 0.5333333333333333 0.5333333333333333 2.0 2.71 16 16 3.36 1
0
APP_0_Inner_Layer_1:0 0.06666666666666667 0.06666666666666667 0.25 3.97 25 17 3.83 1
1 2 3
APP_0_Output_Layer_0 0.6 0.6 2.25 1.15 29 47 1.58 1
4
4
0.40460279528722237
APP_1_Input_Layer_0 0.4666666666666667 0.4666666666666667 1.75 1.79 49 22 2.55 1

APP_1_Inner_Layer_0:0 0.4666666666666667 0.4666666666666667 1.75 1.0 17 26 2.76 0
0
APP_1_Inner_Layer_1:0 0.3333333333333333 0.3333333333333333 1.25 3.32 15 8 3.9 1
1
APP_1_Output_Layer_0 0.5333333333333333 0.5333333333333333 2.0 2.45 17 28 1.8 1
2
8
0.9439461199308969
APP_2_Input_Layer_0 0.2 0.2 0.75 2.43 7 20 1.49 0

APP_2_Inner_Layer_0:0 0.6 0.6 2.25 1.11 40 40 1.27 1
0
APP_2_Inner_Layer_0:1 0.3333333333333333 0.3333333333333333 1.25 3.49 28 32 3.05 1
0
APP_2_Inner_Layer_0:2 0.6 0.6 2.25 2.62 36 39 2.65 1
0
APP_2_Inner_Layer_0:3 0.4 0.4 1.5 3.57 19 35 1.08 1
0
APP_2_Inner_Layer_1:0 0.26666666666666666 0.26666666666666666 1.0 1.82 35 36 2.35 1
2 3
APP_2_Inner_Layer_1:1 0.5333333333333333 0.5333333333333333 2.0 2.72 36 29 1.64 1
1 4
APP_2_Output_Layer_0 0.06666666666666667 0.06666666666666667 0.25 2.96 44 9 1.63 1
5 6
6
1.2072272094949803
APP_3_Input_Layer_0 0.06666666666666667 0.06666666666666667 0.25 2.87 22 9 3.03 1

APP_3_Inner_Layer_0:0 0.06666666666666667 0.06666666666666667 0.25 2.52 20 9 2.81 1
0
APP_3_Inner_Layer_0:1 0.13333333333333333 0.13333333333333333 0.5 1.99 38 10 2.38 1
0
APP_3_Inner_Layer_0:2 0.5333333333333333 0.5333333333333333 2.0 1.52 49 32 3.12 0
0
APP_3_Inner_Layer_0:3 0.2 0.2 0.75 2.22 40 41 3.79 1
0
APP_3_Output_Layer_0 0.26666666666666666 0.26666666666666666 1.0 3.35 16 37 3.61 1
1 2 3 4
4
1.4200958956732788
APP_4_Input_Layer_0 0.26666666666666666 0.26666666666666666 1.0 2.97 43 48 3.96 1

APP_4_Inner_Layer_0:0 0.06666666666666667 0.06666666666666667 0.25 1.81 34 30 1.91 1
0
APP_4_Inner_Layer_0:1 0.06666666666666667 0.06666666666666667 0.25 3.94 11 43 3.97 1
0
APP_4_Output_Layer_0 0.3333333333333333 0.3333333333333333 1.25 2.73 32 10 1.43 1
1 2
8
1.8728568110445305
APP_5_Input_Layer_0 0.13333333333333333 0.13333333333333333 0.5 2.08 36 37 1.84 1

APP_5_Inner_Layer_0:0 0.3333333333333333 0.3333333333333333 1.25 2.09 22 24 3.08 1
0
APP_5_Inner_Layer_0:1 0.2 0.2 0.75 1.7 43 33 3.17 1
0
APP_5_Inner_Layer_0:2 0.6 0.6 2.25 2.65 37 6 1.11 1
0
APP_5_Inner_Layer_1:0 0.2 0.2 0.75 1.21 14 23 1.69 1
1 3
APP_5_Inner_Layer_1:1 0.26666666666666666 0.26666666666666666 1.0 3.55 37 10 2.69 0
2
APP_5_Inner_Layer_2:0 0.06666666666666667 0.06666666666666667 0.25 1.32 42 18 3.51 1
4 5
APP_5_Output_Layer_0 0.13333333333333333 0.13333333333333333 0.5 3.93 20 43 2.37 1
6
9
2.3580147531707056
APP_6_Input_Layer_0 0.2 0.2 0.75 3.35 41 14 2.13 1

APP_6_Inner_Layer_0:0 0.4 0.4 1.5 1.55 2 47 2.72 1
0
APP_6_Inner_Layer_0:1 0.26666666666666666 0.26666666666666666 1.0 3.93 24 23 2.97 1
0
APP_6_Inner_Layer_0:2 0.6 0.6 2.25 3.21 15 24 3.54 1
0
APP_6_Inner_Layer_0:3 0.06666666666666667 0.06666666666666667 0.25 2.78 44 12 1.09 0
0
APP_6_Inner_Layer_1:0 0.4 0.4 1.5 3.89 18 28 1.21 1
1 2 3
APP_6_Inner_Layer_1:1 0.4666666666666667 0.4666666666666667 1.75 1.99 8 48 1.56 1
4
APP_6_Inner_Layer_1:2 0.4666666666666667 0.4666666666666667 1.75 1.66 11 45 2.12 1
1 4
APP_6_Output_Layer_0 0.5333333333333333 0.5333333333333333 2.0 2.69 36 40 3.29 1
5 6 7
10
2.57095186808522
APP_7_Input_Layer_0 0.4666666666666667 0.4666666666666667 1.75 1.84 11 22 2.7 0

APP_7_Inner_Layer_0:0 0.4 0.4 1.5 2.18 44 47 1.76 1
0
APP_7_Inner_Layer_0:1 0.2 0.2 0.75 1.98 22 26 3.69 1
0
APP_7_Inner_Layer_1:0 0.4666666666666667 0.4666666666666667 1.75 3.69 39 2 2.68 1
1 2
APP_7_Inner_Layer_1:1 0.6 0.6 2.25 3.84 1 34 2.61 0
2
APP_7_Inner_Layer_1:2 0.13333333333333333 0.13333333333333333 0.5 3.65 1 42 2.21 1
2
APP_7_Inner_Layer_2:0 0.6 0.6 2.25 2.98 20 6 2.82 0
3 4
APP_7_Inner_Layer_2:1 0.4 0.4 1.5 3.84 11 5 3.61 1
5
APP_7_Inner_Layer_2:2 0.3333333333333333 0.3333333333333333 1.25 1.77 24 1 2.05 0
3 4
APP_7_Output_Layer_0 0.6 0.6 2.25 2.04 3 46 3.77 0
6 7 8
10
2.819481594894236
APP_8_Input_Layer_0 0.3333333333333333 0.3333333333333333 1.25 2.58 20 21 2.46 1

APP_8_Inner_Layer_0:0 0.13333333333333333 0.13333333333333333 0.5 3.9 18 25 1.89 1
0
APP_8_Inner_Layer_0:1 0.3333333333333333 0.3333333333333333 1.25 3.51 45 40 3.27 1
0
APP_8_Inner_Layer_0:2 0.3333333333333333 0.3333333333333333 1.25 2.96 37 49 2.79 1
0
APP_8_Inner_Layer_1:0 0.4666666666666667 0.4666666666666667 1.75 1.31 18 3 2.05 1
3
APP_8_Inner_Layer_1:1 0.4666666666666667 0.4666666666666667 1.75 2.24 18 40 1.03 1
1
APP_8_Inner_Layer_1:2 0.4 0.4 1.5 2.6 38 11 2.89 1
1 2 3
APP_8_Inner_Layer_2:0 0.2 0.2 0.75 3.5 3 27 2.56 0
5
APP_8_Inner_Layer_2:1 0.5333333333333333 0.5333333333333333 2.0 3.46 4 4 1.24 0
4 6
APP_8_Output_Layer_0 0.3333333333333333 0.3333333333333333 1.25 2.42 43 43 1.67 1
7 8
9
3.3270163802049018
APP_9_Input_Layer_0 0.4 0.4 1.5 3.82 45 42 2.48 0

APP_9_Inner_Layer_0:0 0.4 0.4 1.5 1.87 16 17 2.72 1
0
APP_9_Inner_Layer_1:0 0.26666666666666666 0.26666666666666666 1.0 1.91 22 34 2.14 1
1
APP_9_Inner_Layer_1:1 0.6 0.6 2.25 1.11 37 3 2.2 0
1
APP_9_Inner_Layer_1:2 0.13333333333333333 0.13333333333333333 0.5 2.17 35 17 2.3 1
1
APP_9_Inner_Layer_1:3 0.13333333333333333 0.13333333333333333 0.5 2.08 16 1 1.89 1
1
APP_9_Inner_Layer_2:0 0.3333333333333333 0.3333333333333333 1.25 3.14 40 14 1.99 1
2 3 4 5
APP_9_Inner_Layer_3:0 0.6 0.6 2.25 2.89 26 16 2.3 1
6
APP_9_Output_Layer_0 0.3333333333333333 0.3333333333333333 1.25 2.84 11 24 1.15 1
7
4
3.7923761352606813
APP_10_Input_Layer_0 0.26666666666666666 0.26666666666666666 1.0 1.34 44 38 2.09 1

APP_10_Inner_Layer_0:0 0.26666666666666666 0.26666666666666666 1.0 2.96 1 22 1.82 1
0
APP_10_Inner_Layer_0:1 0.5333333333333333 0.5333333333333333 2.0 3.17 15 35 1.29 1
0
APP_10_Output_Layer_0 0.26666666666666666 0.26666666666666666 1.0 1.93 17 30 2.41 1
1 2
14
4.041436730539999
APP_11_Input_Layer_0 0.6 0.6 2.25 2.42 42 17 1.81 1

APP_11_Inner_Layer_0:0 0.4 0.4 1.5 2.45 17 18 3.04 1
0
APP_11_Inner_Layer_0:1 0.6 0.6 2.25 3.04 4 5 1.08 1
0
APP_11_Inner_Layer_0:2 0.13333333333333333 0.13333333333333333 0.5 3.26 8 31 1.27 0
0
APP_11_Inner_Layer_1:0 0.6 0.6 2.25 3.78 27 13 1.69 1
2 3
APP_11_Inner_Layer_1:1 0.13333333333333333 0.13333333333333333 0.5 1.66 43 9 2.88 1
3
APP_11_Inner_Layer_1:2 0.4666666666666667 0.4666666666666667 1.75 3.38 46 47 2.5 1
1 2
APP_11_Inner_Layer_2:0 0.5333333333333333 0.5333333333333333 2.0 2.75 46 12 2.4 1
4
APP_11_Inner_Layer_2:1 0.13333333333333333 0.13333333333333333 0.5 1.93 34 25 1.22 1
5 6
APP_11_Inner_Layer_3:0 0.2 0.2 0.75 1.99 15 41 1.16 0
8
APP_11_Inner_Layer_3:1 0.3333333333333333 0.3333333333333333 1.25 1.17 46 38 3.53 1
7 8
APP_11_Inner_Layer_3:2 0.6 0.6 2.25 3.63 2 19 3.23 1
7
APP_11_Inner_Layer_3:3 0.26666666666666666 0.26666666666666666 1.0 2.25 37 39 2.9 1
7
APP_11_Output_Layer_0 0.2 0.2 0.75 3.65 48 8 2.23 1
9 10 11 12
8
4.448536088568805
APP_12_Input_Layer_0 0.6 0.6 2.25 1.23 13 26 1.98 1

APP_12_Inner_Layer_0:0 0.5333333333333333 0.5333333333333333 2.0 3.03 21 4 1.49 1
0
APP_12_Inner_Layer_0:1 0.2 0.2 0.75 2.16 1 37 1.28 0
0
APP_12_Inner_Layer_0:2 0.2 0.2 0.75 1.62 8 25 3.83 1
0
APP_12_Inner_Layer_1:0 0.13333333333333333 0.13333333333333333 0.5 1.48 31 40 3.57 0
3 1
APP_12_Inner_Layer_1:1 0.13333333333333333 0.13333333333333333 0.5 2.73 49 47 3.51 0
1 3
APP_12_Inner_Layer_1:2 0.2 0.2 0.75 3.56 47 41 2.63 0
2
APP_12_Output_Layer_0 0.6 0.6 2.25 2.04 4 18 2.86 1
4 5 6
7
4.8402999731760605
APP_13_Input_Layer_0 0.5333333333333333 0.5333333333333333 2.0 3.25 3 34 1.11 1

APP_13_Inner_Layer_0:0 0.13333333333333333 0.13333333333333333 0.5 3.63 35 15 3.89 0
0
APP_13_Inner_Layer_0:1 0.06666666666666667 0.06666666666666667 0.25 2.13 36 33 2.48 1
0
APP_13_Inner_Layer_1:0 0.3333333333333333 0.3333333333333333 1.25 3.81 9 4 2.31 1
1
APP_13_Inner_Layer_1:1 0.5333333333333333 0.5333333333333333 2.0 2.35 4 23 2.13 1
2
APP_13_Inner_Layer_1:2 0.2 0.2 0.75 2.49 8 18 3.45 0
1 2
APP_13_Output_Layer_0 0.13333333333333333 0.13333333333333333 0.5 3.02 36 8 1.71 1
3 4 5
6
5.209866258392206
APP_14_Input_Layer_0 0.4 0.4 1.5 3.29 1 46 3.95 1

APP_14_Inner_Layer_0:0 0.6 0.6 2.25 3.08 5 42 3.47 0
0
APP_14_Inner_Layer_0:1 0.5333333333333333 0.5333333333333333 2.0 3.88 31 34 3.78 1
0
APP_14_Inner_Layer_0:2 0.13333333333333333 0.13333333333333333 0.5 1.72 8 32 1.51 1
0
APP_14_Inner_Layer_0:3 0.26666666666666666 0.26666666666666666 1.0 1.68 4 15 2.47 1
0
APP_14_Output_Layer_0 0.5333333333333333 0.5333333333333333 2.0 1.39 5 16 1.17 1
1 2 3 4
8
5.554702720222622
APP_15_Input_Layer_0 0.5333333333333333 0.5333333333333333 2.0 3.05 43 10 2.92 1

APP_15_Inner_Layer_0:0 0.3333333333333333 0.3333333333333333 1.25 2.46 36 27 2.91 0
0
APP_15_Inner_Layer_1:0 0.06666666666666667 0.06666666666666667 0.25 3.22 16 14 3.01 1
1
APP_15_Inner_Layer_1:1 0.4 0.4 1.5 1.27 18 28 1.39 1
1
APP_15_Inner_Layer_1:2 0.6 0.6 2.25 2.25 1 19 3.44 1
1
APP_15_Inner_Layer_2:0 0.4 0.4 1.5 2.62 44 25 3.74 1
2 3 4
APP_15_Inner_Layer_2:1 0.13333333333333333 0.13333333333333333 0.5 1.54 29 49 1.64 1
4
APP_15_Output_Layer_0 0.06666666666666667 0.06666666666666667 0.25 2.84 38 38 3.26 1
5 6
13
5.792500259384905
APP_16_Input_Layer_0 0.13333333333333333 0.13333333333333333 0.5 3.54 40 2 2.18 1

APP_16_Inner_Layer_0:0 0.06666666666666667 0.06666666666666667 0.25 2.92 7 31 3.88 0
0
APP_16_Inner_Layer_0:1 0.4 0.4 1.5 1.76 34 34 3.11 0
0
APP_16_Inner_Layer_0:2 0.26666666666666666 0.26666666666666666 1.0 3.3 38 23 1.9 1
0
APP_16_Inner_Layer_0:3 0.06666666666666667 0.06666666666666667 0.25 3.1 47 30 2.07 1
0
APP_16_Inner_Layer_1:0 0.06666666666666667 0.06666666666666667 0.25 3.84 42 21 3.4 1
1 2 3 4
APP_16_Inner_Layer_2:0 0.4666666666666667 0.4666666666666667 1.75 3.15 12 25 3.24 1
5
APP_16_Inner_Layer_2:1 0.3333333333333333 0.3333333333333333 1.25 3.99 22 2 2.36 1
5
APP_16_Inner_Layer_2:2 0.26666666666666666 0.26666666666666666 1.0 3.92 19 20 1.34 0
5
APP_16_Inner_Layer_2:3 0.13333333333333333 0.13333333333333333 0.5 2.61 42 6 2.42 0
5
APP_16_Inner_Layer_3:0 0.3333333333333333 0.3333333333333333 1.25 3.42 38 24 2.23 1
6 7 9
APP_16_Inner_Layer_3:1 0.06666666666666667 0.06666666666666667 0.25 3.5 8 31 3.05 1
8
APP_16_Output_Layer_0 0.5333333333333333 0.5333333333333333 2.0 1.36 9 9 3.83 1
10 11
11
6.06490926165261
APP_17_Input_Layer_0 0.4666666666666667 0.4666666666666667 1.75 1.1 47 30 2.16 0

APP_17_Inner_Layer_0:0 0.3333333333333333 0.3333333333333333 1.25 1.37 5 32 3.77 1
0
APP_17_Inner_Layer_0:1 0.13333333333333333 0.13333333333333333 0.5 3.09 28 41 3.97 1
0
APP_17_Inner_Layer_0:2 0.6 0.6 2.25 3.46 35 22 3.85 1
0
APP_17_Inner_Layer_1:0 0.13333333333333333 0.13333333333333333 0.5 1.31 35 47 3.47 0
1
APP_17_Inner_Layer_1:1 0.6 0.6 2.25 3.24 31 17 1.74 0
2
APP_17_Inner_Layer_1:2 0.6 0.6 2.25 2.34 19 4 3.71 1
2 3
APP_17_Inner_Layer_2:0 0.26666666666666666 0.26666666666666666 1.0 2.37 43 7 1.34 0
5
APP_17_Inner_Layer_2:1 0.3333333333333333 0.3333333333333333 1.25 3.91 45 44 3.6 1
5
APP_17_Inner_Layer_2:2 0.06666666666666667 0.06666666666666667 0.25 1.41 8 31 1.74 1
4 6
APP_17_Output_Layer_0 0.2 0.2 0.75 2.08 14 45 1.29 1
7 8 9
