10
18
3
0
APP_0_Input_Layer_0 0.26666666666666666 0.26666666666666666 1.0 2.76 20 7 2.56 1

APP_0_Inner_Layer_0:0 0.6 0.6 2.25 3.46 7 8 1.41 1
0
APP_0_Output_Layer_0 0.5333333333333333 0.5333333333333333 2.0 3.27 30 42 1.03 1
1
12
0.2771228310945586
APP_1_Input_Layer_0 0.26666666666666666 0.26666666666666666 1.0 1.92 38 32 2.88 1

APP_1_Inner_Layer_0:0 0.26666666666666666 0.26666666666666666 1.0 1.44 8 32 1.74 1
0
APP_1_Inner_Layer_0:1 0.4666666666666667 0.4666666666666667 1.75 1.23 14 24 1.19 1
0
APP_1_Inner_Layer_0:2 0.13333333333333333 0.13333333333333333 0.5 3.38 1 14 2.58 1
0
APP_1_Inner_Layer_1:0 0.13333333333333333 0.13333333333333333 0.5 2.41 28 20 3.51 1
1 2
APP_1_Inner_Layer_1:1 0.26666666666666666 0.26666666666666666 1.0 1.91 15 11 2.98 0
1
APP_1_Inner_Layer_1:2 0.6 0.6 2.25 2.36 2 39 1.8 1
3
APP_1_Inner_Layer_2:0 0.4 0.4 1.5 3.83 49 33 1.73 0
5 6
APP_1_Inner_Layer_2:1 0.2 0.2 0.75 3.24 34 17 3.85 0
4 5 6
APP_1_Inner_Layer_2:2 0.2 0.2 0.75 3.67 45 9 3.09 0
4
APP_1_Inner_Layer_3:0 0.4 0.4 1.5 1.35 39 23 3.97 0
7 8 9
APP_1_Output_Layer_0 0.6 0.6 2.25 3.66 11 49 3.79 1
10
10
0.503664152461323
APP_2_Input_Layer_0 0.13333333333333333 0.13333333333333333 0.5 3.64 10 19 3.89 1

APP_2_Inner_Layer_0:0 0.5333333333333333 0.5333333333333333 2.0 3.0 27 10 2.33 1
0
APP_2_Inner_Layer_1:0 0.6 0.6 2.25 3.13 11 20 3.52 1
1
APP_2_Inner_Layer_1:1 0.6 0.6 2.25 1.46 37 34 2.83 0
1
APP_2_Inner_Layer_1:2 0.13333333333333333 0.13333333333333333 0.5 3.62 3 37 2.76 1
1
APP_2_Inner_Layer_1:3 0.5333333333333333 0.5333333333333333 2.0 2.63 36 22 3.93 0
1
APP_2_Inner_Layer_2:0 0.06666666666666667 0.06666666666666667 0.25 2.29 46 37 1.96 0
2 4
APP_2_Inner_Layer_2:1 0.6 0.6 2.25 1.26 21 45 3.32 1
2 3 4 5
APP_2_Inner_Layer_2:2 0.4 0.4 1.5 1.67 11 25 2.04 1
4 3
APP_2_Output_Layer_0 0.4 0.4 1.5 2.24 38 18 1.97 1
6 7 8
11
0.7857545373318761
APP_3_Input_Layer_0 0.26666666666666666 0.26666666666666666 1.0 2.08 15 20 2.5 1

APP_3_Inner_Layer_0:0 0.26666666666666666 0.26666666666666666 1.0 2.37 41 49 1.46 1
0
APP_3_Inner_Layer_0:1 0.4 0.4 1.5 2.42 42 1 1.3 1
0
APP_3_Inner_Layer_1:0 0.3333333333333333 0.3333333333333333 1.25 2.87 26 9 3.39 1
1
APP_3_Inner_Layer_1:1 0.13333333333333333 0.13333333333333333 0.5 3.34 18 14 3.03 0
1
APP_3_Inner_Layer_1:2 0.6 0.6 2.25 2.34 18 27 1.82 0
1 2
APP_3_Inner_Layer_1:3 0.26666666666666666 0.26666666666666666 1.0 3.03 35 15 3.79 0
1
APP_3_Inner_Layer_2:0 0.5333333333333333 0.5333333333333333 2.0 1.94 44 32 3.34 0
4 5
APP_3_Inner_Layer_2:1 0.26666666666666666 0.26666666666666666 1.0 1.82 7 42 3.19 1
3 4 6
APP_3_Inner_Layer_2:2 0.26666666666666666 0.26666666666666666 1.0 2.56 16 42 1.97 1
3 6
APP_3_Output_Layer_0 0.26666666666666666 0.26666666666666666 1.0 3.53 24 16 3.22 1
7 8 9
12
1.0714817388153317
APP_4_Input_Layer_0 0.13333333333333333 0.13333333333333333 0.5 1.79 46 48 2.58 1

APP_4_Inner_Layer_0:0 0.2 0.2 0.75 1.55 14 18 3.9 1
0
APP_4_Inner_Layer_0:1 0.13333333333333333 0.13333333333333333 0.5 2.1 2 20 3.39 1
0
APP_4_Inner_Layer_0:2 0.26666666666666666 0.26666666666666666 1.0 1.89 4 13 2.46 1
0
APP_4_Inner_Layer_1:0 0.4666666666666667 0.4666666666666667 1.75 2.51 31 24 3.32 1
1
APP_4_Inner_Layer_1:1 0.5333333333333333 0.5333333333333333 2.0 2.73 33 46 1.74 1
1
APP_4_Inner_Layer_1:2 0.6 0.6 2.25 3.6 35 9 3.24 0
3
APP_4_Inner_Layer_1:3 0.2 0.2 0.75 2.42 6 16 3.9 1
2 3
APP_4_Inner_Layer_2:0 0.13333333333333333 0.13333333333333333 0.5 2.16 34 23 3.25 1
4 5 6
APP_4_Inner_Layer_2:1 0.4666666666666667 0.4666666666666667 1.75 3.89 35 47 3.63 1
6
APP_4_Inner_Layer_2:2 0.4666666666666667 0.4666666666666667 1.75 2.77 29 3 3.35 1
4 7
APP_4_Output_Layer_0 0.26666666666666666 0.26666666666666666 1.0 2.16 10 42 2.89 1
8 9 10
7
1.3690513863813338
APP_5_Input_Layer_0 0.5333333333333333 0.5333333333333333 2.0 2.24 45 47 3.99 1

APP_5_Inner_Layer_0:0 0.26666666666666666 0.26666666666666666 1.0 3.35 2 49 3.84 0
0
APP_5_Inner_Layer_0:1 0.26666666666666666 0.26666666666666666 1.0 1.85 10 24 2.06 1
0
APP_5_Inner_Layer_1:0 0.6 0.6 2.25 3.32 36 47 1.49 1
1 2
APP_5_Inner_Layer_2:0 0.5333333333333333 0.5333333333333333 2.0 1.53 20 12 2.81 1
3
APP_5_Inner_Layer_2:1 0.4 0.4 1.5 3.76 49 29 1.84 0
3
APP_5_Output_Layer_0 0.5333333333333333 0.5333333333333333 2.0 2.56 16 43 2.38 1
4 5
12
1.5907208373719408
APP_6_Input_Layer_0 0.26666666666666666 0.26666666666666666 1.0 1.22 10 9 2.2 1

APP_6_Inner_Layer_0:0 0.4 0.4 1.5 3.93 3 44 2.84 1
0
APP_6_Inner_Layer_0:1 0.6 0.6 2.25 2.62 21 10 1.94 0
0
APP_6_Inner_Layer_0:2 0.4 0.4 1.5 3.83 23 28 3.96 0
0
APP_6_Inner_Layer_1:0 0.06666666666666667 0.06666666666666667 0.25 2.38 13 12 3.83 1
1
APP_6_Inner_Layer_1:1 0.6 0.6 2.25 2.62 4 13 1.71 1
2 3
APP_6_Inner_Layer_2:0 0.4 0.4 1.5 3.86 5 38 1.73 1
4 5
APP_6_Inner_Layer_3:0 0.13333333333333333 0.13333333333333333 0.5 3.23 13 4 2.76 1
6
APP_6_Inner_Layer_3:1 0.6 0.6 2.25 3.68 39 9 1.44 1
6
APP_6_Inner_Layer_3:2 0.3333333333333333 0.3333333333333333 1.25 1.16 44 24 3.24 0
6
APP_6_Inner_Layer_3:3 0.06666666666666667 0.06666666666666667 0.25 1.92 26 9 2.58 1
6
APP_6_Output_Layer_0 0.5333333333333333 0.5333333333333333 2.0 2.18 4 12 3.27 1
7 8 9 10
10
1.8011700907300954
APP_7_Input_Layer_0 0.06666666666666667 0.06666666666666667 0.25 1.99 45 14 1.51 1

APP_7_Inner_Layer_0:0 0.06666666666666667 0.06666666666666667 0.25 1.49 30 24 3.63 1
0
APP_7_Inner_Layer_0:1 0.06666666666666667 0.06666666666666667 0.25 2.66 41 28 3.46 1
0
APP_7_Inner_Layer_1:0 0.6 0.6 2.25 1.1 12 30 2.52 1
1 2
APP_7_Inner_Layer_2:0 0.4666666666666667 0.4666666666666667 1.75 2.97 43 23 2.73 1
3
APP_7_Inner_Layer_2:1 0.4666666666666667 0.4666666666666667 1.75 3.59 43 10 2.42 1
3
APP_7_Inner_Layer_2:2 0.06666666666666667 0.06666666666666667 0.25 2.94 39 43 3.29 1
3
APP_7_Inner_Layer_2:3 0.2 0.2 0.75 1.84 17 27 1.23 1
3
APP_7_Inner_Layer_3:0 0.4666666666666667 0.4666666666666667 1.75 3.45 8 47 2.23 1
4 5 6 7
APP_7_Output_Layer_0 0.5333333333333333 0.5333333333333333 2.0 3.78 16 25 1.91 1
8
15
2.059259155334729
APP_8_Input_Layer_0 0.13333333333333333 0.13333333333333333 0.5 1.2 9 23 2.32 1

APP_8_Inner_Layer_0:0 0.6 0.6 2.25 1.73 26 3 1.31 0
0
APP_8_Inner_Layer_0:1 0.4 0.4 1.5 3.25 37 10 3.89 0
0
APP_8_Inner_Layer_1:0 0.5333333333333333 0.5333333333333333 2.0 1.7 12 30 2.49 1
2
APP_8_Inner_Layer_1:1 0.6 0.6 2.25 3.34 8 45 3.82 0
2
APP_8_Inner_Layer_1:2 0.13333333333333333 0.13333333333333333 0.5 1.32 14 8 3.97 1
1
APP_8_Inner_Layer_2:0 0.2 0.2 0.75 1.73 49 1 3.58 1
3 4
APP_8_Inner_Layer_2:1 0.4666666666666667 0.4666666666666667 1.75 1.81 14 44 3.24 1
4
APP_8_Inner_Layer_2:2 0.6 0.6 2.25 3.36 21 6 1.86 1
5
APP_8_Inner_Layer_2:3 0.4 0.4 1.5 3.33 42 17 2.24 1
3
APP_8_Inner_Layer_3:0 0.06666666666666667 0.06666666666666667 0.25 1.98 48 34 1.42 1
6
APP_8_Inner_Layer_3:1 0.13333333333333333 0.13333333333333333 0.5 2.8 5 10 3.33 1
6 8 9
APP_8_Inner_Layer_3:2 0.5333333333333333 0.5333333333333333 2.0 1.85 14 9 1.1 0
6 7 9
APP_8_Inner_Layer_3:3 0.13333333333333333 0.13333333333333333 0.5 1.81 43 19 3.59 1
9
APP_8_Output_Layer_0 0.4 0.4 1.5 3.15 32 1 2.56 1
10 11 12 13
11
2.5423760828790694
APP_9_Input_Layer_0 0.13333333333333333 0.13333333333333333 0.5 2.13 31 13 1.24 1

APP_9_Inner_Layer_0:0 0.2 0.2 0.75 3.68 11 37 2.66 1
0
APP_9_Inner_Layer_1:0 0.4666666666666667 0.4666666666666667 1.75 1.98 49 34 1.31 1
1
APP_9_Inner_Layer_1:1 0.4 0.4 1.5 2.92 40 44 2.55 1
1
APP_9_Inner_Layer_1:2 0.4666666666666667 0.4666666666666667 1.75 3.12 3 17 2.32 1
1
APP_9_Inner_Layer_2:0 0.26666666666666666 0.26666666666666666 1.0 1.35 23 25 3.24 0
2 3 4
APP_9_Inner_Layer_3:0 0.06666666666666667 0.06666666666666667 0.25 1.75 6 45 2.9 1
5
APP_9_Inner_Layer_3:1 0.6 0.6 2.25 2.84 27 26 3.76 0
5
APP_9_Inner_Layer_3:2 0.4 0.4 1.5 3.67 42 17 1.02 1
5
APP_9_Inner_Layer_3:3 0.4666666666666667 0.4666666666666667 1.75 3.31 37 19 1.68 1
5
APP_9_Output_Layer_0 0.26666666666666666 0.26666666666666666 1.0 1.67 38 42 3.58 0
6 7 8 9
13
3.04696817992269
APP_10_Input_Layer_0 0.06666666666666667 0.06666666666666667 0.25 3.93 24 33 3.91 1

APP_10_Inner_Layer_0:0 0.3333333333333333 0.3333333333333333 1.25 3.32 4 30 2.57 1
0
APP_10_Inner_Layer_0:1 0.3333333333333333 0.3333333333333333 1.25 3.0 33 45 3.41 0
0
APP_10_Inner_Layer_1:0 0.13333333333333333 0.13333333333333333 0.5 2.24 26 18 2.77 0
1 2
APP_10_Inner_Layer_1:1 0.2 0.2 0.75 3.89 11 42 3.36 1
2
APP_10_Inner_Layer_2:0 0.2 0.2 0.75 2.13 29 10 2.14 1
3 4
APP_10_Inner_Layer_2:1 0.2 0.2 0.75 3.89 48 12 2.31 1
3 4
APP_10_Inner_Layer_2:2 0.06666666666666667 0.06666666666666667 0.25 3.63 42 48 3.6 1
4
APP_10_Inner_Layer_2:3 0.3333333333333333 0.3333333333333333 1.25 1.46 30 44 3.84 1
3
APP_10_Inner_Layer_3:0 0.13333333333333333 0.13333333333333333 0.5 3.43 41 46 3.12 0
5 6 7 8
APP_10_Inner_Layer_3:1 0.2 0.2 0.75 3.02 33 38 3.28 1
8
APP_10_Inner_Layer_3:2 0.26666666666666666 0.26666666666666666 1.0 1.37 33 30 1.13 1
6
APP_10_Output_Layer_0 0.06666666666666667 0.06666666666666667 0.25 1.66 20 18 3.37 1
9 10 11
9
3.533300069002093
APP_11_Input_Layer_0 0.4666666666666667 0.4666666666666667 1.75 3.11 7 9 2.93 1

APP_11_Inner_Layer_0:0 0.4 0.4 1.5 2.93 9 8 2.07 1
0
APP_11_Inner_Layer_0:1 0.06666666666666667 0.06666666666666667 0.25 1.82 4 28 1.61 0
0
APP_11_Inner_Layer_0:2 0.4666666666666667 0.4666666666666667 1.75 2.85 17 5 1.81 1
0
APP_11_Inner_Layer_0:3 0.5333333333333333 0.5333333333333333 2.0 1.51 22 10 3.41 1
0
APP_11_Inner_Layer_1:0 0.3333333333333333 0.3333333333333333 1.25 3.67 40 9 2.11 0
4
APP_11_Inner_Layer_1:1 0.6 0.6 2.25 3.85 47 20 2.92 1
1 2 3
APP_11_Inner_Layer_2:0 0.13333333333333333 0.13333333333333333 0.5 4.0 21 18 1.98 1
5 6
APP_11_Output_Layer_0 0.13333333333333333 0.13333333333333333 0.5 3.72 39 38 1.52 1
7
4
3.9846235238531
APP_12_Input_Layer_0 0.5333333333333333 0.5333333333333333 2.0 2.76 31 2 2.69 1

APP_12_Inner_Layer_0:0 0.13333333333333333 0.13333333333333333 0.5 2.35 10 3 3.1 1
0
APP_12_Inner_Layer_0:1 0.4666666666666667 0.4666666666666667 1.75 1.82 3 6 1.62 1
0
APP_12_Output_Layer_0 0.5333333333333333 0.5333333333333333 2.0 3.75 3 35 1.35 1
1 2
7
4.226144201693946
APP_13_Input_Layer_0 0.2 0.2 0.75 2.08 22 41 3.64 1

APP_13_Inner_Layer_0:0 0.3333333333333333 0.3333333333333333 1.25 2.36 41 12 1.72 1
0
APP_13_Inner_Layer_0:1 0.6 0.6 2.25 3.74 5 8 2.61 1
0
APP_13_Inner_Layer_0:2 0.5333333333333333 0.5333333333333333 2.0 3.25 23 8 1.53 0
0
APP_13_Inner_Layer_0:3 0.06666666666666667 0.06666666666666667 0.25 2.38 49 9 2.75 1
0
APP_13_Inner_Layer_1:0 0.26666666666666666 0.26666666666666666 1.0 1.91 7 39 3.53 0
1 2 3 4
APP_13_Output_Layer_0 0.3333333333333333 0.3333333333333333 1.25 3.38 38 29 2.08 1
5
8
4.568503885186509
APP_14_Input_Layer_0 0.3333333333333333 0.3333333333333333 1.25 1.24 31 8 1.57 1

APP_14_Inner_Layer_0:0 0.4 0.4 1.5 2.14 30 48 3.82 1
0
APP_14_Inner_Layer_0:1 0.06666666666666667 0.06666666666666667 0.25 1.31 1 20 1.7 0
0
APP_14_Inner_Layer_1:0 0.4 0.4 1.5 2.94 11 19 3.79 1
1 2
APP_14_Inner_Layer_2:0 0.4666666666666667 0.4666666666666667 1.75 1.79 49 43 1.67 1
3
APP_14_Inner_Layer_2:1 0.6 0.6 2.25 1.12 35 7 3.56 1
3
APP_14_Inner_Layer_2:2 0.26666666666666666 0.26666666666666666 1.0 3.59 46 6 1.21 1
3
APP_14_Output_Layer_0 0.06666666666666667 0.06666666666666667 0.25 2.98 19 42 1.58 1
4 5 6
7
4.980733400819279
APP_15_Input_Layer_0 0.2 0.2 0.75 2.89 47 40 2.66 1

APP_15_Inner_Layer_0:0 0.4666666666666667 0.4666666666666667 1.75 1.64 29 10 1.45 1
0
APP_15_Inner_Layer_0:1 0.5333333333333333 0.5333333333333333 2.0 3.3 6 31 3.49 1
0
APP_15_Inner_Layer_0:2 0.26666666666666666 0.26666666666666666 1.0 2.35 4 37 1.16 1
0
APP_15_Inner_Layer_1:0 0.6 0.6 2.25 1.18 16 5 1.9 0
1 2
APP_15_Inner_Layer_1:1 0.5333333333333333 0.5333333333333333 2.0 2.45 20 39 2.45 1
3
APP_15_Output_Layer_0 0.4666666666666667 0.4666666666666667 1.75 1.56 7 32 1.0 1
4 5
12
5.203249699577872
APP_16_Input_Layer_0 0.06666666666666667 0.06666666666666667 0.25 2.59 4 18 2.28 0

APP_16_Inner_Layer_0:0 0.13333333333333333 0.13333333333333333 0.5 2.67 8 39 2.68 0
0
APP_16_Inner_Layer_0:1 0.4666666666666667 0.4666666666666667 1.75 3.09 32 24 3.52 1
0
APP_16_Inner_Layer_0:2 0.5333333333333333 0.5333333333333333 2.0 1.41 1 46 1.91 1
0
APP_16_Inner_Layer_0:3 0.13333333333333333 0.13333333333333333 0.5 3.04 31 12 1.36 1
0
APP_16_Inner_Layer_1:0 0.4 0.4 1.5 1.54 31 17 2.13 0
1 2 3 4
APP_16_Inner_Layer_1:1 0.06666666666666667 0.06666666666666667 0.25 3.74 30 40 2.75 1
2 1
APP_16_Inner_Layer_2:0 0.06666666666666667 0.06666666666666667 0.25 1.07 11 16 1.35 1
6
APP_16_Inner_Layer_2:1 0.06666666666666667 0.06666666666666667 0.25 1.85 25 33 2.36 1
5 6
APP_16_Inner_Layer_2:2 0.13333333333333333 0.13333333333333333 0.5 3.46 28 43 3.15 1
5
APP_16_Inner_Layer_2:3 0.3333333333333333 0.3333333333333333 1.25 2.03 7 20 1.27 1
5
APP_16_Output_Layer_0 0.6 0.6 2.25 2.38 22 16 2.9 1
7 8 9 10
4
5.422542587538739
APP_17_Input_Layer_0 0.6 0.6 2.25 1.66 33 8 2.09 1

APP_17_Inner_Layer_0:0 0.3333333333333333 0.3333333333333333 1.25 3.23 34 17 3.05 1
0
APP_17_Inner_Layer_0:1 0.4666666666666667 0.4666666666666667 1.75 1.44 29 39 3.15 0
0
APP_17_Output_Layer_0 0.06666666666666667 0.06666666666666667 0.25 3.29 18 25 3.81 0
1 2
