10
18
7
0
APP_0_Input_Layer_0 0.2 0.2 0.75 2.09 28 44 2.22 1

APP_0_Inner_Layer_0:0 0.13333333333333333 0.13333333333333333 0.5 2.79 39 35 1.71 0
0
APP_0_Inner_Layer_0:1 0.4 0.4 1.5 2.44 1 17 2.98 1
0
APP_0_Inner_Layer_0:2 0.4666666666666667 0.4666666666666667 1.75 1.34 8 8 1.12 1
0
APP_0_Inner_Layer_1:0 0.26666666666666666 0.26666666666666666 1.0 1.06 37 23 2.07 1
1 3
APP_0_Inner_Layer_1:1 0.2 0.2 0.75 1.69 49 4 3.17 0
2
APP_0_Output_Layer_0 0.5333333333333333 0.5333333333333333 2.0 3.14 20 31 3.72 1
4 5
6
0.20539774330147537
APP_1_Input_Layer_0 0.3333333333333333 0.3333333333333333 1.25 1.33 1 33 3.25 1

APP_1_Inner_Layer_0:0 0.2 0.2 0.75 1.91 45 35 1.74 0
0
APP_1_Inner_Layer_0:1 0.5333333333333333 0.5333333333333333 2.0 1.74 5 34 1.53 1
0
APP_1_Inner_Layer_0:2 0.06666666666666667 0.06666666666666667 0.25 3.62 44 29 3.11 0
0
APP_1_Inner_Layer_1:0 0.13333333333333333 0.13333333333333333 0.5 3.22 1 23 3.83 0
1 2 3
APP_1_Output_Layer_0 0.5333333333333333 0.5333333333333333 2.0 1.82 1 19 3.44 1
4
16
0.6994793039962877
APP_2_Input_Layer_0 0.3333333333333333 0.3333333333333333 1.25 1.1 12 14 2.6 1

APP_2_Inner_Layer_0:0 0.4666666666666667 0.4666666666666667 1.75 1.63 20 35 3.62 1
0
APP_2_Inner_Layer_0:1 0.13333333333333333 0.13333333333333333 0.5 1.12 22 30 1.38 0
0
APP_2_Inner_Layer_0:2 0.26666666666666666 0.26666666666666666 1.0 1.35 25 34 1.56 0
0
APP_2_Inner_Layer_0:3 0.13333333333333333 0.13333333333333333 0.5 3.6 47 39 1.97 1
0
APP_2_Inner_Layer_1:0 0.6 0.6 2.25 1.28 45 16 2.6 0
1 2 3 4
APP_2_Inner_Layer_1:1 0.4666666666666667 0.4666666666666667 1.75 3.87 8 14 2.99 1
2 4
APP_2_Inner_Layer_1:2 0.2 0.2 0.75 1.99 40 39 1.77 1
2 1 3
APP_2_Inner_Layer_2:0 0.26666666666666666 0.26666666666666666 1.0 1.53 24 37 1.34 0
6 7
APP_2_Inner_Layer_2:1 0.4 0.4 1.5 2.68 20 44 1.78 1
5 6
APP_2_Inner_Layer_2:2 0.13333333333333333 0.13333333333333333 0.5 3.52 22 3 1.84 0
7
APP_2_Inner_Layer_3:0 0.06666666666666667 0.06666666666666667 0.25 1.79 11 27 3.72 1
8 10
APP_2_Inner_Layer_3:1 0.4 0.4 1.5 2.95 49 24 1.44 1
9 10
APP_2_Inner_Layer_3:2 0.13333333333333333 0.13333333333333333 0.5 1.69 17 18 3.77 1
9
APP_2_Inner_Layer_3:3 0.3333333333333333 0.3333333333333333 1.25 3.5 19 15 1.35 0
8 10
APP_2_Output_Layer_0 0.26666666666666666 0.26666666666666666 1.0 1.45 21 39 3.75 0
11 12 13 14
6
1.0044996422948678
APP_3_Input_Layer_0 0.06666666666666667 0.06666666666666667 0.25 3.24 20 28 1.98 1

APP_3_Inner_Layer_0:0 0.13333333333333333 0.13333333333333333 0.5 3.07 37 33 1.21 1
0
APP_3_Inner_Layer_0:1 0.4666666666666667 0.4666666666666667 1.75 1.62 13 26 3.35 1
0
APP_3_Inner_Layer_0:2 0.4666666666666667 0.4666666666666667 1.75 1.42 35 9 3.91 1
0
APP_3_Inner_Layer_0:3 0.13333333333333333 0.13333333333333333 0.5 2.5 43 48 2.88 1
0
APP_3_Output_Layer_0 0.4666666666666667 0.4666666666666667 1.75 1.89 45 30 2.28 1
1 2 3 4
6
1.5040014210968475
APP_4_Input_Layer_0 0.6 0.6 2.25 1.74 35 45 3.12 1

APP_4_Inner_Layer_0:0 0.6 0.6 2.25 1.13 16 46 1.37 1
0
APP_4_Inner_Layer_0:1 0.4 0.4 1.5 1.28 8 47 1.14 1
0
APP_4_Inner_Layer_0:2 0.4666666666666667 0.4666666666666667 1.75 1.23 49 5 2.92 1
0
APP_4_Inner_Layer_1:0 0.5333333333333333 0.5333333333333333 2.0 2.11 3 22 3.41 1
1 2 3
APP_4_Output_Layer_0 0.5333333333333333 0.5333333333333333 2.0 1.3 20 40 1.16 1
4
10
1.743415762450621
APP_5_Input_Layer_0 0.2 0.2 0.75 1.49 41 1 3.28 1

APP_5_Inner_Layer_0:0 0.5333333333333333 0.5333333333333333 2.0 2.05 1 14 2.72 1
0
APP_5_Inner_Layer_0:1 0.3333333333333333 0.3333333333333333 1.25 2.03 4 44 1.07 1
0
APP_5_Inner_Layer_0:2 0.3333333333333333 0.3333333333333333 1.25 2.42 46 17 2.0 0
0
APP_5_Inner_Layer_0:3 0.4666666666666667 0.4666666666666667 1.75 1.52 49 24 3.05 1
0
APP_5_Inner_Layer_1:0 0.13333333333333333 0.13333333333333333 0.5 2.75 29 29 1.73 0
1 2 3 4
APP_5_Inner_Layer_2:0 0.4 0.4 1.5 2.11 24 24 2.17 1
5
APP_5_Inner_Layer_2:1 0.3333333333333333 0.3333333333333333 1.25 2.66 22 47 2.35 1
5
APP_5_Inner_Layer_3:0 0.5333333333333333 0.5333333333333333 2.0 2.83 1 36 1.12 1
6 7
APP_5_Output_Layer_0 0.3333333333333333 0.3333333333333333 1.25 3.41 43 4 2.41 1
8
6
1.9488571600173712
APP_6_Input_Layer_0 0.2 0.2 0.75 3.67 44 47 1.07 1

APP_6_Inner_Layer_0:0 0.3333333333333333 0.3333333333333333 1.25 3.89 33 4 1.2 1
0
APP_6_Inner_Layer_1:0 0.26666666666666666 0.26666666666666666 1.0 3.22 48 2 1.65 1
1
APP_6_Inner_Layer_1:1 0.06666666666666667 0.06666666666666667 0.25 2.99 43 13 3.39 1
1
APP_6_Inner_Layer_1:2 0.06666666666666667 0.06666666666666667 0.25 1.47 45 45 3.73 1
1
APP_6_Output_Layer_0 0.5333333333333333 0.5333333333333333 2.0 2.69 45 43 2.82 1
2 3 4
11
2.40983835063474
APP_7_Input_Layer_0 0.26666666666666666 0.26666666666666666 1.0 2.35 27 41 3.02 1

APP_7_Inner_Layer_0:0 0.4666666666666667 0.4666666666666667 1.75 2.62 39 1 1.11 0
0
APP_7_Inner_Layer_0:1 0.4 0.4 1.5 2.19 18 48 1.3 1
0
APP_7_Inner_Layer_1:0 0.5333333333333333 0.5333333333333333 2.0 3.69 25 17 1.79 1
1
APP_7_Inner_Layer_1:1 0.5333333333333333 0.5333333333333333 2.0 2.59 25 26 3.91 0
1 2
APP_7_Inner_Layer_1:2 0.26666666666666666 0.26666666666666666 1.0 2.0 3 12 1.74 1
2
APP_7_Inner_Layer_2:0 0.13333333333333333 0.13333333333333333 0.5 2.34 17 38 1.89 1
3 5
APP_7_Inner_Layer_2:1 0.4 0.4 1.5 3.55 37 8 1.58 1
4
APP_7_Inner_Layer_2:2 0.5333333333333333 0.5333333333333333 2.0 2.76 49 13 3.51 1
4 5
APP_7_Inner_Layer_2:3 0.5333333333333333 0.5333333333333333 2.0 2.52 2 22 1.54 1
3 4
APP_7_Output_Layer_0 0.2 0.2 0.75 1.6 49 40 2.07 1
6 7 8 9
13
2.8865435832051114
APP_8_Input_Layer_0 0.2 0.2 0.75 3.89 38 46 1.35 1

APP_8_Inner_Layer_0:0 0.6 0.6 2.25 3.52 17 33 1.34 1
0
APP_8_Inner_Layer_0:1 0.26666666666666666 0.26666666666666666 1.0 2.75 42 17 1.89 1
0
APP_8_Inner_Layer_1:0 0.4 0.4 1.5 3.25 1 45 1.78 0
1 2
APP_8_Inner_Layer_1:1 0.4666666666666667 0.4666666666666667 1.75 3.55 23 34 1.71 1
2
APP_8_Inner_Layer_2:0 0.6 0.6 2.25 1.84 16 39 1.28 0
3
APP_8_Inner_Layer_2:1 0.4 0.4 1.5 2.88 29 45 2.51 0
4
APP_8_Inner_Layer_2:2 0.4666666666666667 0.4666666666666667 1.75 2.21 27 33 3.42 0
3 4
APP_8_Inner_Layer_2:3 0.2 0.2 0.75 3.09 1 17 2.25 1
3 4
APP_8_Inner_Layer_3:0 0.2 0.2 0.75 2.53 37 43 2.38 1
6 7
APP_8_Inner_Layer_3:1 0.26666666666666666 0.26666666666666666 1.0 1.69 27 49 2.69 1
5
APP_8_Inner_Layer_3:2 0.06666666666666667 0.06666666666666667 0.25 3.46 2 47 3.65 1
5 6 7 8
APP_8_Output_Layer_0 0.6 0.6 2.25 2.85 1 32 2.73 1
9 10 11
9
3.10903903622208
APP_9_Input_Layer_0 0.5333333333333333 0.5333333333333333 2.0 3.88 25 27 2.37 1

APP_9_Inner_Layer_0:0 0.5333333333333333 0.5333333333333333 2.0 3.77 38 49 2.6 1
0
APP_9_Inner_Layer_0:1 0.26666666666666666 0.26666666666666666 1.0 1.58 28 25 3.25 0
0
APP_9_Inner_Layer_0:2 0.26666666666666666 0.26666666666666666 1.0 3.01 3 47 2.28 1
0
APP_9_Inner_Layer_1:0 0.3333333333333333 0.3333333333333333 1.25 3.6 5 37 3.63 1
1 3
APP_9_Inner_Layer_1:1 0.4 0.4 1.5 2.15 34 23 3.51 1
1 3
APP_9_Inner_Layer_1:2 0.3333333333333333 0.3333333333333333 1.25 3.0 49 34 2.71 1
2 3
APP_9_Inner_Layer_1:3 0.6 0.6 2.25 3.62 32 21 1.31 0
3
APP_9_Output_Layer_0 0.13333333333333333 0.13333333333333333 0.5 1.51 38 10 2.5 1
4 5 6 7
11
3.3283935824744706
APP_10_Input_Layer_0 0.3333333333333333 0.3333333333333333 1.25 2.91 47 28 2.14 1

APP_10_Inner_Layer_0:0 0.3333333333333333 0.3333333333333333 1.25 3.35 46 8 2.69 0
0
APP_10_Inner_Layer_1:0 0.26666666666666666 0.26666666666666666 1.0 2.32 31 43 3.62 1
1
APP_10_Inner_Layer_1:1 0.13333333333333333 0.13333333333333333 0.5 1.05 15 30 2.89 1
1
APP_10_Inner_Layer_1:2 0.26666666666666666 0.26666666666666666 1.0 1.88 25 21 3.21 0
1
APP_10_Inner_Layer_1:3 0.5333333333333333 0.5333333333333333 2.0 1.12 14 16 2.45 1
1
APP_10_Inner_Layer_2:0 0.3333333333333333 0.3333333333333333 1.25 1.92 30 48 2.94 1
5
APP_10_Inner_Layer_2:1 0.3333333333333333 0.3333333333333333 1.25 3.34 10 31 2.38 1
2 3 4
APP_10_Inner_Layer_2:2 0.26666666666666666 0.26666666666666666 1.0 2.29 15 8 3.32 1
2 3 4
APP_10_Inner_Layer_3:0 0.6 0.6 2.25 1.02 30 43 2.39 1
6 7 8
APP_10_Output_Layer_0 0.06666666666666667 0.06666666666666667 0.25 1.69 1 11 3.33 1
9
9
3.6110881558999766
APP_11_Input_Layer_0 0.4666666666666667 0.4666666666666667 1.75 1.88 41 39 2.72 1

APP_11_Inner_Layer_0:0 0.6 0.6 2.25 1.28 20 4 3.46 1
0
APP_11_Inner_Layer_0:1 0.6 0.6 2.25 2.23 32 37 2.0 0
0
APP_11_Inner_Layer_0:2 0.5333333333333333 0.5333333333333333 2.0 2.5 46 10 3.39 1
0
APP_11_Inner_Layer_0:3 0.4 0.4 1.5 3.3 43 14 2.21 1
0
APP_11_Inner_Layer_1:0 0.2 0.2 0.75 3.85 31 28 1.62 1
1 2 3
APP_11_Inner_Layer_1:1 0.3333333333333333 0.3333333333333333 1.25 3.1 3 29 1.4 1
4
APP_11_Inner_Layer_1:2 0.5333333333333333 0.5333333333333333 2.0 1.6 37 40 1.73 1
1 2
APP_11_Output_Layer_0 0.2 0.2 0.75 3.48 12 4 3.4 1
5 6 7
7
4.0322570252078505
APP_12_Input_Layer_0 0.4 0.4 1.5 1.38 44 33 1.9 1

APP_12_Inner_Layer_0:0 0.5333333333333333 0.5333333333333333 2.0 3.37 10 35 3.61 1
0
APP_12_Inner_Layer_0:1 0.26666666666666666 0.26666666666666666 1.0 1.29 23 2 3.36 0
0
APP_12_Inner_Layer_1:0 0.26666666666666666 0.26666666666666666 1.0 1.48 16 13 3.48 1
1 2
APP_12_Inner_Layer_1:1 0.4 0.4 1.5 1.5 39 35 3.22 0
2
APP_12_Inner_Layer_1:2 0.4 0.4 1.5 3.54 26 19 2.82 1
1
APP_12_Output_Layer_0 0.4 0.4 1.5 2.7 28 27 2.85 1
3 4 5
7
4.429107822642292
APP_13_Input_Layer_0 0.3333333333333333 0.3333333333333333 1.25 2.96 34 44 1.23 1

APP_13_Inner_Layer_0:0 0.5333333333333333 0.5333333333333333 2.0 3.78 13 15 2.01 1
0
APP_13_Inner_Layer_0:1 0.3333333333333333 0.3333333333333333 1.25 3.13 28 14 2.46 0
0
APP_13_Inner_Layer_0:2 0.4 0.4 1.5 2.92 25 44 3.83 0
0
APP_13_Inner_Layer_0:3 0.2 0.2 0.75 1.15 3 7 1.55 1
0
APP_13_Inner_Layer_1:0 0.4 0.4 1.5 1.15 36 20 1.94 1
1 2 3 4
APP_13_Output_Layer_0 0.4666666666666667 0.4666666666666667 1.75 3.46 31 29 3.95 1
5
6
4.775676632289542
APP_14_Input_Layer_0 0.2 0.2 0.75 1.88 17 13 1.55 1

APP_14_Inner_Layer_0:0 0.26666666666666666 0.26666666666666666 1.0 1.4 13 29 2.09 1
0
APP_14_Inner_Layer_0:1 0.5333333333333333 0.5333333333333333 2.0 3.65 32 34 2.71 1
0
APP_14_Inner_Layer_0:2 0.6 0.6 2.25 1.04 24 44 2.77 0
0
APP_14_Inner_Layer_0:3 0.26666666666666666 0.26666666666666666 1.0 2.29 28 27 1.86 1
0
APP_14_Output_Layer_0 0.06666666666666667 0.06666666666666667 0.25 3.06 34 14 3.91 1
1 2 3 4
9
5.000986872516892
APP_15_Input_Layer_0 0.26666666666666666 0.26666666666666666 1.0 3.11 33 44 1.32 0

APP_15_Inner_Layer_0:0 0.4666666666666667 0.4666666666666667 1.75 2.22 6 17 1.47 1
0
APP_15_Inner_Layer_0:1 0.06666666666666667 0.06666666666666667 0.25 3.54 21 39 2.5 1
0
APP_15_Inner_Layer_0:2 0.4 0.4 1.5 1.67 35 20 3.82 1
0
APP_15_Inner_Layer_1:0 0.13333333333333333 0.13333333333333333 0.5 2.94 11 35 3.28 1
1 2
APP_15_Inner_Layer_1:1 0.2 0.2 0.75 1.15 9 41 3.22 1
2
APP_15_Inner_Layer_1:2 0.13333333333333333 0.13333333333333333 0.5 1.46 16 38 1.69 1
1 3
APP_15_Inner_Layer_2:0 0.26666666666666666 0.26666666666666666 1.0 3.61 40 22 2.26 1
4 5 6
APP_15_Output_Layer_0 0.3333333333333333 0.3333333333333333 1.25 2.3 15 32 2.57 1
7
5
5.401962249462709
APP_16_Input_Layer_0 0.13333333333333333 0.13333333333333333 0.5 3.76 5 14 1.81 1

APP_16_Inner_Layer_0:0 0.2 0.2 0.75 2.55 4 35 1.7 1
0
APP_16_Inner_Layer_0:1 0.5333333333333333 0.5333333333333333 2.0 2.03 4 28 1.17 1
0
APP_16_Inner_Layer_1:0 0.3333333333333333 0.3333333333333333 1.25 2.64 41 22 2.95 0
1 2
APP_16_Output_Layer_0 0.06666666666666667 0.06666666666666667 0.25 1.03 37 16 3.26 1
3
14
5.643228614686317
APP_17_Input_Layer_0 0.5333333333333333 0.5333333333333333 2.0 3.15 42 48 3.56 0

APP_17_Inner_Layer_0:0 0.2 0.2 0.75 3.69 12 10 2.75 1
0
APP_17_Inner_Layer_0:1 0.06666666666666667 0.06666666666666667 0.25 3.92 15 18 1.8 0
0
APP_17_Inner_Layer_0:2 0.26666666666666666 0.26666666666666666 1.0 2.02 23 27 1.06 1
0
APP_17_Inner_Layer_1:0 0.4666666666666667 0.4666666666666667 1.75 1.1 7 49 2.39 0
1 3
APP_17_Inner_Layer_1:1 0.4666666666666667 0.4666666666666667 1.75 1.19 28 42 1.03 1
1 2
APP_17_Inner_Layer_1:2 0.3333333333333333 0.3333333333333333 1.25 3.88 34 24 2.21 1
1
APP_17_Inner_Layer_2:0 0.4666666666666667 0.4666666666666667 1.75 2.42 25 15 2.83 1
4 5
APP_17_Inner_Layer_2:1 0.5333333333333333 0.5333333333333333 2.0 1.25 35 28 1.95 1
5
APP_17_Inner_Layer_2:2 0.4 0.4 1.5 3.28 12 40 1.82 0
4 5
APP_17_Inner_Layer_2:3 0.06666666666666667 0.06666666666666667 0.25 3.3 2 15 1.33 0
4 6
APP_17_Inner_Layer_3:0 0.2 0.2 0.75 2.87 40 31 1.33 1
7 8
APP_17_Inner_Layer_3:1 0.4666666666666667 0.4666666666666667 1.75 3.91 35 27 3.99 1
9 10
APP_17_Output_Layer_0 0.13333333333333333 0.13333333333333333 0.5 1.6 19 23 1.15 1
11 12
