10
18
10
0
APP_0_Input_Layer_0 0.06666666666666667 0.06666666666666667 0.25 2.21 48 5 3.89 1

APP_0_Inner_Layer_0:0 0.13333333333333333 0.13333333333333333 0.5 1.14 15 6 2.78 1
0
APP_0_Inner_Layer_0:1 0.4 0.4 1.5 2.67 18 46 1.87 1
0
APP_0_Inner_Layer_0:2 0.4 0.4 1.5 3.37 5 32 1.85 1
0
APP_0_Inner_Layer_1:0 0.5333333333333333 0.5333333333333333 2.0 2.59 42 24 2.68 0
1 2
APP_0_Inner_Layer_1:1 0.13333333333333333 0.13333333333333333 0.5 1.65 11 33 1.75 0
3
APP_0_Inner_Layer_2:0 0.4 0.4 1.5 2.96 38 17 1.73 0
5
APP_0_Inner_Layer_2:1 0.6 0.6 2.25 3.77 39 49 2.49 1
4 5
APP_0_Inner_Layer_2:2 0.06666666666666667 0.06666666666666667 0.25 2.88 36 48 3.86 1
4
APP_0_Output_Layer_0 0.13333333333333333 0.13333333333333333 0.5 3.21 37 19 2.27 1
6 7 8
3
0.5064590074963531
APP_1_Input_Layer_0 0.3333333333333333 0.3333333333333333 1.25 3.84 36 47 1.9 0

APP_1_Inner_Layer_0:0 0.2 0.2 0.75 3.98 31 44 2.46 0
0
APP_1_Output_Layer_0 0.06666666666666667 0.06666666666666667 0.25 1.61 46 49 3.13 1
1
10
0.9916096298211922
APP_2_Input_Layer_0 0.26666666666666666 0.26666666666666666 1.0 3.42 34 4 2.01 1

APP_2_Inner_Layer_0:0 0.26666666666666666 0.26666666666666666 1.0 1.21 28 14 2.05 1
0
APP_2_Inner_Layer_1:0 0.13333333333333333 0.13333333333333333 0.5 2.02 18 48 2.04 1
1
APP_2_Inner_Layer_1:1 0.6 0.6 2.25 3.53 23 49 3.02 0
1
APP_2_Inner_Layer_1:2 0.5333333333333333 0.5333333333333333 2.0 2.27 26 17 3.49 1
1
APP_2_Inner_Layer_1:3 0.4666666666666667 0.4666666666666667 1.75 2.14 6 5 3.55 1
1
APP_2_Inner_Layer_2:0 0.06666666666666667 0.06666666666666667 0.25 3.29 4 6 2.35 1
2 5
APP_2_Inner_Layer_2:1 0.13333333333333333 0.13333333333333333 0.5 3.9 37 26 2.1 1
2 3 4
APP_2_Inner_Layer_2:2 0.6 0.6 2.25 3.02 22 41 1.55 0
3 4
APP_2_Output_Layer_0 0.5333333333333333 0.5333333333333333 2.0 2.53 36 22 3.92 1
6 7 8
3
1.2441802502979253
APP_3_Input_Layer_0 0.3333333333333333 0.3333333333333333 1.25 2.35 2 4 2.27 1

APP_3_Inner_Layer_0:0 0.3333333333333333 0.3333333333333333 1.25 1.95 25 15 1.64 0
0
APP_3_Output_Layer_0 0.06666666666666667 0.06666666666666667 0.25 2.04 9 5 1.45 1
1
5
1.636049270465803
APP_4_Input_Layer_0 0.5333333333333333 0.5333333333333333 2.0 3.62 46 1 3.69 1

APP_4_Inner_Layer_0:0 0.2 0.2 0.75 1.67 4 8 1.33 1
0
APP_4_Inner_Layer_0:1 0.13333333333333333 0.13333333333333333 0.5 1.88 30 1 3.28 1
0
APP_4_Inner_Layer_0:2 0.4666666666666667 0.4666666666666667 1.75 2.9 47 18 3.26 1
0
APP_4_Output_Layer_0 0.3333333333333333 0.3333333333333333 1.25 3.7 26 46 3.06 1
1 2 3
13
1.841005532171705
APP_5_Input_Layer_0 0.5333333333333333 0.5333333333333333 2.0 2.32 2 30 2.51 1

APP_5_Inner_Layer_0:0 0.5333333333333333 0.5333333333333333 2.0 3.76 39 2 1.24 1
0
APP_5_Inner_Layer_0:1 0.2 0.2 0.75 3.02 1 30 4.0 1
0
APP_5_Inner_Layer_0:2 0.5333333333333333 0.5333333333333333 2.0 1.92 21 16 1.26 0
0
APP_5_Inner_Layer_0:3 0.13333333333333333 0.13333333333333333 0.5 1.94 35 20 3.75 1
0
APP_5_Inner_Layer_1:0 0.4 0.4 1.5 2.42 15 22 3.89 0
3 4
APP_5_Inner_Layer_1:1 0.4666666666666667 0.4666666666666667 1.75 3.81 48 31 1.79 0
1 2
APP_5_Inner_Layer_2:0 0.26666666666666666 0.26666666666666666 1.0 3.72 3 21 3.99 1
5
APP_5_Inner_Layer_2:1 0.26666666666666666 0.26666666666666666 1.0 2.93 9 17 3.12 1
5 6
APP_5_Inner_Layer_2:2 0.26666666666666666 0.26666666666666666 1.0 1.49 19 48 3.04 1
6
APP_5_Inner_Layer_2:3 0.2 0.2 0.75 3.16 39 39 2.69 1
6
APP_5_Inner_Layer_3:0 0.6 0.6 2.25 3.68 49 30 2.65 0
7 8 9 10
APP_5_Output_Layer_0 0.4666666666666667 0.4666666666666667 1.75 3.27 22 39 3.17 1
11
3
2.163906458431225
APP_6_Input_Layer_0 0.4 0.4 1.5 1.29 28 46 1.37 1

APP_6_Inner_Layer_0:0 0.26666666666666666 0.26666666666666666 1.0 1.64 49 47 3.91 1
0
APP_6_Output_Layer_0 0.13333333333333333 0.13333333333333333 0.5 2.54 29 47 3.6 1
1
12
2.5034895853033805
APP_7_Input_Layer_0 0.4 0.4 1.5 1.81 39 36 1.28 1

APP_7_Inner_Layer_0:0 0.4 0.4 1.5 2.16 36 2 3.97 1
0
APP_7_Inner_Layer_0:1 0.06666666666666667 0.06666666666666667 0.25 3.12 30 38 3.61 1
0
APP_7_Inner_Layer_0:2 0.3333333333333333 0.3333333333333333 1.25 1.99 18 41 3.21 1
0
APP_7_Inner_Layer_1:0 0.6 0.6 2.25 2.82 6 49 1.9 1
2
APP_7_Inner_Layer_1:1 0.3333333333333333 0.3333333333333333 1.25 2.0 27 35 3.12 1
1 3
APP_7_Inner_Layer_1:2 0.5333333333333333 0.5333333333333333 2.0 3.91 20 44 2.66 1
1 2
APP_7_Inner_Layer_2:0 0.2 0.2 0.75 1.33 4 22 3.37 0
4 5 6
APP_7_Inner_Layer_3:0 0.2 0.2 0.75 1.12 14 22 3.24 0
7
APP_7_Inner_Layer_3:1 0.5333333333333333 0.5333333333333333 2.0 1.51 23 12 3.55 1
7
APP_7_Inner_Layer_3:2 0.5333333333333333 0.5333333333333333 2.0 3.59 26 45 3.56 0
7
APP_7_Output_Layer_0 0.5333333333333333 0.5333333333333333 2.0 2.13 7 7 1.98 1
8 9 10
13
2.817961499736635
APP_8_Input_Layer_0 0.5333333333333333 0.5333333333333333 2.0 1.41 7 22 1.67 1

APP_8_Inner_Layer_0:0 0.26666666666666666 0.26666666666666666 1.0 3.55 3 18 1.51 0
0
APP_8_Inner_Layer_1:0 0.6 0.6 2.25 2.52 44 4 1.82 1
1
APP_8_Inner_Layer_1:1 0.4666666666666667 0.4666666666666667 1.75 3.15 5 38 3.76 1
1
APP_8_Inner_Layer_2:0 0.26666666666666666 0.26666666666666666 1.0 1.43 32 38 1.53 1
2 3
APP_8_Inner_Layer_2:1 0.4 0.4 1.5 3.27 45 26 3.64 1
3
APP_8_Inner_Layer_2:2 0.2 0.2 0.75 3.29 44 46 1.44 1
2 3
APP_8_Inner_Layer_2:3 0.26666666666666666 0.26666666666666666 1.0 1.96 20 40 3.54 1
3
APP_8_Inner_Layer_3:0 0.3333333333333333 0.3333333333333333 1.25 2.37 45 36 3.73 0
4 5 6 7
APP_8_Inner_Layer_3:1 0.06666666666666667 0.06666666666666667 0.25 1.99 33 8 1.16 0
7
APP_8_Inner_Layer_3:2 0.6 0.6 2.25 1.68 15 45 2.41 0
5
APP_8_Inner_Layer_3:3 0.3333333333333333 0.3333333333333333 1.25 3.24 30 18 1.98 0
4 5 7
APP_8_Output_Layer_0 0.2 0.2 0.75 1.03 2 48 1.3 1
8 9 10 11
4
3.1974795024931604
APP_9_Input_Layer_0 0.13333333333333333 0.13333333333333333 0.5 2.23 27 25 3.2 1

APP_9_Inner_Layer_0:0 0.13333333333333333 0.13333333333333333 0.5 3.95 46 48 2.67 1
0
APP_9_Inner_Layer_0:1 0.06666666666666667 0.06666666666666667 0.25 2.14 18 4 2.7 0
0
APP_9_Output_Layer_0 0.5333333333333333 0.5333333333333333 2.0 2.82 22 27 3.12 1
1 2
12
3.470060401795785
APP_10_Input_Layer_0 0.6 0.6 2.25 2.61 27 17 2.17 1

APP_10_Inner_Layer_0:0 0.3333333333333333 0.3333333333333333 1.25 2.75 31 46 1.37 1
0
APP_10_Inner_Layer_0:1 0.2 0.2 0.75 3.37 48 8 3.38 0
0
APP_10_Inner_Layer_0:2 0.6 0.6 2.25 3.64 38 11 1.19 1
0
APP_10_Inner_Layer_1:0 0.3333333333333333 0.3333333333333333 1.25 2.52 27 13 1.73 1
1 3
APP_10_Inner_Layer_1:1 0.2 0.2 0.75 3.73 15 37 1.79 1
1 2 3
APP_10_Inner_Layer_1:2 0.4666666666666667 0.4666666666666667 1.75 2.9 32 6 2.95 1
2
APP_10_Inner_Layer_2:0 0.06666666666666667 0.06666666666666667 0.25 2.05 35 1 2.06 1
4 6
APP_10_Inner_Layer_2:1 0.6 0.6 2.25 1.8 48 15 3.18 1
5
APP_10_Inner_Layer_3:0 0.4 0.4 1.5 3.74 26 33 2.65 0
7 8
APP_10_Inner_Layer_3:1 0.06666666666666667 0.06666666666666667 0.25 1.12 13 14 2.09 1
8
APP_10_Output_Layer_0 0.3333333333333333 0.3333333333333333 1.25 1.67 10 20 1.15 1
9 10
6
3.7305805824988525
APP_11_Input_Layer_0 0.13333333333333333 0.13333333333333333 0.5 3.65 10 31 3.05 1

APP_11_Inner_Layer_0:0 0.13333333333333333 0.13333333333333333 0.5 2.76 32 30 3.7 1
0
APP_11_Inner_Layer_0:1 0.26666666666666666 0.26666666666666666 1.0 3.52 22 25 1.3 0
0
APP_11_Inner_Layer_0:2 0.6 0.6 2.25 3.83 28 36 2.14 0
0
APP_11_Inner_Layer_0:3 0.3333333333333333 0.3333333333333333 1.25 2.87 35 31 1.1 0
0
APP_11_Output_Layer_0 0.4 0.4 1.5 2.85 34 43 2.15 1
1 2 3 4
6
4.181133402103168
APP_12_Input_Layer_0 0.3333333333333333 0.3333333333333333 1.25 2.27 25 2 3.57 1

APP_12_Inner_Layer_0:0 0.5333333333333333 0.5333333333333333 2.0 3.87 37 29 2.25 1
0
APP_12_Inner_Layer_0:1 0.13333333333333333 0.13333333333333333 0.5 1.75 12 16 3.94 1
0
APP_12_Inner_Layer_1:0 0.26666666666666666 0.26666666666666666 1.0 1.68 21 14 2.9 1
1
APP_12_Inner_Layer_1:1 0.06666666666666667 0.06666666666666667 0.25 1.83 37 44 3.72 1
2
APP_12_Output_Layer_0 0.4 0.4 1.5 2.76 35 47 2.08 1
3 4
10
4.46851327926329
APP_13_Input_Layer_0 0.5333333333333333 0.5333333333333333 2.0 2.89 39 40 3.53 1

APP_13_Inner_Layer_0:0 0.3333333333333333 0.3333333333333333 1.25 3.6 18 47 3.3 1
0
APP_13_Inner_Layer_0:1 0.3333333333333333 0.3333333333333333 1.25 3.87 31 38 3.07 1
0
APP_13_Inner_Layer_0:2 0.4 0.4 1.5 2.65 12 43 2.9 1
0
APP_13_Inner_Layer_1:0 0.2 0.2 0.75 1.24 48 41 1.21 1
1 2 3
APP_13_Inner_Layer_2:0 0.3333333333333333 0.3333333333333333 1.25 1.14 17 31 2.56 1
4
APP_13_Inner_Layer_3:0 0.26666666666666666 0.26666666666666666 1.0 3.81 49 12 2.55 1
5
APP_13_Inner_Layer_3:1 0.06666666666666667 0.06666666666666667 0.25 3.31 24 16 3.27 1
5
APP_13_Inner_Layer_3:2 0.13333333333333333 0.13333333333333333 0.5 3.8 17 8 1.07 0
5
APP_13_Output_Layer_0 0.06666666666666667 0.06666666666666667 0.25 2.77 16 20 2.39 1
6 7 8
4
4.703549972820248
APP_14_Input_Layer_0 0.4666666666666667 0.4666666666666667 1.75 3.19 29 3 3.62 1

APP_14_Inner_Layer_0:0 0.4666666666666667 0.4666666666666667 1.75 1.42 24 11 2.48 1
0
APP_14_Inner_Layer_0:1 0.4 0.4 1.5 3.07 46 40 1.23 0
0
APP_14_Output_Layer_0 0.5333333333333333 0.5333333333333333 2.0 3.59 16 47 3.01 1
1 2
12
5.141527169868442
APP_15_Input_Layer_0 0.5333333333333333 0.5333333333333333 2.0 3.47 45 14 3.83 1

APP_15_Inner_Layer_0:0 0.4666666666666667 0.4666666666666667 1.75 1.71 11 31 3.74 0
0
APP_15_Inner_Layer_0:1 0.26666666666666666 0.26666666666666666 1.0 3.34 15 41 2.62 0
0
APP_15_Inner_Layer_0:2 0.4666666666666667 0.4666666666666667 1.75 3.65 29 45 3.92 0
0
APP_15_Inner_Layer_1:0 0.4 0.4 1.5 1.46 40 47 1.96 1
2 3
APP_15_Inner_Layer_1:1 0.3333333333333333 0.3333333333333333 1.25 2.5 25 2 3.11 1
3 1
APP_15_Inner_Layer_1:2 0.4 0.4 1.5 1.22 7 25 1.45 1
1
APP_15_Inner_Layer_2:0 0.4666666666666667 0.4666666666666667 1.75 1.31 1 29 3.07 1
5
APP_15_Inner_Layer_2:1 0.26666666666666666 0.26666666666666666 1.0 2.3 49 1 3.84 1
4 5 6
APP_15_Inner_Layer_3:0 0.3333333333333333 0.3333333333333333 1.25 3.79 19 40 1.26 1
7 8
APP_15_Inner_Layer_3:1 0.4666666666666667 0.4666666666666667 1.75 1.52 8 25 3.14 0
8
APP_15_Output_Layer_0 0.2 0.2 0.75 2.3 17 17 1.36 1
9 10
10
5.512020973375151
APP_16_Input_Layer_0 0.4666666666666667 0.4666666666666667 1.75 2.46 48 33 2.32 1

APP_16_Inner_Layer_0:0 0.2 0.2 0.75 1.45 46 9 3.32 0
0
APP_16_Inner_Layer_0:1 0.5333333333333333 0.5333333333333333 2.0 3.82 5 16 1.54 1
0
APP_16_Inner_Layer_1:0 0.13333333333333333 0.13333333333333333 0.5 1.93 12 15 2.34 0
2
APP_16_Inner_Layer_1:1 0.26666666666666666 0.26666666666666666 1.0 1.84 41 15 1.23 1
2
APP_16_Inner_Layer_1:2 0.2 0.2 0.75 3.88 14 44 3.19 0
1 2
APP_16_Inner_Layer_2:0 0.13333333333333333 0.13333333333333333 0.5 1.1 9 20 3.73 0
3 4 5
APP_16_Inner_Layer_3:0 0.4 0.4 1.5 3.29 35 7 3.6 1
6
APP_16_Inner_Layer_3:1 0.26666666666666666 0.26666666666666666 1.0 2.75 48 7 1.48 0
6
APP_16_Output_Layer_0 0.2 0.2 0.75 2.15 16 23 2.27 1
7 8
5
5.837827451575431
APP_17_Input_Layer_0 0.5333333333333333 0.5333333333333333 2.0 2.85 14 3 3.49 1

APP_17_Inner_Layer_0:0 0.3333333333333333 0.3333333333333333 1.25 3.4 11 14 1.11 0
0
APP_17_Inner_Layer_1:0 0.4 0.4 1.5 1.79 17 34 1.19 1
1
APP_17_Inner_Layer_1:1 0.26666666666666666 0.26666666666666666 1.0 1.04 7 25 1.72 1
1
APP_17_Output_Layer_0 0.06666666666666667 0.06666666666666667 0.25 1.27 47 7 1.46 1
2 3
