10
18
13
0
APP_0_Input_Layer_0 0.5333333333333333 0.5333333333333333 2.0 1.71 2 33 1.3 1

APP_0_Inner_Layer_0:0 0.6 0.6 2.25 2.43 8 25 3.05 0
0
APP_0_Inner_Layer_0:1 0.26666666666666666 0.26666666666666666 1.0 1.21 23 39 1.19 1
0
APP_0_Inner_Layer_0:2 0.4666666666666667 0.4666666666666667 1.75 1.45 32 36 1.89 0
0
APP_0_Inner_Layer_0:3 0.4 0.4 1.5 1.52 33 6 1.43 1
0
APP_0_Inner_Layer_1:0 0.4 0.4 1.5 1.66 33 26 3.26 1
3 4
APP_0_Inner_Layer_1:1 0.4 0.4 1.5 2.27 29 2 3.76 1
4 3 2
APP_0_Inner_Layer_1:2 0.13333333333333333 0.13333333333333333 0.5 1.87 3 14 3.57 1
1 2 3
APP_0_Inner_Layer_2:0 0.4666666666666667 0.4666666666666667 1.75 1.03 25 44 1.83 0
7
APP_0_Inner_Layer_2:1 0.13333333333333333 0.13333333333333333 0.5 2.35 44 18 2.14 1
6
APP_0_Inner_Layer_2:2 0.13333333333333333 0.13333333333333333 0.5 2.33 39 24 3.98 1
5 6 7
APP_0_Inner_Layer_2:3 0.13333333333333333 0.13333333333333333 0.5 3.93 19 21 2.59 1
5 6 7
APP_0_Output_Layer_0 0.06666666666666667 0.06666666666666667 0.25 1.48 46 27 3.26 1
8 9 10 11
4
0.37211756633460785
APP_1_Input_Layer_0 0.13333333333333333 0.13333333333333333 0.5 2.17 37 21 1.28 1

APP_1_Inner_Layer_0:0 0.3333333333333333 0.3333333333333333 1.25 2.62 46 36 2.75 1
0
APP_1_Inner_Layer_0:1 0.2 0.2 0.75 1.44 9 28 1.56 1
0
APP_1_Output_Layer_0 0.26666666666666666 0.26666666666666666 1.0 1.2 8 12 2.8 1
1 2
10
0.6210357163653242
APP_2_Input_Layer_0 0.26666666666666666 0.26666666666666666 1.0 3.89 22 17 3.08 1

APP_2_Inner_Layer_0:0 0.2 0.2 0.75 1.46 44 36 2.26 1
0
APP_2_Inner_Layer_1:0 0.3333333333333333 0.3333333333333333 1.25 1.75 25 24 3.35 1
1
APP_2_Inner_Layer_1:1 0.5333333333333333 0.5333333333333333 2.0 1.13 19 13 3.73 1
1
APP_2_Inner_Layer_1:2 0.6 0.6 2.25 1.14 27 48 3.08 1
1
APP_2_Inner_Layer_2:0 0.5333333333333333 0.5333333333333333 2.0 2.12 32 36 1.59 1
2 3 4
APP_2_Inner_Layer_2:1 0.4666666666666667 0.4666666666666667 1.75 1.29 18 33 1.49 1
4
APP_2_Inner_Layer_3:0 0.6 0.6 2.25 2.94 18 23 2.78 1
5 6
APP_2_Inner_Layer_3:1 0.4 0.4 1.5 3.16 47 35 2.18 1
6
APP_2_Output_Layer_0 0.6 0.6 2.25 2.0 16 34 2.47 1
7 8
10
0.8859492713777273
APP_3_Input_Layer_0 0.4 0.4 1.5 1.79 20 32 3.38 1

APP_3_Inner_Layer_0:0 0.2 0.2 0.75 1.23 21 30 1.23 1
0
APP_3_Inner_Layer_1:0 0.4666666666666667 0.4666666666666667 1.75 2.04 19 25 2.47 0
1
APP_3_Inner_Layer_1:1 0.6 0.6 2.25 2.69 39 10 2.82 1
1
APP_3_Inner_Layer_2:0 0.4666666666666667 0.4666666666666667 1.75 3.08 2 47 3.92 1
2 3
APP_3_Inner_Layer_2:1 0.5333333333333333 0.5333333333333333 2.0 1.44 23 39 3.43 1
2
APP_3_Inner_Layer_2:2 0.13333333333333333 0.13333333333333333 0.5 2.44 25 28 1.7 1
3
APP_3_Inner_Layer_2:3 0.26666666666666666 0.26666666666666666 1.0 1.83 16 25 1.76 1
2
APP_3_Inner_Layer_3:0 0.4 0.4 1.5 3.53 25 13 1.12 1
4 5 6 7
APP_3_Output_Layer_0 0.2 0.2 0.75 1.07 8 21 1.56 1
8
12
1.110884393465846
APP_4_Input_Layer_0 0.5333333333333333 0.5333333333333333 2.0 2.36 28 39 3.13 1

APP_4_Inner_Layer_0:0 0.13333333333333333 0.13333333333333333 0.5 3.69 1 48 3.71 1
0
APP_4_Inner_Layer_1:0 0.26666666666666666 0.26666666666666666 1.0 2.65 32 4 1.49 1
1
APP_4_Inner_Layer_2:0 0.6 0.6 2.25 1.6 2 5 2.88 1
2
APP_4_Inner_Layer_2:1 0.2 0.2 0.75 2.11 25 45 2.72 1
2
APP_4_Inner_Layer_2:2 0.06666666666666667 0.06666666666666667 0.25 3.33 12 26 1.07 1
2
APP_4_Inner_Layer_2:3 0.06666666666666667 0.06666666666666667 0.25 1.4 34 14 2.3 1
2
APP_4_Inner_Layer_3:0 0.06666666666666667 0.06666666666666667 0.25 3.96 22 3 1.73 1
5 6
APP_4_Inner_Layer_3:1 0.4 0.4 1.5 3.0 42 43 2.18 1
3 4 5 6
APP_4_Inner_Layer_3:2 0.13333333333333333 0.13333333333333333 0.5 2.15 33 38 1.71 1
3 4
APP_4_Inner_Layer_3:3 0.6 0.6 2.25 2.83 12 13 3.7 1
3 5 6
APP_4_Output_Layer_0 0.06666666666666667 0.06666666666666667 0.25 2.8 33 12 1.12 1
7 8 9 10
6
1.5032787619247407
APP_5_Input_Layer_0 0.6 0.6 2.25 2.98 37 49 1.08 1

APP_5_Inner_Layer_0:0 0.06666666666666667 0.06666666666666667 0.25 1.21 40 25 2.35 1
0
APP_5_Inner_Layer_1:0 0.4666666666666667 0.4666666666666667 1.75 2.05 30 45 2.65 1
1
APP_5_Inner_Layer_2:0 0.4666666666666667 0.4666666666666667 1.75 2.27 14 17 1.44 1
2
APP_5_Inner_Layer_2:1 0.5333333333333333 0.5333333333333333 2.0 3.13 2 42 3.3 1
2
APP_5_Output_Layer_0 0.4666666666666667 0.4666666666666667 1.75 1.45 20 2 2.79 1
3 4
3
1.737312610602421
APP_6_Input_Layer_0 0.3333333333333333 0.3333333333333333 1.25 1.96 4 47 2.6 1

APP_6_Inner_Layer_0:0 0.2 0.2 0.75 1.01 39 11 3.18 1
0
APP_6_Output_Layer_0 0.3333333333333333 0.3333333333333333 1.25 1.34 3 9 3.34 1
1
16
2.270549568895706
APP_7_Input_Layer_0 0.26666666666666666 0.26666666666666666 1.0 1.58 14 4 1.02 1

APP_7_Inner_Layer_0:0 0.5333333333333333 0.5333333333333333 2.0 1.08 19 11 1.09 1
0
APP_7_Inner_Layer_0:1 0.2 0.2 0.75 3.8 22 17 3.52 1
0
APP_7_Inner_Layer_1:0 0.06666666666666667 0.06666666666666667 0.25 1.01 16 1 3.5 1
2
APP_7_Inner_Layer_1:1 0.2 0.2 0.75 2.29 15 36 3.13 0
1 2
APP_7_Inner_Layer_1:2 0.26666666666666666 0.26666666666666666 1.0 1.52 30 27 1.22 1
1
APP_7_Inner_Layer_1:3 0.2 0.2 0.75 2.01 7 22 3.42 1
1 2
APP_7_Inner_Layer_2:0 0.3333333333333333 0.3333333333333333 1.25 2.89 4 40 2.62 1
4
APP_7_Inner_Layer_2:1 0.6 0.6 2.25 2.92 18 12 3.11 1
3 4 5 6
APP_7_Inner_Layer_2:2 0.13333333333333333 0.13333333333333333 0.5 3.29 15 16 1.18 0
5 6
APP_7_Inner_Layer_2:3 0.6 0.6 2.25 2.53 22 11 1.75 1
4 5 6
APP_7_Inner_Layer_3:0 0.06666666666666667 0.06666666666666667 0.25 1.46 18 25 2.25 1
7 8 9 10
APP_7_Inner_Layer_3:1 0.6 0.6 2.25 3.55 14 49 2.88 1
8
APP_7_Inner_Layer_3:2 0.13333333333333333 0.13333333333333333 0.5 3.62 35 23 2.77 1
7 8
APP_7_Inner_Layer_3:3 0.4 0.4 1.5 1.49 13 17 1.31 1
9
APP_7_Output_Layer_0 0.2 0.2 0.75 1.05 15 20 3.01 0
11 12 13 14
8
2.4844545253662305
APP_8_Input_Layer_0 0.4 0.4 1.5 1.27 16 16 3.38 0

APP_8_Inner_Layer_0:0 0.13333333333333333 0.13333333333333333 0.5 1.96 34 32 3.36 1
0
APP_8_Inner_Layer_0:1 0.13333333333333333 0.13333333333333333 0.5 2.09 27 31 2.26 1
0
APP_8_Inner_Layer_0:2 0.4 0.4 1.5 3.5 40 21 1.98 1
0
APP_8_Inner_Layer_1:0 0.4666666666666667 0.4666666666666667 1.75 1.19 32 38 2.08 1
1 2 3
APP_8_Inner_Layer_2:0 0.26666666666666666 0.26666666666666666 1.0 3.71 24 16 3.3 1
4
APP_8_Inner_Layer_2:1 0.13333333333333333 0.13333333333333333 0.5 1.84 11 25 2.84 1
4
APP_8_Output_Layer_0 0.6 0.6 2.25 3.85 40 37 1.88 1
5 6
10
2.9890028364795866
APP_9_Input_Layer_0 0.13333333333333333 0.13333333333333333 0.5 2.54 36 24 3.55 1

APP_9_Inner_Layer_0:0 0.13333333333333333 0.13333333333333333 0.5 1.41 13 17 1.8 0
0
APP_9_Inner_Layer_0:1 0.3333333333333333 0.3333333333333333 1.25 2.85 8 13 3.74 0
0
APP_9_Inner_Layer_0:2 0.4 0.4 1.5 2.29 24 47 1.02 0
0
APP_9_Inner_Layer_1:0 0.6 0.6 2.25 1.57 22 24 3.67 1
1 2 3
APP_9_Inner_Layer_2:0 0.26666666666666666 0.26666666666666666 1.0 3.29 21 39 2.47 1
4
APP_9_Inner_Layer_2:1 0.3333333333333333 0.3333333333333333 1.25 2.19 36 13 3.78 1
4
APP_9_Inner_Layer_2:2 0.5333333333333333 0.5333333333333333 2.0 2.69 28 43 1.63 1
4
APP_9_Inner_Layer_2:3 0.2 0.2 0.75 3.81 17 38 3.56 1
4
APP_9_Output_Layer_0 0.4666666666666667 0.4666666666666667 1.75 1.8 43 16 3.57 1
5 6 7 8
4
3.3369615346260058
APP_10_Input_Layer_0 0.06666666666666667 0.06666666666666667 0.25 2.9 45 49 3.01 1

APP_10_Inner_Layer_0:0 0.3333333333333333 0.3333333333333333 1.25 3.98 46 40 1.54 1
0
APP_10_Inner_Layer_0:1 0.2 0.2 0.75 3.98 7 9 2.68 1
0
APP_10_Output_Layer_0 0.13333333333333333 0.13333333333333333 0.5 3.72 6 19 1.53 1
1 2
17
3.5960203119132474
APP_11_Input_Layer_0 0.5333333333333333 0.5333333333333333 2.0 3.01 33 17 2.67 1

APP_11_Inner_Layer_0:0 0.4666666666666667 0.4666666666666667 1.75 1.72 17 44 2.25 1
0
APP_11_Inner_Layer_0:1 0.4 0.4 1.5 1.58 20 19 2.73 1
0
APP_11_Inner_Layer_0:2 0.6 0.6 2.25 1.85 49 11 3.77 1
0
APP_11_Inner_Layer_0:3 0.4666666666666667 0.4666666666666667 1.75 3.94 21 10 2.66 1
0
APP_11_Inner_Layer_1:0 0.6 0.6 2.25 2.09 19 18 2.59 1
1 2 3 4
APP_11_Inner_Layer_1:1 0.6 0.6 2.25 2.54 18 2 3.63 0
2
APP_11_Inner_Layer_1:2 0.2 0.2 0.75 2.15 11 12 2.4 1
1 3 4
APP_11_Inner_Layer_1:3 0.5333333333333333 0.5333333333333333 2.0 3.15 23 22 2.52 1
1 2 4
APP_11_Inner_Layer_2:0 0.06666666666666667 0.06666666666666667 0.25 3.56 46 21 3.62 1
5 6
APP_11_Inner_Layer_2:1 0.06666666666666667 0.06666666666666667 0.25 1.36 30 23 2.5 1
5
APP_11_Inner_Layer_2:2 0.26666666666666666 0.26666666666666666 1.0 2.25 34 33 1.99 1
6 7 8
APP_11_Inner_Layer_3:0 0.26666666666666666 0.26666666666666666 1.0 2.81 31 42 1.54 1
11 9
APP_11_Inner_Layer_3:1 0.4 0.4 1.5 3.06 8 35 1.03 1
9 11
APP_11_Inner_Layer_3:2 0.2 0.2 0.75 1.27 49 13 2.48 1
9 10
APP_11_Inner_Layer_3:3 0.3333333333333333 0.3333333333333333 1.25 3.6 27 42 3.34 1
11
APP_11_Output_Layer_0 0.4666666666666667 0.4666666666666667 1.75 1.92 48 11 3.55 1
12 13 14 15
12
4.1342525109908745
APP_12_Input_Layer_0 0.26666666666666666 0.26666666666666666 1.0 3.43 24 40 3.95 1

APP_12_Inner_Layer_0:0 0.13333333333333333 0.13333333333333333 0.5 3.82 4 6 2.18 1
0
APP_12_Inner_Layer_0:1 0.13333333333333333 0.13333333333333333 0.5 3.88 37 34 3.52 1
0
APP_12_Inner_Layer_0:2 0.26666666666666666 0.26666666666666666 1.0 2.08 26 38 2.42 1
0
APP_12_Inner_Layer_1:0 0.4666666666666667 0.4666666666666667 1.75 3.47 41 37 2.87 1
1 2 3
APP_12_Inner_Layer_1:1 0.4 0.4 1.5 1.47 22 12 2.74 1
3 1
APP_12_Inner_Layer_2:0 0.6 0.6 2.25 2.74 15 47 2.25 1
5
APP_12_Inner_Layer_2:1 0.5333333333333333 0.5333333333333333 2.0 3.0 34 19 1.56 0
5
APP_12_Inner_Layer_2:2 0.5333333333333333 0.5333333333333333 2.0 2.93 17 23 3.49 0
4 5
APP_12_Inner_Layer_2:3 0.13333333333333333 0.13333333333333333 0.5 1.95 17 27 2.64 1
5
APP_12_Inner_Layer_3:0 0.4666666666666667 0.4666666666666667 1.75 2.31 17 49 2.65 1
6 7 8 9
APP_12_Output_Layer_0 0.06666666666666667 0.06666666666666667 0.25 2.03 1 3 2.2 1
10
5
4.51160321021873
APP_13_Input_Layer_0 0.06666666666666667 0.06666666666666667 0.25 3.36 23 16 1.79 1

APP_13_Inner_Layer_0:0 0.5333333333333333 0.5333333333333333 2.0 3.83 46 33 2.38 1
0
APP_13_Inner_Layer_0:1 0.3333333333333333 0.3333333333333333 1.25 1.49 22 28 1.33 0
0
APP_13_Inner_Layer_0:2 0.5333333333333333 0.5333333333333333 2.0 2.51 36 36 3.69 1
0
APP_13_Output_Layer_0 0.06666666666666667 0.06666666666666667 0.25 1.46 6 32 3.8 1
1 2 3
10
4.729698523161184
APP_14_Input_Layer_0 0.26666666666666666 0.26666666666666666 1.0 2.49 33 38 2.0 1

APP_14_Inner_Layer_0:0 0.06666666666666667 0.06666666666666667 0.25 3.28 22 41 2.83 1
0
APP_14_Inner_Layer_0:1 0.3333333333333333 0.3333333333333333 1.25 3.71 40 37 3.98 1
0
APP_14_Inner_Layer_0:2 0.4666666666666667 0.4666666666666667 1.75 3.95 22 5 1.87 1
0
APP_14_Inner_Layer_0:3 0.5333333333333333 0.5333333333333333 2.0 2.91 31 22 3.59 1
0
APP_14_Inner_Layer_1:0 0.6 0.6 2.25 2.25 45 12 3.01 1
1 2 3
APP_14_Inner_Layer_1:1 0.3333333333333333 0.3333333333333333 1.25 1.05 11 24 3.91 1
1 2
APP_14_Inner_Layer_1:2 0.4666666666666667 0.4666666666666667 1.75 4.0 12 38 3.71 1
2 3
APP_14_Inner_Layer_1:3 0.6 0.6 2.25 1.31 19 32 2.45 1
1 3 4
APP_14_Output_Layer_0 0.5333333333333333 0.5333333333333333 2.0 2.22 16 46 1.72 1
5 6 7 8
14
5.137130900875888
APP_15_Input_Layer_0 0.6 0.6 2.25 2.4 14 48 3.89 1

APP_15_Inner_Layer_0:0 0.13333333333333333 0.13333333333333333 0.5 1.23 35 22 2.4 1
0
APP_15_Inner_Layer_0:1 0.13333333333333333 0.13333333333333333 0.5 3.21 11 7 1.12 1
0
APP_15_Inner_Layer_1:0 0.4 0.4 1.5 1.55 24 1 2.58 1
1
APP_15_Inner_Layer_1:1 0.4666666666666667 0.4666666666666667 1.75 2.91 6 24 2.26 1
1 2
APP_15_Inner_Layer_1:2 0.6 0.6 2.25 1.09 47 22 1.86 1
2
APP_15_Inner_Layer_2:0 0.3333333333333333 0.3333333333333333 1.25 3.48 25 31 1.42 1
4 5
APP_15_Inner_Layer_2:1 0.6 0.6 2.25 1.73 5 20 1.85 1
3 4
APP_15_Inner_Layer_2:2 0.5333333333333333 0.5333333333333333 2.0 1.22 14 18 3.13 1
3 4
APP_15_Inner_Layer_2:3 0.3333333333333333 0.3333333333333333 1.25 2.22 47 2 3.36 1
5 3
APP_15_Inner_Layer_3:0 0.3333333333333333 0.3333333333333333 1.25 3.24 5 27 1.17 1
6 7 8
APP_15_Inner_Layer_3:1 0.4 0.4 1.5 3.62 17 32 2.06 1
8 9
APP_15_Inner_Layer_3:2 0.3333333333333333 0.3333333333333333 1.25 1.99 26 46 2.52 1
6 9
APP_15_Output_Layer_0 0.4666666666666667 0.4666666666666667 1.75 3.11 36 33 3.74 1
10 11 12
13
5.371951089097081
APP_16_Input_Layer_0 0.6 0.6 2.25 2.87 7 23 3.85 1

APP_16_Inner_Layer_0:0 0.26666666666666666 0.26666666666666666 1.0 1.42 47 2 1.68 1
0
APP_16_Inner_Layer_1:0 0.06666666666666667 0.06666666666666667 0.25 1.05 27 22 1.65 1
1
APP_16_Inner_Layer_1:1 0.06666666666666667 0.06666666666666667 0.25 3.35 3 14 4.0 1
1
APP_16_Inner_Layer_1:2 0.5333333333333333 0.5333333333333333 2.0 3.03 47 12 2.88 1
1
APP_16_Inner_Layer_2:0 0.3333333333333333 0.3333333333333333 1.25 1.52 43 42 3.87 1
2 4
APP_16_Inner_Layer_2:1 0.4666666666666667 0.4666666666666667 1.75 1.44 12 19 2.63 1
2
APP_16_Inner_Layer_2:2 0.5333333333333333 0.5333333333333333 2.0 1.07 24 2 2.14 1
3 4
APP_16_Inner_Layer_3:0 0.4 0.4 1.5 2.89 17 24 1.93 1
7 6
APP_16_Inner_Layer_3:1 0.06666666666666667 0.06666666666666667 0.25 3.14 12 34 1.15 1
7
APP_16_Inner_Layer_3:2 0.5333333333333333 0.5333333333333333 2.0 1.89 45 23 3.26 1
5
APP_16_Inner_Layer_3:3 0.26666666666666666 0.26666666666666666 1.0 3.18 15 39 2.42 1
6
APP_16_Output_Layer_0 0.6 0.6 2.25 3.8 12 39 3.81 1
8 9 10 11
4
5.872287460370391
APP_17_Input_Layer_0 0.6 0.6 2.25 3.33 42 9 2.72 1

APP_17_Inner_Layer_0:0 0.4 0.4 1.5 1.7 37 4 3.88 1
0
APP_17_Inner_Layer_0:1 0.06666666666666667 0.06666666666666667 0.25 3.75 29 3 2.46 1
0
APP_17_Output_Layer_0 0.6 0.6 2.25 3.27 19 11 2.11 1
1 2
