10
18
13
0
APP_0_Input_Layer_0 0.3333333333333333 0.3333333333333333 1.25 3.24 45 13 2.95 1

APP_0_Inner_Layer_0:0 0.2 0.2 0.75 1.57 48 27 3.97 1
0
APP_0_Inner_Layer_1:0 0.3333333333333333 0.3333333333333333 1.25 1.66 10 45 3.17 1
1
APP_0_Inner_Layer_1:1 0.13333333333333333 0.13333333333333333 0.5 2.77 25 22 1.61 1
1
APP_0_Inner_Layer_2:0 0.2 0.2 0.75 2.21 11 47 1.44 1
2 3
APP_0_Inner_Layer_2:1 0.06666666666666667 0.06666666666666667 0.25 1.7 21 35 2.75 1
2
APP_0_Inner_Layer_2:2 0.13333333333333333 0.13333333333333333 0.5 3.99 49 5 3.67 1
2
APP_0_Inner_Layer_2:3 0.3333333333333333 0.3333333333333333 1.25 1.22 34 45 2.48 1
2
APP_0_Inner_Layer_3:0 0.26666666666666666 0.26666666666666666 1.0 2.05 49 13 2.22 1
4 7
APP_0_Inner_Layer_3:1 0.3333333333333333 0.3333333333333333 1.25 2.39 31 3 3.23 1
6 7
APP_0_Inner_Layer_3:2 0.2 0.2 0.75 1.36 41 7 3.44 1
7 4 6
APP_0_Inner_Layer_3:3 0.13333333333333333 0.13333333333333333 0.5 3.86 25 14 1.87 1
5
APP_0_Output_Layer_0 0.4 0.4 1.5 2.16 11 28 1.97 0
8 9 10 11
9
0.3062968474806156
APP_1_Input_Layer_0 0.5333333333333333 0.5333333333333333 2.0 2.35 23 15 3.95 1

APP_1_Inner_Layer_0:0 0.06666666666666667 0.06666666666666667 0.25 1.33 28 30 1.76 1
0
APP_1_Inner_Layer_1:0 0.5333333333333333 0.5333333333333333 2.0 2.43 4 29 2.48 1
1
APP_1_Inner_Layer_2:0 0.4 0.4 1.5 3.73 38 38 1.03 1
2
APP_1_Inner_Layer_3:0 0.06666666666666667 0.06666666666666667 0.25 1.57 10 31 2.25 0
3
APP_1_Inner_Layer_3:1 0.5333333333333333 0.5333333333333333 2.0 1.61 25 46 2.11 1
3
APP_1_Inner_Layer_3:2 0.4666666666666667 0.4666666666666667 1.75 1.89 39 41 1.46 1
3
APP_1_Inner_Layer_3:3 0.4666666666666667 0.4666666666666667 1.75 1.72 21 6 1.25 1
3
APP_1_Output_Layer_0 0.4 0.4 1.5 1.8 41 28 3.04 1
4 5 6 7
5
0.5573106624487836
APP_2_Input_Layer_0 0.5333333333333333 0.5333333333333333 2.0 2.83 6 1 1.33 1

APP_2_Inner_Layer_0:0 0.3333333333333333 0.3333333333333333 1.25 1.03 18 26 1.1 1
0
APP_2_Inner_Layer_0:1 0.06666666666666667 0.06666666666666667 0.25 3.27 14 39 3.76 1
0
APP_2_Inner_Layer_0:2 0.6 0.6 2.25 3.97 12 34 3.32 1
0
APP_2_Output_Layer_0 0.4666666666666667 0.4666666666666667 1.75 3.97 19 1 3.25 0
1 2 3
4
0.9531555965232938
APP_3_Input_Layer_0 0.4 0.4 1.5 3.55 47 39 3.82 1

APP_3_Inner_Layer_0:0 0.6 0.6 2.25 1.98 14 23 3.01 1
0
APP_3_Inner_Layer_1:0 0.26666666666666666 0.26666666666666666 1.0 3.28 37 25 3.75 1
1
APP_3_Output_Layer_0 0.06666666666666667 0.06666666666666667 0.25 2.29 47 2 1.12 1
2
13
1.2598137771214244
APP_4_Input_Layer_0 0.4 0.4 1.5 1.52 5 10 1.83 1

APP_4_Inner_Layer_0:0 0.2 0.2 0.75 3.08 15 7 1.5 1
0
APP_4_Inner_Layer_0:1 0.2 0.2 0.75 1.22 18 37 2.64 1
0
APP_4_Inner_Layer_1:0 0.4666666666666667 0.4666666666666667 1.75 1.59 29 29 1.48 0
1
APP_4_Inner_Layer_1:1 0.4 0.4 1.5 3.86 31 12 2.26 1
2
APP_4_Inner_Layer_1:2 0.4 0.4 1.5 3.96 28 29 3.83 1
1 2
APP_4_Inner_Layer_2:0 0.3333333333333333 0.3333333333333333 1.25 3.2 23 38 1.65 1
5
APP_4_Inner_Layer_2:1 0.4 0.4 1.5 2.5 9 17 3.33 0
3 4
APP_4_Inner_Layer_3:0 0.5333333333333333 0.5333333333333333 2.0 3.24 10 47 2.7 1
7
APP_4_Inner_Layer_3:1 0.5333333333333333 0.5333333333333333 2.0 1.88 49 15 3.79 1
7
APP_4_Inner_Layer_3:2 0.2 0.2 0.75 3.1 4 18 2.18 1
6 7
APP_4_Inner_Layer_3:3 0.6 0.6 2.25 2.48 12 35 2.26 1
7
APP_4_Output_Layer_0 0.4666666666666667 0.4666666666666667 1.75 1.24 37 30 1.01 1
8 9 10 11
5
1.69716858671903
APP_5_Input_Layer_0 0.5333333333333333 0.5333333333333333 2.0 3.22 7 47 1.57 1

APP_5_Inner_Layer_0:0 0.06666666666666667 0.06666666666666667 0.25 2.05 23 17 3.65 1
0
APP_5_Inner_Layer_0:1 0.6 0.6 2.25 2.33 38 12 1.5 1
0
APP_5_Inner_Layer_0:2 0.5333333333333333 0.5333333333333333 2.0 3.57 45 41 1.1 1
0
APP_5_Output_Layer_0 0.13333333333333333 0.13333333333333333 0.5 1.63 16 39 1.51 1
1 2 3
17
1.9609912459843999
APP_6_Input_Layer_0 0.4 0.4 1.5 3.47 42 40 2.76 1

APP_6_Inner_Layer_0:0 0.06666666666666667 0.06666666666666667 0.25 1.74 13 20 3.72 1
0
APP_6_Inner_Layer_0:1 0.4 0.4 1.5 3.33 47 31 1.22 1
0
APP_6_Inner_Layer_0:2 0.6 0.6 2.25 2.12 42 14 2.77 1
0
APP_6_Inner_Layer_0:3 0.13333333333333333 0.13333333333333333 0.5 3.44 29 44 2.32 1
0
APP_6_Inner_Layer_1:0 0.06666666666666667 0.06666666666666667 0.25 1.21 22 2 3.55 1
1 2 3 4
APP_6_Inner_Layer_1:1 0.5333333333333333 0.5333333333333333 2.0 3.72 2 22 1.77 1
1
APP_6_Inner_Layer_1:2 0.13333333333333333 0.13333333333333333 0.5 1.17 43 40 3.04 1
1
APP_6_Inner_Layer_1:3 0.06666666666666667 0.06666666666666667 0.25 1.41 30 18 1.02 1
3
APP_6_Inner_Layer_2:0 0.26666666666666666 0.26666666666666666 1.0 3.28 40 49 3.42 1
7 8
APP_6_Inner_Layer_2:1 0.13333333333333333 0.13333333333333333 0.5 3.08 14 23 3.21 1
6
APP_6_Inner_Layer_2:2 0.13333333333333333 0.13333333333333333 0.5 1.21 2 17 1.34 1
6
APP_6_Inner_Layer_2:3 0.5333333333333333 0.5333333333333333 2.0 1.97 15 7 1.66 1
5 6 8
APP_6_Inner_Layer_3:0 0.26666666666666666 0.26666666666666666 1.0 1.95 17 31 1.88 1
9 10 12
APP_6_Inner_Layer_3:1 0.3333333333333333 0.3333333333333333 1.25 1.34 48 43 2.87 1
9 11 12
APP_6_Inner_Layer_3:2 0.3333333333333333 0.3333333333333333 1.25 1.92 45 19 2.04 1
11
APP_6_Output_Layer_0 0.4 0.4 1.5 1.04 42 10 3.23 1
13 14 15
8
2.297354778567968
APP_7_Input_Layer_0 0.5333333333333333 0.5333333333333333 2.0 2.66 3 32 1.92 1

APP_7_Inner_Layer_0:0 0.5333333333333333 0.5333333333333333 2.0 2.35 30 25 1.35 1
0
APP_7_Inner_Layer_0:1 0.26666666666666666 0.26666666666666666 1.0 3.97 44 24 2.16 1
0
APP_7_Inner_Layer_1:0 0.3333333333333333 0.3333333333333333 1.25 3.41 46 39 3.73 1
2
APP_7_Inner_Layer_1:1 0.26666666666666666 0.26666666666666666 1.0 3.65 16 16 3.61 1
1
APP_7_Inner_Layer_2:0 0.3333333333333333 0.3333333333333333 1.25 3.21 32 33 3.11 1
3
APP_7_Inner_Layer_2:1 0.4666666666666667 0.4666666666666667 1.75 1.45 3 4 2.87 0
3 4
APP_7_Output_Layer_0 0.26666666666666666 0.26666666666666666 1.0 2.2 10 37 2.81 1
5 6
12
2.7931370522493313
APP_8_Input_Layer_0 0.06666666666666667 0.06666666666666667 0.25 2.95 14 40 1.43 1

APP_8_Inner_Layer_0:0 0.5333333333333333 0.5333333333333333 2.0 1.07 10 12 3.53 1
0
APP_8_Inner_Layer_0:1 0.4 0.4 1.5 3.34 48 16 1.12 1
0
APP_8_Inner_Layer_0:2 0.26666666666666666 0.26666666666666666 1.0 2.56 8 35 3.77 1
0
APP_8_Inner_Layer_0:3 0.4 0.4 1.5 1.66 28 2 2.54 0
0
APP_8_Inner_Layer_1:0 0.4666666666666667 0.4666666666666667 1.75 2.87 23 24 2.08 1
3 4
APP_8_Inner_Layer_1:1 0.6 0.6 2.25 3.99 22 36 1.48 1
1 3 4
APP_8_Inner_Layer_1:2 0.3333333333333333 0.3333333333333333 1.25 2.29 17 44 3.08 1
1 2
APP_8_Inner_Layer_2:0 0.5333333333333333 0.5333333333333333 2.0 3.58 33 17 3.37 0
7
APP_8_Inner_Layer_2:1 0.5333333333333333 0.5333333333333333 2.0 1.97 23 48 3.37 1
5 6
APP_8_Inner_Layer_3:0 0.06666666666666667 0.06666666666666667 0.25 2.4 46 33 1.08 1
8 9
APP_8_Output_Layer_0 0.2 0.2 0.75 1.22 49 13 3.6 1
10
4
2.999886739833651
APP_9_Input_Layer_0 0.26666666666666666 0.26666666666666666 1.0 1.35 38 37 2.71 1

APP_9_Inner_Layer_0:0 0.2 0.2 0.75 3.88 1 48 2.02 1
0
APP_9_Inner_Layer_0:1 0.2 0.2 0.75 3.37 42 43 2.5 1
0
APP_9_Output_Layer_0 0.4 0.4 1.5 1.55 39 20 1.59 1
1 2
10
3.244107973027809
APP_10_Input_Layer_0 0.2 0.2 0.75 3.93 11 29 2.85 1

APP_10_Inner_Layer_0:0 0.6 0.6 2.25 2.09 10 42 1.45 1
0
APP_10_Inner_Layer_0:1 0.06666666666666667 0.06666666666666667 0.25 1.13 12 45 3.95 1
0
APP_10_Inner_Layer_0:2 0.4666666666666667 0.4666666666666667 1.75 1.66 13 9 1.57 1
0
APP_10_Inner_Layer_1:0 0.5333333333333333 0.5333333333333333 2.0 1.29 11 33 1.59 1
1 2 3
APP_10_Inner_Layer_2:0 0.13333333333333333 0.13333333333333333 0.5 3.16 2 7 2.87 1
4
APP_10_Inner_Layer_2:1 0.6 0.6 2.25 3.37 44 12 1.07 1
4
APP_10_Inner_Layer_2:2 0.4 0.4 1.5 3.92 23 13 3.13 0
4
APP_10_Inner_Layer_2:3 0.13333333333333333 0.13333333333333333 0.5 3.8 39 34 3.74 1
4
APP_10_Output_Layer_0 0.2 0.2 0.75 2.92 44 17 2.59 1
5 6 7 8
13
3.6323316946858935
APP_11_Input_Layer_0 0.2 0.2 0.75 1.61 24 15 1.52 1

APP_11_Inner_Layer_0:0 0.4 0.4 1.5 2.42 28 24 1.01 0
0
APP_11_Inner_Layer_0:1 0.4666666666666667 0.4666666666666667 1.75 2.3 23 32 1.32 1
0
APP_11_Inner_Layer_0:2 0.4 0.4 1.5 1.85 15 38 1.65 1
0
APP_11_Inner_Layer_1:0 0.13333333333333333 0.13333333333333333 0.5 1.84 40 31 2.66 1
2 3
APP_11_Inner_Layer_1:1 0.3333333333333333 0.3333333333333333 1.25 3.37 36 30 2.66 1
1
APP_11_Inner_Layer_1:2 0.13333333333333333 0.13333333333333333 0.5 3.43 13 2 1.19 1
1
APP_11_Inner_Layer_1:3 0.26666666666666666 0.26666666666666666 1.0 3.3 28 30 1.8 1
1
APP_11_Inner_Layer_2:0 0.4666666666666667 0.4666666666666667 1.75 3.65 4 26 3.12 1
5 7
APP_11_Inner_Layer_2:1 0.6 0.6 2.25 1.7 42 8 3.88 1
6 5
APP_11_Inner_Layer_2:2 0.2 0.2 0.75 2.79 9 17 3.81 1
4 5 6 7
APP_11_Inner_Layer_3:0 0.26666666666666666 0.26666666666666666 1.0 3.67 12 33 2.7 1
8 9 10
APP_11_Output_Layer_0 0.6 0.6 2.25 1.37 4 29 2.35 1
11
15
3.905853081002656
APP_12_Input_Layer_0 0.4666666666666667 0.4666666666666667 1.75 2.49 34 5 3.6 1

APP_12_Inner_Layer_0:0 0.4666666666666667 0.4666666666666667 1.75 3.32 5 9 2.3 1
0
APP_12_Inner_Layer_1:0 0.3333333333333333 0.3333333333333333 1.25 1.47 35 32 3.58 1
1
APP_12_Inner_Layer_1:1 0.2 0.2 0.75 1.68 21 25 2.16 0
1
APP_12_Inner_Layer_1:2 0.4666666666666667 0.4666666666666667 1.75 3.08 12 13 1.43 1
1
APP_12_Inner_Layer_1:3 0.4666666666666667 0.4666666666666667 1.75 1.31 41 8 3.74 1
1
APP_12_Inner_Layer_2:0 0.4666666666666667 0.4666666666666667 1.75 3.03 45 8 2.57 0
4
APP_12_Inner_Layer_2:1 0.4666666666666667 0.4666666666666667 1.75 2.91 45 25 1.14 1
5
APP_12_Inner_Layer_2:2 0.06666666666666667 0.06666666666666667 0.25 2.02 13 38 2.12 1
3 5
APP_12_Inner_Layer_2:3 0.2 0.2 0.75 2.95 23 27 2.56 1
2 5
APP_12_Inner_Layer_3:0 0.5333333333333333 0.5333333333333333 2.0 3.92 45 20 3.24 1
8 7 9
APP_12_Inner_Layer_3:1 0.4 0.4 1.5 3.88 4 12 2.82 1
6 8
APP_12_Inner_Layer_3:2 0.13333333333333333 0.13333333333333333 0.5 2.09 35 26 1.6 1
7 8 9
APP_12_Inner_Layer_3:3 0.06666666666666667 0.06666666666666667 0.25 2.14 19 47 2.87 1
6 7 9
APP_12_Output_Layer_0 0.2 0.2 0.75 3.52 28 21 1.9 1
10 11 12 13
8
4.213348670443324
APP_13_Input_Layer_0 0.5333333333333333 0.5333333333333333 2.0 3.53 18 10 3.18 1

APP_13_Inner_Layer_0:0 0.4666666666666667 0.4666666666666667 1.75 3.02 4 39 2.32 1
0
APP_13_Inner_Layer_0:1 0.6 0.6 2.25 2.75 21 27 2.54 1
0
APP_13_Inner_Layer_0:2 0.06666666666666667 0.06666666666666667 0.25 3.05 42 1 1.05 0
0
APP_13_Inner_Layer_1:0 0.4666666666666667 0.4666666666666667 1.75 1.41 44 34 1.05 1
1
APP_13_Inner_Layer_1:1 0.6 0.6 2.25 1.72 29 22 2.31 1
2
APP_13_Inner_Layer_1:2 0.26666666666666666 0.26666666666666666 1.0 3.73 40 26 1.24 0
1 2 3
APP_13_Output_Layer_0 0.6 0.6 2.25 1.49 30 34 2.94 0
4 5 6
13
4.676209973447027
APP_14_Input_Layer_0 0.4 0.4 1.5 1.44 13 10 3.76 1

APP_14_Inner_Layer_0:0 0.06666666666666667 0.06666666666666667 0.25 2.61 6 10 1.04 1
0
APP_14_Inner_Layer_0:1 0.4666666666666667 0.4666666666666667 1.75 2.8 20 17 1.17 1
0
APP_14_Inner_Layer_0:2 0.06666666666666667 0.06666666666666667 0.25 1.23 20 37 2.15 1
0
APP_14_Inner_Layer_1:0 0.5333333333333333 0.5333333333333333 2.0 3.28 12 39 1.48 1
3
APP_14_Inner_Layer_1:1 0.06666666666666667 0.06666666666666667 0.25 1.11 17 21 2.55 1
1 3
APP_14_Inner_Layer_1:2 0.4666666666666667 0.4666666666666667 1.75 2.79 48 8 1.93 1
1 2
APP_14_Inner_Layer_1:3 0.4666666666666667 0.4666666666666667 1.75 2.19 6 38 1.41 1
1 2 3
APP_14_Inner_Layer_2:0 0.3333333333333333 0.3333333333333333 1.25 3.21 29 20 2.95 0
4 5 6 7
APP_14_Inner_Layer_2:1 0.3333333333333333 0.3333333333333333 1.25 3.43 1 27 3.07 1
6
APP_14_Inner_Layer_2:2 0.6 0.6 2.25 2.78 5 35 2.67 0
6
APP_14_Inner_Layer_3:0 0.4666666666666667 0.4666666666666667 1.75 1.91 14 6 3.91 1
8 9 10
APP_14_Output_Layer_0 0.13333333333333333 0.13333333333333333 0.5 3.89 1 29 2.23 1
11
13
4.91745720960169
APP_15_Input_Layer_0 0.4 0.4 1.5 1.46 46 32 3.87 1

APP_15_Inner_Layer_0:0 0.06666666666666667 0.06666666666666667 0.25 1.17 44 2 3.77 0
0
APP_15_Inner_Layer_0:1 0.6 0.6 2.25 3.86 44 2 1.26 1
0
APP_15_Inner_Layer_0:2 0.3333333333333333 0.3333333333333333 1.25 1.65 8 31 2.7 1
0
APP_15_Inner_Layer_0:3 0.5333333333333333 0.5333333333333333 2.0 2.18 20 38 3.76 1
0
APP_15_Inner_Layer_1:0 0.3333333333333333 0.3333333333333333 1.25 3.8 12 18 1.12 1
1 3
APP_15_Inner_Layer_1:1 0.3333333333333333 0.3333333333333333 1.25 2.79 15 42 2.07 1
2
APP_15_Inner_Layer_1:2 0.2 0.2 0.75 4.0 22 39 2.57 1
1 4
APP_15_Inner_Layer_2:0 0.4 0.4 1.5 2.49 3 45 1.23 1
5 6 7
APP_15_Inner_Layer_2:1 0.3333333333333333 0.3333333333333333 1.25 3.54 5 37 2.72 1
5
APP_15_Inner_Layer_2:2 0.26666666666666666 0.26666666666666666 1.0 2.45 26 48 3.8 1
5 6
APP_15_Inner_Layer_2:3 0.13333333333333333 0.13333333333333333 0.5 1.66 33 27 3.13 1
7
APP_15_Output_Layer_0 0.3333333333333333 0.3333333333333333 1.25 1.77 33 4 2.62 1
8 9 10 11
3
5.220825679069199
APP_16_Input_Layer_0 0.3333333333333333 0.3333333333333333 1.25 2.33 14 43 2.67 1

APP_16_Inner_Layer_0:0 0.6 0.6 2.25 1.41 40 13 2.5 1
0
APP_16_Output_Layer_0 0.06666666666666667 0.06666666666666667 0.25 2.08 43 25 2.79 1
1
8
5.569287550773815
APP_17_Input_Layer_0 0.2 0.2 0.75 3.99 48 47 1.85 1

APP_17_Inner_Layer_0:0 0.4666666666666667 0.4666666666666667 1.75 1.96 25 40 1.32 1
0
APP_17_Inner_Layer_1:0 0.5333333333333333 0.5333333333333333 2.0 1.87 35 49 3.85 1
1
APP_17_Inner_Layer_2:0 0.2 0.2 0.75 1.28 37 40 2.32 0
2
APP_17_Inner_Layer_2:1 0.4666666666666667 0.4666666666666667 1.75 3.96 32 20 1.59 1
2
APP_17_Inner_Layer_2:2 0.2 0.2 0.75 2.25 27 20 3.9 1
2
APP_17_Inner_Layer_2:3 0.13333333333333333 0.13333333333333333 0.5 1.81 23 16 2.75 1
2
APP_17_Output_Layer_0 0.4 0.4 1.5 2.67 7 14 2.41 1
3 4 5 6
