10
18
4
0
APP_0_Input_Layer_0 0.2 0.2 0.75 2.38 49 3 3.55 1

APP_0_Inner_Layer_0:0 0.5333333333333333 0.5333333333333333 2.0 1.61 47 22 2.81 0
0
APP_0_Inner_Layer_0:1 0.5333333333333333 0.5333333333333333 2.0 3.79 31 14 1.41 1
0
APP_0_Output_Layer_0 0.26666666666666666 0.26666666666666666 1.0 1.97 29 39 3.58 1
1 2
9
0.2755541206817052
APP_1_Input_Layer_0 0.06666666666666667 0.06666666666666667 0.25 2.62 23 13 3.05 1

APP_1_Inner_Layer_0:0 0.2 0.2 0.75 2.11 12 25 1.19 1
0
APP_1_Inner_Layer_0:1 0.4666666666666667 0.4666666666666667 1.75 2.9 23 16 3.24 1
0
APP_1_Inner_Layer_0:2 0.6 0.6 2.25 2.6 11 38 1.79 1
0
APP_1_Inner_Layer_1:0 0.4 0.4 1.5 3.97 49 19 2.1 1
3
APP_1_Inner_Layer_1:1 0.3333333333333333 0.3333333333333333 1.25 3.83 23 19 3.04 1
1 2
APP_1_Inner_Layer_2:0 0.4 0.4 1.5 3.66 49 22 3.86 1
5
APP_1_Inner_Layer_2:1 0.2 0.2 0.75 2.4 35 18 3.12 1
4 5
APP_1_Output_Layer_0 0.4666666666666667 0.4666666666666667 1.75 1.71 40 3 3.47 1
6 7
11
0.5124734726585543
APP_2_Input_Layer_0 0.5333333333333333 0.5333333333333333 2.0 1.45 18 2 3.92 1

APP_2_Inner_Layer_0:0 0.13333333333333333 0.13333333333333333 0.5 2.21 4 27 2.68 1
0
APP_2_Inner_Layer_1:0 0.5333333333333333 0.5333333333333333 2.0 1.88 43 37 3.32 1
1
APP_2_Inner_Layer_1:1 0.13333333333333333 0.13333333333333333 0.5 1.94 8 23 3.26 1
1
APP_2_Inner_Layer_1:2 0.06666666666666667 0.06666666666666667 0.25 2.81 49 41 1.16 0
1
APP_2_Inner_Layer_2:0 0.2 0.2 0.75 2.01 3 47 3.99 0
2 3 4
APP_2_Inner_Layer_3:0 0.06666666666666667 0.06666666666666667 0.25 1.57 8 8 2.88 1
5
APP_2_Inner_Layer_3:1 0.26666666666666666 0.26666666666666666 1.0 3.38 15 17 1.63 1
5
APP_2_Inner_Layer_3:2 0.4666666666666667 0.4666666666666667 1.75 2.71 19 23 2.33 1
5
APP_2_Inner_Layer_3:3 0.26666666666666666 0.26666666666666666 1.0 1.67 35 23 3.41 1
5
APP_2_Output_Layer_0 0.4 0.4 1.5 1.37 41 14 1.5 1
6 7 8 9
3
0.7605958249771361
APP_3_Input_Layer_0 0.3333333333333333 0.3333333333333333 1.25 3.5 21 45 2.56 1

APP_3_Inner_Layer_0:0 0.13333333333333333 0.13333333333333333 0.5 3.64 25 9 3.25 1
0
APP_3_Output_Layer_0 0.5333333333333333 0.5333333333333333 2.0 2.23 23 28 3.53 1
1
6
1.1577631679695906
APP_4_Input_Layer_0 0.06666666666666667 0.06666666666666667 0.25 1.88 32 34 1.01 1

APP_4_Inner_Layer_0:0 0.6 0.6 2.25 3.17 17 9 2.51 1
0
APP_4_Inner_Layer_1:0 0.2 0.2 0.75 2.16 19 12 2.42 1
1
APP_4_Inner_Layer_1:1 0.5333333333333333 0.5333333333333333 2.0 1.28 35 28 2.97 0
1
APP_4_Inner_Layer_1:2 0.4 0.4 1.5 1.94 7 15 3.97 1
1
APP_4_Output_Layer_0 0.06666666666666667 0.06666666666666667 0.25 1.38 45 47 2.97 1
2 3 4
9
1.6117632900511447
APP_5_Input_Layer_0 0.13333333333333333 0.13333333333333333 0.5 2.1 47 41 2.95 1

APP_5_Inner_Layer_0:0 0.6 0.6 2.25 1.23 27 46 1.16 1
0
APP_5_Inner_Layer_0:1 0.13333333333333333 0.13333333333333333 0.5 3.26 38 36 2.27 1
0
APP_5_Inner_Layer_0:2 0.6 0.6 2.25 3.64 13 3 2.66 1
0
APP_5_Inner_Layer_1:0 0.6 0.6 2.25 2.59 32 29 3.26 1
1
APP_5_Inner_Layer_1:1 0.4666666666666667 0.4666666666666667 1.75 2.12 27 11 3.23 1
1 2
APP_5_Inner_Layer_1:2 0.4666666666666667 0.4666666666666667 1.75 2.83 49 23 1.75 1
1 3
APP_5_Inner_Layer_1:3 0.4 0.4 1.5 1.2 27 46 2.68 1
3
APP_5_Output_Layer_0 0.4666666666666667 0.4666666666666667 1.75 2.22 27 36 2.26 1
4 5 6 7
8
1.8400077081905102
APP_6_Input_Layer_0 0.06666666666666667 0.06666666666666667 0.25 3.87 7 42 1.08 1

APP_6_Inner_Layer_0:0 0.6 0.6 2.25 1.62 26 47 1.54 1
0
APP_6_Inner_Layer_0:1 0.13333333333333333 0.13333333333333333 0.5 1.98 40 46 2.48 1
0
APP_6_Inner_Layer_1:0 0.6 0.6 2.25 1.45 45 44 3.22 0
1
APP_6_Inner_Layer_1:1 0.06666666666666667 0.06666666666666667 0.25 3.91 6 38 2.07 1
2
APP_6_Inner_Layer_1:2 0.5333333333333333 0.5333333333333333 2.0 2.7 24 16 3.55 1
2
APP_6_Inner_Layer_1:3 0.4666666666666667 0.4666666666666667 1.75 3.73 24 20 3.05 1
1
APP_6_Output_Layer_0 0.06666666666666667 0.06666666666666667 0.25 1.24 28 6 2.69 1
3 4 5 6
10
2.1590520553800205
APP_7_Input_Layer_0 0.5333333333333333 0.5333333333333333 2.0 3.8 10 45 1.01 1

APP_7_Inner_Layer_0:0 0.06666666666666667 0.06666666666666667 0.25 3.96 25 34 2.82 1
0
APP_7_Inner_Layer_0:1 0.26666666666666666 0.26666666666666666 1.0 2.09 47 9 2.92 0
0
APP_7_Inner_Layer_0:2 0.3333333333333333 0.3333333333333333 1.25 1.27 27 43 1.61 1
0
APP_7_Inner_Layer_0:3 0.5333333333333333 0.5333333333333333 2.0 3.23 29 34 1.11 1
0
APP_7_Inner_Layer_1:0 0.5333333333333333 0.5333333333333333 2.0 1.48 2 29 1.83 1
2 3
APP_7_Inner_Layer_1:1 0.6 0.6 2.25 1.67 43 28 3.17 1
1 2 4
APP_7_Inner_Layer_1:2 0.4666666666666667 0.4666666666666667 1.75 3.69 16 6 1.89 1
1
APP_7_Inner_Layer_2:0 0.06666666666666667 0.06666666666666667 0.25 1.32 48 6 3.91 1
5 6 7
APP_7_Output_Layer_0 0.2 0.2 0.75 1.17 44 3 3.3 1
8
7
2.4307732376300004
APP_8_Input_Layer_0 0.3333333333333333 0.3333333333333333 1.25 1.66 15 42 1.78 1

APP_8_Inner_Layer_0:0 0.6 0.6 2.25 3.69 26 46 2.1 1
0
APP_8_Inner_Layer_0:1 0.2 0.2 0.75 2.46 30 30 1.85 1
0
APP_8_Inner_Layer_0:2 0.13333333333333333 0.13333333333333333 0.5 1.78 14 25 1.77 1
0
APP_8_Inner_Layer_1:0 0.3333333333333333 0.3333333333333333 1.25 3.81 9 38 3.8 1
3
APP_8_Inner_Layer_1:1 0.5333333333333333 0.5333333333333333 2.0 2.86 20 45 3.03 0
1 2
APP_8_Output_Layer_0 0.4666666666666667 0.4666666666666667 1.75 1.66 43 23 1.55 1
4 5
6
2.6901470082798817
APP_9_Input_Layer_0 0.26666666666666666 0.26666666666666666 1.0 3.76 2 48 3.91 1

APP_9_Inner_Layer_0:0 0.06666666666666667 0.06666666666666667 0.25 3.26 19 5 1.92 1
0
APP_9_Inner_Layer_0:1 0.26666666666666666 0.26666666666666666 1.0 2.55 10 35 3.53 1
0
APP_9_Inner_Layer_0:2 0.4666666666666667 0.4666666666666667 1.75 2.38 12 5 2.0 1
0
APP_9_Inner_Layer_1:0 0.3333333333333333 0.3333333333333333 1.25 1.13 3 25 2.04 0
1 2 3
APP_9_Output_Layer_0 0.13333333333333333 0.13333333333333333 0.5 3.27 12 41 3.28 1
4
4
3.0480677636754043
APP_10_Input_Layer_0 0.26666666666666666 0.26666666666666666 1.0 2.8 44 31 3.53 0

APP_10_Inner_Layer_0:0 0.6 0.6 2.25 2.38 46 39 1.75 1
0
APP_10_Inner_Layer_0:1 0.4 0.4 1.5 1.27 40 19 2.9 1
0
APP_10_Output_Layer_0 0.4666666666666667 0.4666666666666667 1.75 2.45 1 37 1.33 1
1 2
6
3.556339029076125
APP_11_Input_Layer_0 0.5333333333333333 0.5333333333333333 2.0 2.68 35 7 1.39 1

APP_11_Inner_Layer_0:0 0.5333333333333333 0.5333333333333333 2.0 1.88 28 7 1.98 1
0
APP_11_Inner_Layer_1:0 0.6 0.6 2.25 2.17 39 18 1.6 1
1
APP_11_Inner_Layer_1:1 0.26666666666666666 0.26666666666666666 1.0 2.03 43 25 3.91 1
1
APP_11_Inner_Layer_1:2 0.13333333333333333 0.13333333333333333 0.5 2.28 7 3 2.76 1
1
APP_11_Output_Layer_0 0.6 0.6 2.25 1.04 27 31 3.05 1
2 3 4
5
3.8130948118256445
APP_12_Input_Layer_0 0.4666666666666667 0.4666666666666667 1.75 2.87 42 12 1.85 0

APP_12_Inner_Layer_0:0 0.26666666666666666 0.26666666666666666 1.0 3.27 8 11 3.97 1
0
APP_12_Inner_Layer_1:0 0.5333333333333333 0.5333333333333333 2.0 1.05 38 32 1.15 1
1
APP_12_Inner_Layer_1:1 0.06666666666666667 0.06666666666666667 0.25 3.83 33 30 2.71 1
1
APP_12_Output_Layer_0 0.6 0.6 2.25 1.48 43 6 1.84 1
2 3
11
4.32910057693179
APP_13_Input_Layer_0 0.6 0.6 2.25 1.28 43 3 1.62 0

APP_13_Inner_Layer_0:0 0.5333333333333333 0.5333333333333333 2.0 1.11 39 46 3.24 1
0
APP_13_Inner_Layer_1:0 0.6 0.6 2.25 2.65 40 25 3.56 1
1
APP_13_Inner_Layer_1:1 0.4 0.4 1.5 3.89 12 46 1.2 0
1
APP_13_Inner_Layer_2:0 0.3333333333333333 0.3333333333333333 1.25 1.05 38 28 1.69 1
2
APP_13_Inner_Layer_2:1 0.13333333333333333 0.13333333333333333 0.5 2.09 44 15 1.68 1
2 3
APP_13_Inner_Layer_2:2 0.2 0.2 0.75 2.01 21 44 3.1 1
3
APP_13_Inner_Layer_2:3 0.06666666666666667 0.06666666666666667 0.25 1.73 10 7 3.85 1
2
APP_13_Inner_Layer_3:0 0.4 0.4 1.5 3.85 35 14 1.71 1
4 5
APP_13_Inner_Layer_3:1 0.4 0.4 1.5 2.09 17 36 3.72 1
6 7
APP_13_Output_Layer_0 0.3333333333333333 0.3333333333333333 1.25 1.91 3 43 2.93 1
8 9
5
4.586842254481893
APP_14_Input_Layer_0 0.3333333333333333 0.3333333333333333 1.25 2.83 43 44 3.86 1

APP_14_Inner_Layer_0:0 0.6 0.6 2.25 2.54 46 6 1.55 1
0
APP_14_Inner_Layer_0:1 0.26666666666666666 0.26666666666666666 1.0 1.04 45 26 3.46 1
0
APP_14_Inner_Layer_0:2 0.26666666666666666 0.26666666666666666 1.0 3.7 32 42 2.53 1
0
APP_14_Output_Layer_0 0.4 0.4 1.5 3.71 13 6 2.08 1
1 2 3
5
4.848911327004817
APP_15_Input_Layer_0 0.06666666666666667 0.06666666666666667 0.25 2.65 10 20 1.14 1

APP_15_Inner_Layer_0:0 0.6 0.6 2.25 2.61 22 8 3.6 1
0
APP_15_Inner_Layer_1:0 0.3333333333333333 0.3333333333333333 1.25 3.62 24 45 1.46 1
1
APP_15_Inner_Layer_1:1 0.4 0.4 1.5 3.43 1 10 2.92 1
1
APP_15_Output_Layer_0 0.4 0.4 1.5 2.48 34 7 1.48 1
2 3
13
5.262646825131085
APP_16_Input_Layer_0 0.5333333333333333 0.5333333333333333 2.0 2.54 7 8 1.75 1

APP_16_Inner_Layer_0:0 0.4 0.4 1.5 3.57 44 36 3.12 1
0
APP_16_Inner_Layer_0:1 0.6 0.6 2.25 1.59 47 30 2.85 1
0
APP_16_Inner_Layer_0:2 0.3333333333333333 0.3333333333333333 1.25 3.64 3 31 3.45 1
0
APP_16_Inner_Layer_0:3 0.4 0.4 1.5 2.09 38 11 2.39 1
0
APP_16_Inner_Layer_1:0 0.13333333333333333 0.13333333333333333 0.5 2.3 10 46 2.5 1
1 4
APP_16_Inner_Layer_1:1 0.4666666666666667 0.4666666666666667 1.75 1.49 15 22 1.1 0
1 2
APP_16_Inner_Layer_1:2 0.3333333333333333 0.3333333333333333 1.25 3.1 4 10 2.09 1
2 3
APP_16_Inner_Layer_2:0 0.13333333333333333 0.13333333333333333 0.5 3.69 28 20 3.84 1
5 7
APP_16_Inner_Layer_2:1 0.4666666666666667 0.4666666666666667 1.75 2.52 11 37 3.03 1
6
APP_16_Inner_Layer_3:0 0.6 0.6 2.25 1.74 26 21 1.15 1
8 9
APP_16_Inner_Layer_3:1 0.5333333333333333 0.5333333333333333 2.0 3.83 47 7 2.76 1
8
APP_16_Output_Layer_0 0.6 0.6 2.25 3.25 31 41 3.29 1
10 11
8
5.504739819854187
APP_17_Input_Layer_0 0.06666666666666667 0.06666666666666667 0.25 1.97 19 34 1.34 1

APP_17_Inner_Layer_0:0 0.4 0.4 1.5 2.67 26 21 2.46 1
0
APP_17_Inner_Layer_0:1 0.5333333333333333 0.5333333333333333 2.0 1.37 3 2 1.96 1
0
APP_17_Inner_Layer_1:0 0.13333333333333333 0.13333333333333333 0.5 3.35 45 32 2.48 1
1
APP_17_Inner_Layer_1:1 0.4666666666666667 0.4666666666666667 1.75 3.05 14 37 1.67 1
1
APP_17_Inner_Layer_1:2 0.6 0.6 2.25 2.44 8 41 2.74 1
1
APP_17_Inner_Layer_1:3 0.6 0.6 2.25 2.07 10 29 2.72 1
2
APP_17_Output_Layer_0 0.5333333333333333 0.5333333333333333 2.0 1.78 28 33 1.48 1
3 4 5 6
