10
18
7
0
APP_0_Input_Layer_0 0.5333333333333333 0.5333333333333333 2.0 3.07 30 31 3.64 0

APP_0_Inner_Layer_0:0 0.4666666666666667 0.4666666666666667 1.75 3.56 19 35 1.19 1
0
APP_0_Inner_Layer_0:1 0.4 0.4 1.5 2.45 2 4 2.37 1
0
APP_0_Inner_Layer_0:2 0.3333333333333333 0.3333333333333333 1.25 3.83 46 8 3.32 0
0
APP_0_Inner_Layer_1:0 0.4 0.4 1.5 2.44 43 44 1.52 1
1 2
APP_0_Inner_Layer_1:1 0.26666666666666666 0.26666666666666666 1.0 2.76 15 32 2.24 1
3
APP_0_Output_Layer_0 0.4666666666666667 0.4666666666666667 1.75 1.61 15 13 1.26 1
4 5
4
0.3681657263521021
APP_1_Input_Layer_0 0.6 0.6 2.25 3.59 38 17 1.61 1

APP_1_Inner_Layer_0:0 0.2 0.2 0.75 1.25 25 37 2.5 1
0
APP_1_Inner_Layer_0:1 0.06666666666666667 0.06666666666666667 0.25 1.16 45 23 3.38 1
0
APP_1_Output_Layer_0 0.5333333333333333 0.5333333333333333 2.0 2.09 49 1 2.45 0
1 2
9
0.6823587041827648
APP_2_Input_Layer_0 0.4 0.4 1.5 3.15 40 47 2.67 1

APP_2_Inner_Layer_0:0 0.06666666666666667 0.06666666666666667 0.25 2.83 24 26 3.67 1
0
APP_2_Inner_Layer_0:1 0.3333333333333333 0.3333333333333333 1.25 1.27 19 45 3.53 1
0
APP_2_Inner_Layer_0:2 0.06666666666666667 0.06666666666666667 0.25 3.64 30 13 1.09 1
0
APP_2_Inner_Layer_0:3 0.06666666666666667 0.06666666666666667 0.25 2.72 6 15 2.83 1
0
APP_2_Inner_Layer_1:0 0.2 0.2 0.75 1.59 36 8 3.13 1
1 2 3 4
APP_2_Inner_Layer_2:0 0.13333333333333333 0.13333333333333333 0.5 2.82 21 34 3.47 1
5
APP_2_Inner_Layer_2:1 0.2 0.2 0.75 2.38 5 36 2.24 1
5
APP_2_Output_Layer_0 0.3333333333333333 0.3333333333333333 1.25 1.97 10 36 3.66 1
6 7
12
1.129334663655344
APP_3_Input_Layer_0 0.5333333333333333 0.5333333333333333 2.0 1.16 37 35 2.16 1

APP_3_Inner_Layer_0:0 0.4 0.4 1.5 3.86 6 10 2.76 1
0
APP_3_Inner_Layer_0:1 0.4666666666666667 0.4666666666666667 1.75 3.68 42 49 1.62 1
0
APP_3_Inner_Layer_1:0 0.26666666666666666 0.26666666666666666 1.0 1.88 20 8 1.47 1
1 2
APP_3_Inner_Layer_1:1 0.5333333333333333 0.5333333333333333 2.0 3.09 5 36 3.02 1
2
APP_3_Inner_Layer_1:2 0.06666666666666667 0.06666666666666667 0.25 2.22 12 29 1.42 1
1
APP_3_Inner_Layer_2:0 0.06666666666666667 0.06666666666666667 0.25 3.21 14 9 1.68 1
3 4
APP_3_Inner_Layer_2:1 0.4666666666666667 0.4666666666666667 1.75 2.44 41 48 2.81 1
5
APP_3_Inner_Layer_3:0 0.26666666666666666 0.26666666666666666 1.0 2.32 48 21 3.97 1
6 7
APP_3_Inner_Layer_3:1 0.6 0.6 2.25 3.36 46 29 1.19 1
6
APP_3_Inner_Layer_3:2 0.2 0.2 0.75 1.7 40 30 3.0 1
6
APP_3_Output_Layer_0 0.6 0.6 2.25 1.27 4 26 2.62 1
8 9 10
7
1.3860276490936425
APP_4_Input_Layer_0 0.5333333333333333 0.5333333333333333 2.0 3.27 29 42 2.28 1

APP_4_Inner_Layer_0:0 0.3333333333333333 0.3333333333333333 1.25 3.73 9 1 3.56 1
0
APP_4_Inner_Layer_0:1 0.6 0.6 2.25 1.63 12 22 2.71 1
0
APP_4_Inner_Layer_0:2 0.5333333333333333 0.5333333333333333 2.0 2.16 33 5 1.52 1
0
APP_4_Inner_Layer_0:3 0.4666666666666667 0.4666666666666667 1.75 1.75 38 10 3.46 1
0
APP_4_Inner_Layer_1:0 0.13333333333333333 0.13333333333333333 0.5 3.45 28 44 3.84 1
1 2 3 4
APP_4_Output_Layer_0 0.4666666666666667 0.4666666666666667 1.75 3.6 14 27 1.2 1
5
11
1.874189797776373
APP_5_Input_Layer_0 0.4 0.4 1.5 1.12 30 24 3.36 1

APP_5_Inner_Layer_0:0 0.13333333333333333 0.13333333333333333 0.5 3.02 46 1 2.07 1
0
APP_5_Inner_Layer_0:1 0.06666666666666667 0.06666666666666667 0.25 3.02 26 23 3.75 1
0
APP_5_Inner_Layer_0:2 0.26666666666666666 0.26666666666666666 1.0 3.24 12 49 2.58 1
0
APP_5_Inner_Layer_0:3 0.06666666666666667 0.06666666666666667 0.25 3.55 11 8 1.88 0
0
APP_5_Inner_Layer_1:0 0.13333333333333333 0.13333333333333333 0.5 3.71 10 25 2.14 1
1 2 3 4
APP_5_Inner_Layer_2:0 0.6 0.6 2.25 1.87 6 7 1.66 1
5
APP_5_Inner_Layer_2:1 0.13333333333333333 0.13333333333333333 0.5 1.65 12 31 1.02 1
5
APP_5_Inner_Layer_3:0 0.06666666666666667 0.06666666666666667 0.25 1.96 6 46 1.43 1
6
APP_5_Inner_Layer_3:1 0.5333333333333333 0.5333333333333333 2.0 1.65 22 32 3.69 0
6 7
APP_5_Output_Layer_0 0.5333333333333333 0.5333333333333333 2.0 3.04 49 45 1.53 1
8 9
13
2.265875953371818
APP_6_Input_Layer_0 0.5333333333333333 0.5333333333333333 2.0 3.5 36 17 1.51 1

APP_6_Inner_Layer_0:0 0.13333333333333333 0.13333333333333333 0.5 1.97 14 47 2.4 1
0
APP_6_Inner_Layer_0:1 0.5333333333333333 0.5333333333333333 2.0 3.85 29 41 3.5 1
0
APP_6_Inner_Layer_0:2 0.26666666666666666 0.26666666666666666 1.0 3.68 1 17 2.72 1
0
APP_6_Inner_Layer_0:3 0.3333333333333333 0.3333333333333333 1.25 2.27 15 28 2.34 1
0
APP_6_Inner_Layer_1:0 0.3333333333333333 0.3333333333333333 1.25 2.13 26 19 2.0 1
1 3
APP_6_Inner_Layer_1:1 0.3333333333333333 0.3333333333333333 1.25 2.95 5 41 1.78 1
2 4
APP_6_Inner_Layer_1:2 0.13333333333333333 0.13333333333333333 0.5 1.63 36 43 3.89 1
2
APP_6_Inner_Layer_2:0 0.6 0.6 2.25 3.76 32 3 2.8 1
5 6 7
APP_6_Inner_Layer_2:1 0.6 0.6 2.25 1.53 23 15 3.19 1
6 7
APP_6_Inner_Layer_2:2 0.3333333333333333 0.3333333333333333 1.25 1.96 11 38 3.26 1
5
APP_6_Inner_Layer_2:3 0.2 0.2 0.75 3.28 24 37 2.9 1
5 7
APP_6_Output_Layer_0 0.2 0.2 0.75 3.44 32 42 2.42 1
8 9 10 11
9
2.680176959922801
APP_7_Input_Layer_0 0.06666666666666667 0.06666666666666667 0.25 3.95 35 8 1.33 1

APP_7_Inner_Layer_0:0 0.4666666666666667 0.4666666666666667 1.75 1.27 7 6 3.65 1
0
APP_7_Inner_Layer_1:0 0.3333333333333333 0.3333333333333333 1.25 3.12 15 5 3.33 0
1
APP_7_Inner_Layer_1:1 0.13333333333333333 0.13333333333333333 0.5 1.56 8 11 2.8 1
1
APP_7_Inner_Layer_2:0 0.3333333333333333 0.3333333333333333 1.25 2.98 32 7 3.86 1
2
APP_7_Inner_Layer_2:1 0.5333333333333333 0.5333333333333333 2.0 3.49 17 30 2.33 1
2
APP_7_Inner_Layer_2:2 0.6 0.6 2.25 2.15 27 13 3.37 1
2 3
APP_7_Inner_Layer_2:3 0.6 0.6 2.25 2.13 17 15 1.91 1
3
APP_7_Output_Layer_0 0.4 0.4 1.5 3.17 44 27 1.43 1
4 5 6 7
8
3.16393782927334
APP_8_Input_Layer_0 0.3333333333333333 0.3333333333333333 1.25 2.86 22 43 2.74 1

APP_8_Inner_Layer_0:0 0.4 0.4 1.5 3.29 10 34 2.13 1
0
APP_8_Inner_Layer_0:1 0.4 0.4 1.5 1.16 4 47 3.91 1
0
APP_8_Inner_Layer_1:0 0.2 0.2 0.75 1.81 6 48 2.85 1
1 2
APP_8_Inner_Layer_1:1 0.4666666666666667 0.4666666666666667 1.75 2.41 12 32 2.14 1
2
APP_8_Inner_Layer_2:0 0.4 0.4 1.5 3.63 48 22 1.56 1
3 4
APP_8_Inner_Layer_2:1 0.3333333333333333 0.3333333333333333 1.25 1.5 7 26 3.89 1
4
APP_8_Output_Layer_0 0.4666666666666667 0.4666666666666667 1.75 2.1 16 43 3.74 1
5 6
14
3.37050768633105
APP_9_Input_Layer_0 0.2 0.2 0.75 2.36 14 16 3.12 1

APP_9_Inner_Layer_0:0 0.4666666666666667 0.4666666666666667 1.75 1.42 26 37 2.08 1
0
APP_9_Inner_Layer_0:1 0.6 0.6 2.25 3.07 22 9 1.16 1
0
APP_9_Inner_Layer_0:2 0.3333333333333333 0.3333333333333333 1.25 3.33 18 20 1.02 1
0
APP_9_Inner_Layer_1:0 0.26666666666666666 0.26666666666666666 1.0 3.86 4 16 1.13 0
1
APP_9_Inner_Layer_1:1 0.4666666666666667 0.4666666666666667 1.75 1.48 18 16 1.73 1
2 3
APP_9_Inner_Layer_1:2 0.26666666666666666 0.26666666666666666 1.0 1.1 9 2 1.74 0
1 2
APP_9_Inner_Layer_2:0 0.5333333333333333 0.5333333333333333 2.0 2.28 31 37 2.41 1
4 5
APP_9_Inner_Layer_2:1 0.06666666666666667 0.06666666666666667 0.25 2.76 2 13 1.56 1
6
APP_9_Inner_Layer_3:0 0.4666666666666667 0.4666666666666667 1.75 1.23 41 7 3.33 1
8
APP_9_Inner_Layer_3:1 0.4 0.4 1.5 2.42 3 34 3.89 1
7
APP_9_Inner_Layer_3:2 0.26666666666666666 0.26666666666666666 1.0 3.41 37 39 2.65 1
7
APP_9_Inner_Layer_3:3 0.06666666666666667 0.06666666666666667 0.25 1.14 26 38 2.7 1
7
APP_9_Output_Layer_0 0.4666666666666667 0.4666666666666667 1.75 1.15 31 17 1.6 1
9 10 11 12
11
3.9000866066629984
APP_10_Input_Layer_0 0.4666666666666667 0.4666666666666667 1.75 1.14 28 5 2.55 1

APP_10_Inner_Layer_0:0 0.5333333333333333 0.5333333333333333 2.0 2.44 26 11 2.28 1
0
APP_10_Inner_Layer_0:1 0.4666666666666667 0.4666666666666667 1.75 1.17 44 41 3.46 1
0
APP_10_Inner_Layer_0:2 0.13333333333333333 0.13333333333333333 0.5 3.69 31 19 2.68 1
0
APP_10_Inner_Layer_0:3 0.5333333333333333 0.5333333333333333 2.0 3.3 23 14 3.24 1
0
APP_10_Inner_Layer_1:0 0.4 0.4 1.5 2.35 44 3 2.39 1
4
APP_10_Inner_Layer_1:1 0.4 0.4 1.5 3.43 45 20 3.18 1
1 3 4
APP_10_Inner_Layer_1:2 0.6 0.6 2.25 3.81 12 34 2.28 1
1 2 3
APP_10_Inner_Layer_2:0 0.4 0.4 1.5 3.08 41 7 2.35 1
5 7
APP_10_Inner_Layer_2:1 0.26666666666666666 0.26666666666666666 1.0 1.5 36 31 1.32 1
6
APP_10_Output_Layer_0 0.3333333333333333 0.3333333333333333 1.25 3.14 47 21 1.9 1
8 9
13
4.231690561607901
APP_11_Input_Layer_0 0.4666666666666667 0.4666666666666667 1.75 1.76 46 32 1.56 1

APP_11_Inner_Layer_0:0 0.4 0.4 1.5 2.6 42 24 1.97 1
0
APP_11_Inner_Layer_0:1 0.26666666666666666 0.26666666666666666 1.0 3.79 23 36 1.1 1
0
APP_11_Inner_Layer_0:2 0.3333333333333333 0.3333333333333333 1.25 2.5 21 27 1.79 1
0
APP_11_Inner_Layer_1:0 0.6 0.6 2.25 3.42 37 31 2.56 1
1
APP_11_Inner_Layer_1:1 0.6 0.6 2.25 2.54 26 17 1.39 0
2 3
APP_11_Inner_Layer_1:2 0.2 0.2 0.75 2.99 5 13 2.89 1
2
APP_11_Inner_Layer_1:3 0.5333333333333333 0.5333333333333333 2.0 3.01 8 29 3.91 0
1 2
APP_11_Inner_Layer_2:0 0.3333333333333333 0.3333333333333333 1.25 1.76 45 46 3.48 1
4 5 6 7
APP_11_Inner_Layer_2:1 0.3333333333333333 0.3333333333333333 1.25 3.58 44 33 1.37 0
4
APP_11_Inner_Layer_2:2 0.6 0.6 2.25 2.02 24 47 2.39 0
5 6 7
APP_11_Inner_Layer_3:0 0.4 0.4 1.5 2.84 14 41 1.7 1
8 9 10
APP_11_Output_Layer_0 0.06666666666666667 0.06666666666666667 0.25 3.99 42 38 2.65 1
11
4
4.473653172538641
APP_12_Input_Layer_0 0.06666666666666667 0.06666666666666667 0.25 3.93 29 9 2.1 1

APP_12_Inner_Layer_0:0 0.13333333333333333 0.13333333333333333 0.5 1.0 23 7 1.63 1
0
APP_12_Inner_Layer_0:1 0.2 0.2 0.75 1.99 46 44 2.41 1
0
APP_12_Output_Layer_0 0.5333333333333333 0.5333333333333333 2.0 3.16 26 46 2.16 1
1 2
9
4.887745648205882
APP_13_Input_Layer_0 0.5333333333333333 0.5333333333333333 2.0 3.35 31 47 1.03 1

APP_13_Inner_Layer_0:0 0.5333333333333333 0.5333333333333333 2.0 1.48 18 4 3.73 1
0
APP_13_Inner_Layer_0:1 0.26666666666666666 0.26666666666666666 1.0 3.96 26 3 2.05 0
0
APP_13_Inner_Layer_0:2 0.2 0.2 0.75 3.61 43 6 1.91 1
0
APP_13_Inner_Layer_1:0 0.13333333333333333 0.13333333333333333 0.5 1.06 27 36 1.26 1
2
APP_13_Inner_Layer_1:1 0.6 0.6 2.25 3.26 30 31 2.65 1
3
APP_13_Inner_Layer_1:2 0.13333333333333333 0.13333333333333333 0.5 2.32 41 18 2.16 1
2 3
APP_13_Inner_Layer_1:3 0.3333333333333333 0.3333333333333333 1.25 3.22 7 24 3.81 1
1
APP_13_Output_Layer_0 0.4 0.4 1.5 2.12 17 35 2.19 1
4 5 6 7
4
5.364372221389061
APP_14_Input_Layer_0 0.13333333333333333 0.13333333333333333 0.5 1.53 16 47 2.38 1

APP_14_Inner_Layer_0:0 0.2 0.2 0.75 3.41 33 5 3.71 1
0
APP_14_Inner_Layer_0:1 0.06666666666666667 0.06666666666666667 0.25 1.45 34 25 1.51 1
0
APP_14_Output_Layer_0 0.2 0.2 0.75 3.43 19 29 2.25 1
1 2
5
5.673014421288968
APP_15_Input_Layer_0 0.2 0.2 0.75 2.66 37 32 3.94 1

APP_15_Inner_Layer_0:0 0.6 0.6 2.25 1.79 31 2 2.12 1
0
APP_15_Inner_Layer_1:0 0.3333333333333333 0.3333333333333333 1.25 3.98 47 29 2.83 1
1
APP_15_Inner_Layer_2:0 0.2 0.2 0.75 3.59 44 39 1.0 1
2
APP_15_Output_Layer_0 0.06666666666666667 0.06666666666666667 0.25 3.07 28 22 2.73 1
3
7
5.913084828259518
APP_16_Input_Layer_0 0.4 0.4 1.5 1.23 11 43 1.91 1

APP_16_Inner_Layer_0:0 0.06666666666666667 0.06666666666666667 0.25 3.14 22 43 1.25 1
0
APP_16_Inner_Layer_0:1 0.5333333333333333 0.5333333333333333 2.0 2.06 6 46 2.52 1
0
APP_16_Inner_Layer_0:2 0.2 0.2 0.75 2.33 42 25 2.9 1
0
APP_16_Inner_Layer_0:3 0.13333333333333333 0.13333333333333333 0.5 2.7 48 30 1.66 1
0
APP_16_Inner_Layer_1:0 0.26666666666666666 0.26666666666666666 1.0 3.07 44 34 2.83 1
1 2 3 4
APP_16_Output_Layer_0 0.3333333333333333 0.3333333333333333 1.25 2.28 5 18 1.1 1
5
5
6.361673473191765
APP_17_Input_Layer_0 0.4 0.4 1.5 2.67 36 26 1.05 1

APP_17_Inner_Layer_0:0 0.5333333333333333 0.5333333333333333 2.0 1.97 14 37 3.79 1
0
APP_17_Inner_Layer_0:1 0.4666666666666667 0.4666666666666667 1.75 1.27 28 33 1.69 0
0
APP_17_Inner_Layer_1:0 0.3333333333333333 0.3333333333333333 1.25 3.73 6 42 2.98 1
1 2
APP_17_Output_Layer_0 0.6 0.6 2.25 1.88 42 29 1.49 1
3
