10
18
9
0
APP_0_Input_Layer_0 0.4666666666666667 0.4666666666666667 1.75 3.11 46 36 2.96 1

APP_0_Inner_Layer_0:0 0.3333333333333333 0.3333333333333333 1.25 2.03 45 39 3.37 1
0
APP_0_Inner_Layer_0:1 0.4666666666666667 0.4666666666666667 1.75 3.36 25 25 3.14 0
0
APP_0_Inner_Layer_0:2 0.4 0.4 1.5 2.71 20 22 1.57 1
0
APP_0_Inner_Layer_0:3 0.4666666666666667 0.4666666666666667 1.75 2.7 10 47 2.6 1
0
APP_0_Inner_Layer_1:0 0.4 0.4 1.5 3.23 42 49 2.79 1
1 2 3 4
APP_0_Inner_Layer_1:1 0.5333333333333333 0.5333333333333333 2.0 3.24 28 39 1.09 0
2
APP_0_Inner_Layer_2:0 0.06666666666666667 0.06666666666666667 0.25 2.18 17 11 3.86 1
5 6
APP_0_Output_Layer_0 0.06666666666666667 0.06666666666666667 0.25 1.56 23 46 3.44 1
7
10
0.2902937445617871
APP_1_Input_Layer_0 0.26666666666666666 0.26666666666666666 1.0 1.97 16 7 1.8 1

APP_1_Inner_Layer_0:0 0.5333333333333333 0.5333333333333333 2.0 3.02 5 21 2.42 1
0
APP_1_Inner_Layer_0:1 0.4 0.4 1.5 2.84 13 46 2.42 0
0
APP_1_Inner_Layer_0:2 0.26666666666666666 0.26666666666666666 1.0 2.3 12 31 1.0 1
0
APP_1_Inner_Layer_0:3 0.4666666666666667 0.4666666666666667 1.75 1.29 46 37 3.62 1
0
APP_1_Inner_Layer_1:0 0.13333333333333333 0.13333333333333333 0.5 2.34 29 32 1.27 1
1 3
APP_1_Inner_Layer_1:1 0.13333333333333333 0.13333333333333333 0.5 2.33 21 41 2.22 1
1 3 4
APP_1_Inner_Layer_1:2 0.13333333333333333 0.13333333333333333 0.5 2.56 45 45 1.82 1
3
APP_1_Inner_Layer_1:3 0.2 0.2 0.75 3.18 5 30 2.33 1
1 2 4
APP_1_Output_Layer_0 0.4666666666666667 0.4666666666666667 1.75 1.19 41 23 1.94 1
5 6 7 8
9
0.5281921982655579
APP_2_Input_Layer_0 0.4 0.4 1.5 2.57 34 2 2.88 1

APP_2_Inner_Layer_0:0 0.4666666666666667 0.4666666666666667 1.75 2.7 17 41 3.64 0
0
APP_2_Inner_Layer_0:1 0.06666666666666667 0.06666666666666667 0.25 1.87 47 19 3.0 1
0
APP_2_Inner_Layer_1:0 0.13333333333333333 0.13333333333333333 0.5 1.67 40 40 1.37 1
1
APP_2_Inner_Layer_1:1 0.26666666666666666 0.26666666666666666 1.0 2.39 29 5 3.18 1
2
APP_2_Inner_Layer_2:0 0.5333333333333333 0.5333333333333333 2.0 1.5 26 29 1.95 1
3 4
APP_2_Inner_Layer_2:1 0.06666666666666667 0.06666666666666667 0.25 3.23 24 20 1.72 1
4
APP_2_Inner_Layer_3:0 0.3333333333333333 0.3333333333333333 1.25 3.17 9 38 1.1 1
5 6
APP_2_Output_Layer_0 0.6 0.6 2.25 2.64 44 48 1.09 1
7
5
0.7365017340964035
APP_3_Input_Layer_0 0.13333333333333333 0.13333333333333333 0.5 1.12 30 35 1.42 1

APP_3_Inner_Layer_0:0 0.06666666666666667 0.06666666666666667 0.25 1.66 4 36 3.74 1
0
APP_3_Inner_Layer_0:1 0.6 0.6 2.25 2.37 25 31 3.99 1
0
APP_3_Inner_Layer_0:2 0.13333333333333333 0.13333333333333333 0.5 1.9 48 6 2.14 1
0
APP_3_Output_Layer_0 0.4666666666666667 0.4666666666666667 1.75 2.78 8 38 3.44 1
1 2 3
7
1.0892723461521605
APP_4_Input_Layer_0 0.4 0.4 1.5 3.06 14 22 3.73 1

APP_4_Inner_Layer_0:0 0.6 0.6 2.25 3.58 9 9 3.83 1
0
APP_4_Inner_Layer_1:0 0.4 0.4 1.5 3.78 14 48 1.86 1
1
APP_4_Inner_Layer_1:1 0.3333333333333333 0.3333333333333333 1.25 2.05 25 26 3.55 1
1
APP_4_Inner_Layer_1:2 0.6 0.6 2.25 3.21 40 2 2.04 1
1
APP_4_Inner_Layer_1:3 0.13333333333333333 0.13333333333333333 0.5 2.78 37 24 3.71 1
1
APP_4_Output_Layer_0 0.4 0.4 1.5 1.91 31 37 1.06 1
2 3 4 5
7
1.3140857096435776
APP_5_Input_Layer_0 0.06666666666666667 0.06666666666666667 0.25 2.03 16 33 2.78 1

APP_5_Inner_Layer_0:0 0.13333333333333333 0.13333333333333333 0.5 1.94 16 14 3.41 1
0
APP_5_Inner_Layer_1:0 0.4666666666666667 0.4666666666666667 1.75 1.82 9 49 2.63 1
1
APP_5_Inner_Layer_1:1 0.4 0.4 1.5 3.53 20 43 3.97 1
1
APP_5_Inner_Layer_1:2 0.3333333333333333 0.3333333333333333 1.25 2.92 9 4 3.47 1
1
APP_5_Inner_Layer_1:3 0.2 0.2 0.75 2.3 16 32 3.68 1
1
APP_5_Output_Layer_0 0.5333333333333333 0.5333333333333333 2.0 1.9 2 24 2.88 1
2 3 4 5
13
1.6384669980803273
APP_6_Input_Layer_0 0.4666666666666667 0.4666666666666667 1.75 1.42 20 25 1.66 1

APP_6_Inner_Layer_0:0 0.13333333333333333 0.13333333333333333 0.5 1.31 1 26 3.01 0
0
APP_6_Inner_Layer_0:1 0.13333333333333333 0.13333333333333333 0.5 1.45 27 9 2.5 1
0
APP_6_Inner_Layer_0:2 0.4 0.4 1.5 2.68 28 21 2.25 1
0
APP_6_Inner_Layer_1:0 0.4666666666666667 0.4666666666666667 1.75 2.3 2 21 3.12 1
1 2 3
APP_6_Inner_Layer_2:0 0.3333333333333333 0.3333333333333333 1.25 2.42 16 34 1.12 1
4
APP_6_Inner_Layer_2:1 0.06666666666666667 0.06666666666666667 0.25 3.23 46 22 1.11 1
4
APP_6_Inner_Layer_2:2 0.6 0.6 2.25 3.95 11 28 3.77 1
4
APP_6_Inner_Layer_2:3 0.26666666666666666 0.26666666666666666 1.0 3.59 24 12 1.85 1
4
APP_6_Inner_Layer_3:0 0.5333333333333333 0.5333333333333333 2.0 2.24 42 8 2.55 1
5 6 7 8
APP_6_Inner_Layer_3:1 0.2 0.2 0.75 1.46 26 46 2.69 1
5 8 6
APP_6_Inner_Layer_3:2 0.3333333333333333 0.3333333333333333 1.25 3.71 18 41 3.74 1
5 6 8
APP_6_Output_Layer_0 0.26666666666666666 0.26666666666666666 1.0 2.57 37 7 1.06 0
9 10 11
5
1.9013609679666101
APP_7_Input_Layer_0 0.4666666666666667 0.4666666666666667 1.75 3.6 24 3 2.12 1

APP_7_Inner_Layer_0:0 0.4666666666666667 0.4666666666666667 1.75 1.82 46 46 1.73 1
0
APP_7_Inner_Layer_0:1 0.2 0.2 0.75 2.33 16 28 2.72 1
0
APP_7_Inner_Layer_0:2 0.26666666666666666 0.26666666666666666 1.0 1.87 21 24 2.89 1
0
APP_7_Output_Layer_0 0.26666666666666666 0.26666666666666666 1.0 2.24 46 32 1.66 1
1 2 3
6
2.218194678076208
APP_8_Input_Layer_0 0.06666666666666667 0.06666666666666667 0.25 2.2 45 33 2.11 1

APP_8_Inner_Layer_0:0 0.2 0.2 0.75 1.37 11 24 2.11 1
0
APP_8_Inner_Layer_0:1 0.5333333333333333 0.5333333333333333 2.0 1.39 37 47 2.27 1
0
APP_8_Inner_Layer_0:2 0.2 0.2 0.75 1.0 29 21 2.65 0
0
APP_8_Inner_Layer_0:3 0.06666666666666667 0.06666666666666667 0.25 1.93 14 43 2.13 1
0
APP_8_Output_Layer_0 0.4666666666666667 0.4666666666666667 1.75 3.6 9 24 3.62 1
1 2 3 4
10
2.760354101098205
APP_9_Input_Layer_0 0.4666666666666667 0.4666666666666667 1.75 3.06 10 10 1.55 1

APP_9_Inner_Layer_0:0 0.4666666666666667 0.4666666666666667 1.75 2.04 17 35 2.04 0
0
APP_9_Inner_Layer_0:1 0.6 0.6 2.25 2.84 18 28 2.16 1
0
APP_9_Inner_Layer_0:2 0.4666666666666667 0.4666666666666667 1.75 2.8 1 43 3.0 1
0
APP_9_Inner_Layer_1:0 0.3333333333333333 0.3333333333333333 1.25 2.96 17 2 2.6 1
2
APP_9_Inner_Layer_1:1 0.5333333333333333 0.5333333333333333 2.0 2.11 32 8 2.18 1
2
APP_9_Inner_Layer_1:2 0.13333333333333333 0.13333333333333333 0.5 1.11 3 43 2.76 1
1 3
APP_9_Inner_Layer_1:3 0.13333333333333333 0.13333333333333333 0.5 3.12 31 29 1.86 0
1 2 3
APP_9_Inner_Layer_2:0 0.6 0.6 2.25 1.56 32 11 3.42 1
4 5 6 7
APP_9_Output_Layer_0 0.4666666666666667 0.4666666666666667 1.75 2.33 1 8 2.14 0
8
6
3.0141063769949863
APP_10_Input_Layer_0 0.4 0.4 1.5 3.16 10 15 1.98 1

APP_10_Inner_Layer_0:0 0.5333333333333333 0.5333333333333333 2.0 1.08 43 32 3.22 1
0
APP_10_Inner_Layer_0:1 0.06666666666666667 0.06666666666666667 0.25 3.27 46 36 2.63 1
0
APP_10_Inner_Layer_0:2 0.5333333333333333 0.5333333333333333 2.0 2.09 3 32 3.83 1
0
APP_10_Inner_Layer_0:3 0.13333333333333333 0.13333333333333333 0.5 1.59 4 38 2.86 1
0
APP_10_Output_Layer_0 0.13333333333333333 0.13333333333333333 0.5 1.44 15 18 3.08 1
1 2 3 4
4
3.360710815190481
APP_11_Input_Layer_0 0.5333333333333333 0.5333333333333333 2.0 2.3 36 4 3.52 1

APP_11_Inner_Layer_0:0 0.26666666666666666 0.26666666666666666 1.0 3.94 14 22 3.54 1
0
APP_11_Inner_Layer_0:1 0.4666666666666667 0.4666666666666667 1.75 3.77 35 5 2.96 1
0
APP_11_Output_Layer_0 0.4 0.4 1.5 1.51 4 31 3.7 0
1 2
10
3.7008467050227076
APP_12_Input_Layer_0 0.4 0.4 1.5 2.12 38 3 3.31 0

APP_12_Inner_Layer_0:0 0.4 0.4 1.5 2.44 21 15 1.27 1
0
APP_12_Inner_Layer_0:1 0.26666666666666666 0.26666666666666666 1.0 2.71 23 22 3.26 1
0
APP_12_Inner_Layer_0:2 0.2 0.2 0.75 1.95 2 26 3.8 1
0
APP_12_Inner_Layer_0:3 0.26666666666666666 0.26666666666666666 1.0 1.22 43 47 2.65 1
0
APP_12_Inner_Layer_1:0 0.13333333333333333 0.13333333333333333 0.5 3.11 39 8 2.6 1
2 3 4
APP_12_Inner_Layer_1:1 0.6 0.6 2.25 2.65 48 5 1.27 1
1 3
APP_12_Inner_Layer_1:2 0.4 0.4 1.5 2.73 29 35 3.88 1
1 2
APP_12_Inner_Layer_2:0 0.5333333333333333 0.5333333333333333 2.0 2.77 30 28 3.41 1
5 6 7
APP_12_Output_Layer_0 0.3333333333333333 0.3333333333333333 1.25 1.26 26 38 2.28 1
8
8
4.148300293825289
APP_13_Input_Layer_0 0.26666666666666666 0.26666666666666666 1.0 1.32 25 2 2.37 0

APP_13_Inner_Layer_0:0 0.06666666666666667 0.06666666666666667 0.25 2.55 18 39 1.93 1
0
APP_13_Inner_Layer_0:1 0.4666666666666667 0.4666666666666667 1.75 3.59 16 1 1.2 1
0
APP_13_Inner_Layer_0:2 0.06666666666666667 0.06666666666666667 0.25 2.9 35 41 2.28 1
0
APP_13_Inner_Layer_1:0 0.06666666666666667 0.06666666666666667 0.25 1.72 8 11 1.79 1
2
APP_13_Inner_Layer_1:1 0.2 0.2 0.75 2.13 21 7 1.64 0
1 3
APP_13_Inner_Layer_2:0 0.2 0.2 0.75 2.7 33 3 1.2 1
4 5
APP_13_Output_Layer_0 0.4 0.4 1.5 1.66 25 12 3.98 1
6
10
4.45536273471593
APP_14_Input_Layer_0 0.4666666666666667 0.4666666666666667 1.75 1.8 18 5 3.9 1

APP_14_Inner_Layer_0:0 0.2 0.2 0.75 2.32 30 18 3.69 0
0
APP_14_Inner_Layer_0:1 0.4666666666666667 0.4666666666666667 1.75 2.5 23 29 1.83 1
0
APP_14_Inner_Layer_1:0 0.13333333333333333 0.13333333333333333 0.5 3.61 29 11 2.77 1
1
APP_14_Inner_Layer_1:1 0.13333333333333333 0.13333333333333333 0.5 1.02 43 21 1.25 1
2
APP_14_Inner_Layer_1:2 0.5333333333333333 0.5333333333333333 2.0 3.36 10 3 3.87 1
1
APP_14_Inner_Layer_2:0 0.2 0.2 0.75 1.31 36 44 2.3 1
5 4
APP_14_Inner_Layer_2:1 0.3333333333333333 0.3333333333333333 1.25 2.59 12 1 3.66 1
3 4 5
APP_14_Inner_Layer_2:2 0.4 0.4 1.5 3.45 42 5 3.26 1
5
APP_14_Output_Layer_0 0.13333333333333333 0.13333333333333333 0.5 1.22 48 23 3.51 1
6 7 8
12
4.849710038930953
APP_15_Input_Layer_0 0.13333333333333333 0.13333333333333333 0.5 3.67 38 10 2.74 1

APP_15_Inner_Layer_0:0 0.2 0.2 0.75 3.43 40 24 2.01 1
0
APP_15_Inner_Layer_0:1 0.13333333333333333 0.13333333333333333 0.5 2.75 3 4 2.56 1
0
APP_15_Inner_Layer_1:0 0.3333333333333333 0.3333333333333333 1.25 3.4 38 39 3.92 0
2
APP_15_Inner_Layer_1:1 0.5333333333333333 0.5333333333333333 2.0 2.37 11 26 1.43 0
1
APP_15_Inner_Layer_1:2 0.2 0.2 0.75 1.58 42 27 1.48 1
1
APP_15_Inner_Layer_2:0 0.4666666666666667 0.4666666666666667 1.75 2.84 19 15 3.52 1
3 4 5
APP_15_Inner_Layer_3:0 0.4666666666666667 0.4666666666666667 1.75 2.21 41 6 2.82 1
6
APP_15_Inner_Layer_3:1 0.5333333333333333 0.5333333333333333 2.0 1.74 30 6 1.55 1
6
APP_15_Inner_Layer_3:2 0.5333333333333333 0.5333333333333333 2.0 2.03 28 19 3.32 1
6
APP_15_Inner_Layer_3:3 0.6 0.6 2.25 1.92 7 28 2.71 1
6
APP_15_Output_Layer_0 0.06666666666666667 0.06666666666666667 0.25 3.56 8 28 1.9 1
7 8 9 10
3
5.34506532665111
APP_16_Input_Layer_0 0.5333333333333333 0.5333333333333333 2.0 1.74 34 10 1.14 1

APP_16_Inner_Layer_0:0 0.4 0.4 1.5 3.85 42 31 1.42 1
0
APP_16_Output_Layer_0 0.4666666666666667 0.4666666666666667 1.75 2.19 17 45 3.1 1
1
9
5.554387409658359
APP_17_Input_Layer_0 0.4666666666666667 0.4666666666666667 1.75 2.36 38 27 3.32 1

APP_17_Inner_Layer_0:0 0.26666666666666666 0.26666666666666666 1.0 2.58 36 3 1.55 1
0
APP_17_Inner_Layer_0:1 0.13333333333333333 0.13333333333333333 0.5 3.19 20 15 3.32 0
0
APP_17_Inner_Layer_1:0 0.3333333333333333 0.3333333333333333 1.25 3.16 6 28 1.06 1
2
APP_17_Inner_Layer_1:1 0.4666666666666667 0.4666666666666667 1.75 2.77 8 49 2.59 1
1
APP_17_Inner_Layer_1:2 0.5333333333333333 0.5333333333333333 2.0 3.75 45 30 1.57 1
1
APP_17_Inner_Layer_1:3 0.06666666666666667 0.06666666666666667 0.25 1.7 28 48 1.35 1
1 2
APP_17_Inner_Layer_2:0 0.3333333333333333 0.3333333333333333 1.25 2.64 39 9 3.17 1
3 4 5 6
APP_17_Output_Layer_0 0.3333333333333333 0.3333333333333333 1.25 3.79 17 38 3.32 0
7
